   6.2769083987808056E-003  -2.3805538601643868E-002
   1.2553816797561611E-002  -3.5137789343207763E-002
   1.8830725196342418E-002  -4.1018495653229077E-002
   2.5107633595123222E-002  -4.0547846908975838E-002
   3.1384541993904030E-002  -3.3811185514690957E-002
   3.7661450392684835E-002  -2.1859896025579240E-002
   4.3938358791465640E-002  -6.5436923544533072E-003
   5.0215267190246445E-002   9.7783594586615240E-003
   5.6492175589027249E-002   2.4602586626387167E-002
   6.2769083987808061E-002   3.5664591203486314E-002
   6.9045992386588859E-002   4.1283480634893219E-002
   7.5322900785369670E-002   4.0614360288810367E-002
   8.1599809184150468E-002   3.3771649311652600E-002
   8.7876717582931280E-002   2.1805808900344580E-002
   9.4153625981712077E-002   6.5385295763552885E-003
  0.10043053438049289       -9.7172654004556158E-003
  0.10670744277927370       -2.4509174233754531E-002
  0.11298435117805450       -3.5615144239647741E-002
  0.11926125957683531       -4.1375645255899859E-002
  0.12553816797561612       -4.0938778312064918E-002
  0.13181507637439691       -3.4382598759433676E-002
  0.13809198477317772       -2.2697615220293260E-002
  0.14436889317195853       -7.6337260297325389E-003
  0.15064580157073934        8.5644971892905198E-003
  0.15692270996952015        2.3495497482335859E-002
  0.16319961836830094        3.4957033769591070E-002
  0.16947652676708175        4.1269154766396483E-002
  0.17575343516586256        4.1517188069518464E-002
  0.18203034356464337        3.5679997487936738E-002
  0.18830725196342415        2.4626255392316599E-002
  0.19458416036220497        9.9809213035176071E-003
  0.20086106876098578       -6.1169561771518563E-003
  0.20713797715976659       -2.1328573444781000E-002
  0.21341488555854740       -3.3455383125671236E-002
  0.21969179395732819       -4.0755351882466290E-002
  0.22596870235610900       -4.2190202933350331E-002
  0.23224561075488981       -3.7569020294805106E-002
  0.23852251915367062       -2.7568973174816779E-002
  0.24479942755245140       -1.3631805005785655E-002
  0.25107633595123224        2.2475447927348194E-003
  0.25735324435001306        1.7808714760520379E-002
  0.26363015274879381        3.0848295113575303E-002
  0.26990706114757462        3.9530746188241414E-002
  0.27618396954635543        4.2644176647441176E-002
  0.28246087794513625        3.9765715408276101E-002
  0.28873778634391706        3.1314501504639117E-002
  0.29501469474269787        1.8486341214689797E-002
  0.30129160314147868        3.0807722882761428E-003
  0.30756851154025949       -1.2754030107085833E-002
  0.31384541993904030       -2.6821931882748392E-002
  0.32012232833782106       -3.7183812946853544E-002
  0.32639923673660187       -4.2424998680769925E-002
  0.33267614513538268       -4.1843735638660708E-002
  0.33895305353416350       -3.5539571621325088E-002
  0.34522996193294431       -2.4391451628105753E-002
  0.35150687033172512       -9.9300802047861646E-003
  0.35778377873050593        5.8761747181257989E-003
  0.36406068712928674        2.0891466371145605E-002
  0.37033759552806755        3.3101345351630486E-002
  0.37661450392684831        4.0881281637747888E-002
  0.38289141232562912        4.3209290404498217E-002
  0.38916832072440993        3.9795357908172575E-002
  0.39544522912319074        3.1111974823850884E-002
  0.40172213752197156        1.8323519018563057E-002
  0.40799904592075237        3.1256075565092552E-003
  0.41427595431953318       -1.2482876392608548E-002
  0.42055286271831399       -2.6464051883954412E-002
  0.42682977111709480       -3.7006527490178735E-002
  0.43310667951587556       -4.2757622486821197E-002
  0.43938358791465637       -4.2992921020825269E-002
  0.44566049631343718       -3.7702456826280317E-002
  0.45193740471221799       -2.7584029457224879E-002
  0.45821431311099881       -1.3946205653803950E-002
  0.46449122150977962        1.4649330128031941E-003
  0.47076812990856043        1.6691912300076394E-002
  0.47704503830734124        2.9815285144100635E-002
  0.48332194670612205        3.9194388724766431E-002
  0.48959885510490281        4.3670755445124401E-002
  0.49587576350368362        4.2716893250057793E-002
  0.50215267190246449        3.6496644257997604E-002
  0.50842958030124530        2.5816922356304669E-002
  0.51470648870002611        1.2010342087907248E-002
  0.52098339709880681       -3.2391012201845762E-003
  0.52726030549758762       -1.8106698922606985E-002
  0.53353721389636843       -3.0846496655884532E-002
  0.53981412229514925       -3.9993578638242815E-002
  0.54609103069393006       -4.4526027028798487E-002
  0.55236793909271087       -4.3969754998399578E-002
  0.55864484749149168       -3.8436720854336623E-002
  0.56492175589027249       -2.8595370574324222E-002
  0.57119866428905330       -1.5579814971479649E-002
  0.57747557268783412       -8.5086281104701956E-004
  0.58375248108661493        1.3973400661134290E-002
  0.59002938948539574        2.7297420203676641E-002
  0.59630629788417655        3.7718343067401933E-002
  0.60258320628295736        4.4168758398262592E-002
  0.60886011468173817        4.6018195315516548E-002
  0.61513702308051899        4.3124810812504986E-002
  0.62141393147929980        3.5834415781718351E-002
  0.62769083987808061        2.4929713415367084E-002
  0.63396774827686131        1.1537487715550188E-002
  0.64024465667564212       -2.9945760211918283E-003
  0.64652156507442293       -1.7237631086302614E-002
  0.65279847347320374       -2.9823046439185635E-002
  0.65907538187198456       -3.9571973203104432E-002
  0.66535229027076537       -4.5599192667305700E-002
  0.67162919866954618       -4.7376833031677182E-002
  0.67790610706832699       -4.4772320804400127E-002
  0.68418301546710780       -3.8057111042730823E-002
  0.69045992386588861       -2.7873682175000920E-002
  0.69673683226466943       -1.5168819528860200E-002
  0.70301374066345024       -1.1014941340217854E-003
  0.70929064906223105        1.3065556406906818E-002
  0.71556755746101186        2.6080202405830009E-002
  0.72184446585979267        3.6810857477807185E-002
  0.72812137425857348        4.4342480534452319E-002
  0.73439828265735430        4.8050743008868566E-002
  0.74067519105613511        4.7648812148484758E-002
  0.74695209945491581        4.3203735572962587E-002
  0.75322900785369662        3.5122277576203023E-002
  0.75950591625247743        2.4108550412351441E-002
  0.76578282465125824        1.1098201003081620E-002
  0.77205973305003905       -2.8244980713492702E-003
  0.77833664144881987       -1.6519005266079762E-002
  0.78461354984760068       -2.8882458774526575E-002
  0.79089045824638149       -3.8937374760392496E-002
  0.79716736664516230       -4.5906429375183161E-002
  0.80344427504394311       -4.9268689324060894E-002
  0.80972118344272392       -4.8793847271791917E-002
  0.81599809184150474       -4.4552394403338920E-002
  0.82227500024028555       -3.6902391456104779E-002
  0.82855190863906636       -2.6454255556045060E-002
  0.83482881703784717       -1.4018240059093469E-002
  0.84110572543662798       -5.3726294423106415E-004
  0.84738263383540879        1.2981659889740888E-002
  0.85365954223418961        2.5508823478235298E-002
  0.85993645063297042        3.6061648206316951E-002
  0.86621335903175112        4.3785277169337583E-002
  0.87249026743053193        4.8026691075856498E-002
  0.87876717582931274        4.8396796909198722E-002
  0.88504408422809355        4.4813470678173505E-002
  0.89132099262687436        3.7521116091746069E-002
  0.89759790102565518        2.7083006510805481E-002
  0.90387480942443599        1.4345605755436750E-002
  0.91015171782321680        3.7592804779592302E-004
  0.91642862622199761       -1.3623908939180243E-002
  0.92270553462077842       -2.6418813328217990E-002
  0.92898244301955923       -3.6850934643712786E-002
  0.93525935141834005       -4.3948374969679439E-002
  0.94153625981712086       -4.7021817439466873E-002
  0.94781316821590167       -4.5739318008214791E-002
  0.95409007661468248       -4.0170480870209350E-002
  0.96036698501346329       -3.0794134406778143E-002
  0.96664389341224410       -1.8466296191422742E-002
  0.97292080181102492       -4.3496459471456953E-003
  0.97919771020980562        1.0191038205845153E-002
  0.98547461860858643        2.3718256855569692E-002
  0.99175152700736724        3.4864789059151191E-002
  0.99802843540614805        4.2475246301841338E-002
   1.0043053438049290        4.5732782448021501E-002
   1.0105822522037098        4.4253972761640240E-002
   1.0168591606024906        3.8148598643228983E-002
   1.0231360690012714        2.8043160773232930E-002
   1.0294129774000522        1.4992499464336066E-002
   1.0356898857988328        3.6443645563918360E-004
   1.0419667941976136       -1.4301516420688651E-002
   1.0482437025963944       -2.7456445251166403E-002
   1.0545206109951752       -3.7705566285303936E-002
   1.0607975193939561       -4.3957189599694281E-002
   1.0670744277927369       -4.5540174172084440E-002
   1.0733513361915177       -4.2277765735423994E-002
   1.0796282445902985       -3.4509035264395221E-002
   1.0859051529890793       -2.3055544800410267E-002
   1.0921820613878601       -9.1359947782723629E-003
   1.0984589697866409        5.7622063389485183E-003
   1.1047358781854217        2.0041260937756319E-002
   1.1110127865842025        3.2164234606485952E-002
   1.1172896949829834        4.0821056475588542E-002
   1.1235666033817642        4.5071147927352222E-002
   1.1298435117805450        4.4447163978228711E-002
   1.1361204201793258        3.9008137637981652E-002
   1.1423973285781066        2.9335909425330438E-002
   1.1486742369768874        1.6474623701601597E-002
   1.1549511453756682        1.8194726915565797E-003
   1.1612280537744490       -1.3033712143835804E-002
   1.1675049621732299       -2.6461824271456730E-002
   1.1737818705720107       -3.6992115697539560E-002
   1.1800587789707915       -4.3464524840474951E-002
   1.1863356873695723       -4.5160821777790405E-002
   1.1926125957683531       -4.1885187670531815E-002
   1.1988895041671339       -3.3987481425994358E-002
   1.2051664125659147       -2.2330270331559689E-002
   1.2114433209646955       -8.1973069374061888E-003
   1.2177202293634763        6.8462501856874037E-003
   1.2239971377622572        2.1126214212784121E-002
   1.2302740461610380        3.3045678874489705E-002
   1.2365509545598188        4.1264419545740144E-002
   1.2428278629585996        4.4851233087632107E-002
   1.2491047713573804        4.3391665496698137E-002
   1.2553816797561612        3.7038483458559562E-002
   1.2616585881549420        2.6498444751730615E-002
   1.2679354965537226        1.2956146146914212E-002
   1.2742124049525034       -2.0571800047399736E-003
   1.2804893133512842       -1.6835590341412347E-002
   1.2867662217500651       -2.9691949532696910E-002
   1.2930431301488459       -3.9151112674878287E-002
   1.2993200385476267       -4.4120620228771515E-002
   1.3055969469464075       -4.4018978221332584E-002
   1.3118738553451883       -3.8846255378724194E-002
   1.3181507637439691       -2.9188137989544789E-002
   1.3244276721427499       -1.6152214934162603E-002
   1.3307045805415307       -1.2430787762178720E-003
   1.3369814889403115        1.3809913178661461E-002
   1.3432583973390924        2.7252694937286874E-002
   1.3495353057378732        3.7511279074320426E-002
   1.3558122141366540        4.3377336889213421E-002
   1.3620891225354348        4.4152649802329746E-002
   1.3683660309342156        3.9735588364824430E-002
   1.3746429393329964        3.0637224034502194E-002
   1.3809198477317772        1.7923188100973104E-002
   1.3871967561305580        3.0904053854314763E-003
   1.3934736645293389       -1.2107895664050643E-002
   1.3997505729281197       -2.5868906925904628E-002
   1.4060274813269005       -3.6554304569369422E-002
   1.4123043897256813       -4.2886262691012915E-002
   1.4185812981244621       -4.4101826243323636E-002
   1.4248582065232429       -4.0046839627146058E-002
   1.4311351149220237       -3.1197623047196636E-002
   1.4374120233208045       -1.8607172888748441E-002
   1.4436889317195853       -3.7816703374497947E-003
   1.4499658401183662        1.1498432607201037E-002
   1.4562427485171470        2.5391668942976391E-002
   1.4625196569159278        3.6217674475213561E-002
   1.4687965653147086        4.2661369738869567E-002
   1.4750734737134894        4.3934277826980846E-002
   1.4813503821122702        3.9873019030881411E-002
   1.4876272905110510        3.0962436511969525E-002
   1.4939041989098316        1.8279889861093881E-002
   1.5001811073086124        3.3668187810077335E-003
   1.5064580157073932       -1.1957328457696825E-002
   1.5127349241061741       -2.5816522335795636E-002
   1.5190118325049549       -3.6508035893147002E-002
   1.5252887409037357       -4.2712635277218476E-002
   1.5315656493025165       -4.3658939383206079E-002
   1.5378425577012973       -3.9221577593429514E-002
   1.5441194661000781       -2.9941019447135647E-002
   1.5503963744988589       -1.6958986693403649E-002
   1.5566732828976397       -1.8781383177554729E-003
   1.5629501912964205        1.3435078884489384E-002
   1.5692270996952014        2.7081077374976909E-002
   1.5755040080939822        3.7362980726556194E-002
   1.5817809164927630        4.2998355892460233E-002
   1.5880578248915438        4.3280321989367113E-002
   1.5943347332903246        3.8167657913830921E-002
   1.6006116416891054        2.8292248062580266E-002
   1.6068885500878862        1.4882460002459205E-002
   1.6131654584866670       -3.8844830223294457E-004
   1.6194423668854478       -1.5610336065570869E-002
   1.6257192752842287       -2.8874845819438982E-002
   1.6319961836830095       -3.8514942963829291E-002
   1.6382730920817903       -4.3315227622937644E-002
   1.6445500004805711       -4.2666389794217739E-002
   1.6508269088793519       -3.6644027885185913E-002
   1.6571038172781327       -2.6001461068434841E-002
   1.6633807256769135       -1.2076944626202806E-002
   1.6696576340756943        3.3734646904631867E-003
   1.6759345424744752        1.8396679110880682E-002
   1.6822114508732560        3.1089306273234821E-002
   1.6884883592720368        3.9839209071890397E-002
   1.6947652676708176        4.3531161484706350E-002
   1.7010421760695984        4.1690308951201543E-002
   1.7073190844683792        3.4544715757513222E-002
   1.7135959928671600        2.2998906310016831E-002
   1.7198729012659408        8.5214354329949289E-003
   1.7261498096647214       -7.0427624978218100E-003
   1.7324267180635022       -2.1707947616886190E-002
   1.7387036264622830       -3.3600925856577535E-002
   1.7449805348610639       -4.1200595186912874E-002
   1.7512574432598447       -4.3532998744054266E-002
   1.7575343516586255       -4.0296848342404296E-002
   1.7638112600574063       -3.1903225306277622E-002
   1.7700881684561871       -1.9424150373539062E-002
   1.7763650768549679       -4.4563394083427972E-003
   1.7826419852537487        1.1082617087337278E-002
   1.7889188936525295        2.5199702864959990E-002
   1.7951958020513104        3.6082160112986393E-002
   1.8014727104500912        4.2330603742523731E-002
   1.8077496188488720        4.3139542965198105E-002
   1.8140265272476528        3.8401951288611687E-002
   1.8203034356464336        2.8724216826406360E-002
   1.8265803440452144        1.5349293854159214E-002
   1.8328572524439952       -2.3038642531390992E-006
   1.8391341608427760       -1.5353412509327468E-002
   1.8454110692415568       -2.8724715473957507E-002
   1.8516879776403377       -3.8390096079802517E-002
   1.8579648860391185       -4.3099875541787194E-002
   1.8642417944378993       -4.2243024827831550E-002
   1.8705187028366801       -3.5927196944974538E-002
   1.8767956112354609       -2.4966025844932044E-002
   1.8830725196342417       -1.0775034238583978E-002
   1.8893494280330225        4.8105943528217801E-003
   1.8956263364318033        1.9773708061010472E-002
   1.9019032448305841        3.2178242052834601E-002
   1.9081801532293650        4.0419995205020903E-002
   1.9144570616281458        4.3433855194845841E-002
   1.9207339700269266        4.0831204788482643E-002
   1.9270108784257074        3.2949714916930405E-002
   1.9332877868244882        2.0809237244218164E-002
   1.9395646952232690        5.9795643712572235E-003
   1.9458416036220498       -9.6227390886609518E-003
   1.9521185120208304       -2.3982130588488519E-002
   1.9583954204196112       -3.5244446565673201E-002
   1.9646723288183920       -4.1956202571058546E-002
   1.9709492372171729       -4.3251959643513305E-002
   1.9772261456159537       -3.8965639180241859E-002
   1.9835030540147345       -2.9651498183039682E-002
   1.9897799624135153       -1.6512163452785486E-002
   1.9960568708122961       -1.2431003956864981E-003
   2.0023337792110771        1.4186330631807778E-002
   2.0086106876098579        2.7786943134516202E-002
   2.0148875960086388        3.7806124327779946E-002
   2.0211645044074196        4.2953532834865846E-002
   2.0274414128062004        4.2567037044668014E-002
   2.0337183212049812        3.6697600566139063E-002
   2.0399952296037620        2.6102249506964121E-002
   2.0462721380025428        1.2146157655880474E-002
   2.0525490464013236       -3.3734964797455559E-003
   2.0588259548001044       -1.8459072288195991E-002
   2.0651028631988853       -3.1170099138747465E-002
   2.0713797715976656       -3.9874456408907195E-002
   2.0776566799964464       -4.3457395894189371E-002
   2.0839335883952272       -4.1463249375668247E-002
   2.0902104967940081       -3.4152259686450928E-002
   2.0964874051927889       -2.2465452860184233E-002
   2.1027643135915697       -7.9024916627945911E-003
   2.1090412219903505        7.6715406042053907E-003
   2.1153181303891313        2.2265412868021275E-002
   2.1215950387879121        3.4016342837086454E-002
   2.1278719471866929        4.1427355769423031E-002
   2.1341488555854737        4.3557221777365318E-002
   2.1404257639842545        4.0138967302195259E-002
   2.1467026723830354        3.1612175976294586E-002
   2.1529795807818162        1.9065327670530027E-002
   2.1592564891805970        4.0958774167271792E-003
   2.1655333975793778       -1.1393817597498272E-002
   2.1718103059781586       -2.5438569230666026E-002
   2.1780872143769394       -3.6259583800371156E-002
   2.1843641227757202       -4.2489252808150253E-002
   2.1906410311745010       -4.3343161622628468E-002
   2.1969179395732819       -3.8717796025022642E-002
   2.2031948479720627       -2.9201907014006462E-002
   2.2094717563708435       -1.6000471001456639E-002
   2.2157486647696243       -7.8118907226675958E-004
   2.2220255731684051        1.4536792985812178E-002
   2.2283024815671859        2.8025116409962084E-002
   2.2345793899659667        3.7988842892657596E-002
   2.2408562983647475        4.3179659394119871E-002
   2.2471332067635283        4.2952209591989317E-002
   2.2534101151623092        3.7341996792350653E-002
   2.2596870235610900        2.7058101943307027E-002
   2.2659639319598708        1.3391943486890599E-002
   2.2722408403586516       -1.9462403553238826E-003
   2.2785177487574324       -1.7042242587913654E-002
   2.2847946571562132       -3.0017024248244283E-002
   2.2910715655549940       -3.9260207981769976E-002
   2.2973484739537748       -4.3628987783460214E-002
   2.3036253823525557       -4.2587994106834004E-002
   2.3099022907513365       -3.6273193725594045E-002
   2.3161791991501173       -2.5472408978107580E-002
   2.3224561075488981       -1.1525426386280985E-002
   2.3287330159476789        3.8434596001755933E-003
   2.3350099243464597        1.8739377058823031E-002
   2.3412868327452405        3.1330660417404843E-002
   2.3475637411440213        4.0073618387009555E-002
   2.3538406495428021        4.3900775369187794E-002
   2.3601175579415830        4.2349750047934037E-002
   2.3663944663403638        3.5617408311219095E-002
   2.3726713747391446        2.4533157324052663E-002
   2.3789482831379254        1.0455199763505799E-002
   2.3852251915367062       -4.8971129155704202E-003
   2.3915020999354870       -1.9653959964999738E-002
   2.3977790083342678       -3.2022919133024873E-002
   2.4040559167330486       -4.0506131925054631E-002
   2.4103328251318294       -4.4081024856587381E-002
   2.4166097335306103       -4.2324456236224779E-002
   2.4228866419293911       -3.5460690505187145E-002
   2.4291635503281719       -2.4328019909053443E-002
   2.4354404587269527       -1.0273386294416129E-002
   2.4417173671257335        5.0126307568978462E-003
   2.4479942755245143        1.9700386704384801E-002
   2.4542711839232951        3.2040350413740024E-002
   2.4605480923220759        4.0570645422777343E-002
   2.4668250007208568        4.4288440877635255E-002
   2.4731019091196376        4.2765326727206843E-002
   2.4793788175184184        3.6193720246982732E-002
   2.4856557259171992        2.5359665655063295E-002
   2.4919326343159800        1.1546127003856552E-002
   2.4982095427147608       -3.6210412886019563E-003
   2.5044864511135416       -1.8365714982751420E-002
   2.5107633595123224       -3.0969764122060553E-002
   2.5170402679111032       -3.9972512493517624E-002
   2.5233171763098841       -4.4338344192903244E-002
   2.5295940847086644       -4.3573425888320250E-002
   2.5358709931074452       -3.7778694286924978E-002
   2.5421479015062260       -2.7633785464942599E-002
   2.5484248099050069       -1.4314618969944702E-002
   2.5547017183037877        6.4508701000933041E-004
   2.5609786267025685        1.5531825596592382E-002
   2.5672555351013493        2.8649022361876827E-002
   2.5735324435001301        3.8509861067738758E-002
   2.5798093518989109        4.4004321497375425E-002
   2.5860862602976917        4.4522067704871576E-002
   2.5923631686964725        4.0018307339066340E-002
   2.5986400770952534        3.1013760142826963E-002
   2.6049169854940342        1.8530966613263495E-002
   2.6111938938928150        3.9755449877925501E-003
   2.6174708022915958       -1.1023893740094236E-002
   2.6237477106903766       -2.4798796262131887E-002
   2.6300246190891574       -3.5826022605789411E-002
   2.6363015274879382       -4.2894971819331329E-002
   2.6425784358867190       -4.5238284156163336E-002
   2.6488553442854998       -4.2612289420944700E-002
   2.6551322526842807       -3.5319088871530964E-002
   2.6614091610830615       -2.4168735889363479E-002
   2.6676860694818423       -1.0386493221243864E-002
   2.6739629778806231        4.5239101545038697E-003
   2.6802398862794039        1.8945581435329085E-002
   2.6865167946781847        3.1324002131754181E-002
   2.6927937030769655        4.0333774557432187E-002
   2.6990706114757463        4.5018753824786387E-002
   2.7053475198745272        4.4891002966485676E-002
   2.7116244282733080        3.9978572746272631E-002
   2.7179013366720888        3.0817849560920110E-002
   2.7241782450708696        1.8392054735159011E-002
   2.7304551534696504        4.0232961148621823E-003
   2.7367320618684312       -1.0769831687651374E-002
   2.7430089702672120       -2.4433478572349683E-002
   2.7492858786659928       -3.5541585672839403E-002
   2.7555627870647736       -4.2943395914661939E-002
   2.7618396954635545       -4.5881167489681116E-002
   2.7681166038623353       -4.4067452434587651E-002
   2.7743935122611161       -3.7707927370024048E-002
   2.7806704206598969       -2.7473787079382500E-002
   2.7869473290586777       -1.4427557661209654E-002
   2.7932242374574585        9.0014328461046267E-005
   2.7995011458562393        1.4599465702183873E-002
   2.8057780542550201        2.7634030305276405E-002
   2.8120549626538009        3.7887270418135534E-002
   2.8183318710525818        4.4342298438942739E-002
   2.8246087794513626        4.6369866856022714E-002
   2.8308856878501434        4.3786315400515620E-002
   2.8371625962489242        3.6866275942673693E-002
   2.8434395046477050        2.6309964201894142E-002
   2.8497164130464858        1.3169029966523476E-002
   2.8559933214452666       -1.2607075878153546E-003
   2.8622702298440474       -1.5568695970636277E-002
   2.8685471382428283       -2.8367948108886147E-002
   2.8748240466416091       -3.8428906946687179E-002
   2.8811009550403899       -4.4795709587598501E-002
   2.8873778634391707       -4.6874452292699972E-002
   2.8936547718379515       -4.4485107394277197E-002
   2.8999316802367323       -3.7873528410931057E-002
   2.9062085886355131       -2.7682460907526258E-002
   2.9124854970342939       -1.4886233426787909E-002
   2.9187624054330747       -6.9454150909070082E-004
   2.9250393138318556        1.3562687045196670E-002
   2.9313162222306364        2.6561746586049151E-002
   2.9375931306294172        3.7087937543687166E-002
   2.9438700390281980        4.4083409311075912E-002
   2.9501469474269788        4.6780099291138910E-002
   2.9564238558257596        4.4807595111209783E-002
   2.9627007642245404        3.8259400411321115E-002
   2.9689776726233212        2.7716626450590566E-002
   2.9752545810221021        1.4217364851122094E-002
   2.9815314894208829       -8.2843912799971352E-004
   2.9878083978196632       -1.5775869210002885E-002
   2.9940853062184440       -2.8921381458848039E-002
   3.0003622146172249       -3.8701629812458907E-002
   3.0066391230160057       -4.3891235234682795E-002
   3.0129160314147865       -4.3774475525436680E-002
   3.0191929398135673       -3.8265336497155487E-002
   3.0254698482123481       -2.7955325366619318E-002
   3.0317467566111289       -1.4075232548375369E-002
   3.0380236650099097        1.6316924798158974E-003
   3.0443005734086905        1.7116102392991973E-002
   3.0505774818074713        3.0286204308093801E-002
   3.0568543902062522        3.9296419927975536E-002
   3.0631312986050330        4.2820867354805066E-002
   3.0694082070038138        4.0270414200330666E-002
   3.0756851154025946        3.1915495808901684E-002
   3.0819620238013754        1.8888719927977408E-002
   3.0882389322001562        3.0562490422419478E-003
   3.0945158405989370       -1.3231740898421693E-002
   3.1007927489977178       -2.7482611515332583E-002
   3.1070696573964987       -3.7448691480147657E-002
   3.1133465657952795       -4.1529750975253847E-002
   3.1196234741940603       -3.9090209231081613E-002
   3.1259003825928411       -3.0525531470183914E-002
   3.1321772909916219       -1.7186412825412379E-002
   3.1384541993904027       -1.1641221737707526E-003
   3.1447311077891835        1.5040402592983603E-002
   3.1510080161879643        2.8907360166106219E-002
   3.1572849245867451        3.8289549248677342E-002
   3.1635618329855260        4.1742558185709537E-002
   3.1698387413843068        3.8744101014175400E-002
   3.1761156497830876        2.9769077114295252E-002
   3.1823925581818684        1.6210704379551702E-002
   3.1886694665806492        1.6095527025016760E-004
   3.1949463749794300       -1.5914314902878961E-002
   3.2012232833782108       -2.9555042107268892E-002
   3.2075001917769916       -3.8682646683376447E-002
   3.2137771001757724       -4.1914684846161759E-002
   3.2200540085745533       -3.8771007119535565E-002
   3.2263309169733341       -2.9741327128364820E-002
   3.2326078253721149       -1.6205211084935785E-002
   3.2388847337708957       -2.1816315872609266E-004
   3.2451616421696765        1.5802649071699211E-002
   3.2514385505684573        2.9444608379263357E-002
   3.2577154589672381        3.8662259899814679E-002
   3.2639923673660189        4.2081930094654364E-002
   3.2702692757647998        3.9203280055280391E-002
   3.2765461841635806        3.0468857148408520E-002
   3.2828230925623614        1.7191951299977807E-002
   3.2891000009611422        1.3546498774647858E-003
   3.2953769093599230       -1.4684346044705763E-002
   3.3016538177587038       -2.8536714496098188E-002
   3.3079307261574846       -3.8139695227169111E-002
   3.3142076345562654       -4.2063302091007532E-002
   3.3204845429550462       -3.9723253189233053E-002
   3.3267614513538271       -3.1467992022003996E-002
   3.3330383597526079       -1.8526800498393673E-002
   3.3393152681513887       -2.8267591059484118E-003
   3.3455921765501695        1.3294219964758401E-002
   3.3518690849489503        2.7435525419986652E-002
   3.3581459933477311        3.7491335772734391E-002
   3.3644229017465119        4.1964197236415153E-002
   3.3706998101452927        4.0188028727760894E-002
   3.3769767185440736        3.2427307190273702E-002
   3.3832536269428544        1.9837701574016296E-002
   3.3895305353416352        4.2939717887463310E-003
   3.3958074437404160       -1.1889191526549299E-002
   3.4020843521391968       -2.6301872769755659E-002
   3.4083612605379776       -3.6797785589864344E-002
   3.4146381689367584       -4.1813916072306057E-002
   3.4209150773355392       -4.0603254512565093E-002
   3.4271919857343200       -3.3346087619813072E-002
   3.4334688941331009       -2.1123094588581595E-002
   3.4397458025318817       -5.7545245997895943E-003
   3.4460227109306620        1.0471058338528606E-002
   3.4522996193294428        2.5137102754354837E-002
   3.4585765277282237        3.6061915799432145E-002
   3.4648534361270045        4.1641337390155922E-002
   3.4711303445257853        4.1084101543238452E-002
   3.4774072529245661        3.4508554122905058E-002
   3.4836841613233469        2.2908152554013964E-002
   3.4899610697221277        7.9916286751183143E-003
   3.4962379781209085       -8.0762120730286848E-003
   3.5025148865196893       -2.2992706293444191E-002
   3.5087917949184702       -3.4647336824347473E-002
   3.5150687033172510       -4.1416363489474292E-002
   3.5213456117160318       -4.2381631536681549E-002
   3.5276225201148126       -3.7445284807675602E-002
   3.5338994285135934       -2.7327682837884469E-002
   3.5401763369123742       -1.3452496997438210E-002
   3.5464532453111550        2.2616306058002461E-003
   3.5527301537099358        1.7671455815931301E-002
   3.5590070621087166        3.0702843559524899E-002
   3.5652839705074975        3.9627535894512081E-002
   3.5715608789062783        4.3286450709378296E-002
   3.5778377873050591        4.1231647738111415E-002
   3.5841146957038399        3.3770836410730726E-002
   3.5903916041026207        2.1911932384765902E-002
   3.5966685125014015        7.2181128498713361E-003
   3.6029454209001823       -8.4046942550766966E-003
   3.6092223292989631       -2.2958517542625692E-002
   3.6154992376977440       -3.4608631789761077E-002
   3.6217761460965248       -4.1911452521474019E-002
   3.6280530544953056       -4.3986362259996137E-002
   3.6343299628940864       -4.0615132526853538E-002
   3.6406068712928672       -3.2262789278250895E-002
   3.6468837796916480       -1.9993462254513237E-002
   3.6531606880904288       -5.3205509908825542E-003
   3.6594375964892096        9.9876925137073521E-003
   3.6657145048879904        2.4125300139137402E-002
   3.6719914132867713        3.5460885767247943E-002
   3.6782683216855521        4.2720920628948139E-002
   3.6845452300843329        4.5123913438805410E-002
   3.6908221384831137        4.2452910690114275E-002
   3.6970990468818945        3.5061172725294666E-002
   3.7033759552806753        2.3814141794715648E-002
   3.7096528636794561        9.9774733130173383E-003
   3.7159297720782369       -4.9334626855348550E-003
   3.7222066804770177       -1.9324232654745810E-002
   3.7284835888757986       -3.1692534961676129E-002
   3.7347604972745794       -4.0781840683884678E-002
   3.7410374056733602       -4.5702200701127203E-002
   3.7473143140721410       -4.6007729991666843E-002
   3.7535912224709218       -4.1725187429076216E-002
   3.7598681308697026       -3.3333860020225710E-002
   3.7661450392684834       -2.1701463436660285E-002
   3.7724219476672642       -7.9853816398565668E-003
   3.7786988560660451        6.4893187456674063E-003
   3.7849757644648259        2.0361361807139357E-002
   3.7912526728636067        3.2361755891493975E-002
   3.7975295812623875        4.1426333524654621E-002
   3.8038064896611683        4.6784477234324766E-002
   3.8100833980599491        4.8008366580180005E-002
   3.8163603064587299        4.5016595778091889E-002
   3.8226372148575107        3.8093146921627616E-002
   3.8289141232562915        2.7861211121039821E-002
   3.8351910316550724        1.5222619237306436E-002
   3.8414679400538532        1.2760257300178982E-003
   3.8477448484526340       -1.2780679119185828E-002
   3.8540217568514148       -2.5753783432479083E-002
   3.8602986652501956       -3.6554773133421349E-002
   3.8665755736489764       -4.4289971819457957E-002
   3.8728524820477572       -4.8331963342893129E-002
   3.8791293904465380       -4.8367060625955888E-002
   3.8854062988453189       -4.4415788979049783E-002
   3.8916832072440997       -3.6825290238069484E-002
   3.8979601156428805       -2.6235234405962232E-002
   3.9042370240416608       -1.3520675538409846E-002
   3.9105139324404417        2.8273246928106600E-004
   3.9167908408392225        1.4064686153422554E-002
   3.9230677492380033        2.6730056942413719E-002
   3.9293446576367841        3.7285364585439691E-002
   3.9356215660355649        4.4915110739621927E-002
   3.9418984744343457        4.9042290547303288E-002
   3.9481753828331265        4.9368823078274941E-002
   3.9544522912319073        4.5893352687939523E-002
   3.9607291996306881        3.8905796850231496E-002
   3.9670061080294690        2.8959666622112537E-002
   3.9732830164282498        1.6825214146886661E-002
   3.9795599248270306        3.4268635309010766E-003
   3.9858368332258114       -1.0227727760943401E-002
   3.9921137416245922       -2.3108633095057615E-002
   3.9983906500233730       -3.4229079265657873E-002
   4.0046675584221543       -4.2721274221883314E-002
   4.0109444668209351       -4.7906983478901481E-002
   4.0172213752197159       -4.9355315905165349E-002
   4.0234982836184967       -4.6922801805456937E-002
   4.0297751920172775       -4.0771745919580868E-002
   4.0360521004160583       -3.1364519958056780E-002
   4.0423290088148391       -1.9433286136043695E-002
   4.0486059172136200       -5.9266798240806698E-003
   4.0548828256124008        8.0630359995861357E-003
   4.0611597340111816        2.1387014067600435E-002
   4.0674366424099624        3.2934288785622892E-002
   4.0737135508087432        4.1725937172223275E-002
   4.0799904592075240        4.7000884013331010E-002
   4.0862673676063048        4.8285653044274561E-002
   4.0925442760050856        4.5441421561046379E-002
   4.0988211844038664        3.8683426820476333E-002
   4.1050980928026473        2.8569998423952216E-002
   4.1113750012014281        1.5961070694918672E-002
   4.1176519096002089        1.9487583141439429E-003
   4.1239288179989897       -1.2234790885814990E-002
   4.1302057263977705       -2.5324763247161684E-002
   4.1364826347965504       -3.6137051063893762E-002
   4.1427595431953312       -4.3677468729745900E-002
   4.1490364515941121       -4.7236606735549864E-002
   4.1553133599928929       -4.6461028667840590E-002
   4.1615902683916737       -4.1393344962618456E-002
   4.1678671767904545       -3.2476329512569083E-002
   4.1741440851892353       -2.0519458611767724E-002
   4.1804209935880161       -6.6297836063367102E-003
   4.1866979019867969        7.8874474500183010E-003
   4.1929748103855777        2.1649849625277953E-002
   4.1992517187843585        3.3329624466894622E-002
   4.2055286271831394        4.1783436700515438E-002
   4.2118055355819202        4.6167631137603880E-002
   4.2180824439807010        4.6026918380745220E-002
   4.2243593523794818        4.1346855947161094E-002
   4.2306362607782626        3.2563701652302081E-002
   4.2369131691770434        2.0529291737583472E-002
   4.2431900775758242        6.4330647939651970E-003
   4.2494669859746050       -8.3121658795047570E-003
   4.2557438943733858       -2.2210127378248765E-002
   4.2620208027721667       -3.3833049389735644E-002
   4.2682977111709475       -4.1970292759853096E-002
   4.2745746195697283       -4.5758017227891953E-002
   4.2808515279685091       -4.4775711730626798E-002
   4.2871284363672899       -3.9098370079727648E-002
   4.2934053447660707       -2.9297451428086253E-002
   4.2996822531648515       -1.6388960942145963E-002
   4.3059591615636323       -1.7326814155810436E-003
   4.3122360699624132        1.3108045968200156E-002
   4.3185129783611940        2.6531857576418853E-002
   4.3247898867599748        3.7072982468094179E-002
   4.3310667951587556        4.3563696729601718E-002
   4.3373437035575364        4.5266465482476571E-002
   4.3436206119563172        4.1963563473375515E-002
   4.3498975203550980        3.3991841402863647E-002
   4.3561744287538788        2.2215388571830825E-002
   4.3624513371526596        7.9377984203815258E-003
   4.3687282455514405       -7.2377644244345377E-003
   4.3750051539502213       -2.1586222611305696E-002
   4.3812820623490021       -3.3456653651760752E-002
   4.3875589707477829       -4.1464515066112533E-002
   4.3938358791465637       -4.4657497744897336E-002
   4.4001127875453445       -4.2634673189259335E-002
   4.4063896959441253       -3.5603504469013440E-002
   4.4126666043429061       -2.4366031725685917E-002
   4.4189435127416870       -1.0233850298446045E-002
   4.4252204211404678        5.1200686459997096E-003
   4.4314973295392486        1.9856562673846851E-002
   4.4377742379380294        3.2190200873401041E-002
   4.4440511463368102        4.0607654537529000E-002
   4.4503280547355910        4.4057756834847278E-002
   4.4566049631343718        4.2088778276570871E-002
   4.4628818715331526        3.4914553511458384E-002
   4.4691587799319334        2.3398925540727079E-002
   4.4754356883307143        8.9585012690315026E-003
   4.4817125967294951       -6.6067330647389972E-003
   4.4879895051282759       -2.1334759462588497E-002
   4.4942664135270567       -3.3349057060054886E-002
   4.5005433219258375       -4.1099246651298493E-002
   4.5068202303246183       -4.3570458402124673E-002
   4.5130971387233991       -4.0443281937998413E-002
   4.5193740471221799       -3.2123996465847557E-002
   4.5256509555209607       -1.9684096873897973E-002
   4.5319278639197416       -4.7214303296803668E-003
   4.5382047723185224        1.0846066705032286E-002
   4.5444816807173032        2.5026394304106945E-002
   4.5507585891160840        3.6008415048565647E-002
   4.5570354975148648        4.2392563987402598E-002
   4.5633124059136456        4.3368386186568422E-002
   4.5695893143124264        3.8816224290819365E-002
   4.5758662227112072        2.9320659741174843E-002
   4.5821431311099881        1.6094216083254863E-002
   4.5884200395087689        8.2156556950199354E-004
   4.5946969479075497       -1.4555733243787635E-002
   4.6009738563063305       -2.8086285405359110E-002
   4.6072507647051113       -3.8056311214333234E-002
   4.6135276731038921       -4.3206081644201637E-002
   4.6198045815026729       -4.2888139757642725E-002
   4.6260814899014537       -3.7147513628841063E-002
   4.6323583983002345       -2.6714174765786681E-002
   4.6386353066990154       -1.2909058241465182E-002
   4.6449122150977962        2.5240952048267624E-003
   4.6511891234965770        1.7639563703510962E-002
   4.6574660318953578        3.0535104550619162E-002
   4.6637429402941386        3.9591044699008066E-002
   4.6700198486929194        4.3673042597586371E-002
   4.6762967570917002        4.2273122628438443E-002
   4.6825736654904810        3.5572163969363087E-002
   4.6888505738892619        2.4416461276709812E-002
   4.6951274822880427        1.0207301575973360E-002
   4.7014043906868235       -5.2768152426850125E-003
   4.7076812990856043       -2.0103487498697819E-002
   4.7139582074843851       -3.2427719747606790E-002
   4.7202351158831659       -4.0720920126541056E-002
   4.7265120242819467       -4.3959321253487851E-002
   4.7327889326807275       -4.1748705855220440E-002
   4.7390658410795083       -3.4370482308727142E-002
   4.7453427494782892       -2.2743964435195128E-002
   4.7516196578770700       -8.3101303752991726E-003
   4.7578965662758508        7.1482462123629784E-003
   4.7641734746746316        2.1727486046334957E-002
   4.7704503830734124        3.3637466507576472E-002
   4.7767272914721932        4.1420781906675634E-002
   4.7830041998709740        4.4129851702544180E-002
   4.7892811082697548        4.1440614735226956E-002
   4.7955580166685357        3.3689375942504415E-002
   4.8018349250673165        2.1828879551213792E-002
   4.8081118334660973        7.3095459555941452E-003
   4.8143887418648781       -8.0991210335273536E-003
   4.8206656502636589       -2.2524832850606247E-002
   4.8269425586624397       -3.4219995859954291E-002
   4.8332194670612205       -4.1772754558224080E-002
   4.8394963754600013       -4.4276182521457402E-002
   4.8457732838587821       -4.1435516914722900E-002
   4.8520501922575630       -3.3601025753049969E-002
   4.8583271006563438       -2.1723647699807516E-002
   4.8646040090551246       -7.2377634234361589E-003
   4.8708809174539054        8.1157438330633613E-003
   4.8771578258526862        2.2499982759143413E-002
   4.8834347342514670        3.4201732173759616E-002
   4.8897116426502478        4.1834545514263126E-002
   4.8959885510490286        4.4501201826822351E-002
   4.9022654594478094        4.1896760545303002E-002
   4.9085423678465903        3.4340649254538412E-002
   4.9148192762453711        2.2734814638101172E-002
   4.9210961846441519        8.4536690601022344E-003
   4.9273730930429327       -6.8204597021482198E-003
   4.9336500014417135       -2.1296488277238762E-002
   4.9399269098404943       -3.3284656124545078E-002
   4.9462038182392751       -4.1392893832355372E-002
   4.9524807266380559       -4.4686767941851384E-002
   4.9587576350368368       -4.2794840918017170E-002
   4.9650345434356176       -3.5947850651005767E-002
   4.9713114518343984       -2.4947934549138170E-002
   4.9775883602331792       -1.1072242823192791E-002
   4.9838652686319600        4.0772157029835797E-003
   4.9901421770307408        1.8759638633593964E-002
   4.9964190854295216        3.1295680531179364E-002
   5.0026959938283024        4.0258834601954681E-002
   5.0089729022270832        4.4636233786843137E-002
   5.0152498106258641        4.3940914934489650E-002
   5.0215267190246449        3.8263405598168654E-002
   5.0278036274234257        2.8257331721879532E-002
   5.0340805358222065        1.5061144086338690E-002
   5.0403574442209873        1.6747017781007528E-004
   5.0466343526197681       -1.4745557149968362E-002
   5.0529112610185480       -2.8003575327804509E-002
   5.0591881694173289       -3.8123670903549761E-002
   5.0654650778161097       -4.3979268830412276E-002
   5.0717419862148905       -4.4924047269141384E-002
   5.0780188946136713       -4.0861410800851330E-002
   5.0842958030124521       -3.2252281598751389E-002
   5.0905727114112329       -2.0060893286320481E-002
   5.0968496198100137       -5.6451591527511401E-003
   5.1031265282087945        9.3957477024060165E-003
   5.1094034366075753        2.3399370736319480E-002
   5.1156803450063562        3.4823636863840074E-002
   5.1219572534051370        4.2415938482344040E-002
   5.1282341618039178        4.5349176806644277E-002
   5.1345110702026986        4.3310142786204341E-002
   5.1407879786014794        3.6530988976049839E-002
   5.1470648870002602        2.5760873834428759E-002
   5.1533417953990410        1.2181416703744816E-002
   5.1596187037978218       -2.7243113874575002E-003
   5.1658956121966026       -1.7334596589228233E-002
   5.1721725205953835       -3.0065729565352608E-002
   5.1784494289941643       -3.9543236670782113E-002
   5.1847263373929451       -4.4749230696333353E-002
   5.1910032457917259       -4.5130208014746098E-002
   5.1972801541905067       -4.0654044131559909E-002
   5.2035570625892875       -3.1810538254423544E-002
   5.2098339709880683       -1.9555967214910597E-002
   5.2161108793868491       -5.2081150148717923E-003
   5.2223877877856300        9.6965470997701520E-003
   5.2286646961844108        2.3567930871300168E-002
   5.2349416045831916        3.4931874785609045E-002
   5.2412185129819724        4.2586089856251036E-002
   5.2474954213807532        4.5726103677018522E-002
   5.2537723297795340        4.4028138523352377E-002
   5.2600492381783148        3.7680585622782460E-002
   5.2663261465770956        2.7361227039986228E-002
   5.2726030549758764        1.4163134527644798E-002
   5.2788799633746573       -5.2250050263162042E-004
   5.2851568717734381       -1.5153886724126153E-002
   5.2914337801722189       -2.8200797343558359E-002
   5.2977106885709997       -3.8304270375528901E-002
   5.3039875969697805       -4.4417250513096543E-002
   5.3102645053685613       -4.5911681599634831E-002
   5.3165414137673421       -4.2641295185725424E-002
   5.3228183221661229       -3.4953958883727237E-002
   5.3290952305649038       -2.3652860066606329E-002
   5.3353721389636846       -9.9109452259797982E-003
   5.3416490473624654        4.8520104529458322E-003
   5.3479259557612462        1.9116834516711097E-002
   5.3542028641600270        3.1421330269708302E-002
   5.3604797725588078        4.0509757116871437E-002
   5.3667566809575886        4.5459768814569312E-002
   5.3730335893563694        4.5774893279798820E-002
   5.3793104977551502        4.1430751503657305E-002
   5.3855874061539311        3.2867488332087948E-002
   5.3918643145527119        2.0953037617130642E-002
   5.3981412229514927        6.8996649800002006E-003
   5.4044181313502735       -7.8587245028563756E-003
   5.4106950397490543       -2.1812404498975584E-002
   5.4169719481478351       -3.3530356910639748E-002
   5.4232488565466159       -4.1807371673591463E-002
   5.4295257649453967       -4.5788776838043548E-002
   5.4358026733441775       -4.5059663684519038E-002
   5.4420795817429584       -3.9689305347717592E-002
   5.4483564901417392       -3.0225817696015189E-002
   5.4546333985405200       -1.7641366201259143E-002
   5.4609103069393008       -3.2332256113578781E-003
   5.4671872153380816        1.1509302751230799E-002
   5.4734641237368624        2.5058557280581137E-002
   5.4797410321356432        3.6006926595413651E-002
   5.4860179405344240        4.3213575241280604E-002
   5.4922948489332049        4.5924144170167366E-002
   5.4985717573319857        4.3850772353900509E-002
   5.5048486657307665        3.7203867181614045E-002
   5.5111255741295473        2.6671967672896386E-002
   5.5174024825283281        1.3351538853210701E-002
   5.5236793909271089       -1.3663407268826740E-003
   5.5299562993258897       -1.5940669394515668E-002
   5.5362332077246705       -2.8841770036354488E-002
   5.5425101161234513       -3.8711966931982519E-002
   5.5487870245222322       -4.4509285207919760E-002
   5.5550639329210130       -4.5616860224441072E-002
   5.5613408413197938       -4.1904493300852212E-002
   5.5676177497185746       -3.3751141780996689E-002
   5.5738946581173554       -2.2010389543177467E-002
   5.5801715665161362       -7.9234329016084314E-003
   5.5864484749149170        7.0101154713290564E-003
   5.5927253833136978        2.1190906582026669E-002
   5.5990022917124787        3.3091072838862846E-002
   5.6052792001112595        4.1419844279218271E-002
   5.6115561085100403        4.5265405937347902E-002
   5.6178330169088211        4.4197301975088255E-002
   5.6241099253076019        3.8317573428541113E-002
   5.6303868337063827        2.8254319499465164E-002
   5.6366637421051635        1.5097507533438087E-002
   5.6429406505039443        2.8326153763470318E-004
   5.6492175589027251       -1.4561373451019280E-002
   5.6554944673015060       -2.7796590743674389E-002
   5.6617713757002868       -3.7951467607566867E-002
   5.6680482840990676       -4.3888944724906044E-002
   5.6743251924978484       -4.4935467395284423E-002
   5.6806021008966292       -4.0960294552544116E-002
   5.6868790092954100       -3.2394810004431562E-002
   5.6931559176941908       -2.0188849792408110E-002
   5.6994328260929716       -5.7080029475982527E-003
   5.7057097344917524        9.4172396453259810E-003
   5.7119866428905333        2.3474181323129537E-002
   5.7182635512893141        3.4861935846527872E-002
   5.7245404596880949        4.2274833142688317E-002
   5.7308173680868757        4.4850831276847601E-002
   5.7370942764856565        4.2269565989361865E-002
   5.7433711848844373        3.4802690814113836E-002
   5.7496480932832181        2.3292801082693500E-002
   5.7559250016819989        9.0635711244621206E-003
   5.7622019100807798       -6.2282525427844676E-003
   5.7684788184795606       -2.0783528881985126E-002
   5.7747557268783414       -3.2872166191207294E-002
   5.7810326352771222       -4.1040734062434227E-002
   5.7873095436759030       -4.4291032955911490E-002
   5.7935864520746838       -4.2207375932245335E-002
   5.7998633604734646       -3.5015737313098025E-002
   5.8061402688722454       -2.3565877040090295E-002
   5.8124171772710262       -9.2366508456566427E-003
   5.8186940856698071        6.2257000538187973E-003
   5.8249709940685879        2.0917939286582223E-002
   5.8312479024673687        3.3013883784138109E-002
   5.8375248108661495        4.0993430208802861E-002
   5.8438017192649303        4.3837619415711446E-002
   5.8500786276637111        4.1164285986742238E-002
   5.8563555360624919        3.3285615226718621E-002
   5.8626324444612727        2.1178395858940859E-002
   5.8689093528600536        6.3686656099394140E-003
   5.8751862612588344       -9.2564341505122546E-003
   5.8814631696576152       -2.3687014694559198E-002
   5.8877400780563960       -3.5049200140377025E-002
   5.8940169864551768       -4.1851064520079244E-002
   5.9002938948539576       -4.3182823403612181E-002
   5.9065708032527384       -3.8842383709225346E-002
   5.9128477116515192       -2.9372172031934179E-002
   5.9191246200503000       -1.6001922257076785E-002
   5.9254015284490809       -4.9615977368802524E-004
   5.9316784368478617        1.5074266376574037E-002
   5.9379553452466425        2.8607108246821032E-002
   5.9442322536454233        3.8254034010059820E-002
   5.9505091620442041        4.2677437996167439E-002
   5.9567860704429849        4.1242588004727618E-002
   5.9630629788417657        3.4116703381256538E-002
   5.9693398872405457        2.2258635459575318E-002
   5.9756167956393265        7.2976458888063499E-003
   5.9818937040381073       -8.6846384463575461E-003
   5.9881706124368881       -2.3440809385772567E-002
   5.9944475208356689       -3.4873872213611538E-002
   6.0007244292344497       -4.1338602262570516E-002
   6.0070013376332305       -4.1884390944367217E-002
   6.0132782460320113       -3.6402943411600559E-002
   6.0195551544307921       -2.5656949962829665E-002
   6.0258320628295730       -1.1182425466963622E-002
   6.0321089712283538        4.9241554289768770E-003
   6.0383858796271346        2.0305573189934534E-002
   6.0446627880259154        3.2688159531933679E-002
   6.0509396964246962        4.0220679283402526E-002
   6.0572166048234770        4.1756805182863038E-002
   6.0634935132222578        3.7037578810088234E-002
   6.0697704216210386        2.6743336857161529E-002
   6.0760473300198194        1.2405321479003710E-002
   6.0823242384186003       -3.8136115253246312E-003
   6.0886011468173811       -1.9452598701734984E-002
   6.0948780552161619       -3.2131644296703996E-002
   6.1011549636149427       -3.9914947535642648E-002
   6.1074318720137235       -4.1608200824885207E-002
   6.1137087804125043       -3.6944204749922584E-002
   6.1199856888112851       -2.6627736331819724E-002
   6.1262625972100659       -1.2231662453181944E-002
   6.1325395056088468        4.0407132855575165E-003
   6.1388164140076276        1.9691580813330493E-002
   6.1450933224064084        3.2311748670302259E-002
   6.1513702308051892        3.9952311553924376E-002
   6.1576471392039700        4.1427348322618095E-002
   6.1639240476027508        3.6500432925192110E-002
   6.1702009560015316        2.5925208157754676E-002
   6.1764778644003124        1.1332764078117879E-002
   6.1827547727990932       -5.0178396627418281E-003
   6.1890316811978741       -2.0588020278447340E-002
   6.1953085895966549       -3.2953619072933274E-002
   6.2015854979954357       -4.0183169507037597E-002
   6.2078624063942165       -4.1141435049705993E-002
   6.2141393147929973       -3.5670114382227995E-002
   6.2204162231917781       -2.4616738014449642E-002
   6.2266931315905589       -9.7059404704334194E-003
   6.2329700399893397        6.7274527613404959E-003
   6.2392469483881206        2.2103056855728078E-002
   6.2455238567869014        3.3999536512965126E-002
   6.2518007651856822        4.0539409808642630E-002
   6.2580776735844630        4.0699886947027884E-002
   6.2643545819832438        3.4468024333516339E-002
   6.2706314903820246        2.2833118632811927E-002
   6.2769083987808054        7.6258234250333413E-003
   6.2831853071795862       -8.7728006365131467E-003
