   6.2769083987808056E-003   4.0236866451690063E-002
   1.2553816797561611E-002   5.3783792314634218E-002
   1.8830725196342418E-002   6.5843233463451473E-002
   2.5107633595123222E-002   7.6102698064850094E-002
   3.1384541993904030E-002   8.4306088560450174E-002
   3.7661450392684835E-002   9.0258840501701937E-002
   4.3938358791465640E-002   9.3831032313002855E-002
   5.0215267190246445E-002   9.4958622148952593E-002
   5.6492175589027249E-002   9.3642767831923254E-002
   6.2769083987808061E-002   8.9947453764215174E-002
   6.9045992386588859E-002   8.3995501428021452E-002
   7.5322900785369670E-002   7.5963242661568842E-002
   8.1599809184150468E-002   6.6074008567617706E-002
   8.7876717582931280E-002   5.4590745317048994E-002
   9.4153625981712077E-002   4.1807943050390303E-002
  0.10043053438049289        2.8043196574881191E-002
  0.10670744277927370        1.3628576366695235E-002
  0.11298435117805450       -1.0978815436795998E-003
  0.11926125957683531       -1.5800438621017085E-002
  0.12553816797561612       -3.0153366426764965E-002
  0.13181507637439691       -4.3848102157228862E-002
  0.13809198477317772       -5.6599435140035508E-002
  0.14436889317195853       -6.8151569580463756E-002
  0.15064580157073934       -7.8285453803421584E-002
  0.15692270996952015       -8.6820318438468130E-002
  0.16319961836830094       -9.3615204489338952E-002
  0.16947652676708175       -9.8569987178525442E-002
  0.17575343516586256      -0.10162524041940503     
  0.18203034356464337      -0.10276125760315365     
  0.18830725196342415      -0.10199619542433014     
  0.19458416036220497       -9.9383534885877783E-002
  0.20086106876098578       -9.5008919493873772E-002
  0.20713797715976659       -8.8986535753467266E-002
  0.21341488555854740       -8.1455128735660839E-002
  0.21969179395732819       -7.2573796315995226E-002
  0.22596870235610900       -6.2517661996617610E-002
  0.23224561075488981       -5.1473543968353616E-002
  0.23852251915367062       -3.9635713461292327E-002
  0.24479942755245140       -2.7201828482833004E-002
  0.25107633595123224       -1.4369122288781571E-002
  0.25735324435001306       -1.3308966700420494E-003
  0.26363015274879381        1.1726615097910228E-002
  0.26990706114757462        2.4627005242836762E-002
  0.27618396954635543        3.7206012540433424E-002
  0.28246087794513625        4.9313442127831543E-002
  0.28873778634391706        6.0814622538580887E-002
  0.29501469474269787        7.1591494183857046E-002
  0.30129160314147868        8.1543227666866183E-002
  0.30756851154025949        9.0586567173695079E-002
  0.31384541993904030        9.8655821207200067E-002
  0.32012232833782106       0.10570528704377420     
  0.32639923673660187       0.11171335354636759     
  0.33267614513538268       0.11667611839337205     
  0.33895305353416350       0.12060473708297771     
  0.34522996193294431       0.12352400819247757     
  0.35150687033172512       0.12547054045031292     
  0.35778377873050593       0.12649104436908015     
  0.36406068712928674       0.12664052830939201     
  0.37033759552806755       0.12598059954618446     
  0.37661450392684831       0.12457778743684492     
  0.38289141232562912       0.12250199785746373     
  0.38916832072440993       0.11982505390295106     
  0.39544522912319074       0.11661938978012958     
  0.40172213752197156       0.11295686456219671     
  0.40799904592075237       0.10890773831406286     
  0.41427595431953318       0.10453977990516512     
  0.42055286271831399        9.9917533674488967E-002
  0.42682977111709480        9.5101713814312497E-002
  0.43310667951587556        9.0148743931624337E-002
  0.43938358791465637        8.5110409745849311E-002
  0.44566049631343718        8.0033636040285322E-002
  0.45193740471221799        7.4960356758350444E-002
  0.45821431311099881        6.9927482370012811E-002
  0.46449122150977962        6.4966943243696160E-002
  0.47076812990856043        6.0105787903968921E-002
  0.47704503830734124        5.5366381319080261E-002
  0.48332194670612205        5.0766463703299333E-002
  0.48959885510490281        4.6320709808696736E-002
  0.49587576350368362        4.2051010327812770E-002
  0.50215267190246449        3.7987439488867666E-002
  0.50842958030124530        3.4153745230713566E-002
  0.51470648870002611        3.0565750654803013E-002
  0.52098339709880681        2.7232664427634924E-002
  0.52726030549758762        2.4157853056499722E-002
  0.53353721389636843        2.1339831858913205E-002
  0.53981412229514925        1.8773082576653756E-002
  0.54609103069393006        1.6448895845899973E-002
  0.55236793909271087        1.4356086677605434E-002
  0.55864484749149168        1.2481674278584319E-002
  0.56492175589027249        1.0811450044118914E-002
  0.57119866428905330        9.3304895548222931E-003
  0.57747557268783412        8.0235664815321555E-003
  0.58375248108661493        6.8755086623930048E-003
  0.59002938948539574        5.8714720268076229E-003
  0.59630629788417655        4.9971640034901501E-003
  0.60258320628295736        4.2390017821127722E-003
  0.60886011468173817        3.5842312298517130E-003
  0.61513702308051899        3.0209969907305672E-003
  0.62141393147929980        2.5383851315758017E-003
  0.62769083987808061        2.1264312666687672E-003
  0.63396774827686131        1.7761121657956320E-003
  0.64024465667564212        1.4793142145085706E-003
  0.64652156507442293        1.2287949392656582E-003
  0.65279847347320374        1.0181286415774967E-003
  0.65907538187198456        8.4165637476557532E-004
  0.66535229027076537        6.9439982827317591E-004
  0.67162919866954618        5.7187693157313485E-004
  0.67790610706832699        4.7013954728071310E-004
  0.68418301546710780        3.8582331981361383E-004
  0.69045992386588861        3.1607764550369786E-004
  0.69673683226466943        2.5849327163255726E-004
  0.70301374066345024        2.1103793426308328E-004
  0.70929064906223105        1.7200221249984708E-004
  0.71556755746101186        1.3995070185478695E-004
  0.72184446585979267        1.1368155223629726E-004
  0.72812137425857348        9.2189994155712107E-005
  0.73439828265735430        7.4638492220822884E-005
  0.74067519105613511        6.0329816103289478E-005
  0.74695209945491581        4.8685315010384597E-005
  0.75322900785369662        3.9225242925253384E-005
  0.75950591625247743        3.1553150532914144E-005
  0.76578282465125824        2.5341645896817825E-005
  0.77205973305003905        2.0321327910892786E-005
  0.77833664144881987        1.6270566951611525E-005
  0.78461354984760068        1.3007764285427837E-005
  0.79089045824638149        1.0384070232535148E-005
  0.79716736664516230        8.2780486827404537E-006
  0.80344427504394311        6.5905175847077376E-006
  0.80972118344272392        5.2409333378340803E-006
  0.81599809184150474        4.1637468309161867E-006
  0.82227500024028555        3.3060100553513352E-006
  0.82855190863906636        2.6247918120925009E-006
  0.83482881703784717        2.0856867087744450E-006
  0.84110572543662798        1.6606665664207743E-006
  0.84738263383540879        1.3255892594420734E-006
  0.85365954223418961        1.0607940004449760E-006
  0.85993645063297042        8.5111080004030066E-007
  0.86621335903175112        6.8463948993456466E-007
  0.87249026743053193        5.5221056227163073E-007
  0.87876717582931274        4.4657488722172967E-007
  0.88504408422809355        3.6215055536991887E-007
  0.89132099262687436        2.9448103991664395E-007
  0.89759790102565518        2.4014525221814971E-007
  0.90387480942443599        1.9637691726655426E-007
  0.91015171782321680        1.6106596143616015E-007
  0.91642862622199761        1.3247747515484732E-007
  0.92270553462077842        1.0930262710081891E-007
  0.92898244301955923        9.0441051429173127E-008
  0.93525935141834005        7.5077133554708798E-008
  0.94153625981712086        6.2504234465503424E-008
  0.94781316821590167        5.2212469592406683E-008
  0.95409007661468248        4.3741652731756267E-008
  0.96036698501346329        3.6772670492986723E-008
  0.96664389341224410        3.1001011867414076E-008
  0.97292080181102492        2.6227326779024958E-008
  0.97919771020980562        2.2246384299067458E-008
  0.98547461860858643        1.8934414248848531E-008
  0.99175152700736724        1.6150141929019481E-008
  0.99802843540614805        1.3817681478958940E-008
   1.0043053438049290        1.1837427798670846E-008
   1.0105822522037098        1.0163818541648254E-008
   1.0168591606024906        8.7255284986320948E-009
   1.0231360690012714        7.5032492342931937E-009
   1.0294129774000522        6.4491643060713028E-009
   1.0356898857988328        5.5538779446574344E-009
   1.0419667941976136        4.7793060518286483E-009
   1.0482437025963944        4.1220341409090871E-009
   1.0545206109951752        3.5512842880246026E-009
   1.0607975193939561        3.0676684198483832E-009
   1.0670744277927369        2.6459148758531958E-009
   1.0733513361915177        2.2892951581639125E-009
   1.0796282445902985        1.9767300968394749E-009
   1.0859051529890793        1.7131975918753196E-009
   1.0921820613878601        1.4808515986798257E-009
   1.0984589697866409        1.2857090614922725E-009
   1.1047358781854217        1.1124539026264302E-009
   1.1110127865842025        9.6767396508016581E-010
   1.1172896949829834        8.3806144158363739E-010
   1.1235666033817642        7.3045475503299591E-010
   1.1298435117805450        6.3316499114388099E-010
   1.1361204201793258        5.5305920290175621E-010
   1.1423973285781066        4.7977536539165296E-010
   1.1486742369768874        4.2006146144806304E-010
   1.1549511453756682        3.6466050603405532E-010
   1.1612280537744490        3.2010046626510157E-010
   1.1675049621732299        2.7806099992593562E-010
   1.1737818705720107        2.4479217626386922E-010
   1.1800587789707915        2.1277320386856901E-010
   1.1863356873695723        1.8793904070019811E-010
   1.1926125957683531        1.6346023503041663E-010
   1.1988895041671339        1.4492577219415340E-010
   1.2051664125659147        1.2611093508360022E-010
   1.2114433209646955        1.1226642029900404E-010
   1.2177202293634763        9.7714159630840125E-011
   1.2239971377622572        8.7369842432958990E-011
   1.2302740461610380        7.6042827400007342E-011
   1.2365509545598188        6.8318488769965934E-011
   1.2428278629585996        5.9444746147544455E-011
   1.2491047713573804        5.3684323156896223E-011
   1.2553816797561612        4.6683095403486887E-011
   1.2616585881549420        4.2395592509886193E-011
   1.2679354965537226        3.6832319199307396E-011
   1.2742124049525034        3.3651890322196478E-011
   1.2804893133512842        2.9197663640915786E-011
   1.2867662217500651        2.6849327409435846E-011
   1.2930431301488459        2.3257108123260193E-011
   1.2993200385476267        2.1535808831125380E-011
   1.3055969469464075        1.8617993196537387E-011
   1.3118738553451883        1.7367460503567160E-011
   1.3181507637439691        1.4979166090795431E-011
   1.3244276721427499        1.4082314708560552E-011
   1.3307045805415307        1.2114055398482003E-011
   1.3369814889403115        1.1481185998209755E-011
   1.3432583973390924        9.8464353096073756E-012
   1.3495353057378732        9.4090144278069003E-012
   1.3558122141366540        8.0430186360360440E-012
   1.3620891225354348        7.7518932898739327E-012
   1.3683660309342156        6.6043095580328526E-012
   1.3746429393329964        6.4204881417501049E-012
   1.3809198477317772        5.4517160106702412E-012
   1.3871967561305580        5.3462150464519184E-012
   1.3934736645293389        4.5256014303284714E-012
   1.3997505729281197        4.4772400922738997E-012
   1.4060274813269005        3.7805117870426417E-012
   1.4123043897256813        3.7711642615877223E-012
   1.4185812981244621        3.1776980596474650E-012
   1.4248582065232429        3.1951418690517744E-012
   1.4311351149220237        2.6907078503739510E-012
   1.4374120233208045        2.7268040725946052E-012
   1.4436889317195853        2.2993539267816628E-012
   1.4499658401183662        2.3455962737852141E-012
   1.4562427485171470        1.9820857896586188E-012
   1.4625196569159278        2.0312525153116480E-012
   1.4687965653147086        1.7239505896794499E-012
   1.4750734737134894        1.7738156070649277E-012
   1.4813503821122702        1.5168254800280316E-012
   1.4876272905110510        1.5646492500109702E-012
   1.4939041989098316        1.3513073566295730E-012
   1.5001811073086124        1.3939970006964192E-012
   1.5064580157073932        1.2191311078289546E-012
   1.5127349241061741        1.2555969725199042E-012
   1.5190118325049549        1.1149422678107988E-012
   1.5252887409037357        1.1428363140989851E-012
   1.5315656493025165        1.0322831841005471E-012
   1.5378425577012973        1.0521744549828571E-012
   1.5441194661000781        9.7077601955145234E-013
   1.5503963744988589        9.8396805228355303E-013
   1.5566732828976397        9.2921360809036326E-013
   1.5629501912964205        9.3465217017768153E-013
   1.5692270996952014        9.0314936163482358E-013
   1.5755040080939822        9.0059574725461924E-013
   1.5817809164927630        8.9088560459959236E-013
   1.5880578248915438        8.8152033993209150E-013
   1.5943347332903246        8.9273664343950200E-013
   1.6006116416891054        8.7752011670616287E-013
   1.6068885500878862        9.0814381051630213E-013
   1.6131654584866670        8.8673491834737146E-013
   1.6194423668854478        9.3430833078689349E-013
   1.6257192752842287        9.0619617183556920E-013
   1.6319961836830095        9.6901541032146236E-013
   1.6382730920817903        9.3495396330222568E-013
   1.6445500004805711        1.0124505435295302E-012
   1.6508269088793519        9.7316627577764919E-013
   1.6571038172781327        1.0642067396441443E-012
   1.6633807256769135        1.0195066785002352E-012
   1.6696576340756943        1.1231005422482540E-012
   1.6759345424744752        1.0745659947791755E-012
   1.6822114508732560        1.1898798619754250E-012
   1.6884883592720368        1.1362475973654545E-012
   1.6947652676708176        1.2606168417300911E-012
   1.7010421760695984        1.2022019924574221E-012
   1.7073190844683792        1.3364615082777266E-012
   1.7135959928671600        1.2741329931228209E-012
   1.7198729012659408        1.4162503294019563E-012
   1.7261498096647214        1.3495133135442461E-012
   1.7324267180635022        1.4987413953693898E-012
   1.7387036264622830        1.4283969590616014E-012
   1.7449805348610639        1.5837062225195206E-012
   1.7512574432598447        1.5094111054161714E-012
   1.7575343516586255        1.6701974887723759E-012
   1.7638112600574063        1.5913421430334194E-012
   1.7700881684561871        1.7559400749906328E-012
   1.7763650768549679        1.6732606300765258E-012
   1.7826419852537487        1.8415548578908486E-012
   1.7889188936525295        1.7551396971854541E-012
   1.7951958020513104        1.9268385123076634E-012
   1.8014727104500912        1.8367825383887806E-012
   1.8077496188488720        2.0094765865781743E-012
   1.8140265272476528        1.9137735781722315E-012
   1.8203034356464336        2.0860974128996788E-012
   1.8265803440452144        1.9859307656673879E-012
   1.8328572524439952        2.1587715302651348E-012
   1.8391341608427760        2.0537954033083446E-012
   1.8454110692415568        2.2241617154641042E-012
   1.8516879776403377        2.1140062621996511E-012
   1.8579648860391185        2.2828749255503271E-012
   1.8642417944378993        2.1667757050719437E-012
   1.8705187028366801        2.3310757218861870E-012
   1.8767956112354609        2.2071986481440734E-012
   1.8830725196342417        2.3664130204074443E-012
   1.8893494280330225        2.2356954734394479E-012
   1.8956263364318033        2.3890424978024965E-012
   1.9019032448305841        2.2516395948287318E-012
   1.9081801532293650        2.3994362696196800E-012
   1.9144570616281458        2.2557846098375469E-012
   1.9207339700269266        2.3976472604787745E-012
   1.9270108784257074        2.2472422247962011E-012
   1.9332877868244882        2.3834294483931093E-012
   1.9395646952232690        2.2278403797390540E-012
   1.9458416036220498        2.3584202407020344E-012
   1.9521185120208304        2.1981866828501290E-012
   1.9583954204196112        2.3228596963384183E-012
   1.9646723288183920        2.1579182176957758E-012
   1.9709492372171729        2.2776509470390438E-012
   1.9772261456159537        2.1096194217153572E-012
   1.9835030540147345        2.2244944836886338E-012
   1.9897799624135153        2.0525003268493486E-012
   1.9960568708122961        2.1613144311674125E-012
   2.0023337792110771        1.9866137611244482E-012
   2.0086106876098579        2.0905956843674076E-012
   2.0148875960086388        1.9133775782927571E-012
   2.0211645044074196        2.0128014805047675E-012
   2.0274414128062004        1.8342389428469862E-012
   2.0337183212049812        1.9302390370162842E-012
   2.0399952296037620        1.7513311651185263E-012
   2.0462721380025428        1.8430929741307726E-012
   2.0525490464013236        1.6627528117896515E-012
   2.0588259548001044        1.7499272516767313E-012
   2.0651028631988853        1.5691172990512454E-012
   2.0713797715976656        1.6525217271879029E-012
   2.0776566799964464        1.4721372048187740E-012
   2.0839335883952272        1.5525844565302559E-012
   2.0902104967940081        1.3736905400772150E-012
   2.0964874051927889        1.4513500758754276E-012
   2.1027643135915697        1.2748909932284297E-012
   2.1090412219903505        1.3506981058568546E-012
   2.1153181303891313        1.1777220046595440E-012
   2.1215950387879121        1.2526091694827200E-012
   2.1278719471866929        1.0828264288135089E-012
   2.1341488555854737        1.1559935071080628E-012
   2.1404257639842545        9.9044458078618209E-013
   2.1467026723830354        1.0630106285066631E-012
   2.1529795807818162        9.0127714174081983E-013
   2.1592564891805970        9.7213910292870346E-013
   2.1655333975793778        8.1482943634703700E-013
   2.1718103059781586        8.8564942646580841E-013
   2.1780872143769394        7.3398010681861471E-013
   2.1843641227757202        8.0453050293923706E-013
   2.1906410311745010        6.5820166219793056E-013
   2.1969179395732819        7.2777670969868296E-013
   2.2031948479720627        5.8666087610642106E-013
   2.2094717563708435        6.5552014695279325E-013
   2.2157486647696243        5.1932860061589086E-013
   2.2220255731684051        5.8749126184195841E-013
   2.2283024815671859        4.5777427118085099E-013
   2.2345793899659667        5.2605460588091185E-013
   2.2408562983647475        4.0207190932931187E-013
   2.2471332067635283        4.6878454669943551E-013
   2.2534101151623092        3.5029576578349032E-013
   2.2596870235610900        4.1607030772039102E-013
   2.2659639319598708        3.0296831178152402E-013
   2.2722408403586516        3.6730527015049091E-013
   2.2785177487574324        2.6027102672797050E-013
   2.2847946571562132        3.2359855886091925E-013
   2.2910715655549940        2.2139926099182313E-013
   2.2973484739537748        2.8301068724834854E-013
   2.3036253823525557        1.8723931779967237E-013
   2.3099022907513365        2.4757374643986429E-013
   2.3161791991501173        1.5710220605816568E-013
   2.3224561075488981        2.1548306569283142E-013
   2.3287330159476789        1.3065756508287497E-013
   2.3350099243464597        1.8732688580605110E-013
   2.3412868327452405        1.0722191109544297E-013
   2.3475637411440213        1.6092337716592762E-013
   2.3538406495428021        8.5959932321586854E-014
   2.3601175579415830        1.3822483248878211E-013
   2.3663944663403638        6.9680931044346632E-014
   2.3726713747391446        1.2008122960528624E-013
   2.3789482831379254        5.6286235531922164E-014
   2.3852251915367062        1.0302384679549930E-013
   2.3915020999354870        4.3416986071439148E-014
   2.3977790083342678        8.7059017360943450E-014
   2.4040559167330486        3.2961482653183207E-014
   2.4103328251318294        7.4088108640106253E-014
   2.4166097335306103        2.5151925411694686E-014
   2.4228866419293911        6.3314008954434007E-014
   2.4291635503281719        1.9029435813088480E-014
   2.4354404587269527        5.3332285187292849E-014
   2.4417173671257335        1.3584918349971614E-014
   2.4479942755245143        4.4127536733166794E-014
   2.4542711839232951        9.1331860358799991E-015
   2.4605480923220759        3.6287296476608507E-014
   2.4668250007208568        5.9115917212488788E-015
   2.4731019091196376        2.9546866656340225E-014
   2.4793788175184184        4.1073204997987842E-015
   2.4856557259171992        2.4080508530751846E-014
   2.4919326343159800        3.7351365285454983E-015
   2.4982095427147608        1.9882166629298203E-014
   2.5044864511135416        3.3925079115635195E-015
   2.5107633595123224        1.5495929548292491E-014
   2.5170402679111032        4.1315245214818110E-015
   2.5233171763098841        1.1805398350588127E-014
   2.5295940847086644        4.7117783072264247E-015
   2.5358709931074452        7.9223224965898703E-015
   2.5421479015062260        4.9525933056834175E-015
   2.5484248099050069        3.7998779153086656E-015
   2.5547017183037877        5.2968626345876081E-015
   2.5609786267025685        1.0883445653680608E-016
   2.5672555351013493        6.9917619026366472E-015
   2.5735324435001301       -1.9962177647710792E-015
   2.5798093518989109        9.4696735400662596E-015
   2.5860862602976917       -4.0567451712100254E-015
   2.5923631686964725        1.2080593721979463E-014
   2.5986400770952534       -6.1545877634774410E-015
   2.6049169854940342        1.3854054780814997E-014
   2.6111938938928150       -9.6017855747947362E-015
   2.6174708022915958        1.5109205835779243E-014
   2.6237477106903766       -1.2146938487804638E-014
   2.6300246190891574        1.7915062995668586E-014
   2.6363015274879382       -1.3741873935759493E-014
   2.6425784358867190        2.1434094622829699E-014
   2.6488553442854998       -1.4794205339753682E-014
   2.6551322526842807        2.4166001616875129E-014
   2.6614091610830615       -1.7698197794088736E-014
   2.6676860694818423        2.5333948859428066E-014
   2.6739629778806231       -2.0995172856715884E-014
   2.6802398862794039        2.7512718832918267E-014
   2.6865167946781847       -2.3193462684415758E-014
   2.6927937030769655        3.0651140463646816E-014
   2.6990706114757463       -2.5204545132072110E-014
   2.7053475198745272        3.2477975802860500E-014
   2.7116244282733080       -2.8279960241045580E-014
   2.7179013366720888        3.4564202382107392E-014
   2.7241782450708696       -3.1323259158997098E-014
   2.7304551534696504        3.6615749223189596E-014
   2.7367320618684312       -3.4074818372360274E-014
   2.7430089702672120        3.8314618304635935E-014
   2.7492858786659928       -3.7786903555888360E-014
   2.7555627870647736        3.9463114760557836E-014
   2.7618396954635545       -4.1192458414879120E-014
   2.7681166038623353        4.1657228588797143E-014
   2.7743935122611161       -4.3763628351416301E-014
   2.7806704206598969        4.3902146420676612E-014
   2.7869473290586777       -4.6215749612846757E-014
   2.7932242374574585        4.6479722991403922E-014
   2.7995011458562393       -4.8908308109258307E-014
   2.8057780542550201        4.9052514940872513E-014
   2.8120549626538009       -5.1560364331599191E-014
   2.8183318710525818        5.1286602714199848E-014
   2.8246087794513626       -5.4621620081155924E-014
   2.8308856878501434        5.3534322925299301E-014
   2.8371625962489242       -5.7138578567552264E-014
   2.8434395046477050        5.6390636123767996E-014
   2.8497164130464858       -5.9194507798486372E-014
   2.8559933214452666        5.9197900249984078E-014
   2.8622702298440474       -6.1940936280249508E-014
   2.8685471382428283        6.1884620344711956E-014
   2.8748240466416091       -6.4451373983962986E-014
   2.8811009550403899        6.4739559097283432E-014
   2.8873778634391707       -6.7033005996308378E-014
   2.8936547718379515        6.7588328884808874E-014
   2.8999316802367323       -6.9251715026078437E-014
   2.9062085886355131        7.0526356754507291E-014
   2.9124854970342939       -7.2426688215096258E-014
   2.9187624054330747        7.2474552131878693E-014
   2.9250393138318556       -7.5642567524527416E-014
   2.9313162222306364        7.5241373327772377E-014
   2.9375931306294172       -7.7861146593646903E-014
   2.9438700390281980        7.7969297518341355E-014
   2.9501469474269788       -8.1243626526993422E-014
   2.9564238558257596        8.0348917536195793E-014
   2.9627007642245404       -8.4352923716262755E-014
   2.9689776726233212        8.3473831590281260E-014
   2.9752545810221021       -8.6866559986513206E-014
   2.9815314894208829        8.6379451009978205E-014
   2.9878083978196632       -8.9822103202060293E-014
   2.9940853062184440        8.9022400249147094E-014
   3.0003622146172249       -9.3370739339456677E-014
   3.0066391230160057        9.0900392065434133E-014
   3.0129160314147865       -9.6956039559685539E-014
   3.0191929398135673        9.3292538190551368E-014
   3.0254698482123481       -1.0030330361516275E-013
   3.0317467566111289        9.5719453000643722E-014
   3.0380236650099097       -1.0379798749361729E-013
   3.0443005734086905        9.8403109448319325E-014
   3.0505774818074713       -1.0742342002874299E-013
   3.0568543902062522        1.0051072000220862E-013
   3.0631312986050330       -1.1131223942352646E-013
   3.0694082070038138        1.0301826899967375E-013
   3.0756851154025946       -1.1401131270599724E-013
   3.0819620238013754        1.0703445729003881E-013
   3.0882389322001562       -1.1589484980946633E-013
   3.0945158405989370        1.1041241735247766E-013
   3.1007927489977178       -1.2006907918063926E-013
   3.1070696573964987        1.1273116153899660E-013
   3.1133465657952795       -1.2346451468079034E-013
   3.1196234741940603        1.1534368019584120E-013
   3.1259003825928411       -1.2735231378680705E-013
   3.1321772909916219        1.1708176777706046E-013
   3.1384541993904027       -1.3214261322679224E-013
   3.1447311077891835        1.1844001038124659E-013
   3.1510080161879643       -1.3697843206977415E-013
   3.1572849245867451        1.1989443408253030E-013
   3.1635618329855260       -1.4189047656541890E-013
   3.1698387413843068        1.2125285208361600E-013
   3.1761156497830876       -1.4639114908468588E-013
   3.1823925581818684        1.2381806868599778E-013
   3.1886694665806492       -1.5002098750025402E-013
   3.1949463749794300        1.2682355839189644E-013
   3.2012232833782108       -1.5346162901925582E-013
   3.2075001917769916        1.2987887938519382E-013
   3.2137771001757724       -1.5718295071949853E-013
   3.2200540085745533        1.3281546134653222E-013
   3.2263309169733341       -1.6019127409062869E-013
   3.2326078253721149        1.3743425787076184E-013
   3.2388847337708957       -1.6149671802668628E-013
   3.2451616421696765        1.4315078951060859E-013
   3.2514385505684573       -1.6280471868556046E-013
   3.2577154589672381        1.4791464774982375E-013
   3.2639923673660189       -1.6477580272028364E-013
   3.2702692757647998        1.5323936773816111E-013
   3.2765461841635806       -1.6555735544347411E-013
   3.2828230925623614        1.5971420729155866E-013
   3.2891000009611422       -1.6621755019012257E-013
   3.2953769093599230        1.6569077128438458E-013
   3.3016538177587038       -1.6739599030101044E-013
   3.3079307261574846        1.7197601830925628E-013
   3.3142076345562654       -1.6847586758011654E-013
   3.3204845429550462        1.7739449712950686E-013
   3.3267614513538271       -1.7009483447624258E-013
   3.3330383597526079        1.8304372460148446E-013
   3.3393152681513887       -1.7128022741941543E-013
   3.3455921765501695        1.8927226362629461E-013
   3.3518690849489503       -1.7293544702103592E-013
   3.3581459933477311        1.9418874196272309E-013
   3.3644229017465119       -1.7555279857342807E-013
   3.3706998101452927        1.9889236074380178E-013
   3.3769767185440736       -1.7875610964153534E-013
   3.3832536269428544        2.0271351935647471E-013
   3.3895305353416352       -1.8276282352528634E-013
   3.3958074437404160        2.0575672112353181E-013
   3.4020843521391968       -1.8750973523623822E-013
   3.4083612605379776        2.0874754423543737E-013
   3.4146381689367584       -1.9246199444967879E-013
   3.4209150773355392        2.1131673199579852E-013
   3.4271919857343200       -1.9824115398762612E-013
   3.4334688941331009        2.1272931517091455E-013
   3.4397458025318817       -2.0486178839816044E-013
   3.4460227109306620        2.1435060817647612E-013
   3.4522996193294428       -2.1064727817797435E-013
   3.4585765277282237        2.1690029968107440E-013
   3.4648534361270045       -2.1544917416781852E-013
   3.4711303445257853        2.2029145273726878E-013
   3.4774072529245661       -2.2072500769825204E-013
   3.4836841613233469        2.2246357956483972E-013
   3.4899610697221277       -2.2654572066343863E-013
   3.4962379781209085        2.2534598155135582E-013
   3.5025148865196893       -2.3114127465269652E-013
   3.5087917949184702        2.2920629062356472E-013
   3.5150687033172510       -2.3553127717739487E-013
   3.5213456117160318        2.3317525401378861E-013
   3.5276225201148126       -2.3972779700672596E-013
   3.5338994285135934        2.3774485198454778E-013
   3.5401763369123742       -2.4403557812076313E-013
   3.5464532453111550        2.4162848231946394E-013
   3.5527301537099358       -2.4893898219240466E-013
   3.5590070621087166        2.4556297501634420E-013
   3.5652839705074975       -2.5289770134221176E-013
   3.5715608789062783        2.5036369940882988E-013
   3.5778377873050591       -2.5758575070720538E-013
   3.5841146957038399        2.5419084723431499E-013
   3.5903916041026207       -2.6222952645382275E-013
   3.5966685125014015        2.5905740908538958E-013
   3.6029454209001823       -2.6596185742888613E-013
   3.6092223292989631        2.6497221957428114E-013
   3.6154992376977440       -2.6940085577090726E-013
   3.6217761460965248        2.7004631100961273E-013
   3.6280530544953056       -2.7409444687684009E-013
   3.6343299628940864        2.7410068539696782E-013
   3.6406068712928672       -2.7894614351328713E-013
   3.6468837796916480        2.7936250066903560E-013
   3.6531606880904288       -2.8297143215500725E-013
   3.6594375964892096        2.8514370410385087E-013
   3.6657145048879904       -2.8681498354262267E-013
   3.6719914132867713        2.9042056604765144E-013
   3.6782683216855521       -2.9207576592820207E-013
   3.6845452300843329        2.9414627786759667E-013
   3.6908221384831137       -2.9830985152683494E-013
   3.6970990468818945        2.9839208148180979E-013
   3.7033759552806753       -3.0346278982106112E-013
   3.7096528636794561        3.0334384718989823E-013
   3.7159297720782369       -3.0851556524725487E-013
   3.7222066804770177        3.0870929677371632E-013
   3.7284835888757986       -3.1316424826999404E-013
   3.7347604972745794        3.1406604167408729E-013
   3.7410374056733602       -3.1854371278488910E-013
   3.7473143140721410        3.1869725905719400E-013
   3.7535912224709218       -3.2415234642158035E-013
   3.7598681308697026        3.2406201298183825E-013
   3.7661450392684834       -3.2918338041208002E-013
   3.7724219476672642        3.3005056459365978E-013
   3.7786988560660451       -3.3366932893303898E-013
   3.7849757644648259        3.3629853669524167E-013
   3.7912526728636067       -3.3921226895417101E-013
   3.7975295812623875        3.4125501244681886E-013
   3.8038064896611683       -3.4485767995099603E-013
   3.8100833980599491        3.4713730135866271E-013
   3.8163603064587299       -3.5067783893344406E-013
   3.8226372148575107        3.5290461844167750E-013
   3.8289141232562915       -3.5617354673414980E-013
   3.8351910316550724        3.5911696108178496E-013
   3.8414679400538532       -3.6215939036242417E-013
   3.8477448484526340        3.6455027088102350E-013
   3.8540217568514148       -3.6855940397212282E-013
   3.8602986652501956        3.7002393348872386E-013
   3.8665755736489764       -3.7500631365226838E-013
   3.8728524820477572        3.7606492312921258E-013
   3.8791293904465380       -3.8067291770088512E-013
   3.8854062988453189        3.8347075408684668E-013
   3.8916832072440997       -3.8574452463038599E-013
   3.8979601156428805        3.9049528673792387E-013
   3.9042370240416608       -3.9242450055911192E-013
   3.9105139324404417        3.9535136429735155E-013
   3.9167908408392225       -4.0075125223815449E-013
   3.9230677492380033        4.0051931922150154E-013
   3.9293446576367841       -4.0738935476437274E-013
   3.9356215660355649        4.0836199494566386E-013
   3.9418984744343457       -4.1249176591594392E-013
   3.9481753828331265        4.1589522180298848E-013
   3.9544522912319073       -4.1902992159773393E-013
   3.9607291996306881        4.2241622788822659E-013
   3.9670061080294690       -4.2640084580955120E-013
   3.9732830164282498        4.2883679678292273E-013
   3.9795599248270306       -4.3378826954727587E-013
   3.9858368332258114        4.3610736847964012E-013
   3.9921137416245922       -4.4036940674474840E-013
   3.9983906500233730        4.4420132682057199E-013
   4.0046675584221543       -4.4695469866527150E-013
   4.0109444668209351        4.5209741946454787E-013
   4.0172213752197159       -4.5425015924890166E-013
   4.0234982836184967        4.5934485776830003E-013
   4.0297751920172775       -4.6246953257654403E-013
   4.0360521004160583        4.6654127501953485E-013
   4.0423290088148391       -4.7024545149679285E-013
   4.0486059172136200        4.7417784154636346E-013
   4.0548828256124008       -4.7881955387919860E-013
   4.0611597340111816        4.8173176279341608E-013
   4.0674366424099624       -4.8656338313476367E-013
   4.0737135508087432        4.9018349296062416E-013
   4.0799904592075240       -4.9426611220826258E-013
   4.0862673676063048        4.9842919102342061E-013
   4.0925442760050856       -5.0347321250997505E-013
   4.0988211844038664        5.0585324785044463E-013
   4.1050980928026473       -5.1207296004473847E-013
   4.1113750012014281        5.1435410736614904E-013
   4.1176519096002089       -5.2088643950532721E-013
   4.1239288179989897        5.2277986730837439E-013
   4.1302057263977705       -5.2898138997952450E-013
   4.1364826347965504        5.3234752378782965E-013
   4.1427595431953312       -5.3817987547831998E-013
   4.1490364515941121        5.4045690181146438E-013
   4.1553133599928929       -5.4822476025450310E-013
   4.1615902683916737        5.4889767220826077E-013
   4.1678671767904545       -5.5829366775633165E-013
   4.1741440851892353        5.5733688889516374E-013
   4.1804209935880161       -5.6857104135395884E-013
   4.1866979019867969        5.6605343028565640E-013
   4.1929748103855777       -5.7929353029622084E-013
   4.1992517187843585        5.7429912439902682E-013
   4.2055286271831394       -5.9062816487966466E-013
   4.2118055355819202        5.8264460540844991E-013
   4.2180824439807010       -6.0267503622925275E-013
   4.2243593523794818        5.9002492176785190E-013
   4.2306362607782626       -6.1595297944849657E-013
   4.2369131691770434        5.9670728298608685E-013
   4.2431900775758242       -6.3120042047065858E-013
   4.2494669859746050        6.0153107728936914E-013
   4.2557438943733858       -6.4828789148340855E-013
   4.2620208027721667        6.0452278943615832E-013
   4.2682977111709475       -6.6835216609815560E-013
   4.2745746195697283        6.0455708486083071E-013
   4.2808515279685091       -6.9180273157868636E-013
   4.2871284363672899        6.0216877406539329E-013
   4.2934053447660707       -7.1842089913613819E-013
   4.2996822531648515        5.9595681054632328E-013
   4.3059591615636323       -7.5067009955270201E-013
   4.3122360699624132        5.8283405936445453E-013
   4.3185129783611940       -7.9112737402836255E-013
   4.3247898867599748        5.6257195831880447E-013
   4.3310667951587556       -8.3894712952670070E-013
   4.3373437035575364        5.3398275623130260E-013
   4.3436206119563172       -8.9810992343871452E-013
   4.3498975203550980        4.9323538653587535E-013
   4.3561744287538788       -9.7069476664286937E-013
   4.3624513371526596        4.3858257731559969E-013
   4.3687282455514405       -1.0596611288310753E-012
   4.3750051539502213        3.6505824176111864E-013
   4.3812820623490021       -1.1695741357545916E-012
   4.3875589707477829        2.7074694817567349E-013
   4.3938358791465637       -1.3018556684746557E-012
   4.4001127875453445        1.5383143720054424E-013
   4.4063896959441253       -1.4586095080898992E-012
   4.4126666043429061        1.1661789586439781E-014
   4.4189435127416870       -1.6426063985013413E-012
   4.4252204211404678       -1.5916632409516295E-013
   4.4314973295392486       -1.8575636413034048E-012
   4.4377742379380294       -3.6151205182017278E-013
   4.4440511463368102       -2.1049810166052097E-012
   4.4503280547355910       -5.9439594983462714E-013
   4.4566049631343718       -2.3826702944581481E-012
   4.4628818715331526       -8.5599640947951418E-013
   4.4691587799319334       -2.6876954116298380E-012
   4.4754356883307143       -1.1414950233039472E-012
   4.4817125967294951       -3.0142999556801262E-012
   4.4879895051282759       -1.4451062979564642E-012
   4.4942664135270567       -3.3572820378286653E-012
   4.5005433219258375       -1.7592878443081406E-012
   4.5068202303246183       -3.7036752955440971E-012
   4.5130971387233991       -2.0700438042525219E-012
   4.5193740471221799       -4.0455315970646290E-012
   4.5256509555209607       -2.3767650454887574E-012
   4.5319278639197416       -4.3858425128962745E-012
   4.5382047723185224       -2.6821442825558197E-012
   4.5444816807173032       -4.7265072865047998E-012
   4.5507585891160840       -2.9888920402263160E-012
   4.5570354975148648       -5.0716089966816437E-012
   4.5633124059136456       -3.3017524343114493E-012
   4.5695893143124264       -5.4265671308455787E-012
   4.5758662227112072       -3.6259948629901025E-012
   4.5821431311099881       -5.7956495139551036E-012
   4.5884200395087689       -3.9646262583898919E-012
   4.5946969479075497       -6.1824077864837352E-012
   4.6009738563063305       -4.3238127064430858E-012
   4.6072507647051113       -6.5955526848325425E-012
   4.6135276731038921       -4.7125164582461597E-012
   4.6198045815026729       -7.0424304933941483E-012
   4.6260814899014537       -5.1371608644018619E-012
   4.6323583983002345       -7.5301431738845048E-012
   4.6386353066990154       -5.6060252741550764E-012
   4.6449122150977962       -8.0681007100505239E-012
   4.6511891234965770       -6.1288557073908371E-012
   4.6574660318953578       -8.6662941937142955E-012
   4.6637429402941386       -6.7163649552605261E-012
   4.6700198486929194       -9.3370863859077731E-012
   4.6762967570917002       -7.3833434825963420E-012
   4.6825736654904810       -1.0096127969127511E-011
   4.6888505738892619       -8.1449161463163868E-012
   4.6951274822880427       -1.0960445631277165E-011
   4.7014043906868235       -9.0214613208924886E-012
   4.7076812990856043       -1.1953521547904238E-011
   4.7139582074843851       -1.0038449939013636E-011
   4.7202351158831659       -1.3103890577271880E-011
   4.7265120242819467       -1.1229151455401301E-011
   4.7327889326807275       -1.4447749825117445E-011
   4.7390658410795083       -1.2631412514155652E-011
   4.7453427494782892       -1.6026007860920832E-011
   4.7516196578770700       -1.4288666545352596E-011
   4.7578965662758508       -1.7885878779361157E-011
   4.7641734746746316       -1.6254873945001745E-011
   4.7704503830734124       -2.0087790463626309E-011
   4.7767272914721932       -1.8595914712105058E-011
   4.7830041998709740       -2.2705240240485767E-011
   4.7892811082697548       -2.1392909098122700E-011
   4.7955580166685357       -2.5826582366347948E-011
   4.8018349250673165       -2.4745348740022170E-011
   4.8081118334660973       -2.9563610281113223E-011
   4.8143887418648781       -2.8772959391617258E-011
   4.8206656502636589       -3.4046354584213843E-011
   4.8269425586624397       -3.3622720026130451E-011
   4.8332194670612205       -3.9442694301813099E-011
   4.8394963754600013       -3.9483289832208133E-011
   4.8457732838587821       -4.5961785228159262E-011
   4.8520501922575630       -4.6586786282538243E-011
   4.8583271006563438       -5.3862696327959452E-011
   4.8646040090551246       -5.5227387664992845E-011
   4.8708809174539054       -6.3487717822886950E-011
   4.8771578258526862       -6.5801812624756108E-011
   4.8834347342514670       -7.5289354345518196E-011
   4.8897116426502478       -7.8821583551951549E-011
   4.8959885510490286       -8.9844631757015083E-011
   4.9022654594478094       -9.4937617491429293E-011
   4.9085423678465903       -1.0788913447610113E-010
   4.9148192762453711       -1.1498219257862419E-010
   4.9210961846441519       -1.3036783882814996E-010
   4.9273730930429327       -1.4002766579263504E-010
   4.9336500014417135       -1.5849648960177142E-010
   4.9399269098404943       -1.7145700184728075E-010
   4.9462038182392751       -1.9385346541157207E-010
   4.9524807266380559       -2.1107086294798928E-010
   4.9587576350368368       -2.3849210708940228E-010
   4.9650345434356176       -2.6121003143858067E-010
   4.9713114518343984       -2.9508462864599036E-010
   4.9775883602331792       -3.2493146045824201E-010
   4.9838652686319600       -3.6713349439721990E-010
   4.9901421770307408       -4.0624801759897271E-010
   4.9964190854295216       -4.5923582931160747E-010
   5.0026959938283024       -5.1043198570229021E-010
   5.0089729022270832       -5.7745077201238787E-010
   5.0152498106258641       -6.4445180338158852E-010
   5.0215267190246449       -7.2979566326305888E-010
   5.0278036274234257       -8.1753648614072684E-010
   5.0340805358222065       -9.2687513294335205E-010
   5.0403574442209873       -1.0418021466143886E-009
   5.0466343526197681       -1.1824916051164761E-009
   5.0529112610185480       -1.3330368595795729E-009
   5.0591881694173289       -1.5147953689438887E-009
   5.0654650778161097       -1.7121427300699237E-009
   5.0717419862148905       -1.9478831774083660E-009
   5.0780188946136713       -2.2069239711347782E-009
   5.0842958030124521       -2.5138552137260651E-009
   5.0905727114112329       -2.8544595580656586E-009
   5.0968496198100137       -3.2555584820290816E-009
   5.1031265282087945       -3.7042827036243088E-009
   5.1094034366075753       -4.2302982054872858E-009
   5.1156803450063562       -4.8227425527865459E-009
   5.1219572534051370       -5.5149490335863291E-009
   5.1282341618039178       -6.2989530281328028E-009
   5.1345110702026986       -7.2128700751361293E-009
   5.1407879786014794       -8.2528765997339306E-009
   5.1470648870002602       -9.4633851111988050E-009
   5.1533417953990410       -1.0846418079740958E-008
   5.1596187037978218       -1.2454759169687858E-008
   5.1658956121966026       -1.4298629489597015E-008
   5.1721725205953835       -1.6442024639437199E-008
   5.1784494289941643       -1.8906617959461085E-008
   5.1847263373929451       -2.1771520620121758E-008
   5.1910032457917259       -2.5074357845691788E-008
   5.1972801541905067       -2.8914741347602166E-008
   5.2035570625892875       -3.3352487548473612E-008
   5.2098339709880683       -3.8515150363670081E-008
   5.2161108793868491       -4.4493394588893880E-008
   5.2223877877856300       -5.1453031980992827E-008
   5.2286646961844108       -5.9527624837806371E-008
   5.2349416045831916       -6.8935576022778900E-008
   5.2412185129819724       -7.9870146798195198E-008
   5.2474954213807532       -9.2622298293149463E-008
   5.2537723297795340       -1.0746844461757105E-007
   5.2600492381783148       -1.2479998874009090E-007
   5.2663261465770956       -1.4500933282511990E-007
   5.2726030549758764       -1.6862734365730288E-007
   5.2788799633746573       -1.9620846225902266E-007
   5.2851568717734381       -2.2847776754201071E-007
   5.2914337801722189       -2.6621645551702564E-007
   5.2977106885709997       -3.1042079728475742E-007
   5.3039875969697805       -3.6218990070048582E-007
   5.3102645053685613       -4.2289971522762357E-007
   5.3165414137673421       -4.9409590511348519E-007
   5.3228183221661229       -5.7768732865252525E-007
   5.3290952305649038       -6.7584815224014064E-007
   5.3353721389636846       -7.9123706099259112E-007
   5.3416490473624654       -9.2691457026784377E-007
   5.3479259557612462       -1.0865970028700702E-006
   5.3542028641600270       -1.2745972818907238E-006
   5.3604797725588078       -1.4961274218445361E-006
   5.3667566809575886       -1.7572724676417309E-006
   5.3730335893563694       -2.0653697484188461E-006
   5.3793104977551502       -2.4289526209479464E-006
   5.3855874061539311       -2.8576975989276440E-006
   5.3918643145527119       -3.3626792779751426E-006
   5.3981412229514927       -3.9569806559115059E-006
   5.4044181313502735       -4.6558055720375810E-006
   5.4106950397490543       -5.4770557058489339E-006
   5.4169719481478351       -6.4415398905821240E-006
   5.4232488565466159       -7.5736898574095082E-006
   5.4295257649453967       -8.9019068671013940E-006
   5.4358026733441775       -1.0459462542567074E-005
   5.4420795817429584       -1.2285030342586039E-005
   5.4483564901417392       -1.4423831725585266E-005
   5.4546333985405200       -1.6928416517119051E-005
   5.4609103069393008       -1.9860133828215799E-005
   5.4671872153380816       -2.3290246492223075E-005
   5.4734641237368624       -2.7301831767041841E-005
   5.4797410321356432       -3.1991342334770001E-005
   5.4860179405344240       -3.7471075857909642E-005
   5.4922948489332049       -4.3871330202825966E-005
   5.4985717573319857       -5.1343626362292009E-005
   5.5048486657307665       -6.0063649976405059E-005
   5.5111255741295473       -7.0235474061864709E-005
   5.5174024825283281       -8.2095532096970806E-005
   5.5236793909271089       -9.5918176591060756E-005
   5.5299562993258897       -1.1202097968970738E-004
   5.5362332077246705       -1.3077212226214672E-004
   5.5425101161234513       -1.5259727216288295E-004
   5.5487870245222322       -1.7798981961709000E-004
   5.5550639329210130       -2.0751412474045441E-004
   5.5613408413197938       -2.4179147985982076E-004
   5.5676177497185746       -2.8152708322068409E-004
   5.5738946581173554       -3.2752604972800440E-004
   5.5801715665161362       -3.8070417879127914E-004
   5.5864484749149170       -4.4210261263054714E-004
   5.5927253833136978       -5.1290203458171063E-004
   5.5990022917124787       -5.9444015352846772E-004
   5.6052792001112595       -6.8822920186983731E-004
   5.6115561085100403       -7.9597691803281708E-004
   5.6178330169088211       -9.1960768956713833E-004
   5.6241099253076019       -1.0612875718806684E-003
   5.6303868337063827       -1.2234494623323507E-003
   5.6366637421051635       -1.4088226537725488E-003
   5.6429406505039443       -1.6204623771643696E-003
   5.6492175589027251       -1.8617843391717974E-003
   5.6554944673015060       -2.1365988490475835E-003
   5.6617713757002868       -2.4491507126123669E-003
   5.6680482840990676       -2.8041579398873223E-003
   5.6743251924978484       -3.2068572694148177E-003
   5.6806021008966292       -3.6630470811076917E-003
   5.6868790092954100       -4.1791387536918769E-003
   5.6931559176941908       -4.7622027505619035E-003
   5.6994328260929716       -5.4200261526489973E-003
   5.7057097344917524       -6.1611595670344865E-003
   5.7119866428905333       -6.9949820780507181E-003
   5.7182635512893141       -7.9317448183112826E-003
   5.7245404596880949       -8.9826049699375174E-003
   5.7308173680868757       -1.0158937685985440E-002
   5.7370942764856565       -1.1471118316617020E-002
   5.7433711848844373       -1.2929578829452646E-002
   5.7496480932832181       -1.4544943496942709E-002
   5.7559250016819989       -1.6327827852135098E-002
   5.7622019100807798       -1.8288688249011861E-002
   5.7684788184795606       -2.0437605333741598E-002
   5.7747557268783414       -2.2784061667536895E-002
   5.7810326352771222       -2.5336672915713919E-002
   5.7873095436759030       -2.8102900450863388E-002
   5.7935864520746838       -3.1088724282614652E-002
   5.7998633604734646       -3.4298294784083652E-002
   5.8061402688722454       -3.7733551083449147E-002
   5.8124171772710262       -4.1393821957798643E-002
   5.8186940856698071       -4.5275402817270501E-002
   5.8249709940685879       -4.9371124979230928E-002
   5.8312479024673687       -5.3669915326440935E-002
   5.8375248108661495       -5.8156364529668499E-002
   5.8438017192649303       -6.2810305885303439E-002
   5.8500786276637111       -6.7606425680432403E-002
   5.8563555360624919       -7.2513910866742762E-002
   5.8626324444612727       -7.7496157226877888E-002
   5.8689093528600536       -8.2510548393698008E-002
   5.8751862612588344       -8.7508326953843293E-002
   5.8814631696576152       -9.2434580835847976E-002
   5.8877400780563960       -9.7228336457583026E-002
   5.8940169864551768      -0.10182288796866479     
   5.9002938948539576      -0.10614554171563319     
   5.9065708032527384      -0.11011274941198493     
   5.9128477116515192      -0.11362894239951116     
   5.9191246200503000      -0.11659383825010228     
   5.9254015284490809      -0.11890508098652043     
   5.9316784368478617      -0.12045996861495903     
   5.9379553452466425      -0.12115773548009034     
   5.9442322536454233      -0.12090202298266949     
   5.9505091620442041      -0.11960367342834660     
   5.9567860704429849      -0.11718371182628634     
   5.9630629788417657      -0.11357651468923133     
   5.9693398872405457      -0.10873305711156694     
   5.9756167956393265      -0.10262417173223895     
   5.9818937040381073       -9.5243704724646494E-002
   5.9881706124368881       -8.6611455908209276E-002
   5.9944475208356689       -7.6775779059917351E-002
   6.0007244292344497       -6.5815695486490189E-002
   6.0070013376332305       -5.3842399285064943E-002
   6.0132782460320113       -4.0999987065701196E-002
   6.0195551544307921       -2.7465316687271701E-002
   6.0258320628295730       -1.3446821967633972E-002
   6.0321089712283538        8.1774780916193403E-004
   6.0383858796271346        1.5064835360319684E-002
   6.0446627880259154        2.9009734123729803E-002
   6.0509396964246962        4.2352598254281983E-002
   6.0572166048234770        5.4785441814953990E-002
   6.0634935132222578        6.6000571848285797E-002
   6.0697704216210386        7.5699136740413592E-002
   6.0760473300198194        8.3604503903138228E-002
   6.0823242384186003        8.9493490336755077E-002
   6.0886011468173811        9.3202717165806442E-002
   6.0948780552161619        9.4621245241979735E-002
   6.1011549636149427        9.3693160367217421E-002
   6.1074318720137235        9.0420666386913678E-002
   6.1137087804125043        8.4865560143277535E-002
   6.1199856888112851        7.7149235066150637E-002
   6.1262625972100659        6.7451084591571453E-002
   6.1325395056088468        5.6005299327834879E-002
   6.1388164140076276        4.3096067231791164E-002
   6.1450933224064084        2.9051253788353798E-002
   6.1513702308051892        1.4234657235340628E-002
   6.1576471392039700       -9.6297725275528432E-004
   6.1639240476027508       -1.6134015366173735E-002
   6.1702009560015316       -3.0864775393247508E-002
   6.1764778644003124       -4.4746930251139364E-002
   6.1827547727990932       -5.7389091651232106E-002
   6.1890316811978741       -6.8428332226526958E-002
   6.1953085895966549       -7.7541196940608653E-002
   6.2015854979954357       -8.4453990883916252E-002
   6.2078624063942165       -8.8951839973418087E-002
   6.2141393147929973       -9.0886420242699870E-002
   6.2204162231917781       -9.0181785836971576E-002
   6.2266931315905589       -8.6838434579926252E-002
   6.2329700399893397       -8.0934854723364882E-002
   6.2392469483881206       -7.2627301887585122E-002
   6.2455238567869014       -6.2146084909494241E-002
   6.2518007651856822       -4.9793724060170311E-002
   6.2580776735844630       -3.5950593693483426E-002
   6.2643545819832438       -2.1042358884402115E-002
   6.2706314903820246       -5.5170585949939170E-003
   6.2769083987808054        1.0168843331286030E-002
   6.2831853071795862        2.5564385789413224E-002
