   6.2769083987808056E-003  -3.7758477778335284E-002
   1.2553816797561611E-002  -2.4582159805272383E-002
   1.8830725196342418E-002  -5.9699065729844200E-003
   2.5107633595123222E-002   1.3961468044682951E-002
   3.1384541993904030E-002   3.0815731199322779E-002
   3.7661450392684835E-002   4.0886326561001551E-002
   4.3938358791465640E-002   4.1968454750790571E-002
   5.0215267190246445E-002   3.3836821567903769E-002
   5.6492175589027249E-002   1.8286730006870342E-002
   6.2769083987808061E-002  -1.2674843789040053E-003
   6.9045992386588859E-002  -2.0545693450862622E-002
   7.5322900785369670E-002  -3.5340012628410085E-002
   8.1599809184150468E-002  -4.2431765093341275E-002
   8.7876717582931280E-002  -4.0287941403980523E-002
   9.4153625981712077E-002  -2.9387263872362509E-002
  0.10043053438049289       -1.2107744396526269E-002
  0.10670744277927370        7.7968183699006349E-003
  0.11298435117805450        2.6015116663645019E-002
  0.11926125957683531        3.8612467080801044E-002
  0.12553816797561612        4.2878301270543637E-002
  0.13181507637439691        3.7905051526282631E-002
  0.13809198477317772        2.4775673913192839E-002
  0.14436889317195853        6.3225421482380239E-003
  0.15064580157073934       -1.3487876918086660E-002
  0.15692270996952015       -3.0411767409445793E-002
  0.16319961836830094       -4.0836839783019267E-002
  0.16947652676708175       -4.2549775464754726E-002
  0.17575343516586256       -3.5200456677141327E-002
  0.18203034356464337       -2.0366731736825971E-002
  0.18830725196342415       -1.2095099843734726E-003
  0.19458416036220497        1.8205216785084213E-002
  0.20086106876098578        3.3771062700984622E-002
  0.20713797715976659        4.2208449984095356E-002
  0.21341488555854740        4.1751469625861286E-002
  0.21969179395732819        3.2511466872904030E-002
  0.22596870235610900        1.6443793101748764E-002
  0.23224561075488981       -3.0718024355455872E-003
  0.23852251915367062       -2.1945931901808966E-002
  0.24479942755245140       -3.6237528396525429E-002
  0.25107633595123224       -4.2974821421906506E-002
  0.25735324435001306       -4.0768730621696163E-002
  0.26363015274879381       -3.0093060582799449E-002
  0.26990706114757462       -1.3176322869054839E-002
  0.27618396954635543        6.4689508428507538E-003
  0.28246087794513625        2.4778898079356994E-002
  0.28873778634391706        3.7979508325160595E-002
  0.29501469474269787        4.3362103216187969E-002
  0.30129160314147868        3.9834291989486757E-002
  0.30756851154025949        2.8135359172338378E-002
  0.31384541993904030        1.0675050841567797E-002
  0.32012232833782106       -8.9679887584897412E-003
  0.32639923673660187       -2.6784348967174198E-002
  0.33267614513538268       -3.9154377374596032E-002
  0.33895305353416350       -4.3580361658263275E-002
  0.34522996193294431       -3.9184393503234535E-002
  0.35150687033172512       -2.6874410748528425E-002
  0.35778377873050593       -9.1487332737426839E-003
  0.36406068712928674        1.0417336004002103E-002
  0.37033759552806755        2.7896135861163435E-002
  0.37661450392684831        3.9795964248984621E-002
  0.38289141232562912        4.3754937841157561E-002
  0.38916832072440993        3.9003284967363883E-002
  0.39544522912319074        2.6504947757769431E-002
  0.40172213752197156        8.7542230694260224E-003
  0.40799904592075237       -1.0728239386967200E-002
  0.41427595431953318       -2.8097063986799790E-002
  0.42055286271831399       -3.9940959222379002E-002
  0.42682977111709480       -4.3949042726884185E-002
  0.43310667951587556       -3.9355303312379422E-002
  0.43938358791465637       -2.7077020828530647E-002
  0.44566049631343718       -9.5238822656779892E-003
  0.45193740471221799        9.8811412768861715E-003
  0.45821431311099881        2.7372698791952685E-002
  0.46449122150977962        3.9573686030854219E-002
  0.47076812990856043        4.4143775019452575E-002
  0.47704503830734124        4.0222174409570481E-002
  0.48332194670612205        2.8581804685596273E-002
  0.48959885510490281        1.1469884742854661E-002
  0.49587576350368362       -7.8316583643451062E-003
  0.50215267190246449       -2.5652224854308275E-002
  0.50842958030124530       -3.8641360311280869E-002
  0.51470648870002611       -4.4392812036200095E-002
  0.52098339709880681       -4.1876736379177847E-002
  0.52726030549758762       -3.1606608581737736E-002
  0.53353721389636843       -1.5517511884321985E-002
  0.53981412229514925        3.4133767360392613E-003
  0.54609103069393006        2.1727283563027073E-002
  0.55236793909271087        3.6118266564593472E-002
  0.55864484749149168        4.4024972320843916E-002
  0.56492175589027249        4.4074918811270784E-002
  0.57119866428905330        3.6306602115645945E-002
  0.57747557268783412        2.2136813966623575E-002
  0.58375248108661493        4.0866929124787205E-003
  0.59002938948539574       -1.4678219568245495E-002
  0.59630629788417655       -3.0908249480883845E-002
  0.60258320628295736       -4.1830375883146906E-002
  0.60886011468173817       -4.5613286126403273E-002
  0.61513702308051899       -4.1660487831830302E-002
  0.62141393147929980       -3.0687233453648273E-002
  0.62769083987808061       -1.4575267130794937E-002
  0.63396774827686131        3.9632906649690949E-003
  0.64024465667564212        2.1850834195294981E-002
  0.64652156507442293        3.6157253892999328E-002
  0.65279847347320374        4.4575103010371972E-002
  0.65907538187198456        4.5781442364559756E-002
  0.66535229027076537        3.9629507571375878E-002
  0.67162919866954618        2.7141650918195235E-002
  0.67790610706832699        1.0332578733420108E-002
  0.68418301546710780       -8.1158976489644399E-003
  0.69045992386588861       -2.5286021809446710E-002
  0.69673683226466943       -3.8485875641192442E-002
  0.70301374066345024       -4.5667807920118257E-002
  0.70929064906223105       -4.5739181743771687E-002
  0.71556755746101186       -3.8719484148858292E-002
  0.72184446585979267       -2.5722776092821809E-002
  0.72812137425857348       -8.7720193843731156E-003
  0.73439828265735430        9.5226096618935222E-003
  0.74067519105613511        2.6369287876322933E-002
  0.74695209945491581        3.9220533547466255E-002
  0.75322900785369662        4.6154675461590688E-002
  0.75950591625247743        4.6156362044979034E-002
  0.76578282465125824        3.9256275512245135E-002
  0.77205973305003905        2.6512385768974668E-002
  0.77833664144881987        9.8390710336006583E-003
  0.78461354984760068       -8.2871460417478972E-003
  0.79089045824638149       -2.5199156657892935E-002
  0.79716736664516230       -3.8431870347873334E-002
  0.80344427504394311       -4.6078173729278998E-002
  0.80972118344272392       -4.7057358782321805E-002
  0.81599809184150474       -4.1259359253936680E-002
  0.82227500024028555       -2.9546808094897688E-002
  0.82855190863906636       -1.3618222401613951E-002
  0.83482881703784717        4.2456256538513587E-003
  0.84110572543662798        2.1509256546447510E-002
  0.84738263383540879        3.5715916155010449E-002
  0.85365954223418961        4.4811199916739916E-002
  0.85993645063297042        4.7446433775452768E-002
  0.86621335903175112        4.3191674341289454E-002
  0.87249026743053193        3.2619236148487649E-002
  0.87876717582931274        1.7241622866021968E-002
  0.88504408422809355       -6.9270973835842476E-004
  0.89132099262687436       -1.8520105062797158E-002
  0.89759790102565518       -3.3554694272103419E-002
  0.90387480942443599       -4.3496209125803674E-002
  0.91015171782321680       -4.6790415135574741E-002
  0.91642862622199761       -4.2884659704200370E-002
  0.92270553462077842       -3.2334866539749048E-002
  0.92898244301955923       -1.6741966027228994E-002
  0.93525935141834005        1.4783033703436707E-003
  0.94153625981712086        1.9461310578441953E-002
  0.94781316821590167        3.4341393630150839E-002
  0.95409007661468248        4.3712096052816840E-002
  0.96036698501346329        4.6024675850161380E-002
  0.96664389341224410        4.0857413405888832E-002
  0.97292080181102492        2.9007347781381778E-002
  0.97919771020980562        1.2382907914021524E-002
  0.98547461860858643       -6.2908178555145773E-003
  0.99175152700736724       -2.3911625582316898E-002
  0.99802843540614805       -3.7514179464323755E-002
   1.0043053438049290       -4.4775073055487939E-002
   1.0105822522037098       -4.4419630664315958E-002
   1.0168591606024906       -3.6465769189888898E-002
   1.0231360690012714       -2.2263022448876724E-002
   1.0294129774000522       -4.2416951733734295E-003
   1.0356898857988328        1.4507590294064881E-002
   1.0419667941976136        3.0761876186032443E-002
   1.0482437025963944        4.1720798629417757E-002
   1.0545206109951752        4.5490203029230264E-002
   1.0607975193939561        4.1412137539945659E-002
   1.0670744277927369        3.0182403365972211E-002
   1.0733513361915177        1.3734838553911773E-002
   1.0796282445902985       -5.0894219179875690E-003
   1.0859051529890793       -2.3031196285680025E-002
   1.0921820613878601       -3.6977314795117650E-002
   1.0984589697866409       -4.4501687633056973E-002
   1.1047358781854217       -4.4289382893027467E-002
   1.1110127865842025       -3.6369086515645375E-002
   1.1172896949829834       -2.2112529757280390E-002
   1.1235666033817642       -3.9995847400082262E-003
   1.1298435117805450        1.4811127276308969E-002
   1.1361204201793258        3.1032198797003228E-002
   1.1423973285781066        4.1822299114015700E-002
   1.1486742369768874        4.5285416243881722E-002
   1.1549511453756682        4.0806446526058880E-002
   1.1612280537744490        2.9163354345783113E-002
   1.1675049621732299        1.2394946216237183E-002
   1.1737818705720107       -6.5537926708972528E-003
   1.1800587789707915       -2.4347506861766236E-002
   1.1863356873695723       -3.7847365281151346E-002
   1.1926125957683531       -4.4665023263772058E-002
   1.1988895041671339       -4.3585529685911444E-002
   1.2051664125659147       -3.4788469931453389E-002
   1.2114433209646955       -1.9822627201739520E-002
   1.2177202293634763       -1.3369629048452271E-003
   1.2239971377622572        1.7385646170799813E-002
   1.2302740461610380        3.3010427151917952E-002
   1.2365509545598188        4.2745441041691257E-002
   1.2428278629585996        4.4842858858342396E-002
   1.2491047713573804        3.8916359600945666E-002
   1.2553816797561612        2.6016394659742967E-002
   1.2616585881549420        8.4480118838362629E-003
   1.2679354965537226       -1.0637923349055764E-002
   1.2742124049525034       -2.7808183207468296E-002
   1.2804893133512842       -3.9964865348521506E-002
   1.2867662217500651       -4.4906166277057874E-002
   1.2930431301488459       -4.1728421574412866E-002
   1.2993200385476267       -3.0995422419720666E-002
   1.3055969469464075       -1.4642601859120148E-002
   1.3118738553451883        4.3684628746989496E-003
   1.3181507637439691        2.2584199833600039E-002
   1.3244276721427499        3.6685931762959270E-002
   1.3307045805415307        4.4095800280055386E-002
   1.3369814889403115        4.3450886601821267E-002
   1.3432583973390924        3.4857800916227422E-002
   1.3495353057378732        1.9879520648819586E-002
   1.3558122141366540        1.2549186275652171E-003
   1.3620891225354348       -1.7599396690313726E-002
   1.3683660309342156       -3.3215318824454547E-002
   1.3746429393329964       -4.2713178353935177E-002
   1.3809198477317772       -4.4334984470483174E-002
   1.3871967561305580       -3.7772707674766301E-002
   1.3934736645293389       -2.4230111270563754E-002
   1.3997505729281197       -6.2051098788301357E-003
   1.4060274813269005        1.2968561173857212E-002
   1.4123043897256813        2.9736749907740914E-002
   1.4185812981244621        4.0983967343156083E-002
   1.4248582065232429        4.4613899096493402E-002
   1.4311351149220237        3.9942868028971311E-002
   1.4374120233208045        2.7831912652058803E-002
   1.4436889317195853        1.0531371538822608E-002
   1.4499658401183662       -8.7346053880027388E-003
   1.4562427485171470       -2.6367419694606400E-002
   1.4625196569159278       -3.9066118231869673E-002
   1.4687965653147086       -4.4446724486746934E-002
   1.4750734737134894       -4.1492348447466409E-002
   1.4813503821122702       -3.0748633018777730E-002
   1.4876272905110510       -1.4226373296340872E-002
   1.4939041989098316        4.9719798930084949E-003
   1.5001811073086124        2.3233115092086847E-002
   1.5064580157073932        3.7112552975941265E-002
   1.5127349241061741        4.3985473576170830E-002
   1.5190118325049549        4.2545483149632121E-002
   1.5252887409037357        3.3056133973121134E-002
   1.5315656493025165        1.7306144963473630E-002
   1.5378425577012973       -1.7247378837844823E-003
   1.5441194661000781       -2.0427785881960869E-002
   1.5503963744988589       -3.5250542405599133E-002
   1.5566732828976397       -4.3372805631610216E-002
   1.5629501912964205       -4.3244736858483381E-002
   1.5692270996952014       -3.4884730114030482E-002
   1.5755040080939822       -1.9879395535607341E-002
   1.5817809164927630       -1.0845756299700711E-003
   1.5880578248915438        1.7916697807891294E-002
   1.5943347332903246        3.3496696883315399E-002
   1.6006116416891054        4.2676066729490918E-002
   1.6068885500878862        4.3694964722089724E-002
   1.6131654584866670        3.6352530813012450E-002
   1.6194423668854478        2.2048804916808558E-002
   1.6257192752842287        3.5199637462004275E-003
   1.6319961836830095       -1.5683490771051686E-002
   1.6382730920817903       -3.1876378121208332E-002
   1.6445500004805711       -4.1946369066147710E-002
   1.6508269088793519       -4.3953486558461222E-002
   1.6571038172781327       -3.7505866335793281E-002
   1.6633807256769135       -2.3838599822150766E-002
   1.6696576340756943       -5.5793884199509935E-003
   1.6759345424744752        1.3754982863268924E-002
   1.6822114508732560        3.0435175571316041E-002
   1.6884883592720368        4.1238870207953041E-002
   1.6947652676708176        4.4074467867575927E-002
   1.7010421760695984        3.8388015115699621E-002
   1.7073190844683792        2.5273730940056756E-002
   1.7135959928671600        7.2658396987983539E-003
   1.7198729012659408       -1.2149416445421023E-002
   1.7261498096647214       -2.9209845333052591E-002
   1.7324267180635022       -4.0607034248463542E-002
   1.7387036264622830       -4.4128503436190417E-002
   1.7449805348610639       -3.9088197017150605E-002
   1.7512574432598447       -2.6461312537475992E-002
   1.7575343516586255       -8.6967946946590498E-003
   1.7638112600574063        1.0756718244805986E-002
   1.7700881684561871        2.8119883327114393E-002
   1.7763650768549679        4.0016920709133763E-002
   1.7826419852537487        4.4132480121972080E-002
   1.7889188936525295        3.9663203273127279E-002
   1.7951958020513104        2.7475714205441676E-002
   1.8014727104500912        9.9397561434676138E-003
   1.8077496188488720       -9.5316438865672166E-003
   1.8140265272476528       -2.7145924029258889E-002
   1.8203034356464336       -3.9469686330312975E-002
   1.8265803440452144       -4.4098449989965073E-002
   1.8328572524439952       -4.0126729166740510E-002
   1.8391341608427760       -2.8326332951558446E-002
   1.8454110692415568       -1.0997576644260739E-002
   1.8516879776403377        8.4781762372003189E-003
   1.8579648860391185        2.6297755452791033E-002
   1.8642417944378993        3.8978836224197712E-002
   1.8705187028366801        4.4040927643164432E-002
   1.8767956112354609        4.0491525783734314E-002
   1.8830725196342417        2.9021809035552560E-002
   1.8893494280330225        1.1873492439728709E-002
   1.8956263364318033       -7.5980482104940125E-003
   1.9019032448305841       -2.5583283227360268E-002
   1.9081801532293650       -3.8564529494466621E-002
   1.9144570616281458       -4.4003693963656110E-002
   1.9207339700269266       -4.0838218866011154E-002
   1.9270108784257074       -2.9688181136255442E-002
   1.9332877868244882       -1.2734384981197147E-002
   1.9395646952232690        6.7085703564422261E-003
   1.9458416036220498        2.4840540981958825E-002
   1.9521185120208304        3.8118620368958044E-002
   1.9583954204196112        4.3949230285408314E-002
   1.9646723288183920        4.1194382921105367E-002
   1.9709492372171729        3.0393337786214513E-002
   1.9772261456159537        1.3656585468941404E-002
   1.9835030540147345       -5.7469272999850609E-003
   1.9897799624135153       -2.4028508375658689E-002
   1.9960568708122961       -3.7619539374391657E-002
   2.0023337792110771       -4.3867915595545495E-002
   2.0086106876098579       -4.1555238184701797E-002
   2.0148875960086388       -3.1133949809108850E-002
   2.0211645044074196       -1.4638363396817636E-002
   2.0274414128062004        4.7128493925076235E-003
   2.0337183212049812        2.3144937067702820E-002
   2.0399952296037620        3.7063453257464282E-002
   2.0462721380025428        4.3755049583502993E-002
   2.0525490464013236        4.1916117806206479E-002
   2.0588259548001044        3.1906320695714044E-002
   2.0651028631988853        1.5678203470695283E-002
   2.0713797715976656       -3.6042066449258913E-003
   2.0776566799964464       -2.2185276779197100E-002
   2.0839335883952272       -3.6449889100413461E-002
   2.0902104967940081       -4.3626195331864986E-002
   2.0964874051927889       -4.2323060881749495E-002
   2.1027643135915697       -3.2798077010277482E-002
   2.1090412219903505       -1.6904908111901523E-002
   2.1153181303891313        2.2689958371219011E-003
   2.1215950387879121        2.1003186724671549E-002
   2.1278719471866929        3.5666427431755958E-002
   2.1341488555854737        4.3420053399732567E-002
   2.1404257639842545        4.2766356251119450E-002
   2.1467026723830354        3.3836265373178367E-002
   2.1529795807818162        1.8361396711831651E-002
   2.1592564891805970       -6.6328420072517930E-004
   2.1655333975793778       -1.9560162413207648E-002
   2.1718103059781586       -3.4680246839690412E-002
   2.1780872143769394       -4.3107378408801057E-002
   2.1843641227757202       -4.3219556746129435E-002
   2.1906410311745010       -3.4999547188633129E-002
   2.1969179395732819       -2.0035602047025213E-002
   2.2031948479720627       -1.2129932248296517E-003
   2.2094717563708435        1.7843428168104254E-002
   2.2157486647696243        3.3467736255670760E-002
   2.2220255731684051        4.2657817009413262E-002
   2.2283024815671859        4.3651157120403662E-002
   2.2345793899659667        3.6261404812225159E-002
   2.2408562983647475        2.1912135884695143E-002
   2.2471332067635283        3.3605377165297112E-003
   2.2534101151623092       -1.5835457430393312E-002
   2.2596870235610900       -3.2000543497312482E-002
   2.2659639319598708       -4.2045297770149460E-002
   2.2722408403586516       -4.4055140998656879E-002
   2.2785177487574324       -3.7652942822715411E-002
   2.2847946571562132       -2.4067081669486450E-002
   2.2910715655549940       -5.8932138062832030E-003
   2.2973484739537748        1.3403561798099912E-002
   2.3036253823525557        3.0150306766623430E-002
   2.3099022907513365        4.1165115454908731E-002
   2.3161791991501173        4.4360328440122679E-002
   2.3224561075488981        3.9135994384972707E-002
   2.3287330159476789        2.6489852287063534E-002
   2.3350099243464597        8.8242045333311193E-003
   2.3412868327452405       -1.0512464568848549E-002
   2.3475637411440213       -2.7861278629621337E-002
   2.3538406495428021       -3.9945250838719228E-002
   2.3601175579415830       -4.4487080770132165E-002
   2.3663944663403638       -4.0636233962675003E-002
   2.3726713747391446       -2.9125601098572155E-002
   2.3789482831379254       -1.2129408362150457E-002
   2.3852251915367062        7.1496232158832435E-003
   2.3915020999354870        2.5085046996308841E-002
   2.3977790083342678        3.8309016017012913E-002
   2.4040559167330486        4.4343632938407311E-002
   2.4103328251318294        4.2063687988174489E-002
   2.4166097335306103        3.1905972714997233E-002
   2.4228866419293911        1.5781394198069600E-002
   2.4291635503281719       -3.2905340130626802E-003
   2.4354404587269527       -2.1749987781457744E-002
   2.4417173671257335       -3.6161919132261564E-002
   2.4479942755245143       -4.3853943760251798E-002
   2.4542711839232951       -4.3408777275514759E-002
   2.4605480923220759       -3.4921091659602381E-002
   2.4668250007208568       -1.9973063386353490E-002
   2.4731019091196376       -1.3352867901557535E-003
   2.4793788175184184        1.7549664604501351E-002
   2.4856557259171992        3.3204248448522926E-002
   2.4919326343159800        4.2755463073496390E-002
   2.4982095427147608        4.4459431663637687E-002
   2.5044864511135416        3.8015779406523918E-002
   2.5107633595123224        2.4615901671011617E-002
   2.5170402679111032        6.7183570918634104E-003
   2.5233171763098841       -1.2405505260447204E-002
   2.5295940847086644       -2.9271138919242809E-002
   2.5358709931074452       -4.0815418957611545E-002
   2.5421479015062260       -4.4950788683558944E-002
   2.5484248099050069       -4.0939081572935465E-002
   2.5547017183037877       -2.9518782340056289E-002
   2.5609786267025685       -1.2764640358042503E-002
   2.5672555351013493        6.2929026426650370E-003
   2.5735324435001301        2.4218060784101603E-002
   2.5798093518989109        3.7789432228337048E-002
   2.5860862602976917        4.4577513730976043E-002
   2.5923631686964725        4.3377247012505442E-002
   2.5986400770952534        3.4417250990098180E-002
   2.6049169854940342        1.9311029683444770E-002
   2.6111938938928150        7.6191566509768401E-004
   2.6174708022915958       -1.7923799883539804E-002
   2.6237477106903766       -3.3427349305770349E-002
   2.6300246190891574       -4.3005959021980726E-002
   2.6363015274879382       -4.4975134142099506E-002
   2.6425784358867190       -3.9000517265969453E-002
   2.6488553442854998       -2.6149539624741130E-002
   2.6551322526842807       -8.6959625132264195E-003
   2.6614091610830615        1.0286130489207668E-002
   2.6676860694818423        2.7465743305269616E-002
   2.6739629778806231        3.9839413696411453E-002
   2.6802398862794039        4.5254160310282350E-002
   2.6865167946781847        4.2778295541194590E-002
   2.6927937030769655        3.2856902410005294E-002
   2.6990706114757463        1.7226954151766467E-002
   2.7053475198745272       -1.3910267016454087E-003
   2.7116244282733080       -1.9769295899765421E-002
   2.7179013366720888       -3.4733371052074490E-002
   2.7241782450708696       -4.3709171742307977E-002
   2.7304551534696504       -4.5162778079422941E-002
   2.7367320618684312       -3.8858175868932344E-002
   2.7430089702672120       -2.5890525973865791E-002
   2.7492858786659928       -8.4912670770943659E-003
   2.7555627870647736        1.0359390138784804E-002
   2.7618396954635545        2.7445105303506155E-002
   2.7681166038623353        3.9863820951901462E-002
   2.7743935122611161        4.5519099672431292E-002
   2.7806704206598969        4.3469373953321178E-002
   2.7869473290586777        3.4078779371719013E-002
   2.7932242374574585        1.8946470811007515E-002
   2.7995011458562393        6.2901378698164000E-004
   2.8057780542550201       -1.7795194450756262E-002
   2.8120549626538009       -3.3244594064643376E-002
   2.8183318710525818       -4.3148733243247847E-002
   2.8246087794513626       -4.5872434194296305E-002
   2.8308856878501434       -4.0980588540467593E-002
   2.8371625962489242       -2.9301489085385664E-002
   2.8434395046477050       -1.2780813368534602E-002
   2.8497164130464858        5.8472848272513407E-003
   2.8559933214452666        2.3515454466459508E-002
   2.8622702298440474        3.7328755546175499E-002
   2.8685471382428283        4.5036967522243267E-002
   2.8748240466416091        4.5397169928490209E-002
   2.8811009550403899        3.8368545364532457E-002
   2.8873778634391707        2.5110228395649057E-002
   2.8936547718379515        7.7844853632483687E-003
   2.8999316802367323       -1.0799926737093122E-002
   2.9062085886355131       -2.7645517731891681E-002
   2.9124854970342939       -4.0049006361680684E-002
   2.9187624054330747       -4.6033081533423274E-002
   2.9250393138318556       -4.4656474088063655E-002
   2.9313162222306364       -3.6156687930641439E-002
   2.9375931306294172       -2.1886653957767458E-002
   2.9438700390281980       -4.0842448626854646E-003
   2.9501469474269788        1.4381322903512036E-002
   2.9564238558257596        3.0447018710043659E-002
   2.9627007642245404        4.1371085135431404E-002
   2.9689776726233212        4.5217116256143150E-002
   2.9752545810221021        4.1225791791281906E-002
   2.9815314894208829        2.9996450639385604E-002
   2.9878083978196632        1.3434634166140902E-002
   2.9940853062184440       -5.5419163843188103E-003
   3.0003622146172249       -2.3499165737254146E-002
   3.0066391230160057       -3.7105238400610675E-002
   3.0129160314147865       -4.3761000829352685E-002
   3.0191929398135673       -4.2122505517891526E-002
   3.0254698482123481       -3.2406323265117457E-002
   3.0317467566111289       -1.6404349723945125E-002
   3.0380236650099097        2.8129107309798527E-003
   3.0443005734086905        2.1463504675523805E-002
   3.0505774818074713        3.5792338905617269E-002
   3.0568543902062522        4.2838571155691590E-002
   3.0631312986050330        4.1073961028442796E-002
   3.0694082070038138        3.0770364785752416E-002
   3.0756851154025946        1.4002657045156741E-002
   3.0819620238013754       -5.7339895554894653E-003
   3.0882389322001562       -2.4230970260096206E-002
   3.0945158405989370       -3.7459818353451059E-002
   3.1007927489977178       -4.2464382227727256E-002
   3.1070696573964987       -3.8055365943079553E-002
   3.1133465657952795       -2.5158924169706061E-002
   3.1196234741940603       -6.6526644925917434E-003
   3.1259003825928411        1.3335321994084015E-002
   3.1321772909916219        3.0359847798392865E-002
   3.1384541993904027        4.0644950714820577E-002
   3.1447311077891835        4.1919212843843562E-002
   3.1510080161879643        3.3912224058443172E-002
   3.1572849245867451        1.8406587368462637E-002
   3.1635618329855260       -1.1641617154314720E-003
   3.1698387413843068       -2.0479236505438071E-002
   3.1761156497830876       -3.5285774276784893E-002
   3.1823925581818684       -4.2333741510637832E-002
   3.1886694665806492       -4.0085665861182167E-002
   3.1949463749794300       -2.9046817805222204E-002
   3.2012232833782108       -1.1646288514313716E-002
   3.2075001917769916        8.3021266861786902E-003
   3.2137771001757724        2.6438487185711491E-002
   3.2200540085745533        3.8809866725851329E-002
   3.2263309169733341        4.2729608959087541E-002
   3.2326078253721149        3.7356502539978478E-002
   3.2388847337708957        2.3869900584635548E-002
   3.2451616421696765        5.2056508575761022E-003
   3.2514385505684573       -1.4587028492559677E-002
   3.2577154589672381       -3.1225908052682688E-002
   3.2639923673660189       -4.1121651471683875E-002
   3.2702692757647998       -4.2149060061969251E-002
   3.2765461841635806       -3.4098870713881631E-002
   3.2828230925623614       -1.8714296327723253E-002
   3.2891000009611422        6.9270382898920803E-004
   3.2953769093599230        1.9950804479567420E-002
   3.3016538177587038        3.4921137120106402E-002
   3.3079307261574846        4.2386302889132886E-002
   3.3142076345562654        4.0741890239173593E-002
   3.3204845429550462        3.0341298377730704E-002
   3.3267614513538271        1.3419793130562919E-002
   3.3330383597526079       -6.3858810925876168E-003
   3.3393152681513887       -2.4819103445230060E-002
   3.3455921765501695       -3.7918204642545639E-002
   3.3518690849489503       -4.2867911918781809E-002
   3.3581459933477311       -3.8604416802145748E-002
   3.3644229017465119       -2.6044017215496047E-002
   3.3706998101452927       -7.8861997718117655E-003
   3.3769767185440736        1.1966534414775104E-002
   3.3832536269428544        2.9247390959313932E-002
   3.3895305353416352        4.0242319799383967E-002
   3.3958074437404160        4.2588242367887108E-002
   3.4020843521391968        3.5780953826471833E-002
   3.4083612605379776        2.1283481353601245E-002
   3.4146381689367584        2.2116771802198360E-003
   3.4209150773355392       -1.7335475060540496E-002
   3.4271919857343200       -3.3156790369618917E-002
   3.4334688941331009       -4.1851877313378499E-002
   3.4397458025318817       -4.1551895926693311E-002
   3.4460227109306620       -3.2321351799161166E-002
   3.4522996193294428       -1.6144028499217190E-002
   3.4585765277282237        3.5030339614735505E-003
   3.4648534361270045        2.2402274927503751E-002
   3.4711303445257853        3.6523341280454806E-002
   3.4774072529245661        4.2884451788733305E-002
   3.4836841613233469        4.0170751959762649E-002
   3.4899610697221277        2.8991045132084888E-002
   3.4962379781209085        1.1725907402241284E-002
   3.5025148865196893       -7.9920916827301465E-003
   3.5087917949184702       -2.6050355349580473E-002
   3.5150687033172510       -3.8714719604696454E-002
   3.5213456117160318       -4.3395346948532539E-002
   3.5276225201148126       -3.9164312214619010E-002
   3.5338994285135934       -2.6924208601403380E-002
   3.5401763369123742       -9.2007484799385818E-003
   3.5464532453111550        1.0390412638493019E-002
   3.5527301537099358        2.7887874664950015E-002
   3.5590070621087166        3.9785309315898250E-002
   3.5652839705074975        4.3727220651397954E-002
   3.5715608789062783        3.8963093691433415E-002
   3.5778377873050591        2.6475054228725522E-002
   3.5841146957038399        8.7609488753487268E-003
   3.5903916041026207       -1.0676807993177159E-002
   3.5966685125014015       -2.8029965836105800E-002
   3.6029454209001823       -3.9930236021695542E-002
   3.6092223292989631       -4.4096346989969289E-002
   3.6154992376977440       -3.9759466377965576E-002
   3.6217761460965248       -2.7790246531199686E-002
   3.6280530544953056       -1.0509841045340871E-002
   3.6343299628940864        8.7719164002355420E-003
   3.6406068712928672        2.6400589125270029E-002
   3.6468837796916480        3.9078133188647897E-002
   3.6531606880904288        4.4473194510182751E-002
   3.6594375964892096        4.1634222875449364E-002
   3.6657145048879904        3.1137422093508966E-002
   3.6719914132867713        1.4950765494046007E-002
   3.6782683216855521       -3.9515478206642828E-003
   3.6845452300843329       -2.2146139054162850E-002
   3.6908221384831137       -3.6383007845117603E-002
   3.6970990468818945       -4.4160218779216304E-002
   3.7033759552806753       -4.4150425994041329E-002
   3.7096528636794561       -3.6409194566778984E-002
   3.7159297720782369       -2.2336263379335083E-002
   3.7222066804770177       -4.4050403253356098E-003
   3.7284835888757986        1.4284858950115909E-002
   3.7347604972745794        3.0549265830103329E-002
   3.7410374056733602        4.1659852863528704E-002
   3.7473143140721410        4.5792276173580955E-002
   3.7535912224709218        4.2310260409066568E-002
   3.7598681308697026        3.1844542432759977E-002
   3.7661450392684834        1.6160997163310532E-002
   3.7724219476672642       -2.1524490783099062E-003
   3.7786988560660451       -2.0122812297790092E-002
   3.7849757644648259       -3.4877467357012512E-002
   3.7912526728636067       -4.4099073401812287E-002
   3.7975295812623875       -4.6378149071420842E-002
   3.8038064896611683       -4.1412877062138885E-002
   3.8100833980599491       -3.0024305685313796E-002
   3.8163603064587299       -1.3995549778611734E-002
   3.8226372148575107        4.1905947580626714E-003
   3.8289141232562915        2.1734705340619342E-002
   3.8351910316550724        3.5953341588853063E-002
   3.8414679400538532        4.4687136590321412E-002
   3.8477448484526340        4.6624699222182570E-002
   3.8540217568514148        4.1493359087463398E-002
   3.8602986652501956        3.0090684009373751E-002
   3.8665755736489764        1.4154033586937924E-002
   3.8728524820477572       -3.9093083893948733E-003
   3.8791293904465380       -2.1389050072213839E-002
   3.8854062988453189       -3.5679260824531725E-002
   3.8916832072440997       -4.4665082904453340E-002
   3.8979601156428805       -4.7031545402428092E-002
   3.9042370240416608       -4.2450200030472139E-002
   3.9105139324404417       -3.1617885655239222E-002
   3.9167908408392225       -1.6144453183534919E-002
   3.9230677492380033        1.6917827408600746E-003
   3.9293446576367841        1.9282868806188128E-002
   3.9356215660355649        3.4073610144671050E-002
   3.9418984744343457        4.3931206321279968E-002
   3.9481753828331265        4.7449083594574865E-002
   3.9544522912319073        4.4142022641280122E-002
   3.9607291996306881        3.4506639329566678E-002
   3.9670061080294690        1.9940432254741083E-002
   3.9732830164282498        2.5338431496276306E-003
   3.9795599248270306       -1.5233577423466272E-002
   3.9858368332258114       -3.0840113562816913E-002
   3.9921137416245922       -4.2055330833801696E-002
   3.9983906500233730       -4.7257199234327210E-002
   4.0046675584221543       -4.5673516315411167E-002
   4.0109444668209351       -3.7504080118872067E-002
   4.0172213752197159       -2.3904398425853433E-002
   4.0234982836184967       -6.8296695961414288E-003
   4.0297751920172775        1.1240717572435813E-002
   4.0360521004160583        2.7660495447552797E-002
   4.0423290088148391        4.0004419439969983E-002
   4.0486059172136200        4.6430055143742884E-002
   4.0548828256124008        4.5958907628881288E-002
   4.0611597340111816        3.8633271443056269E-002
   4.0674366424099624        2.5522565636385802E-002
   4.0737135508087432        8.5751337739762897E-003
   4.0799904592075240       -9.6653347359988741E-003
   4.0862673676063048       -2.6438412730475428E-002
   4.0925442760050856       -3.9184812197971292E-002
   4.0988211844038664       -4.5940276188534898E-002
   4.1050980928026473       -4.5644452307539926E-002
   4.1113750012014281       -3.8315287067263760E-002
   4.1176519096002089       -2.5059213376108707E-002
   4.1239288179989897       -7.9122054562700203E-003
   4.1302057263977705        1.0466829421590778E-002
   4.1364826347965504        2.7205198377186719E-002
   4.1427595431953312        3.9665688517696085E-002
   4.1490364515941121        4.5865733445402457E-002
   4.1553133599928929        4.4799333172302058E-002
   4.1615902683916737        3.6608538294104764E-002
   4.1678671767904545        2.2574104051572470E-002
   4.1741440851892353        4.9233038212297192E-003
   4.1804209935880161       -1.3517688339184824E-002
   4.1866979019867969       -2.9773594284883138E-002
   4.1929748103855777       -4.1200936896558404E-002
   4.1992517187843585       -4.5922235358911823E-002
   4.2055286271831394       -4.3141556154672224E-002
   4.2118055355819202       -3.3287315575744131E-002
   4.2180824439807010       -1.7955523659418247E-002
   4.2243593523794818        3.4092010025313379E-004
   4.2306362607782626        1.8578876344772493E-002
   4.2369131691770434        3.3722699266325797E-002
   4.2431900775758242        4.3231458088190920E-002
   4.2494669859746050        4.5490646761170164E-002
   4.2557438943733858        4.0094203459165353E-002
   4.2620208027721667        2.7926374983249048E-002
   4.2682977111709475        1.1025835942800415E-002
   4.2745746195697283       -7.7487627633663608E-003
   4.2808515279685091       -2.5198252673179548E-002
   4.2871284363672899       -3.8327750165971758E-002
   4.2934053447660707       -4.4864156458863998E-002
   4.2996822531648515       -4.3656396060332170E-002
   4.3059591615636323       -3.4886867829871021E-002
   4.3122360699624132       -2.0053898849319442E-002
   4.3185129783611940       -1.7242059672378802E-003
   4.3247898867599748        1.6905378724602467E-002
   4.3310667951587556        3.2562952113252677E-002
   4.3373437035575364        4.2476576194305955E-002
   4.3436206119563172        4.4869850470330902E-002
   4.3498975203550980        3.9289386984459343E-002
   4.3561744287538788        2.6700984403393975E-002
   4.3624513371526596        9.3328285695245469E-003
   4.3687282455514405       -9.7108278296079414E-003
   4.3750051539502213       -2.7000094355319061E-002
   4.3812820623490021       -3.9397254382533650E-002
   4.3875589707477829       -4.4630742331567198E-002
   4.3938358791465637       -4.1719559814120996E-002
   4.4001127875453445       -3.1167452855656471E-002
   4.4063896959441253       -1.4886785852484962E-002
   4.4126666043429061        4.1388763895632381E-003
   4.4189435127416870        2.2395748647420759E-002
   4.4252204211404678        3.6487439837070514E-002
   4.4314973295392486        4.3770162030307348E-002
   4.4377742379380294        4.2856201341406316E-002
   4.4440511463368102        3.3888473883637256E-002
   4.4503280547355910        1.8530141591341399E-002
   4.4566049631343718       -3.3393747247169786E-004
   4.4628818715331526       -1.9132337513103330E-002
   4.4691587799319334       -3.4280891610093511E-002
   4.4754356883307143       -4.2868596810724677E-002
   4.4817125967294951       -4.3223944309584837E-002
   4.4879895051282759       -3.5250265530087206E-002
   4.4942664135270567       -2.0461024749249254E-002
   4.5005433219258375       -1.7030433380419879E-003
   4.5068202303246183        1.7385348140952203E-002
   4.5130971387233991        3.3088679675597032E-002
   4.5193740471221799        4.2352456940519236E-002
   4.5256509555209607        4.3378441861199935E-002
   4.5319278639197416        3.5971782653634155E-002
   4.5382047723185224        2.1576224068352152E-002
   4.5444816807173032        2.9908903268606821E-003
   4.5507585891160840       -1.6175215517565143E-002
   4.5570354975148648       -3.2204588773100090E-002
   4.5633124059136456       -4.1991975390994175E-002
   4.5695893143124264       -4.3644882416044667E-002
   4.5758662227112072       -3.6847876780097530E-002
   4.5821431311099881       -2.2920901882099630E-002
   4.5884200395087689       -4.5611883399944552E-003
   4.5946969479075497        1.4680417923434989E-002
   4.6009738563063305        3.1086809042923689E-002
   4.6072507647051113        4.1492464760334268E-002
   4.6135276731038921        4.3893226700899908E-002
   4.6198045815026729        3.7830718347096025E-002
   4.6260814899014537        2.4477996057962918E-002
   4.6323583983002345        6.4107911228403879E-003
   4.6386353066990154       -1.2890700190404626E-002
   4.6449122150977962       -2.9712864193135506E-002
   4.6511891234965770       -4.0823027642513630E-002
   4.6574660318953578       -4.4089749272778526E-002
   4.6637429402941386       -3.8890193633533826E-002
   4.6700198486929194       -2.6227033172460969E-002
   4.6762967570917002       -8.5333059755467126E-003
   4.6825736654904810        1.0796512879490129E-002
   4.6888505738892619        2.8059372494821055E-002
   4.6951274822880427        3.9954301292706114E-002
   4.7014043906868235        4.4212482530588841E-002
   4.7076812990856043        4.0027645614973975E-002
   4.7139582074843851        2.8205855173352133E-002
   4.7202351158831659        1.1007380530031113E-002
   4.7265120242819467       -8.2877772719604087E-003
   4.7327889326807275       -2.6006769462311095E-002
   4.7390658410795083       -3.8783120649433844E-002
   4.7453427494782892       -4.4195170132853040E-002
   4.7516196578770700       -4.1222874538743903E-002
   4.7578965662758508       -3.0437237168783979E-002
   4.7641734746746316       -1.3887733075646934E-002
   4.7704503830734124        5.2895542602007855E-003
   4.7767272914721932        2.3467713703064608E-002
   4.7830041998709740        3.7215238326613650E-002
   4.7892811082697548        4.3942823979920220E-002
   4.7955580166685357        4.2389005885084562E-002
   4.8018349250673165        3.2853947676744870E-002
   4.8081118334660973        1.7138581738721518E-002
   4.8143887418648781       -1.7980702800736597E-003
   4.8206656502636589       -2.0397729458745878E-002
   4.8269425586624397       -3.5171991605621442E-002
   4.8332194670612205       -4.3355840687251769E-002
   4.8394963754600013       -4.3423260285642529E-002
   4.8457732838587821       -3.5369141454440624E-002
   4.8520501922575630       -2.0705988009365704E-002
   4.8583271006563438       -2.1775273883986638E-003
   4.8646040090551246        1.6757671495991222E-002
   4.8708809174539054        3.2574692036921572E-002
   4.8771578258526862        4.2338020581853035E-002
   4.8834347342514670        4.4243894176396938E-002
   4.8897116426502478        3.7949885746276432E-002
   4.8959885510490286        2.4632123484092383E-002
   4.9022654594478094        6.7615240420767454E-003
   4.9085423678465903       -1.2357701138221728E-002
   4.9148192762453711       -2.9200510133224965E-002
   4.9210961846441519       -4.0670680780902968E-002
   4.9273730930429327       -4.4667972719873800E-002
   4.9336500014417135       -4.0469300048409450E-002
   4.9399269098404943       -2.8855372140099911E-002
   4.9462038182392751       -1.1961440037295452E-002
   4.9524807266380559        7.1186171797288566E-003
   4.9587576350368368        2.4900859141311141E-002
   4.9650345434356176        3.8147674011966365E-002
   4.9713114518343984        4.4455712008797707E-002
   4.9775883602331792        4.2688892912858586E-002
   4.9838652686319600        3.3179037343463627E-002
   4.9901421770307408        1.7659448218779326E-002
   4.9964190854295216       -1.0546273070434545E-003
   5.0026959938283024       -1.9579106252628056E-002
   5.0089729022270832       -3.4573814643315839E-002
   5.0152498106258641       -4.3343770599220663E-002
   5.0215267190246449       -4.4320997719225465E-002
   5.0278036274234257       -3.7341010077419870E-002
   5.0340805358222065       -2.3665427974977820E-002
   5.0403574442209873       -5.7509186813930963E-003
   5.0466343526197681        1.3193054152607964E-002
   5.0529112610185480        2.9780083642726846E-002
   5.0591881694173289        4.1051932893911576E-002
   5.0654650778161097        4.5004584193817310E-002
   5.0717419862148905        4.0942010622431808E-002
   5.0780188946136713        2.9595658127564341E-002
   5.0842958030124521        1.2989715641743360E-002
   5.0905727114112329       -5.9225027320352558E-003
   5.0968496198100137       -2.3785305196393828E-002
   5.1031265282087945       -3.7436292430832026E-002
   5.1094034366075753       -4.4465172301796849E-002
   5.1156803450063562       -4.3637168747533414E-002
   5.1219572534051370       -3.5107036073560249E-002
   5.1282341618039178       -2.0387115615647166E-002
   5.1345110702026986       -2.0764377616561418E-003
   5.1407879786014794        1.6600129383642363E-002
   5.1470648870002602        3.2360633666672987E-002
   5.1533417953990410        4.2442253121410436E-002
   5.1596187037978218        4.5083902201340550E-002
   5.1658956121966026        3.9831237093818909E-002
   5.1721725205953835        2.7611708981830907E-002
   5.1784494289941643        1.0567849066642250E-002
   5.1847263373929451       -8.3207484453183128E-003
   5.1910032457917259       -2.5759649638864172E-002
   5.1972801541905067       -3.8714255457030264E-002
   5.2035570625892875       -4.4936676806740274E-002
   5.2098339709880683       -4.3353545078612929E-002
   5.2161108793868491       -3.4248253228863067E-002
   5.2223877877856300       -1.9207208749108296E-002
   5.2286646961844108       -8.4075167259842773E-004
   5.2349416045831916        1.7671714497800611E-002
   5.2412185129819724        3.3132801074898494E-002
   5.2474954213807532        4.2878793005625318E-002
   5.2537723297795340        4.5236813830863434E-002
   5.2600492381783148        3.9809347048530862E-002
   5.2663261465770956        2.7538185292516754E-002
   5.2726030549758764        1.0538095387735058E-002
   5.2788799633746573       -8.2699437534534664E-003
   5.2851568717734381       -2.5661934365083083E-002
   5.2914337801722189       -3.8663583953400076E-002
   5.2977106885709997       -4.5057793310896460E-002
   5.3039875969697805       -4.3760524941607863E-002
   5.3102645053685613       -3.5001715582763583E-002
   5.3165414137673421       -2.0281547600848007E-002
   5.3228183221661229       -2.1108250363193843E-003
   5.3290952305649038        1.6419173558181586E-002
   5.3353721389636846        3.2163357053653134E-002
   5.3416490473624654        4.2456155412942620E-002
   5.3479259557612462        4.5561161643358383E-002
   5.3542028641600270        4.0961541205192409E-002
   5.3604797725588078        2.9443043319749986E-002
   5.3667566809575886        1.2956894875725091E-002
   5.3730335893563694       -5.7132053508375880E-003
   5.3793104977551502       -2.3421804284780638E-002
   5.3855874061539311       -3.7186180519113564E-002
   5.3918643145527119       -4.4684080654461909E-002
   5.3981412229514927       -4.4646443388271263E-002
   5.4044181313502735       -3.7074066574008906E-002
   5.4106950397490543       -2.3240312808838620E-002
   5.4169719481478351       -5.4787664734718359E-003
   5.4232488565466159        1.3209114242644808E-002
   5.4295257649453967        2.9660575275223009E-002
   5.4358026733441775        4.1087006882011202E-002
   5.4420795817429584        4.5547554118696570E-002
   5.4483564901417392        4.2280323208525816E-002
   5.4546333985405200        3.1834390934177913E-002
   5.4609103069393008        1.5979452953808065E-002
   5.4671872153380816       -2.5923788046677246E-003
   5.4734641237368624       -2.0722640263995392E-002
   5.4797410321356432       -3.5323381917319437E-002
   5.4860179405344240       -4.3903611222083541E-002
   5.4922948489332049       -4.4995505081922571E-002
   5.4985717573319857       -3.8407229903942776E-002
   5.5048486657307665       -2.5258571282307910E-002
   5.5111255741295473       -7.7924230190910297E-003
   5.5174024825283281        1.1006393249500930E-002
   5.5236793909271089        2.7920508020440660E-002
   5.5299562993258897        4.0050689351030573E-002
   5.5362332077246705        4.5313695738727178E-002
   5.5425101161234513        4.2801474025274046E-002
   5.5487870245222322        3.2939818468878106E-002
   5.5550639329210130        1.7417389813958278E-002
   5.5613408413197938       -1.1027058344487389E-003
   5.5676177497185746       -1.9431617661797178E-002
   5.5738946581173554       -3.4401804577686039E-002
   5.5801715665161362       -4.3415783201649329E-002
   5.5864484749149170       -4.4899670479847054E-002
   5.5927253833136978       -3.8582308368506818E-002
   5.5990022917124787       -2.5549511830832417E-002
   5.6052792001112595       -8.0620953357197715E-003
   5.6115561085100403        1.0832788545592120E-002
   5.6178330169088211        2.7830735618384530E-002
   5.6241099253076019        3.9948148293911585E-002
   5.6303868337063827        4.5048071911551087E-002
   5.6366637421051635        4.2220830113359538E-002
   5.6429406505039443        3.1950975469128527E-002
   5.6492175589027251        1.6039187535060222E-002
   5.6554944673015060       -2.7093062077765198E-003
   5.6617713757002868       -2.0976589249521664E-002
   5.6680482840990676       -3.5518495105375157E-002
   5.6743251924978484       -4.3742073669726343E-002
   5.6806021008966292       -4.4171130105880217E-002
   5.6868790092954100       -3.6715648692877877E-002
   5.6931559176941908       -2.2695240263959790E-002
   5.6994328260929716       -4.6101428492062672E-003
   5.7057097344917524        1.4301238515864106E-002
   5.7119866428905333        3.0640712127658204E-002
   5.7182635512893141        4.1461424713591009E-002
   5.7245404596880949        4.4801745173938277E-002
   5.7308173680868757        4.0041654169098669E-002
   5.7370942764856565        2.8019613435197252E-002
   5.7433711848844373        1.0899984547339545E-002
   5.7496480932832181       -8.2078581979959341E-003
   5.7559250016819989       -2.5810307970955543E-002
   5.7622019100807798       -3.8667880519804118E-002
   5.7684788184795606       -4.4395203678588270E-002
   5.7747557268783414       -4.1910585316106204E-002
   5.7810326352771222       -3.1649407819895038E-002
   5.7873095436759030       -1.5497610428264967E-002
   5.7935864520746838        3.5467119414762959E-003
   5.7998633604734646        2.1924580985496010E-002
   5.8061402688722454        3.6179897143114391E-002
   5.8124171772710262        4.3612261939211826E-002
   5.8186940856698071        4.2795028244289081E-002
   5.8249709940685879        3.3858085020061435E-002
   5.8312479024673687        1.8477736206150005E-002
   5.8375248108661495       -4.2897335335874388E-004
   5.8438017192649303       -1.9251555496480274E-002
   5.8500786276637111       -3.4373495405851426E-002
   5.8563555360624919       -4.2869389455870148E-002
   5.8626324444612727       -4.3077022145917528E-002
   5.8689093528600536       -3.4931426099837855E-002
   5.8751862612588344       -1.9992176623594246E-002
   5.8814631696576152       -1.1538890973001800E-003
   5.8877400780563960        1.7908253648627255E-002
   5.8940169864551768        3.3453061429244070E-002
   5.9002938948539576        4.2409313933654644E-002
   5.9065708032527384        4.2986350791105229E-002
   5.9128477116515192        3.5040127199815141E-002
   5.9191246200503000        2.0121634838756737E-002
   5.9254015284490809        1.1859770332067990E-003
   5.9316784368478617       -1.7985017048260138E-002
   5.9379553452466425       -3.3534965450016475E-002
   5.9442322536454233       -4.2311178304577035E-002
   5.9505091620442041       -4.2511421393245659E-002
   5.9567860704429849       -3.4065162433791631E-002
   5.9630629788417657       -1.8666527416513690E-002
   5.9693398872405457        5.5402029373284502E-004
   5.9756167956393265        1.9658215529281278E-002
   5.9818937040381073        3.4704233302348585E-002
   5.9881706124368881        4.2563082979879034E-002
   5.9944475208356689        4.1577503017331027E-002
   6.0007244292344497        3.1923062752668020E-002
   6.0070013376332305        1.5590544629626567E-002
   6.0132782460320113       -4.0132905503939085E-003
   6.0195551544307921       -2.2769059091669173E-002
   6.0258320628295730       -3.6708596016005055E-002
   6.0321089712283538       -4.2858658519756107E-002
   6.0383858796271346       -3.9884253717873498E-002
   6.0446627880259154       -2.8390667343302645E-002
   6.0509396964246962       -1.0813390109993468E-002
   6.0572166048234770        9.0872038171917694E-003
   6.0634935132222578        2.7024330088488837E-002
   6.0697704216210386        3.9107648321658604E-002
   6.0760473300198194        4.2694576230875483E-002
   6.0823242384186003        3.6988725066719408E-002
   6.0886011468173811        2.3223717438537721E-002
   6.0948780552161619        4.3941077453940316E-003
   6.1011549636149427       -1.5394101377520446E-002
   6.1074318720137235       -3.1817433964296350E-002
   6.1137087804125043       -4.1280100828819936E-002
   6.1199856888112851       -4.1703506596744780E-002
   6.1262625972100659       -3.2986279519001682E-002
   6.1325395056088468       -1.7032300468237314E-002
   6.1388164140076276        2.6615831074228891E-003
   6.1450933224064084        2.1769626781554197E-002
   6.1513702308051892        3.6086667795484570E-002
   6.1576471392039700        4.2454715479163720E-002
   6.1639240476027508        3.9462288530013233E-002
   6.1702009560015316        2.7760980355503465E-002
   6.1764778644003124        9.9275159485596315E-003
   6.1827547727990932       -1.0100477691041549E-002
   6.1890316811978741       -2.7892080989171508E-002
   6.1953085895966549       -3.9503397861970477E-002
   6.2015854979954357       -4.2353591421191668E-002
   6.2078624063942165       -3.5801781752408335E-002
   6.2141393147929973       -2.1294996023780929E-002
   6.2204162231917781       -2.0523967693082809E-003
   6.2266931315905589        1.7646424024705440E-002
   6.2329700399893397        3.3411980885423076E-002
   6.2392469483881206        4.1723983404676923E-002
   6.2455238567869014        4.0719348950564831E-002
   6.2518007651856822        3.0615627618643962E-002
   6.2580776735844630        1.3675357322209288E-002
   6.2643545819832438       -6.3151074010693387E-003
   6.2706314903820246       -2.4900538367827005E-002
   6.2769083987808054       -3.7950260090917155E-002
   6.2831853071795862       -4.2574202570884546E-002
