   6.2769083987808056E-003  -3.7728972714410967E-002
   1.2553816797561611E-002  -4.1839382637922050E-002
   1.8830725196342418E-002  -3.9100650950423733E-002
   2.5107633595123222E-002  -2.9973096325939069E-002
   3.1384541993904030E-002  -1.5957177518207862E-002
   3.7661450392684835E-002   6.5668575749879498E-004
   4.3938358791465640E-002   1.7164785049871348E-002
   5.0215267190246445E-002   3.0890889673808906E-002
   5.6492175589027249E-002   3.9619212904105972E-002
   6.2769083987808061E-002   4.1949632015863943E-002
   6.9045992386588859E-002   3.7518686793387102E-002
   7.5322900785369670E-002   2.7052034340003115E-002
   8.1599809184150468E-002   1.2241611172868856E-002
   8.7876717582931280E-002  -4.5311464495062402E-003
   9.4153625981712077E-002  -2.0580206368212721E-002
  0.10043053438049289       -3.3345489793920102E-002
  0.10670744277927370       -4.0799972008385095E-002
  0.11298435117805450       -4.1768848211119078E-002
  0.11926125957683531       -3.6110928839781981E-002
  0.12553816797561612       -2.4734918623759324E-002
  0.13181507637439691       -9.4495820164612263E-003
  0.13809198477317772        7.3268501010387444E-003
  0.14436889317195853        2.2951150688599202E-002
  0.15064580157073934        3.4972816044387262E-002
  0.15692270996952015        4.1517249245913934E-002
  0.16319961836830094        4.1574677936861898E-002
  0.16947652676708175        3.5151412496897252E-002
  0.17575343516586256        2.3261573589037403E-002
  0.18203034356464337        7.7625009299365092E-003
  0.18830725196342415       -8.9388115328417183E-003
  0.19458416036220497       -2.4261335201800727E-002
  0.20086106876098578       -3.5848819365445782E-002
  0.20713797715976659       -4.1930193353019771E-002
  0.21341488555854740       -4.1586764248598050E-002
  0.21969179395732819       -3.4886456913873660E-002
  0.22596870235610900       -2.2866237354177015E-002
  0.23224561075488981       -7.3672410028681528E-003
  0.23852251915367062        9.2505517141598190E-003
  0.24479942755245140        2.4469401101898956E-002
  0.25107633595123224        3.5995164526468462E-002
  0.25735324435001306        4.2101197884476874E-002
  0.26363015274879381        4.1883566172630539E-002
  0.26990706114757462        3.5390386164319824E-002
  0.27618396954635543        2.3607525823448824E-002
  0.28246087794513625        8.3045702635545695E-003
  0.28873778634391706       -8.2342573843155152E-003
  0.29501469474269787       -2.3552863658971874E-002
  0.30129160314147868       -3.5388020860706922E-002
  0.30756851154025949       -4.2001985068337272E-002
  0.31384541993904030       -4.2434382417934312E-002
  0.32012232833782106       -3.6638398756918954E-002
  0.32639923673660187       -2.5481600776914564E-002
  0.33267614513538268       -1.0608184272583443E-002
  0.33895305353416350        5.8082240643714403E-003
  0.34522996193294431        2.1384667098162131E-002
  0.35150687033172512        3.3875148700708610E-002
  0.35778377873050593        4.1492566881735006E-002
  0.36406068712928674        4.3160562599601313E-002
  0.37033759552806755        3.8660327083425004E-002
  0.37661450392684831        2.8653211720865445E-002
  0.38289141232562912        1.4577963891954876E-002
  0.38916832072440993       -1.5607317426890421E-003
  0.39544522912319074       -1.7480739986054247E-002
  0.40172213752197156       -3.0946080537956760E-002
  0.40799904592075237       -4.0079685557083237E-002
  0.41427595431953318       -4.3621769836032734E-002
  0.42055286271831399       -4.1098762113178616E-002
  0.42682977111709480       -3.2880865641949752E-002
  0.43310667951587556       -2.0122205962815807E-002
  0.43938358791465637       -4.5938194871646982E-003
  0.44566049631343718        1.1565710505068473E-002
  0.45193740471221799        2.6146438727833263E-002
  0.45821431311099881        3.7168819495238190E-002
  0.46449122150977962        4.3149987366107430E-002
  0.47076812990856043        4.3299038079760460E-002
  0.47704503830734124        3.7616340873641581E-002
  0.48332194670612205        2.6884948386506850E-002
  0.48959885510490281        1.2558069861603890E-002
  0.49587576350368362       -3.4407397094399260E-003
  0.50215267190246449       -1.8988970239764025E-002
  0.50842958030124530       -3.2057419914863793E-002
  0.51470648870002611       -4.0972845308479063E-002
  0.52098339709880681       -4.4624620322272657E-002
  0.52726030549758762       -4.2592417795077921E-002
  0.53353721389636843       -3.5181723686451484E-002
  0.53981412229514925       -2.3366654076140726E-002
  0.54609103069393006       -8.6511823487158933E-003
  0.55236793909271087        7.1304171161929294E-003
  0.55864484749149168        2.2046658982621911E-002
  0.56492175589027249        3.4305485534457225E-002
  0.57119866428905330        4.2465626501378376E-002
  0.57747557268783412        4.5598413616962943E-002
  0.58375248108661493        4.3383031634398210E-002
  0.59002938948539574        3.6126990579822882E-002
  0.59630629788417655        2.4712865410124595E-002
  0.60258320628295736        1.0480875764606159E-002
  0.60886011468173817       -4.9362269206927800E-003
  0.61513702308051899       -1.9804963751150324E-002
  0.62141393147929980       -3.2486778510825064E-002
  0.62769083987808061       -4.1615544411871513E-002
  0.63396774827686131       -4.6238243137517523E-002
  0.64024465667564212       -4.5905223198518766E-002
  0.64652156507442293       -4.0702830370809101E-002
  0.65279847347320374       -3.1227695798367497E-002
  0.65907538187198456       -1.8508561799142561E-002
  0.66535229027076537       -3.8859668248188576E-003
  0.67162919866954618        1.1134273339784178E-002
  0.67790610706832699        2.5030229477337410E-002
  0.68418301546710780        3.6413771211972548E-002
  0.69045992386588861        4.4166505427109232E-002
  0.69673683226466943        4.7545346034629406E-002
  0.70301374066345024        4.6248097416989910E-002
  0.70929064906223105        4.0433912059462868E-002
  0.71556755746101186        3.0698165529573145E-002
  0.72184446585979267        1.8005789935598204E-002
  0.72812137425857348        3.5908990280576212E-003
  0.73439828265735430       -1.1166422062010257E-002
  0.74067519105613511       -2.4873711385748610E-002
  0.74695209945491581       -3.6257005481377100E-002
  0.75322900785369662       -4.4276931276437018E-002
  0.75950591625247743       -4.8219582752264498E-002
  0.76578282465125824       -4.7754859517760220E-002
  0.77205973305003905       -4.2957898054034452E-002
  0.77833664144881987       -3.4293235866093862E-002
  0.78461354984760068       -2.2564240186919587E-002
  0.79089045824638149       -8.8339805027814293E-003
  0.79716736664516230        5.6747497302657886E-003
  0.80344427504394311        1.9690098885045516E-002
  0.80972118344272392        3.2003080315471430E-002
  0.81599809184150474        4.1570019455896050E-002
  0.82227500024028555        4.7598391611803223E-002
  0.82855190863906636        4.9607200275723039E-002
  0.83482881703784717        4.7461783950736025E-002
  0.84110572543662798        4.1367634159244951E-002
  0.84738263383540879        3.1808235776193398E-002
  0.85365954223418961        1.9551100687458418E-002
  0.85993645063297042        5.6157125504875038E-003
  0.86621335903175112       -8.8060025167099373E-003
  0.87249026743053193       -2.2448769915638392E-002
  0.87876717582931274       -3.4085673512152921E-002
  0.88504408422809355       -4.2641280850886247E-002
  0.89132099262687436       -4.7296725133177613E-002
  0.89759790102565518       -4.7575372208082001E-002
  0.90387480942443599       -4.3400295901280118E-002
  0.91015171782321680       -3.5115727830539935E-002
  0.91642862622199761       -2.3468692976390881E-002
  0.92270553462077842       -9.5499306072233271E-003
  0.92898244301955923        5.3019529084782193E-003
  0.93525935141834005        1.9625794748384828E-002
  0.94153625981712086        3.1981133832429509E-002
  0.94781316821590167        4.1095877896027991E-002
  0.95409007661468248        4.6002839962625081E-002
  0.96036698501346329        4.6150426282904944E-002
  0.96664389341224410        4.1473893018806364E-002
  0.97292080181102492        3.2417780783322359E-002
  0.97919771020980562        1.9904023705283776E-002
  0.98547461860858643        5.2469721565828655E-003
  0.99175152700736724       -9.9787414046654289E-003
  0.99802843540614805       -2.4104072574706700E-002
   1.0043053438049290       -3.5549715643408100E-002
   1.0105822522037098       -4.3005534383781699E-002
   1.0168591606024906       -4.5593827684865328E-002
   1.0231360690012714       -4.3008429056687454E-002
   1.0294129774000522       -3.5535057919559881E-002
   1.0356898857988328       -2.4016184458163933E-002
   1.0419667941976136       -9.7588484747145321E-003
   1.0482437025963944        5.6128653932160178E-003
   1.0545206109951752        2.0341768373215975E-002
   1.0607975193939561        3.2738560298448349E-002
   1.0670744277927369        4.1376001300769537E-002
   1.0733513361915177        4.5254522572597933E-002
   1.0796282445902985        4.3919449830328632E-002
   1.0859051529890793        3.7516289386774128E-002
   1.0921820613878601        2.6776846945236916E-002
   1.0984589697866409        1.2937470384438097E-002
   1.1047358781854217       -2.4018876152613962E-003
   1.1110127865842025       -1.7461708442213411E-002
   1.1172896949829834       -3.0489150319868985E-002
   1.1235666033817642       -3.9962479624833104E-002
   1.1298435117805450       -4.4769932350353564E-002
   1.1361204201793258       -4.4341743935541827E-002
   1.1423973285781066       -3.8719601571317729E-002
   1.1486742369768874       -2.8554741350290645E-002
   1.1549511453756682       -1.5034429043111726E-002
   1.1612280537744490        2.5520962598097740E-004
   1.1675049621732299        1.5514246897080156E-002
   1.1737818705720107        2.8940539363369475E-002
   1.1800587789707915        3.8942890659099345E-002
   1.1863356873695723        4.4330656604557393E-002
   1.1926125957683531        4.4456180966474232E-002
   1.1988895041671339        3.9293135784865145E-002
   1.2051664125659147        2.9445358941286217E-002
   1.2114433209646955        1.6079324397288056E-002
   1.2177202293634763        7.8809950736003214E-004
   1.2239971377622572       -1.4597018970262398E-002
   1.2302740461610380       -2.8225310372744717E-002
   1.2365509545598188       -3.8449685621730505E-002
   1.2428278629585996       -4.4027155103765404E-002
   1.2491047713573804       -4.4272084401532803E-002
   1.2553816797561612       -3.9143154116566443E-002
   1.2616585881549420       -2.9252646774381785E-002
   1.2679354965537226       -1.5796111857125913E-002
   1.2742124049525034       -4.1008671462752696E-004
   1.2804893133512842        1.5025446075297313E-002
   1.2867662217500651        2.8616246409393940E-002
   1.2930431301488459        3.8686752999745971E-002
   1.2993200385476267        4.3988105450833238E-002
   1.3055969469464075        4.3855232042333492E-002
   1.3118738553451883        3.8293012366994721E-002
   1.3181507637439691        2.7980016141563192E-002
   1.3244276721427499        1.4188482952570839E-002
   1.3307045805415307       -1.3704125994064319E-003
   1.3369814889403115       -1.6757457172939184E-002
   1.3432583973390924       -3.0046673981359035E-002
   1.3495353057378732       -3.9567002166074700E-002
   1.3558122141366540       -4.4113996451830423E-002
   1.3620891225354348       -4.3104638686589800E-002
   1.3683660309342156       -3.6655696734108081E-002
   1.3746429393329964       -2.5573303670653736E-002
   1.3809198477317772       -1.1253177387934524E-002
   1.3871967561305580        4.4937085073850410E-003
   1.3934736645293389        1.9669120324078110E-002
   1.3997505729281197        3.2340973354310298E-002
   1.4060274813269005        4.0889957029550193E-002
   1.4123043897256813        4.4217870355586442E-002
   1.4185812981244621        4.1890657636951628E-002
   1.4248582065232429        3.4197302302906997E-002
   1.4311351149220237        2.2116299168494724E-002
   1.4374120233208045        7.1932753431811439E-003
   1.4436889317195853       -8.6552302477908329E-003
   1.4499658401183662       -2.3387105008519961E-002
   1.4562427485171470       -3.5097838313382111E-002
   1.4625196569159278       -4.2267603406862704E-002
   1.4687965653147086       -4.3960100073377500E-002
   1.4750734737134894       -3.9946929645485005E-002
   1.4813503821122702       -3.0740735840680090E-002
   1.4876272905110510       -1.7532035469046029E-002
   1.4939041989098316       -2.0372160125696637E-003
   1.5001811073086124        1.3723173918097744E-002
   1.5064580157073932        2.7687363323450020E-002
   1.5127349241061741        3.8022410392036333E-002
   1.5190118325049549        4.3365929919678449E-002
   1.5252887409037357        4.3007517449285833E-002
   1.5315656493025165        3.6985407447177286E-002
   1.5378425577012973        2.6085172072855767E-002
   1.5441194661000781        1.1740071851374701E-002
   1.5503963744988589       -4.1569505917095680E-003
   1.5566732828976397       -1.9503346573535175E-002
   1.5629501912964205       -3.2265002822754518E-002
   1.5692270996952014       -4.0746303910577424E-002
   1.5755040080939822       -4.3816412715738731E-002
   1.5817809164927630       -4.1061445578244607E-002
   1.5880578248915438       -3.2841874153107936E-002
   1.5943347332903246       -2.0247003090619532E-002
   1.6006116416891054       -4.9520285434373305E-003
   1.6068885500878862        1.1003750195720219E-002
   1.6131654584866670        2.5488350875718845E-002
   1.6194423668854478        3.6562095214892162E-002
   1.6257192752842287        4.2738062809397258E-002
   1.6319961836830095        4.3182941218413304E-002
   1.6382730920817903        3.7830992204733176E-002
   1.6445500004805711        2.7395343871799434E-002
   1.6508269088793519        1.3274544506598431E-002
   1.6571038172781327       -2.6336011464147446E-003
   1.6633807256769135       -1.8186302775495003E-002
   1.6696576340756943       -3.1284208044671948E-002
   1.6759345424744752       -4.0155184630895110E-002
   1.6822114508732560       -4.3595050401146793E-002
   1.6884883592720368       -4.1132423642261808E-002
   1.6947652676708176       -3.3094941474475663E-002
   1.7010421760695984       -2.0567339677781901E-002
   1.7073190844683792       -5.2465104724424977E-003
   1.7135959928671600        1.0787338328379520E-002
   1.7198729012659408        2.5353278514679171E-002
   1.7261498096647214        3.6467649587972897E-002
   1.7324267180635022        4.2614824856413866E-002
   1.7387036264622830        4.2954486978797321E-002
   1.7449805348610639        3.7437292410779970E-002
   1.7512574432598447        2.6812857117126894E-002
   1.7575343516586255        1.2528710200306905E-002
   1.7638112600574063       -3.4662880114717932E-003
   1.7700881684561871       -1.8987446356061012E-002
   1.7763650768549679       -3.1912551982230114E-002
   1.7826419852537487       -4.0472263846149437E-002
   1.7889188936525295       -4.3492828957298703E-002
   1.7951958020513104       -4.0557753312403390E-002
   1.8014727104500912       -3.2066066263191230E-002
   1.8077496188488720       -1.9178911855692749E-002
   1.8140265272476528       -3.6615027008254125E-003
   1.8203034356464336        1.2358159555177746E-002
   1.8265803440452144        2.6680879811079805E-002
   1.8328572524439952        3.7338267885818295E-002
   1.8391341608427760        4.2863642856677160E-002
   1.8454110692415568        4.2494525742705083E-002
   1.8516879776403377        3.6278651830419686E-002
   1.8579648860391185        2.5068689311048772E-002
   1.8642417944378993        1.0406047313961305E-002
   1.8705187028366801       -5.6904303522817999E-003
   1.8767956112354609       -2.1002125112131235E-002
   1.8830725196342417       -3.3416283665220356E-002
   1.8893494280330225       -4.1218386594968230E-002
   1.8956263364318033       -4.3332245928584125E-002
   1.9019032448305841       -3.9467355157469790E-002
   1.9081801532293650       -3.0158034378052929E-002
   1.9144570616281458       -1.6689304113921034E-002
   1.9207339700269266       -9.1920121767848301E-004
   1.9270108784257074        1.4977700240173792E-002
   1.9332877868244882        2.8810227718163363E-002
   1.9395646952232690        3.8672569941758189E-002
   1.9458416036220498        4.3206692375161199E-002
   1.9521185120208304        4.1789072030518043E-002
   1.9583954204196112        3.4616129969777566E-002
   1.9646723288183920        2.2676686716296121E-002
   1.9709492372171729        7.6153557618485182E-003
   1.9772261456159537       -8.4942171938573140E-003
   1.9835030540147345       -2.3434971005060388E-002
   1.9897799624135153       -3.5151545382373049E-002
   1.9960568708122961       -4.2032909742544693E-002
   2.0023337792110771       -4.3133652281883830E-002
   2.0086106876098579       -3.8303572715280711E-002
   2.0148875960086388       -2.8207844728237192E-002
   2.0211645044074196       -1.4235102930182332E-002
   2.0274414128062004        1.6938214508609572E-003
   2.0337183212049812        1.7390112377773874E-002
   2.0399952296037620        3.0697796611298275E-002
   2.0462721380025428        3.9789789579146286E-002
   2.0525490464013236        4.3418583706804730E-002
   2.0588259548001044        4.1087141461123036E-002
   2.0651028631988853        3.3117324229815406E-002
   2.0713797715976656        2.0605971147498868E-002
   2.0776566799964464        5.2709106440107321E-003
   2.0839335883952272       -1.0786110595587498E-002
   2.0902104967940081       -2.5367775806737634E-002
   2.0964874051927889       -3.6481847415656785E-002
   2.1027643135915697       -4.2612810323181698E-002
   2.1090412219903505       -4.2927641825254804E-002
   2.1153181303891313       -3.7387832459575304E-002
   2.1215950387879121       -2.6752799162741338E-002
   2.1278719471866929       -1.2474612313829047E-002
   2.1341488555854737        3.5011890173155306E-003
   2.1404257639842545        1.9001268547470817E-002
   2.1467026723830354        3.1920278105566385E-002
   2.1529795807818162        4.0506501591507316E-002
   2.1592564891805970        4.3598633994889169E-002
   2.1655333975793778        4.0781805476790035E-002
   2.1718103059781586        3.2442020891002961E-002
   2.1780872143769394        1.9712055676618396E-002
   2.1843641227757202        4.3165365732894256E-003
   2.1906410311745010       -1.1662455194219533E-002
   2.1969179395732819       -2.6067312279229465E-002
   2.2031948479720627       -3.6956129866141225E-002
   2.2094717563708435       -4.2863953090415241E-002
   2.2157486647696243       -4.2998958626730067E-002
   2.2220255731684051       -3.7347440138228223E-002
   2.2283024815671859       -2.6673809599719555E-002
   2.2345793899659667       -1.2416102899049236E-002
   2.2408562983647475        3.5085909397266418E-003
   2.2471332067635283        1.8963347844818457E-002
   2.2534101151623092        3.1879261606868839E-002
   2.2596870235610900        4.0532020927606181E-002
   2.2659639319598708        4.3770974919011482E-002
   2.2722408403586516        4.1170549951924255E-002
   2.2785177487574324        3.3084295660671788E-002
   2.2847946571562132        2.0594965418236463E-002
   2.2910715655549940        5.3679086880594517E-003
   2.2973484739537748       -1.0572168215887155E-002
   2.3036253823525557       -2.5110990823136000E-002
   2.3099022907513365       -3.6325040031929004E-002
   2.3161791991501173       -4.2735256505274259E-002
   2.3224561075488981       -4.3500777119079605E-002
   2.3287330159476789       -3.8527503545767568E-002
   2.3350099243464597       -2.8477728491490144E-002
   2.3412868327452405       -1.4680160101415953E-002
   2.3475637411440213        1.0472026578018879E-003
   2.3538406495428021        1.6637551677884971E-002
   2.3601175579415830        3.0047174034837310E-002
   2.3663944663403638        3.9522977796622491E-002
   2.3726713747391446        4.3830669721619364E-002
   2.3789482831379254        4.2414026219574658E-002
   2.3852251915367062        3.5464905906125728E-002
   2.3915020999354870        2.3895442032621030E-002
   2.3977790083342678        9.2166450606308136E-003
   2.4040559167330486       -6.6602062683474711E-003
   2.4103328251318294       -2.1673271294741763E-002
   2.4166097335306103       -3.3879430188870921E-002
   2.4228866419293911       -4.1707032673370427E-002
   2.4291635503281719       -4.4156202536360489E-002
   2.4354404587269527       -4.0923618433139727E-002
   2.4417173671257335       -3.2436833811923665E-002
   2.4479942755245143       -1.9794587844137651E-002
   2.4542711839232951       -4.6218435976939122E-003
   2.4605480923220759        1.1141015278353225E-002
   2.4668250007208568        2.5487238472045298E-002
   2.4731019091196376        3.6598947411771332E-002
   2.4793788175184184        4.3076137761449904E-002
   2.4856557259171992        4.4110779591478785E-002
   2.4919326343159800        3.9584676439536247E-002
   2.4982095427147608        3.0079623527927899E-002
   2.5044864511135416        1.6799595509185829E-002
   2.5107633595123224        1.4157081872378816E-003
   2.5170402679111032       -1.4145771812561306E-002
   2.5233171763098841       -2.7945287357202489E-002
   2.5295940847086644       -3.8271272726529713E-002
   2.5358709931074452       -4.3850921639212795E-002
   2.5421479015062260       -4.4004679310103191E-002
   2.5484248099050069       -3.8726030738446729E-002
   2.5547017183037877       -2.8677606875187906E-002
   2.5609786267025685       -1.5105067695222714E-002
   2.5672555351013493        3.1971731320241671E-004
   2.5735324435001301        1.5706175549083212E-002
   2.5798093518989109        2.9177264203301068E-002
   2.5860862602976917        3.9098018415854294E-002
   2.5923631686964725        4.4273175816372988E-002
   2.5986400770952534        4.4088652107319319E-002
   2.6049169854940342        3.8580858604196036E-002
   2.6111938938928150        2.8427081234336932E-002
   2.6174708022915958        1.4858984112901657E-002
   2.6237477106903766       -4.8941517283018754E-004
   2.6300246190891574       -1.5780217642062284E-002
   2.6363015274879382       -2.9192291857864202E-002
   2.6425784358867190       -3.9137534295189097E-002
   2.6488553442854998       -4.4447176363806191E-002
   2.6551322526842807       -4.4506478978606413E-002
   2.6614091610830615       -3.9322657472782289E-002
   2.6676860694818423       -2.9518924215365484E-002
   2.6739629778806231       -1.6256391110295414E-002
   2.6802398862794039       -1.0939195985059311E-003
   2.6865167946781847        1.4196840979640675E-002
   2.6927937030769655        2.7839134640561973E-002
   2.6990706114757463        3.8257048177688040E-002
   2.7053475198745272        4.4255977786541355E-002
   2.7116244282733080        4.5157095093835670E-002
   2.7179013366720888        4.0871045949037774E-002
   2.7241782450708696        3.1903209830017244E-002
   2.7304551534696504        1.9290955406689805E-002
   2.7367320618684312        4.4809110278877760E-003
   2.7430089702672120       -1.0838829405820514E-002
   2.7492858786659928       -2.4932061081433775E-002
   2.7555627870647736       -3.6210892694500542E-002
   2.7618396954635545       -4.3413845312036368E-002
   2.7681166038623353       -4.5747042473611783E-002
   2.7743935122611161       -4.2967229475566748E-002
   2.7806704206598969       -3.5402401270682553E-002
   2.7869473290586777       -2.3909210241185266E-002
   2.7932242374574585       -9.7723534401915699E-003
   2.7995011458562393        5.4416802376229699E-003
   2.8057780542550201        2.0059759071207647E-002
   2.8120549626538009        3.2486272217132434E-002
   2.8183318710525818        4.1376187111273374E-002
   2.8246087794513626        4.5778233160769843E-002
   2.8308856878501434        4.5233408703391702E-002
   2.8371625962489242        3.9818845976615308E-002
   2.8434395046477050        3.0133518575786986E-002
   2.8497164130464858        1.7228220471391310E-002
   2.8559933214452666        2.4885567538882112E-003
   2.8622702298440474       -1.2515968041715673E-002
   2.8685471382428283       -2.6199862001513106E-002
   2.8748240466416091       -3.7128839866970346E-002
   2.8811009550403899       -4.4168371294862827E-002
   2.8873778634391707       -4.6598838289794671E-002
   2.8936547718379515       -4.4185399933412896E-002
   2.8999316802367323       -3.7196861433827624E-002
   2.9062085886355131       -2.6371721036381284E-002
   2.9124854970342939       -1.2837088365709761E-002
   2.9187624054330747        2.0119276298663719E-003
   2.9250393138318556        1.6656735418955921E-002
   2.9313162222306364        2.9612305358447472E-002
   2.9375931306294172        3.9555721215801601E-002
   2.9438700390281980        4.5392782498813657E-002
   2.9501469474269788        4.6412431151065359E-002
   2.9564238558257596        4.2400158762373505E-002
   2.9627007642245404        3.3693519292040307E-002
   2.9689776726233212        2.1179978483469631E-002
   2.9752545810221021        6.2266139786856514E-003
   2.9815314894208829       -9.4540226505453618E-003
   2.9878083978196632       -2.3992938157185312E-002
   2.9940853062184440       -3.5588331442291544E-002
   3.0003622146172249       -4.2738597285281947E-002
   3.0066391230160057       -4.4453577905968725E-002
   3.0129160314147865       -4.0413789508038547E-002
   3.0191929398135673       -3.1050186829928574E-002
   3.0254698482123481       -1.7526416179189260E-002
   3.0317467566111289       -1.6168705241926820E-003
   3.0380236650099097        1.4510643619868634E-002
   3.0443005734086905        2.8584384342882907E-002
   3.0505774818074713        3.8552957852924646E-002
   3.0568543902062522        4.2898680433685776E-002
   3.0631312986050330        4.0890663850508269E-002
   3.0694082070038138        3.2733768922113209E-002
   3.0756851154025946        1.9581118574342953E-002
   3.0819620238013754        3.3979207754708872E-003
   3.0882389322001562       -1.3313504813601931E-002
   3.0945158405989370       -2.7892272940466034E-002
   3.1007927489977178       -3.7946491131716949E-002
   3.1070696573964987       -4.1763988948921874E-002
   3.1133465657952795       -3.8662393496000480E-002
   3.1196234741940603       -2.9159757672688615E-002
   3.1259003825928411       -1.4838709752019428E-002
   3.1321772909916219        1.9305481393067977E-003
   3.1384541993904027        1.8382806596095445E-002
   3.1447311077891835        3.1815329066224890E-002
   3.1510080161879643        4.0030352007767389E-002
   3.1572849245867451        4.1692471486341726E-002
   3.1635618329855260        3.6541902475389652E-002
   3.1698387413843068        2.5431084166468401E-002
   3.1761156497830876        1.0179604661316451E-002
   3.1823925581818684       -6.7267601275531044E-003
   3.1886694665806492       -2.2543041709579256E-002
   3.1949463749794300       -3.4710865780467511E-002
   3.2012232833782108       -4.1270898276688520E-002
   3.2075001917769916       -4.1175472121767899E-002
   3.2137771001757724       -3.4452190345401319E-002
   3.2200540085745533       -2.2193420463780592E-002
   3.2263309169733341       -6.3751539196024495E-003
   3.2326078253721149        1.0464302291632196E-002
   3.2388847337708957        2.5633011870907479E-002
   3.2451616421696765        3.6715564720724257E-002
   3.2514385505684573        4.1955923963790533E-002
   3.2577154589672381        4.0532650358253174E-002
   3.2639923673660189        3.2683815961340644E-002
   3.2702692757647998        1.9663296481157170E-002
   3.2765461841635806        3.5369396829473430E-003
   3.2828230925623614       -1.3147597981628014E-002
   3.2891000009611422       -2.7761925383391495E-002
   3.2953769093599230       -3.8004912448175339E-002
   3.3016538177587038       -4.2263680572685682E-002
   3.3079307261574846       -3.9867639532024081E-002
   3.3142076345562654       -3.1194050257026963E-002
   3.3204845429550462       -1.7608642084185173E-002
   3.3267614513538271       -1.2505695232943974E-003
   3.3330383597526079        1.5304418881506555E-002
   3.3393152681513887        2.9449550630812608E-002
   3.3455921765501695        3.8957505964112411E-002
   3.3518690849489503        4.2331127126686185E-002
   3.3581459933477311        3.9039184015693326E-002
   3.3644229017465119        2.9600014817893826E-002
   3.3706998101452927        1.5499932212625602E-002
   3.3769767185440736       -1.0408293294856543E-003
   3.3832536269428544       -1.7417693116616062E-002
   3.3895305353416352       -3.1051891002402170E-002
   3.3958074437404160       -3.9796499934618493E-002
   3.4020843521391968       -4.2274545392995758E-002
   3.4083612605379776       -3.8095792294386664E-002
   3.4146381689367584       -2.7918252028467969E-002
   3.4209150773355392       -1.3344510748704701E-002
   3.4271919857343200        3.3305313848792581E-003
   3.4334688941331009        1.9481148793291821E-002
   3.4397458025318817        3.2564067833891992E-002
   3.4460227109306620        4.0519278318517600E-002
   3.4522996193294428        4.2093699732683655E-002
   3.4585765277282237        3.7042119814055863E-002
   3.4648534361270045        2.6180734715983766E-002
   3.4711303445257853        1.1234963516573236E-002
   3.4774072529245661       -5.4550198994812154E-003
   3.4836841613233469       -2.1306770960779459E-002
   3.4899610697221277       -3.3896056980331386E-002
   3.4962379781209085       -4.1323822556810864E-002
   3.5025148865196893       -4.2495087691190384E-002
   3.5087917949184702       -3.7269866951013857E-002
   3.5150687033172510       -2.6467362992296468E-002
   3.5213456117160318       -1.1726917322443025E-002
   3.5276225201148126        4.7492709748469348E-003
   3.5338994285135934        2.0530294643503665E-002
   3.5401763369123742        3.3316131188831553E-002
   3.5464532453111550        4.1269553814776684E-002
   3.5527301537099358        4.3273007355887655E-002
   3.5590070621087166        3.9075779618447284E-002
   3.5652839705074975        2.9313690155303336E-002
   3.5715608789062783        1.5402455865049623E-002
   3.5778377873050591       -6.7632698326250168E-004
   3.5841146957038399       -1.6663144377339404E-002
   3.5903916041026207       -3.0339984819467966E-002
   3.5966685125014015       -3.9835902631956716E-002
   3.6029454209001823       -4.3877068122337402E-002
   3.6092223292989631       -4.1948835968418953E-002
   3.6154992376977440       -3.4350607605423321E-002
   3.6217761460965248       -2.2139559329745286E-002
   3.6280530544953056       -6.9743805958061905E-003
   3.6343299628940864        9.1170592654817115E-003
   3.6406068712928672        2.4015773229579651E-002
   3.6468837796916480        3.5796981804861891E-002
   3.6531606880904288        4.2974515866121873E-002
   3.6594375964892096        4.4678287472478061E-002
   3.6657145048879904        4.0746719568841717E-002
   3.6719914132867713        3.1726215936205338E-002
   3.6782683216855521        1.8782337678500325E-002
   3.6845452300843329        3.5379580330513233E-003
   3.6908221384831137       -1.2138054821331099E-002
   3.6970990468818945       -2.6363439321415553E-002
   3.7033759552806753       -3.7467282761017219E-002
   3.7096528636794561       -4.4180467150027845E-002
   3.7159297720782369       -4.5771059652101528E-002
   3.7222066804770177       -4.2111652375162116E-002
   3.7284835888757986       -3.3674414050284943E-002
   3.7347604972745794       -2.1458228259506256E-002
   3.7410374056733602       -6.8598049158056272E-003
   3.7473143140721410        8.4937763447969217E-003
   3.7535912224709218        2.2930409604431653E-002
   3.7598681308697026        3.4914894685067886E-002
   3.7661450392684834        4.3207900916085472E-002
   3.7724219476672642        4.6986227801614516E-002
   3.7786988560660451        4.5913791777525345E-002
   3.7849757644648259        4.0158770676785138E-002
   3.7912526728636067        3.0358214990901040E-002
   3.7975295812623875        1.7536947802967506E-002
   3.8038064896611683        2.9914182646835347E-003
   3.8100833980599491       -1.1846426862825887E-002
   3.8163603064587299       -2.5542707818893829E-002
   3.8226372148575107       -3.6788795643013447E-002
   3.8289141232562915       -4.4523189983851776E-002
   3.8351910316550724       -4.8028948241586211E-002
   3.8414679400538532       -4.6996243666791816E-002
   3.8477448484526340       -4.1545332153797632E-002
   3.8540217568514148       -3.2208655362725817E-002
   3.8602986652501956       -1.9874846555092366E-002
   3.8665755736489764       -5.7008097723258728E-003
   3.8728524820477572        8.9991630444545591E-003
   3.8791293904465380        2.2876417207385126E-002
   3.8854062988453189        3.4671533611236913E-002
   3.8916832072440997        4.3327192970240520E-002
   3.8979601156428805        4.8080390022528958E-002
   3.9042370240416608        4.8526188326143797E-002
   3.9105139324404417        4.4648102300268201E-002
   3.9167908408392225        3.6813233321840000E-002
   3.9230677492380033        2.5733604503481899E-002
   3.9293446576367841        1.2397943777489897E-002
   3.9356215660355649       -2.0192048040479716E-003
   3.9418984744343457       -1.6262596862291350E-002
   3.9481753828331265       -2.9105988124207036E-002
   3.9544522912319073       -3.9456981251953543E-002
   3.9607291996306881       -4.6447967813838247E-002
   3.9670061080294690       -4.9506011128470841E-002
   3.9732830164282498       -4.8396160622475926E-002
   3.9795599248270306       -4.3234133053683982E-002
   3.9858368332258114       -3.4457637985291237E-002
   3.9921137416245922       -2.2782681981195346E-002
   3.9983906500233730       -9.1773311655160457E-003
   4.0046675584221543        5.2103100717639196E-003
   4.0109444668209351        1.9148207026859973E-002
   4.0172213752197159        3.1425303011130223E-002
   4.0234982836184967        4.0958285372367363E-002
   4.0297751920172775        4.6889778925273858E-002
   4.0360521004160583        4.8669468628322138E-002
   4.0423290088148391        4.6109814122106386E-002
   4.0486059172136200        3.9410684859127930E-002
   4.0548828256124008        2.9149341318586180E-002
   4.0611597340111816        1.6235637351269993E-002
   4.0674366424099624        1.8352388974470781E-003
   4.0737135508087432       -1.2732979145476513E-002
   4.0799904592075240       -2.6116713830619233E-002
   4.0862673676063048       -3.7056387393704385E-002
   4.0925442760050856       -4.4505964993593605E-002
   4.0988211844038664       -4.7736638725334332E-002
   4.1050980928026473       -4.6412871244486148E-002
   4.1113750012014281       -4.0632465103235593E-002
   4.1176519096002089       -3.0925600247441863E-002
   4.1239288179989897       -1.8211550953852313E-002
   4.1302057263977705       -3.7160058085924609E-003
   4.1364826347965504        1.1144100113799807E-002
   4.1427595431953312        2.4897749834247623E-002
   4.1490364515941121        3.6165936342150075E-002
   4.1553133599928929        4.3802162485582045E-002
   4.1615902683916737        4.7012886526864750E-002
   4.1678671767904545        4.5444932022627754E-002
   4.1741440851892353        3.9229839775303608E-002
   4.1804209935880161        2.8979217627077940E-002
   4.1866979019867969        1.5730074725124076E-002
   4.1929748103855777        8.4433239813762751E-004
   4.1992517187843585       -1.4128273432912264E-002
   4.2055286271831394       -2.7610466083818348E-002
   4.2118055355819202       -3.8164464565121001E-002
   4.2180824439807010       -4.4648061392713413E-002
   4.2243593523794818       -4.6342564579237716E-002
   4.2306362607782626       -4.3037886855212690E-002
   4.2369131691770434       -3.5064233833500075E-002
   4.2431900775758242       -2.3265355497281068E-002
   4.2494669859746050       -8.9146209406958162E-003
   4.2557438943733858        6.4184157366860579E-003
   4.2620208027721667        2.1037477671104195E-002
   4.2682977111709475        3.3307064190845330E-002
   4.2745746195697283        4.1837329030434627E-002
   4.2808515279685091        4.5645291963298536E-002
   4.2871284363672899        4.4273317691237331E-002
   4.2934053447660707        3.7850094636267401E-002
   4.2996822531648515        2.7085473165132393E-002
   4.3059591615636323        1.3197963327206266E-002
   4.3122360699624132       -2.2185308901366547E-003
   4.3185129783611940       -1.7374732146292423E-002
   4.3247898867599748       -3.0492916059676058E-002
   4.3310667951587556       -4.0016622367122195E-002
   4.3373437035575364       -4.4797391369847193E-002
   4.3436206119563172       -4.4238471323717610E-002
   4.3498975203550980       -3.8376612998685750E-002
   4.3561744287538788       -2.7888674486735401E-002
   4.3624513371526596       -1.4020436666517040E-002
   4.3687282455514405        1.5558200924402181E-003
   4.3750051539502213        1.6939445525007077E-002
   4.3812820623490021        3.0232313813145242E-002
   4.3875589707477829        3.9774595686662868E-002
   4.3938358791465637        4.4356037968447386E-002
   4.4001127875453445        4.3375395475966284E-002
   4.4063896959441253        3.6926422601662491E-002
   4.4126666043429061        2.5797379154059857E-002
   4.4189435127416870        1.1381795127223013E-002
   4.4252204211404678       -4.4905236101430400E-003
   4.4314973295392486       -1.9782466433086378E-002
   4.4377742379380294       -3.2510501482069715E-002
   4.4440511463368102       -4.1004096857387352E-002
   4.4503280547355910       -4.4129675410987355E-002
   4.4566049631343718       -4.1448395255066488E-002
   4.4628818715331526       -3.3285253004474144E-002
   4.4691587799319334       -2.0697681867764231E-002
   4.4754356883307143       -5.3455683561107678E-003
   4.4817125967294951        1.0722824555451206E-002
   4.4879895051282759        2.5341507320338758E-002
   4.4942664135270567        3.6519662553169907E-002
   4.5005433219258375        4.2715208937948494E-002
   4.5068202303246183        4.3057831147702182E-002
   4.5130971387233991        3.7498442123495908E-002
   4.5193740471221799        2.6803212553441765E-002
   4.5256509555209607        1.2439809218267263E-002
   4.5319278639197416       -3.6247719987512099E-003
   4.5382047723185224       -1.9194477534432618E-002
   4.5444816807173032       -3.2144350875981054E-002
   4.5507585891160840       -4.0710320248805228E-002
   4.5570354975148648       -4.3728613539961415E-002
   4.5633124059136456       -4.0792803736208832E-002
   4.5695893143124264       -3.2307161971360222E-002
   4.5758662227112072       -1.9429726747062045E-002
   4.5821431311099881       -3.9130980129083882E-003
   4.5884200395087689        1.2134861401072741E-002
   4.5946969479075497        2.6537755764745305E-002
   4.6009738563063305        3.7345667795901420E-002
   4.6072507647051113        4.3098565302053825E-002
   4.6135276731038921        4.3022532913368702E-002
   4.6198045815026729        3.7132651256685904E-002
   4.6260814899014537        2.6228970092010823E-002
   4.6323583983002345        1.1786610145950206E-002
   4.6386353066990154       -4.2447822468524949E-003
   4.6449122150977962       -1.9704808296299465E-002
   4.6511891234965770       -3.2513571490556455E-002
   4.6574660318953578       -4.0951127832320737E-002
   4.6637429402941386       -4.3887629476514228E-002
   4.6700198486929194       -4.0933505634034556E-002
   4.6762967570917002       -3.2489812801720995E-002
   4.6825736654904810       -1.9692798485364642E-002
   4.6888505738892619       -4.2602767186749966E-003
   4.6951274822880427        1.1742011698970489E-002
   4.7014043906868235        2.6177850620779163E-002
   4.7076812990856043        3.7125476576376056E-002
   4.7139582074843851        4.3132526553731759E-002
   4.7202351158831659        4.3407176252082243E-002
   4.7265120242819467        3.7920587179681983E-002
   4.7327889326807275        2.7407641181706528E-002
   4.7390658410795083        1.3266572763669651E-002
   4.7453427494782892       -2.6285603269356997E-003
   4.7516196578770700       -1.8177209164679960E-002
   4.7578965662758508       -3.1330177590610568E-002
   4.7641734746746316       -4.0359195755642792E-002
   4.7704503830734124       -4.4082831998002454E-002
   4.7767272914721932       -4.2019373543678386E-002
   4.7830041998709740       -3.4447124670910996E-002
   4.7892811082697548       -2.2364858169066349E-002
   4.7955580166685357       -7.3582732868018386E-003
   4.8018349250673165        8.6094560668927237E-003
   4.8081118334660973        2.3455207621273358E-002
   4.8143887418648781        3.5247643080621185E-002
   4.8206656502636589        4.2457707922696895E-002
   4.8269425586624397        4.4155514203499877E-002
   4.8332194670612205        4.0128436063290016E-002
   4.8394963754600013        3.0905677158361507E-002
   4.8457732838587821        1.7686757355257571E-002
   4.8520501922575630        2.1838759090807894E-003
   4.8583271006563438       -1.3601145338661063E-002
   4.8646040090551246       -2.7637197333350273E-002
   4.8708809174539054       -3.8125903753622604E-002
   4.8771578258526862       -4.3730740972931163E-002
   4.8834347342514670       -4.3745083723915196E-002
   4.8897116426502478       -3.8178487466529895E-002
   4.8959885510490286       -2.7751039028538215E-002
   4.9022654594478094       -1.3797448197228439E-002
   4.9085423678465903        1.9060216068049704E-003
   4.9148192762453711        1.7369071405738776E-002
   4.9210961846441519        3.0640025744188702E-002
   4.9273730930429327        4.0051517301673063E-002
   4.9336500014417135        4.4428362667027328E-002
   4.9399269098404943        4.3231927202272417E-002
   4.9462038182392751        3.6623560058083905E-002
   4.9524807266380559        2.5440018427426239E-002
   4.9587576350368368        1.1084872849911758E-002
   4.9650345434356176       -4.6497036334528829E-003
   4.9713114518343984       -1.9807891807470387E-002
   4.9775883602331792       -3.2513551009733722E-002
   4.9838652686319600       -4.1201624791330348E-002
   4.9901421770307408       -4.4809194725106964E-002
   4.9964190854295216       -4.2903087692304942E-002
   5.0026959938283024       -3.5729030462262640E-002
   5.0089729022270832       -2.4177169616943363E-002
   5.0152498106258641       -9.6690655387338589E-003
   5.0215267190246449        6.0191922663221965E-003
   5.0278036274234257        2.0975470002740006E-002
   5.0340805358222065        3.3384093284659758E-002
   5.0403574442209873        4.1744322145150739E-002
   5.0466343526197681        4.5050497146664481E-002
   5.0529112610185480        4.2911225694317885E-002
   5.0591881694173289        3.5593560648020155E-002
   5.0654650778161097        2.3987563259740531E-002
   5.0717419862148905        9.4961375679871052E-003
   5.0780188946136713       -6.1359909991391915E-003
   5.0842958030124521       -2.1033149260554756E-002
   5.0905727114112329       -3.3413856687273043E-002
   5.0968496198100137       -4.1803209343250256E-002
   5.1031265282087945       -4.5207269089834232E-002
   5.1094034366075753       -4.3229004754224351E-002
   5.1156803450063562       -3.6112486543800150E-002
   5.1219572534051370       -2.4710689640410666E-002
   5.1282341618039178       -1.0381365095778560E-002
   5.1345110702026986        5.1760970421449014E-003
   5.1407879786014794        2.0123045379058974E-002
   5.1470648870002602        3.2698993100789234E-002
   5.1533417953990410        4.1428370540647269E-002
   5.1596187037978218        4.5292402071014308E-002
   5.1658956121966026        4.3846239624333656E-002
   5.1721725205953835        3.7268104343654705E-002
   5.1784494289941643        2.6335268765842718E-002
   5.1847263373929451        1.2330309908762807E-002
   5.1910032457917259       -3.1108518429585970E-003
   5.1972801541905067       -1.8190953469712175E-002
   5.2035570625892875       -3.1160799085355451E-002
   5.2098339709880683       -4.0521656226021642E-002
   5.2161108793868491       -4.5197287526513544E-002
   5.2223877877856300       -4.4656007737009847E-002
   5.2286646961844108       -3.8969131008078570E-002
   5.2349416045831916       -2.8799628007945572E-002
   5.2412185129819724       -1.5322906862496337E-002
   5.2474954213807532       -8.9387267151932998E-005
   5.2537723297795340        1.5154886422295786E-002
   5.2600492381783148        2.8668733607985265E-002
   5.2663261465770956        3.8914364186575227E-002
   5.2726030549758764        4.4731361529046068E-002
   5.2788799633746573        4.5466550406659235E-002
   5.2851568717734381        4.1045411185993447E-002
   5.2914337801722189        3.1977454210775358E-002
   5.2977106885709997        1.9295542047066124E-002
   5.3039875969697805        4.4365768041247288E-003
   5.3102645053685613       -1.0922468816414855E-002
   5.3165414137673421       -2.5054360380110996E-002
   5.3228183221661229       -3.6375688445929519E-002
   5.3290952305649038       -4.3623474858368004E-002
   5.3353721389636846       -4.5994663116283287E-002
   5.3416490473624654       -4.3233295619945392E-002
   5.3479259557612462       -3.5656068098885899E-002
   5.3542028641600270       -2.4114055924588894E-002
   5.3604797725588078       -9.8953090133736196E-003
   5.3667566809575886        5.4201452058348174E-003
   5.3730335893563694        2.0136842637812749E-002
   5.3793104977551502        3.2630481063756399E-002
   5.3855874061539311        4.1519564307585487E-002
   5.3918643145527119        4.5817027560885452E-002
   5.3981412229514927        4.5041812684217086E-002
   5.4044181313502735        3.9274022200486959E-002
   5.4106950397490543        2.9148009033166705E-002
   5.4169719481478351        1.5783806044495897E-002
   5.4232488565466159        6.6423896553084423E-004
   5.4295257649453967       -1.4528964607283619E-002
   5.4358026733441775       -2.8101986562387139E-002
   5.4420795817429584       -3.8537960856639283E-002
   5.4483564901417392       -4.4667102916786314E-002
   5.4546333985405200       -4.5798798393726387E-002
   5.4609103069393008       -4.1800616748703959E-002
   5.4671872153380816       -3.3115091777473050E-002
   5.4734641237368624       -2.0712017561690100E-002
   5.4797410321356432       -5.9812552296692797E-003
   5.4860179405344240        9.4222280361762958E-003
   5.4922948489332049        2.3763904236882166E-002
   5.4985717573319857        3.5425050978017306E-002
   5.5048486657307665        4.3085942809877514E-002
   5.5111255741295473        4.5876065566058111E-002
   5.5174024825283281        4.3474187807094444E-002
   5.5236793909271089        3.6146622120086659E-002
   5.5299562993258897        2.4719040207529529E-002
   5.5362332077246705        1.0484574379332100E-002
   5.5425101161234513       -4.9415575339399540E-003
   5.5487870245222322       -1.9804944607199497E-002
   5.5550639329210130       -3.2410492341749683E-002
   5.5613408413197938       -4.1311648425309863E-002
   5.5676177497185746       -4.5478164370691666E-002
   5.5738946581173554       -4.4418289231850400E-002
   5.5801715665161362       -3.8239874906128929E-002
   5.5864484749149170       -2.7642941431631787E-002
   5.5927253833136978       -1.3843420461193662E-002
   5.5990022917124787        1.5639014819240941E-003
   5.6052792001112595        1.6788158398429266E-002
   5.6115561085100403        3.0050104541188769E-002
   5.6178330169088211        3.9790745874917238E-002
   5.6241099253076019        4.4856356149190049E-002
   5.6303868337063827        4.4637743147337601E-002
   5.6366637421051635        3.9146663620510426E-002
   5.6429406505039443        2.9019469090834582E-002
   5.6492175589027251        1.5446563815088443E-002
   5.6554944673015060        3.5071516358554381E-005
   5.6617713757002868       -1.5379762050595065E-002
   5.6680482840990676       -2.8952533179211239E-002
   5.6743251924978484       -3.9049187667747162E-002
   5.6806021008966292       -4.4445456492622722E-002
   5.6868790092954100       -4.4477898857818186E-002
   5.6931559176941908       -3.9128671855556740E-002
   5.6994328260929716       -2.9032786301151737E-002
   5.7057097344917524       -1.5406022871866905E-002
   5.7119866428905333        9.8859005407390149E-005
   5.7182635512893141        1.5590789624764101E-002
   5.7245404596880949        2.9170414918140399E-002
   5.7308173680868757        3.9160882795279822E-002
   5.7370942764856565        4.4310764727631610E-002
   5.7433711848844373        4.3957297920279866E-002
   5.7496480932832181        3.8118446832621777E-002
   5.7559250016819989        2.7500385911919906E-002
   5.7622019100807798        1.3418461430260873E-002
   5.7684788184795606       -2.3607909033773232E-003
   5.7747557268783414       -1.7838103832313854E-002
   5.7810326352771222       -3.1033976332631014E-002
   5.7873095436759030       -4.0243392762622211E-002
   5.7935864520746838       -4.4259909245177573E-002
   5.7998633604734646       -4.2539182145564659E-002
   5.8061402688722454       -3.5279189299008321E-002
   5.8124171772710262       -2.3404625000925730E-002
   5.8186940856698071       -8.4553215982491967E-003
   5.8249709940685879        7.6087771761160963E-003
   5.8312479024673687        2.2662046808723614E-002
   5.8375248108661495        3.4694396429550634E-002
   5.8438017192649303        4.2082107922464453E-002
   5.8500786276637111        4.3811555565251854E-002
   5.8563555360624919        3.9624419989459599E-002
   5.8626324444612727        3.0062881230308949E-002
   5.8689093528600536        1.6406355725259412E-002
   5.8751862612588344        5.0604732396618312E-004
   5.8814631696576152       -1.5462170398885857E-002
   5.8877400780563960       -2.9294114560876237E-002
   5.8940169864551768       -3.9062831169321251E-002
   5.9002938948539576       -4.3390491521903024E-002
   5.9065708032527384       -4.1646225089905627E-002
   5.9128477116515192       -3.4044437738608838E-002
   5.9191246200503000       -2.1629934402618199E-002
   5.9254015284490809       -6.1427081135520109E-003
   5.9316784368478617        1.0220158731353287E-002
   5.9379553452466425        2.5113244387440593E-002
   5.9442322536454233        3.6379437843004708E-002
   5.9505091620442041        4.2366128516881894E-002
   5.9567860704429849        4.2174161989105778E-002
   5.9630629788417657        3.5801209212835548E-002
   5.9693398872405457        2.4155666659837108E-002
   5.9756167956393265        8.9357434142517157E-003
   5.9818937040381073       -7.6116267762066526E-003
   5.9881706124368881       -2.3018884721872603E-002
   5.9944475208356689       -3.4965688830910072E-002
   6.0007244292344497       -4.1631747480757229E-002
   6.0070013376332305       -4.1980592807244879E-002
   6.0132782460320113       -3.5929165306942873E-002
   6.0195551544307921       -2.4374392739119712E-002
   6.0258320628295730       -9.0691327077000502E-003
   6.0321089712283538        7.6368694784559174E-003
   6.0383858796271346        2.3153952456350258E-002
   6.0446627880259154        3.5053801240199682E-002
   6.0509396964246962        4.1453039219708977E-002
   6.0572166048234770        4.1317941359716455E-002
   6.0634935132222578        3.4640253729786769E-002
   6.0697704216210386        2.2452633588075803E-002
   6.0760473300198194        6.6785076923287067E-003
   6.0823242384186003       -1.0164904815919768E-002
   6.0886011468173811       -2.5376631451430945E-002
   6.0948780552161619       -3.6510357464933765E-002
   6.1011549636149427       -4.1769331455068760E-002
   6.1074318720137235       -4.0298538344683048E-002
   6.1137087804125043       -3.2326401636693883E-002
   6.1199856888112851       -1.9132277577336532E-002
   6.1262625972100659       -2.8436817227436668E-003
   6.1325395056088468        1.3904929844861363E-002
   6.1388164140076276        2.8397493119858837E-002
   6.1450933224064084        3.8277165142990302E-002
   6.1513702308051892        4.1931117750544741E-002
   6.1576471392039700        3.8756168452237900E-002
   6.1639240476027508        2.9261194481627478E-002
   6.1702009560015316        1.4988441672958427E-002
   6.1764778644003124       -1.7345365962336096E-003
   6.1827547727990932       -1.8172893569690308E-002
   6.1890316811978741       -3.1631247223596164E-002
   6.1953085895966549       -3.9896378029022267E-002
   6.2015854979954357       -4.1602940275685327E-002
   6.2078624063942165       -3.6461600808893393E-002
   6.2141393147929973       -2.5310922282242302E-002
   6.2204162231917781       -9.9834707502161925E-003
   6.2266931315905589        6.9932267503874136E-003
   6.2329700399893397        2.2812068863719604E-002
   6.2392469483881206        3.4850668557812596E-002
   6.2455238567869014        4.1106629153574659E-002
   6.2518007651856822        4.0535343044507108E-002
   6.2580776735844630        3.3238839092058124E-002
   6.2643545819832438        2.0437642162316444E-002
   6.2706314903820246        4.2577182866889813E-003
   6.2769083987808054       -1.2625464327223385E-002
   6.2831853071795862       -2.7430763996017023E-002
