   6.2769083987808056E-003  -1.8189795650192402E-002
   1.2553816797561611E-002  -1.8657601614881949E-003
   1.8830725196342418E-002   1.4764624589367528E-002
   2.5107633595123222E-002   2.8983370225631837E-002
   3.1384541993904030E-002   3.8476143403295054E-002
   3.7661450392684835E-002   4.1706697620348822E-002
   4.3938358791465640E-002   3.8162019740175017E-002
   5.0215267190246445E-002   2.8429628448358536E-002
   5.6492175589027249E-002   1.4096152149911580E-002
   6.2769083987808061E-002  -2.5147336871758096E-003
   6.9045992386588859E-002  -1.8721174048534715E-002
   7.5322900785369670E-002  -3.1916722988815746E-002
   8.1599809184150468E-002  -3.9988450045519999E-002
   8.7876717582931280E-002  -4.1652707123957716E-002
   9.4153625981712077E-002  -3.6655606004944115E-002
  0.10043053438049289       -2.5807537085653722E-002
  0.10670744277927370       -1.0847815253841261E-002
  0.11298435117805450        5.8373188716279055E-003
  0.11926125957683531        2.1597188818498099E-002
  0.12553816797561612        3.3938013275691820E-002
  0.13181507637439691        4.0916177989600018E-002
  0.13809198477317772        4.1441492834649797E-002
  0.14436889317195853        3.5444136146371166E-002
  0.15064580157073934        2.3880769436998080E-002
  0.15692270996952015        8.5758207850532859E-003
  0.16319961836830094       -8.0702656830477001E-003
  0.16947652676708175       -2.3459355868559656E-002
  0.17575343516586256       -3.5201217715346886E-002
  0.18203034356464337       -4.1482896873227627E-002
  0.18830725196342415       -4.1345204656569087E-002
  0.19458416036220497       -3.4824652474570908E-002
  0.20086106876098578       -2.2940625016746503E-002
  0.20713797715976659       -7.5315992325267252E-003
  0.21341488555854740        9.0326174482345100E-003
  0.21969179395732819        2.4217121898691674E-002
  0.22596870235610900        3.5709758283073170E-002
  0.23224561075488981        4.1771278112653625E-002
  0.23852251915367062        4.1495090799012223E-002
  0.24479942755245140        3.4938378701179107E-002
  0.25107633595123224        2.3106335574916783E-002
  0.25735324435001306        7.7937249056997254E-003
  0.26363015274879381       -8.6906675468215039E-003
  0.26990706114757462       -2.3873902265306335E-002
  0.27618396954635543       -3.5489825876378812E-002
  0.28246087794513625       -4.1815458454351070E-002
  0.28873778634391706       -4.1923207602958763E-002
  0.29501469474269787       -3.5812500846165801E-002
  0.30129160314147868       -2.4402884070660755E-002
  0.30756851154025949       -9.3913064209082686E-003
  0.31384541993904030        7.0035967325686793E-003
  0.32012232833782106        2.2371715804943803E-002
  0.32639923673660187        3.4467855367909216E-002
  0.33267614513538268        4.1538593407990772E-002
  0.33895305353416350        4.2572478485307513E-002
  0.34522996193294431        3.7439327127357716E-002
  0.35150687033172512        2.6900329817540685E-002
  0.35778377873050593        1.2489648071978436E-002
  0.36406068712928674       -3.7133836947398496E-003
  0.37033759552806755       -1.9387025160321415E-002
  0.37661450392684831       -3.2300428813791991E-002
  0.38289141232562912       -4.0629570703961622E-002
  0.38916832072440993       -4.3211332028811382E-002
  0.39544522912319074       -3.9700891290750419E-002
  0.40172213752197156       -3.0611896073544101E-002
  0.40799904592075237       -1.7235768616156937E-002
  0.41427595431953318       -1.4534615723566029E-003
  0.42055286271831399        1.4532272091311853E-002
  0.42682977111709480        2.8505590976750050E-002
  0.43310667951587556        3.8543833802105347E-002
  0.43938358791465637        4.3279191969302744E-002
  0.44566049631343718        4.2080583636195462E-002
  0.45193740471221799        3.5132248182678315E-002
  0.45821431311099881        2.3400096988508229E-002
  0.46449122150977962        8.4923948425321364E-003
  0.47076812990856043       -7.5645571136885182E-003
  0.47704503830734124       -2.2603938503158859E-002
  0.48332194670612205       -3.4610813017167855E-002
  0.48959885510490281       -4.1991169456772913E-002
  0.49587576350368362       -4.3789656080296363E-002
  0.50215267190246449       -3.9813515503229507E-002
  0.50842958030124530       -3.0630745305506125E-002
  0.51470648870002611       -1.7475273416392663E-002
  0.52098339709880681       -2.0713850165903830E-003
  0.52726030549758762        1.3599366501173240E-002
  0.53353721389636843        2.7555812907465862E-002
  0.53981412229514925        3.8066094185915951E-002
  0.54609103069393006        4.3856734384799242E-002
  0.55236793909271087        4.4257713550960628E-002
  0.55864484749149168        3.9268307969437102E-002
  0.56492175589027249        2.9539199308771281E-002
  0.57119866428905330        1.6276665014393933E-002
  0.57747557268783412        1.0838810562576217E-003
  0.58375248108661493       -1.4238975779235073E-002
  0.59002938948539574       -2.7910353006245059E-002
  0.59630629788417655       -3.8372775703936976E-002
  0.60258320628295736       -4.4464805555431149E-002
  0.60886011468173817       -4.5541355247161582E-002
  0.61513702308051899       -4.1531133980382190E-002
  0.62141393147929980       -3.2927741869638164E-002
  0.62769083987808061       -2.0718623477072168E-002
  0.63396774827686131       -6.2626925603468490E-003
  0.64024465667564212        8.8674133532951546E-003
  0.64652156507442293        2.3059754630673723E-002
  0.65279847347320374        3.4834455543811815E-002
  0.65907538187198456        4.2994488512475428E-002
  0.66535229027076537        4.6738971896592166E-002
  0.67162919866954618        4.5723392709008957E-002
  0.67790610706832699        4.0083059657701259E-002
  0.68418301546710780        3.0415666666250570E-002
  0.69045992386588861        1.7712961142315284E-002
  0.69673683226466943        3.2540546093765979E-003
  0.70301374066345024       -1.1526659980904361E-002
  0.70929064906223105       -2.5183267219860851E-002
  0.71556755746101186       -3.6399219614915899E-002
  0.72184446585979267       -4.4111783971104088E-002
  0.72812137425857348       -4.7608572977134653E-002
  0.73439828265735430       -4.6587896419962221E-002
  0.74067519105613511       -4.1178440558265160E-002
  0.74695209945491581       -3.1917876851356962E-002
  0.75322900785369662       -1.9693852225525225E-002
  0.75950591625247743       -5.6542410951316447E-003
  0.76578282465125824        8.9039561280424406E-003
  0.77205973305003905        2.2656045265107550E-002
  0.77833664144881987        3.4369999751861176E-002
  0.78461354984760068        4.3014840010282107E-002
  0.79089045824638149        4.7847820419227631E-002
  0.79716736664516230        4.8473352985405019E-002
  0.80344427504394311        4.4869655079419889E-002
  0.80972118344272392        3.7381839404455643E-002
  0.81599809184150474        2.6683591763907426E-002
  0.82227500024028555        1.3711577021964379E-002
  0.82855190863906636       -4.2006109120415415E-004
  0.83482881703784717       -1.4518498038970025E-002
  0.84110572543662798       -2.7408948559010431E-002
  0.84738263383540879       -3.8000111146821822E-002
  0.85365954223418961       -4.5364055604917769E-002
  0.85993645063297042       -4.8826682103854692E-002
  0.86621335903175112       -4.8037625659018160E-002
  0.87249026743053193       -4.3013836645188236E-002
  0.87876717582931274       -3.4151947227075825E-002
  0.88504408422809355       -2.2206268794789812E-002
  0.89132099262687436       -8.2323244694124543E-003
  0.89759790102565518        6.5007592421456950E-003
  0.90387480942443599        2.0622477996477068E-002
  0.91015171782321680        3.2788292053962782E-002
  0.91642862622199761        4.1810454870906615E-002
  0.92270553462077842        4.6779492916520199E-002
  0.92898244301955923        4.7163579310220360E-002
  0.93525935141834005        4.2874442477456698E-002
  0.94153625981712086        3.4291137242459163E-002
  0.94781316821590167        2.2236880338201578E-002
  0.95409007661468248        7.9087474810808720E-003
  0.96036698501346329       -7.2348635475112258E-003
  0.96664389341224410       -2.1619327724812915E-002
  0.97292080181102492       -3.3717458270651396E-002
  0.97919771020980562       -4.2215004550463085E-002
  0.98547461860858643       -4.6159744098044526E-002
  0.99175152700736724       -4.5076953729811332E-002
  0.99802843540614805       -3.9036334133238496E-002
   1.0043053438049290       -2.8660743347859292E-002
   1.0105822522037098       -1.5072171051663304E-002
   1.0168591606024906        2.2067563119763055E-004
   1.0231360690012714        1.5488198764500825E-002
   1.0294129774000522        2.8994644394694857E-002
   1.0356898857988328        3.9199340864750173E-002
   1.0419667941976136        4.4932856711187866E-002
   1.0482437025963944        4.5532760582632482E-002
   1.0545206109951752        4.0921864257819546E-002
   1.0607975193939561        3.1620117938033321E-002
   1.0670744277927369        1.8687845289430443E-002
   1.0733513361915177        3.6065320119115841E-003
   1.0796282445902985       -1.1889804614285075E-002
   1.0859051529890793       -2.6013467915099332E-002
   1.0921820613878601       -3.7129521982307949E-002
   1.0984589697866409       -4.3945878317680057E-002
   1.1047358781854217       -4.5664907137441237E-002
   1.1110127865842025       -4.2078568624177540E-002
   1.1172896949829834       -3.3595568896723570E-002
   1.1235666033817642       -2.1196764019122915E-002
   1.1298435117805450       -6.3234636459226466E-003
   1.1361204201793258        9.2888861660858479E-003
   1.1423973285781066        2.3812571420801728E-002
   1.1486742369768874        3.5541651666944674E-002
   1.1549511453756682        4.3093083618852182E-002
   1.1612280537744490        4.5571152650393132E-002
   1.1675049621732299        4.2675494555913400E-002
   1.1737818705720107        3.4739494248783587E-002
   1.1800587789707915        2.2693938458384688E-002
   1.1863356873695723        7.9596009329443978E-003
   1.1926125957683531       -7.7190116882474517E-003
   1.1988895041671339       -2.2478544281022514E-002
   1.2051664125659147       -3.4557035684446902E-002
   1.2114433209646955       -4.2505059007020063E-002
   1.2177202293634763       -4.5361507166320335E-002
   1.2239971377622572       -4.2772271667640284E-002
   1.2302740461610380       -3.5036934043612578E-002
   1.2365509545598188       -2.3076999704012696E-002
   1.2428278629585996       -8.3286556016178379E-003
   1.2491047713573804        7.4278044380019607E-003
   1.2553816797561612        2.2281858750502512E-002
   1.2616585881549420        3.4424389509982729E-002
   1.2679354965537226        4.2368990827600352E-002
   1.2742124049525034        4.5135779958783921E-002
   1.2804893133512842        4.2374762854139519E-002
   1.2867662217500651        3.4412939191848166E-002
   1.2930431301488459        2.2218505382847160E-002
   1.2993200385476267        7.2856657983473251E-003
   1.3055969469464075       -8.5465778273235652E-003
   1.3118738553451883       -2.3319924455232510E-002
   1.3181507637439691       -3.5199041684312926E-002
   1.3244276721427499       -4.2700636831218726E-002
   1.3307045805415307       -4.4880618818412092E-002
   1.3369814889403115       -4.1455508422371633E-002
   1.3432583973390924       -3.2842174659735109E-002
   1.3495353057378732       -2.0110039141697428E-002
   1.3558122141366540       -4.8508027410736135E-003
   1.3620891225354348        1.1018753929771544E-002
   1.3683660309342156        2.5497061027702609E-002
   1.3746429393329964        3.6751486040512468E-002
   1.3809198477317772        4.3351592007187967E-002
   1.3871967561305580        4.4452601898903626E-002
   1.3934736645293389        3.9905668391320072E-002
   1.3997505729281197        3.0280273010278389E-002
   1.4060274813269005        1.6795186701245211E-002
   1.4123043897256813        1.1660403248452429E-003
   1.4185812981244621       -1.4611674835219390E-002
   1.4248582065232429       -2.8516903506437947E-002
   1.4311351149220237       -3.8762279151787211E-002
   1.4374120233208045       -4.4025038829757585E-002
   1.4436889317195853       -4.3619624222186702E-002
   1.4499658401183662       -3.7589222695443708E-002
   1.4562427485171470       -2.6703754195787060E-002
   1.4625196569159278       -1.2363797946208321E-002
   1.4687965653147086        3.5778545000069465E-003
   1.4750734737134894        1.9054520829266522E-002
   1.4813503821122702        3.2053314109577159E-002
   1.4876272905110510        4.0877559894826658E-002
   1.4939041989098316        4.4369658925525343E-002
   1.5001811073086124        4.2064947023524243E-002
   1.5064580157073932        3.4255852458259739E-002
   1.5127349241061741        2.1957211522083266E-002
   1.5190118325049549        6.7765047727712186E-003
   1.5252887409037357       -9.2946943023262275E-003
   1.5315656493025165       -2.4141181024945904E-002
   1.5378425577012973       -3.5802737046738087E-002
   1.5441194661000781       -4.2735039327173215E-002
   1.5503963744988589       -4.4016303781101919E-002
   1.5566732828976397       -3.9470911761082188E-002
   1.5629501912964205       -2.9695005678141592E-002
   1.5692270996952014       -1.5979923492978325E-002
   1.5755040080939822       -1.4293732539323381E-004
   1.5817809164927630        1.5712659423026746E-002
   1.5880578248915438        2.9476582935351561E-002
   1.5943347332903246        3.9312721911594191E-002
   1.6006116416891054        4.3904944759524382E-002
   1.6068885500878862        4.2634524024186417E-002
   1.6131654584866670        3.5665095412573351E-002
   1.6194423668854478        2.3923275233504845E-002
   1.6257192752842287        8.9769781560994407E-003
   1.6319961836830095       -7.1728009734020690E-003
   1.6382730920817903       -2.2359240890713394E-002
   1.6445500004805711       -3.4540385015517726E-002
   1.6508269088793519       -4.2074271006587678E-002
   1.6571038172781327       -4.3941364779690621E-002
   1.6633807256769135       -3.9884009972663233E-002
   1.6696576340756943       -3.0443639731416908E-002
   1.6759345424744752       -1.6890157919161770E-002
   1.6822114508732560       -1.0524922841184561E-003
   1.6884883592720368        1.4927292143963320E-002
   1.6947652676708176        2.8883344073813783E-002
   1.7010421760695984        3.8919879741751227E-002
   1.7073190844683792        4.3669495612737405E-002
   1.7135959928671600        4.2481131195514603E-002
   1.7198729012659408        3.5512474978245376E-002
   1.7261498096647214        2.3709180331314007E-002
   1.7324267180635022        8.6764979160717515E-003
   1.7387036264622830       -7.5384915394127051E-003
   1.7449805348610639       -2.2725328379248462E-002
   1.7512574432598447       -3.4811488174142570E-002
   1.7575343516586255       -4.2145523356599865E-002
   1.7638112600574063       -4.3723283301009316E-002
   1.7700881684561871       -3.9326167221163603E-002
   1.7763650768549679       -2.9552257726400417E-002
   1.7826419852537487       -1.5735802143735968E-002
   1.7889188936525295        2.3424159192514496E-004
   1.7951958020513104        1.6172007294104371E-002
   1.8014727104500912        2.9893752144847865E-002
   1.8077496188488720        3.9517230418249762E-002
   1.8140265272476528        4.3720344893416432E-002
   1.8203034356464336        4.1923473894924651E-002
   1.8265803440452144        3.4370230736205570E-002
   1.8328572524439952        2.2095299604504945E-002
   1.8391341608427760        6.7834595109227029E-003
   1.8454110692415568       -9.4610876317555870E-003
   1.8516879776403377       -2.4403600500062132E-002
   1.8579648860391185       -3.5986246895464931E-002
   1.8642417944378993       -4.2611853820492929E-002
   1.8705187028366801       -4.3364733273887485E-002
   1.8767956112354609       -3.8138055010511762E-002
   1.8830725196342417       -2.7649788992860882E-002
   1.8893494280330225       -1.3345161848478004E-002
   1.8956263364318033        2.8013696908125766E-003
   1.9019032448305841        1.8561419723855381E-002
   1.9081801532293650        3.1760872689811849E-002
   1.9144570616281458        4.0579638639835415E-002
   1.9207339700269266        4.3802474789122005E-002
   1.9270108784257074        4.0986144918151501E-002
   1.9332877868244882        3.2520066633624833E-002
   1.9395646952232690        1.9572128405596616E-002
   1.9458416036220498        3.9273045066603946E-003
   1.9521185120208304       -1.2258624729319911E-002
   1.9583954204196112       -2.6756214833768725E-002
   1.9646723288183920       -3.7569411923783470E-002
   1.9709492372171729       -4.3210219143148723E-002
   1.9772261456159537       -4.2903213578161070E-002
   1.9835030540147345       -3.6691826812633818E-002
   1.9897799624135153       -2.5431875527823770E-002
   1.9960568708122961       -1.0673336603246411E-002
   2.0023337792110771        5.5532505378921319E-003
   2.0086106876098579        2.1016295158704925E-002
   2.0148875960086388        3.3590076017205470E-002
   2.0211645044074196        4.1546867091635790E-002
   2.0274414128062004        4.3794125456488198E-002
   2.0337183212049812        4.0024222969026829E-002
   2.0399952296037620        3.0756222070528753E-002
   2.0462721380025428        1.7264095731901574E-002
   2.0525490464013236        1.4013190431021371E-003
   2.0588259548001044       -1.4653910294152646E-002
   2.0651028631988853       -2.8698258067254075E-002
   2.0713797715976656       -3.8807197694246044E-002
   2.0776566799964464       -4.3598463479512170E-002
   2.0839335883952272       -4.2420034660368089E-002
   2.0902104967940081       -3.5437678527017763E-002
   2.0964874051927889       -2.3610385771963293E-002
   2.1027643135915697       -8.5575326388055810E-003
   2.1090412219903505        7.6637044042800716E-003
   2.1153181303891313        2.2839954898422686E-002
   2.1215950387879121        3.4903681605656302E-002
   2.1278719471866929        4.2214407722118361E-002
   2.1341488555854737        4.3780958536513405E-002
   2.1404257639842545        3.9394722857427747E-002
   2.1467026723830354        2.9656174734417392E-002
   2.1529795807818162        1.5891469366608839E-002
   2.1592564891805970       -2.9145138081664978E-005
   2.1655333975793778       -1.5946100926784924E-002
   2.1718103059781586       -2.9703677416218151E-002
   2.1780872143769394       -3.9441731072061809E-002
   2.1843641227757202       -4.3846546070065773E-002
   2.1906410311745010       -4.2327062749971875E-002
   2.1969179395732819       -3.5092987806983764E-002
   2.2031948479720627       -2.3124623533534189E-002
   2.2094717563708435       -8.0389175631352654E-003
   2.2157486647696243        8.1298287602540494E-003
   2.2220255731684051        2.3204728855826123E-002
   2.2283024815671859        3.5159396451366787E-002
   2.2345793899659667        4.2389958184780162E-002
   2.2408562983647475        4.3930240424810786E-002
   2.2471332067635283        3.9580399831049939E-002
   2.2534101151623092        2.9930045710200515E-002
   2.2596870235610900        1.6276281562066390E-002
   2.2659639319598708        4.4786979790510661E-004
   2.2722408403586516       -1.5440746955874451E-002
   2.2785177487574324       -2.9272262443209626E-002
   2.2847946571562132       -3.9208336004034894E-002
   2.2910715655549940       -4.3932937313418602E-002
   2.2973484739537748       -4.2825153300380010E-002
   2.3036253823525557       -3.6038953694602555E-002
   2.3099022907513365       -2.4479938960215608E-002
   2.3161791991501173       -9.6827681391788312E-003
   2.3224561075488981        6.3939110414232472E-003
   2.3287330159476789        2.1627469761025461E-002
   2.3350099243464597        3.4011621667427515E-002
   2.3412868327452405        4.1920048097593955E-002
   2.3475637411440213        4.4318756983488271E-002
   2.3538406495428021        4.0899623659295906E-002
   2.3601175579415830        3.2118077100997483E-002
   2.3663944663403638        1.9130609511331165E-002
   2.3726713747391446        3.6408899733214148E-003
   2.3789482831379254       -1.2324818761727443E-002
   2.3852251915367062       -2.6683224211083174E-002
   2.3915020999354870       -3.7565642431546836E-002
   2.3977790083342678       -4.3560386150534890E-002
   2.4040559167330486       -4.3894446127633067E-002
   2.4103328251318294       -3.8531778295562355E-002
   2.4166097335306103       -2.8176993890948663E-002
   2.4228866419293911       -1.4179319021617091E-002
   2.4291635503281719        1.6478549394919079E-003
   2.4354404587269527        1.7263762065910543E-002
   2.4417173671257335        3.0663840786151204E-002
   2.4479942755245143        4.0136356512103649E-002
   2.4542711839232951        4.4479273607991449E-002
   2.4605480923220759        4.3150151215088937E-002
   2.4668250007208568        3.6330729268317520E-002
   2.4731019091196376        2.4898952323642646E-002
   2.4793788175184184        1.0313029078196912E-002
   2.4856557259171992       -5.5768243841345317E-003
   2.4919326343159800       -2.0764375126414984E-002
   2.4982095427147608       -3.3340856397856625E-002
   2.5044864511135416       -4.1733897272810593E-002
   2.5107633595123224       -4.4902134023712008E-002
   2.5170402679111032       -4.2461670363062830E-002
   2.5233171763098841       -3.4729403217806043E-002
   2.5295940847086644       -2.2678768848796067E-002
   2.5358709931074452       -7.8144201256025985E-003
   2.5421479015062260        8.0177143404680760E-003
   2.5484248099050069        2.2860764103172795E-002
   2.5547017183037877        3.4888784416576606E-002
   2.5609786267025685        4.2630273954863476E-002
   2.5672555351013493        4.5146127870249513E-002
   2.5735324435001301        4.2140787354845173E-002
   2.5798093518989109        3.3993759720079779E-002
   2.5860862602976917        2.1708741168502379E-002
   2.5923631686964725        6.7875764776608614E-003
   2.5986400770952534       -8.9562335046858375E-003
   2.6049169854940342       -2.3619459119842316E-002
   2.6111938938928150       -3.5439153959553715E-002
   2.6174708022915958       -4.3003334740136671E-002
   2.6237477106903766       -4.5417337798157140E-002
   2.6300246190891574       -4.2406549184627891E-002
   2.6363015274879382       -3.4344118135365032E-002
   2.6425784358867190       -2.2201355814194804E-002
   2.6488553442854998       -7.4277628927785656E-003
   2.6551322526842807        8.2241876443427207E-003
   2.6614091610830615        2.2908071189246523E-002
   2.6676860694818423        3.4901309033026094E-002
   2.6739629778806231        4.2806045942079832E-002
   2.6802398862794039        4.5709866450036100E-002
   2.6865167946781847        4.3288121041826354E-002
   2.6927937030769655        3.5836794663551254E-002
   2.6990706114757463        2.4233027949044483E-002
   2.7053475198745272        9.8288997486068001E-003
   2.7116244282733080       -5.7083910856664732E-003
   2.7179013366720888       -2.0590764812595742E-002
   2.7241782450708696       -3.3115211426562229E-002
   2.7304551534696504       -4.1857668900064725E-002
   2.7367320618684312       -4.5832956356516227E-002
   2.7430089702672120       -4.4602961469435674E-002
   2.7492858786659928       -3.8321660298098623E-002
   2.7555627870647736       -2.7712597754259858E-002
   2.7618396954635545       -1.3982739272531481E-002
   2.7681166038623353        1.3168567653610759E-003
   2.7743935122611161        1.6470318720399231E-002
   2.7806704206598969        2.9790560969285708E-002
   2.7869473290586777        3.9806224106521348E-002
   2.7932242374574585        4.5422136676678770E-002
   2.7995011458562393        4.6035841606405239E-002
   2.8057780542550201        4.1598342173726571E-002
   2.8120549626538009        3.2613289390319281E-002
   2.8183318710525818        2.0075972588639506E-002
   2.8246087794513626        5.3597253600560909E-003
   2.8308856878501434       -9.9368233602843241E-003
   2.8371625962489242       -2.4164585689906183E-002
   2.8434395046477050       -3.5801557109130154E-002
   2.8497164130464858       -4.3614174950409972E-002
   2.8559933214452666       -4.6785374455683391E-002
   2.8622702298440474       -4.4996587735391468E-002
   2.8685471382428283       -3.8455615523538288E-002
   2.8748240466416091       -2.7868767159581261E-002
   2.8811009550403899       -1.4360909341773642E-002
   2.8873778634391707        6.4678166429258386E-004
   2.8936547718379515        1.5588314929712375E-002
   2.8999316802367323        2.8916687345552063E-002
   2.9062085886355131        3.9263622493708468E-002
   2.9124854970342939        4.5577792254217958E-002
   2.9187624054330747        4.7229234762094736E-002
   2.9250393138318556        4.4067830086830490E-002
   2.9313162222306364        3.6433290995608693E-002
   2.9375931306294172        2.5097120946249239E-002
   2.9438700390281980        1.1163091917777262E-002
   2.9501469474269788       -3.9499224804576188E-003
   2.9564238558257596       -1.8628451643325720E-002
   2.9627007642245404       -3.1237885025840000E-002
   2.9689776726233212       -4.0309160859910188E-002
   2.9752545810221021       -4.4723573912939289E-002
   2.9815314894208829       -4.3868771355103239E-002
   2.9878083978196632       -3.7745096192460151E-002
   2.9940853062184440       -2.7001994362499844E-002
   3.0003622146172249       -1.2893796451358488E-002
   3.0066391230160057        2.8477895890464369E-003
   3.0129160314147865        1.8214407761914700E-002
   3.0191929398135673        3.1174534915797504E-002
   3.0254698482123481        3.9948537707524143E-002
   3.0317467566111289        4.3268314737537131E-002
   3.0380236650099097        4.0582307816064686E-002
   3.0443005734086905        3.2171195169548597E-002
   3.0505774818074713        1.9149214019406301E-002
   3.0568543902062522        3.3413835801333943E-003
   3.0631312986050330       -1.2954889921577246E-002
   3.0694082070038138       -2.7296162305248749E-002
   3.0756851154025946       -3.7462801547517251E-002
   3.0819620238013754       -4.1816775440864831E-002
   3.0882389322001562       -3.9588211695048961E-002
   3.0945158405989370       -3.1038676147025587E-002
   3.1007927489977178       -1.7463813108250275E-002
   3.1070696573964987       -1.0250879684031628E-003
   3.1133465657952795        1.5582031351809014E-002
   3.1196234741940603        2.9610586950322804E-002
   3.1259003825928411        3.8746908019714657E-002
   3.1321772909916219        4.1492847456108484E-002
   3.1384541993904027        3.7407799034854805E-002
   3.1447311077891835        2.7175336400230392E-002
   3.1510080161879643        1.2484913432816323E-002
   3.1572849245867451       -4.2503136083735489E-003
   3.1635618329855260       -2.0291858751524564E-002
   3.1698387413843068       -3.3024443681693959E-002
   3.1761156497830876       -4.0381145200163358E-002
   3.1823925581818684       -4.1176279599029725E-002
   3.1886694665806492       -3.5292843010551751E-002
   3.1949463749794300       -2.3695510275966575E-002
   3.2012232833782108       -8.2687053810844811E-003
   3.2075001917769916        8.4924993456651256E-003
   3.2137771001757724        2.3887499709558575E-002
   3.2200540085745533        3.5445282120888405E-002
   3.2263309169733341        4.1319449901915058E-002
   3.2326078253721149        4.0580287740354860E-002
   3.2388847337708957        3.3358131869418953E-002
   3.2451616421696765        2.0816601294511457E-002
   3.2514385505684573        4.9615229682657708E-003
   3.2577154589672381       -1.1682482799199071E-002
   3.2639923673660189       -2.6475278908629617E-002
   3.2702692757647998       -3.7079627766952422E-002
   3.2765461841635806       -4.1828756111332459E-002
   3.2828230925623614       -3.9984450595754006E-002
   3.2891000009611422       -3.1843295348717625E-002
   3.2953769093599230       -1.8687873306565992E-002
   3.3016538177587038       -2.5896807467574922E-003
   3.3079307261574846        1.3916301335218305E-002
   3.3142076345562654        2.8230888444556800E-002
   3.3204845429550462        3.8099953081345075E-002
   3.3267614513538271        4.1969398873743714E-002
   3.3330383597526079        3.9229885722954966E-002
   3.3393152681513887        3.0312791791781892E-002
   3.3455921765501695        1.6622292226013323E-002
   3.3518690849489503        3.1424613444688414E-004
   3.3581459933477311       -1.6043283507548429E-002
   3.3644229017465119       -2.9874430343694670E-002
   3.3706998101452927       -3.9001150994313095E-002
   3.3769767185440736       -4.1986216634595862E-002
   3.3832536269428544       -3.8359540498945945E-002
   3.3895305353416352       -2.8692216465138063E-002
   3.3958074437404160       -1.4506589077488046E-002
   3.4020843521391968        1.9634658381438206E-003
   3.4083612605379776        1.8124322165837911E-002
   3.4146381689367584        3.1431029598015123E-002
   3.4209150773355392        3.9788088807231545E-002
   3.4271919857343200        4.1879443441267171E-002
   3.4334688941331009        3.7375736458455003E-002
   3.4397458025318817        2.6986189618273756E-002
   3.4460227109306620        1.2346895991870126E-002
   3.4522996193294428       -4.2366961548633139E-003
   3.4585765277282237       -2.0154169869138049E-002
   3.4648534361270045       -3.2913099581723101E-002
   3.4711303445257853       -4.0541110598397719E-002
   3.4774072529245661       -4.1884435876861123E-002
   3.4836841613233469       -3.6771575995564437E-002
   3.4899610697221277       -2.6022857304307031E-002
   3.4962379781209085       -1.1308067149454031E-002
   3.5025148865196893        5.1215080651100513E-003
   3.5087917949184702        2.0782671397063062E-002
   3.5150687033172510        3.3336477886004447E-002
   3.5213456117160318        4.0934075989912382E-002
   3.5276225201148126        4.2481663981033070E-002
   3.5338994285135934        3.7787903890267538E-002
   3.5401763369123742        2.7575588909900771E-002
   3.5464532453111550        1.3359993179067484E-002
   3.5527301537099358       -2.7845102269649451E-003
   3.5590070621087166       -1.8532481360863003E-002
   3.5652839705074975       -3.1643787387246540E-002
   3.5715608789062783       -4.0279505403503842E-002
   3.5778377873050591       -4.3253410455747966E-002
   3.5841146957038399       -4.0185613716043178E-002
   3.5903916041026207       -3.1540086424513038E-002
   3.5966685125014015       -1.8544373195063690E-002
   3.6029454209001823       -3.0064810325051276E-003
   3.6092223292989631        1.2942949207683527E-002
   3.6154992376977440        2.7145370629678200E-002
   3.6217761460965248        3.7705472090289717E-002
   3.6280530544953056        4.3238779531315386E-002
   3.6343299628940864        4.3047390544480188E-002
   3.6406068712928672        3.7207143544527352E-002
   3.6468837796916480        2.6530401245265567E-002
   3.6531606880904288        1.2437189105627335E-002
   3.6594375964892096       -3.2438083132617615E-003
   3.6657145048879904       -1.8519027239312251E-002
   3.6719914132867713       -3.1484893808371661E-002
   3.6782683216855521       -4.0561693588761764E-002
   3.6845452300843329       -4.4678064731737126E-002
   3.6908221384831137       -4.3386065413583141E-002
   3.6970990468818945       -3.6896038504962869E-002
   3.7033759552806753       -2.6031251821288296E-002
   3.7096528636794561       -1.2111643056556107E-002
   3.7159297720782369        3.2158231653009483E-003
   3.7222066804770177        1.8177715344304013E-002
   3.7284835888757986        3.1080645473150703E-002
   3.7347604972745794        4.0499898636020222E-002
   3.7410374056733602        4.5429612191914069E-002
   3.7473143140721410        4.5379899893622101E-002
   3.7535912224709218        4.0412863404838767E-002
   3.7598681308697026        3.1117112941484362E-002
   3.7661450392684834        1.8526743511768414E-002
   3.7724219476672642        3.9968807147970466E-003
   3.7786988560660451       -1.0948906397818361E-002
   3.7849757644648259       -2.4781214463445955E-002
   3.7912526728636067       -3.6120692241442175E-002
   3.7975295812623875       -4.3870595300015823E-002
   3.8038064896611683       -4.7315544072993675E-002
   3.8100833980599491       -4.6169761026921156E-002
   3.8163603064587299       -4.0570213873995821E-002
   3.8226372148575107       -3.1076091575581333E-002
   3.8289141232562915       -1.8613757607196805E-002
   3.8351910316550724       -4.3820237121444264E-003
   3.8414679400538532        1.0265021394670932E-002
   3.8477448484526340        2.3948188619190930E-002
   3.8540217568514148        3.5392616145851229E-002
   3.8602986652501956        4.3545099086995179E-002
   3.8665755736489764        4.7668197817396903E-002
   3.8728524820477572        4.7403378791193260E-002
   3.8791293904465380        4.2797895151546944E-002
   3.8854062988453189        3.4294101489540922E-002
   3.8916832072440997        2.2682994891759015E-002
   3.8979601156428805        9.0272643239724722E-003
   3.9042370240416608       -5.4385026824017848E-003
   3.9105139324404417       -1.9420825076321192E-002
   3.9167908408392225       -3.1683158114219422E-002
   3.9230677492380033       -4.1154168117058507E-002
   3.9293446576367841       -4.7019104918471825E-002
   3.9356215660355649       -4.8786733317983604E-002
   3.9418984744343457       -4.6326600953049392E-002
   3.9481753828331265       -3.9874307229974329E-002
   3.9544522912319073       -3.0005073818417018E-002
   3.9607291996306881       -1.7578959768902065E-002
   3.9670061080294690       -3.6629017783170272E-003
   3.9732830164282498        1.0562730393011536E-002
   3.9795599248270306        2.3904861806795807E-002
   3.9858368332258114        3.5247529226176882E-002
   3.9921137416245922        4.3622546993071679E-002
   3.9983906500233730        4.8297855428946504E-002
   4.0046675584221543        4.8847318351104112E-002
   4.0109444668209351        4.5193854753394359E-002
   4.0172213752197159        3.7624034831805479E-002
   4.0234982836184967        2.6770781555551966E-002
   4.0297751920172775        1.3565114979571772E-002
   4.0360521004160583       -8.4021617004314598E-004
   4.0423290088148391       -1.5169093491670614E-002
   4.0486059172136200       -2.8134411343198024E-002
   4.0548828256124008       -3.8554572843178578E-002
   4.0611597340111816       -4.5463629119788074E-002
   4.0674366424099624       -4.8204554955360503E-002
   4.0737135508087432       -4.6496445881453422E-002
   4.0799904592075240       -4.0468376821893276E-002
   4.0862673676063048       -3.0655628928223714E-002
   4.0925442760050856       -1.7957326210782675E-002
   4.0988211844038664       -3.5582656783757828E-003
   4.1050980928026473        1.1178759512507972E-002
   4.1113750012014281        2.4840667375144013E-002
   4.1176519096002089        3.6100053790304516E-002
   4.1239288179989897        4.3846328606899021E-002
   4.1302057263977705        4.7298930048220639E-002
   4.1364826347965504        4.6090773136600510E-002
   4.1427595431953312        4.0312643310634881E-002
   4.1490364515941121        3.0512808758095013E-002
   4.1553133599928929        1.7650477115000673E-002
   4.1615902683916737        3.0063680324168337E-003
   4.1678671767904545       -1.1941776131246841E-002
   4.1741440851892353       -2.5667015222010117E-002
   4.1804209935880161       -3.6749764924306066E-002
   4.1866979019867969       -4.4027030897940606E-002
   4.1929748103855777       -4.6718440723520348E-002
   4.1992517187843585       -4.4515077834292448E-002
   4.2055286271831394       -3.7620560588996113E-002
   4.2118055355819202       -2.6738553083321959E-002
   4.2180824439807010       -1.3006442831293236E-002
   4.2243593523794818        2.1192471443106640E-003
   4.2306362607782626        1.7014700808082841E-002
   4.2369131691770434        3.0062414046563686E-002
   4.2431900775758242        3.9828140820362040E-002
   4.2494669859746050        4.5221733471804859E-002
   4.2557438943733858        4.5623561916771090E-002
   4.2620208027721667        4.0961404240549552E-002
   4.2682977111709475        3.1727774642278016E-002
   4.2745746195697283        1.8934037162128502E-002
   4.2808515279685091        4.0047437283672145E-003
   4.2871284363672899       -1.1377432360256587E-002
   4.2934053447660707       -2.5459738469503997E-002
   4.2996822531648515       -3.6619603128090712E-002
   4.3059591615636323       -4.3554206936749593E-002
   4.3122360699624132       -4.5437006634248142E-002
   4.3185129783611940       -4.2021921298213770E-002
   4.3247898867599748       -3.3681580439510951E-002
   4.3310667951587556       -2.1373061342233827E-002
   4.3373437035575364       -6.5331407214422477E-003
   4.3436206119563172        9.0837370645338051E-003
   4.3498975203550980        2.3609780886843922E-002
   4.3561744287538788        3.5287423187351820E-002
   4.3624513371526596        4.2684682538240135E-002
   4.3687282455514405        4.4875655240426908E-002
   4.3750051539502213        4.1562849972139979E-002
   4.3812820623490021        3.3124569082134354E-002
   4.3875589707477829        2.0579280048050819E-002
   4.3938358791465637        5.4691247919421895E-003
   4.4001127875453445       -1.0325040795360603E-002
   4.4063896959441253       -2.4815530376968962E-002
   4.4126666043429061       -3.6158417183692039E-002
   4.4189435127416870       -4.2891233137590599E-002
   4.4252204211404678       -4.4126844301995073E-002
   4.4314973295392486       -3.9677191130026206E-002
   4.4377742379380294       -3.0088921032452150E-002
   4.4440511463368102       -1.6583847723436185E-002
   4.4503280547355910       -9.0955022227196534E-004
   4.4566049631343718        1.4882581047924063E-002
   4.4628818715331526        2.8704241815705276E-002
   4.4691587799319334        3.8707664623561046E-002
   4.4754356883307143        4.3536591497049762E-002
   4.4817125967294951        4.2516322302076616E-002
   4.4879895051282759        3.5755368362779240E-002
   4.4942664135270567        2.4142755435432865E-002
   4.5005433219258375        9.2384230791158015E-003
   4.5068202303246183       -6.9308956994968036E-003
   4.5130971387233991       -2.2150495112883837E-002
   4.5193740471221799       -3.4336387928929062E-002
   4.5256509555209607       -4.1823389416012553E-002
   4.5319278639197416       -4.3591502065642496E-002
   4.5382047723185224       -3.9403829927187932E-002
   4.5444816807173032       -2.9836892442655520E-002
   4.5507585891160840       -1.6200018435024877E-002
   4.5570354975148648       -3.5503922445721890E-004
   4.5633124059136456        1.5538595248034517E-002
   4.5695893143124264        2.9318397306777128E-002
   4.5758662227112072        3.9112818031746627E-002
   4.5821431311099881        4.3594754979473994E-002
   4.5884200395087689        4.2160295643952857E-002
   4.5946969479075497        3.5008814669554016E-002
   4.6009738563063305        2.3113942975304488E-002
   4.6072507647051113        8.0898304515210837E-003
   4.6135276731038921       -8.0288010331071528E-003
   4.6198045815026729       -2.3062696034607040E-002
   4.6260814899014537       -3.4982711180198897E-002
   4.6323583983002345       -4.2183205255881144E-002
   4.6386353066990154       -4.3697433892588240E-002
   4.6449122150977962       -3.9326147409130659E-002
   4.6511891234965770       -2.9662483276952728E-002
   4.6574660318953578       -1.6010200318554983E-002
   4.6637429402941386       -2.0674407411408471E-004
   4.6700198486929194        1.5624782062659121E-002
   4.6762967570917002        2.9361041443087054E-002
   4.6825736654904810        3.9163463253529845E-002
   4.6888505738892619        4.3725338874952127E-002
   4.6951274822880427        4.2443958751617925E-002
   4.7014043906868235        3.5498039595856942E-002
   4.7076812990856043        2.3820812841500914E-002
   4.7139582074843851        8.9727435815038312E-003
   4.7202351158831659       -7.0684102991292333E-003
   4.7265120242819467       -2.2171832916718311E-002
   4.7327889326807275       -3.4336735611789855E-002
   4.7390658410795083       -4.1956711707541797E-002
   4.7453427494782892       -4.4030509174898605E-002
   4.7516196578770700       -4.0291767938821957E-002
   4.7578965662758508       -3.1241149173239263E-002
   4.7641734746746316       -1.8077297614824087E-002
   4.7704503830734124       -2.5363954628329667E-003
   4.7767272914721932        1.3337993795799251E-002
   4.7830041998709740        2.7464136011096735E-002
   4.7892811082697548        3.7994865592103778E-002
   4.7955580166685357        4.3558158556464464E-002
   4.8018349250673165        4.3434341284126779E-002
   4.8081118334660973        3.7647252179293732E-002
   4.8143887418648781        2.6958080180246806E-002
   4.8206656502636589        1.2763339675179484E-002
   4.8269425586624397       -3.0890926886501186E-003
   4.8332194670612205       -1.8541474885135897E-002
   4.8394963754600013       -3.1593525622919963E-002
   4.8457732838587821       -4.0560861090232533E-002
   4.8520501922575630       -4.4291255675295405E-002
   4.8583271006563438       -4.2312075398677561E-002
   4.8646040090551246       -3.4889183844084570E-002
   4.8708809174539054       -2.2986637338561544E-002
   4.8771578258526862       -8.1384695617457131E-003
   4.8834347342514670        7.7509175950523992E-003
   4.8897116426502478        2.2652103619444336E-002
   4.8959885510490286        3.4669847722774892E-002
   4.9022654594478094        4.2283120530676468E-002
   4.9085423678465903        4.4535662020922268E-002
   4.9148192762453711        4.1153485393032277E-002
   4.9210961846441519        3.2575215196293403E-002
   4.9273730930429327        1.9892359496578926E-002
   4.9336500014417135        4.7079563834692946E-003
   4.9399269098404943       -1.1067795061325335E-002
   4.9462038182392751       -2.5458663727398960E-002
   4.9524807266380559       -3.6669738113567552E-002
   4.9587576350368368       -4.3310082974228135E-002
   4.9650345434356176       -4.4563240193857052E-002
   4.9713114518343984       -4.0284948298384214E-002
   4.9775883602331792       -3.1016736751335518E-002
   4.9838652686319600       -1.7914607018868111E-002
   4.9901421770307408       -2.6025058543466743E-003
   4.9964190854295216        1.3030564096221945E-002
   5.0026959938283024        2.7064257565516545E-002
   5.0089729022270832        3.7782443419598508E-002
   5.0152498106258641        4.3881746658572841E-002
   5.0215267190246449        4.4627945788272089E-002
   5.0278036274234257        3.9941533575954355E-002
   5.0340805358222065        3.0402242172317805E-002
   5.0403574442209873        1.7175138889388996E-002
   5.0466343526197681        1.8678618649225441E-003
   5.0529112610185480       -1.3665743190519049E-002
   5.0591881694173289       -2.7550633482975078E-002
   5.0654650778161097       -3.8116607074123662E-002
   5.0717419862148905       -4.4098212421572344E-002
   5.0780188946136713       -4.4784707260187871E-002
   5.0842958030124521       -4.0102507931007281E-002
   5.0905727114112329       -3.0620812578240442E-002
   5.0968496198100137       -1.7480369873759973E-002
   5.1031265282087945       -2.2545331410027355E-003
   5.1094034366075753        1.3240280766365143E-002
   5.1156803450063562        2.7161762233312535E-002
   5.1219572534051370        3.7860494556116689E-002
   5.1282341618039178        4.4074408293340112E-002
   5.1345110702026986        4.5076102654283245E-002
   5.1407879786014794        4.0756027666175913E-002
   5.1470648870002602        3.1632262828538364E-002
   5.1533417953990410        1.8786359656771903E-002
   5.1596187037978218        3.7334177517195618E-003
   5.1658956121966026       -1.1757808503950225E-002
   5.1721725205953835       -2.5873275783957261E-002
   5.1784494289941643       -3.6965891379411309E-002
   5.1847263373929451       -4.3746818466494503E-002
   5.1910032457917259       -4.5433742530199085E-002
   5.1972801541905067       -4.1839218060515895E-002
   5.2035570625892875       -3.3389358268008831E-002
   5.2098339709880683       -2.1071294303248916E-002
   5.2161108793868491       -6.3161035436422111E-003
   5.2223877877856300        9.1687218977965172E-003
   5.2286646961844108        2.3597505967174234E-002
   5.2349416045831916        3.5312246172484768E-002
   5.2412185129819724        4.2972369899041109E-002
   5.2474954213807532        4.5706776500360320E-002
   5.2537723297795340        4.3211074202087703E-002
   5.2600492381783148        3.5779389797686210E-002
   5.2663261465770956        2.4267679222182151E-002
   5.2726030549758764        9.9933333077033872E-003
   5.2788799633746573       -5.4169675083728967E-003
   5.2851568717734381       -2.0213408439587889E-002
   5.2914337801722189       -3.2721841646092986E-002
   5.2977106885709997       -4.1532615069147238E-002
   5.3039875969697805       -4.5658233080528035E-002
   5.3102645053685613       -4.4642324385357084E-002
   5.3165414137673421       -3.8608135004773607E-002
   5.3228183221661229       -2.8241588638108703E-002
   5.3290952305649038       -1.4711456238883008E-002
   5.3353721389636846        4.6394969108126260E-004
   5.3416490473624654        1.5588096706105104E-002
   5.3479259557612462        2.8976258757409747E-002
   5.3542028641600270        3.9142765729564079E-002
   5.3604797725588078        4.4964951429819565E-002
   5.3667566809575886        4.5805445274622866E-002
   5.3730335893563694        4.1580372519919674E-002
   5.3793104977551502        3.2764110515051632E-002
   5.3855874061539311        2.0328690371875201E-002
   5.3918643145527119        5.6452739222455795E-003
   5.3981412229514927       -9.6628673964533982E-003
   5.4044181313502735       -2.3899517901788601E-002
   5.4106950397490543       -3.5483406727763171E-002
   5.4169719481478351       -4.3124397496995086E-002
   5.4232488565466159       -4.5967977447216146E-002
   5.4295257649453967       -4.3691983951105309E-002
   5.4358026733441775       -3.6544350226720056E-002
   5.4420795817429584       -2.5317424093511603E-002
   5.4483564901417392       -1.1261279839477310E-002
   5.4546333985405200        4.0545660639241558E-003
   5.4609103069393008        1.8915886979920759E-002
   5.4671872153380816        3.1655501193131742E-002
   5.4734641237368624        4.0840638024678348E-002
   5.4797410321356432        4.5434807922042603E-002
   5.4860179405344240        4.4915816079358580E-002
   5.4922948489332049        3.9336369492400311E-002
   5.4985717573319857        2.9320099297704141E-002
   5.5048486657307665        1.5993097566130904E-002
   5.5111255741295473        8.5830780866589140E-004
   5.5174024825283281       -1.4373289275096237E-002
   5.5236793909271089       -2.7975878771025933E-002
   5.5299562993258897       -3.8404518498943253E-002
   5.5362332077246705       -4.4471284537869846E-002
   5.5425101161234513       -4.5481468760224165E-002
   5.5487870245222322       -4.1314514624252785E-002
   5.5550639329210130       -3.2438514795837134E-002
   5.5613408413197938       -1.9855842984414361E-002
   5.5676177497185746       -4.9982327842616981E-003
   5.5738946581173554        1.0432973809670960E-002
   5.5801715665161362        2.4660982551406637E-002
   5.5864484749149170        3.6038224723980251E-002
   5.5927253833136978        4.3238502058791012E-002
   5.5990022917124787        4.5413779689848173E-002
   5.6052792001112595        4.2297018692400996E-002
   5.6115561085100403        3.4238152702825965E-002
   5.6178330169088211        2.2168149819788294E-002
   5.6241099253076019        7.4943383544451665E-003
   5.6303868337063827       -8.0615536280394477E-003
   5.6366637421051635       -2.2664304948963609E-002
   5.6429406505039443       -3.4581733994388207E-002
   5.6492175589027251       -4.2391337641245030E-002
   5.6554944673015060       -4.5152253231031184E-002
   5.6617713757002868       -4.2521521285061890E-002
   5.6680482840990676       -3.4799961815306188E-002
   5.6743251924978484       -2.2901198574879249E-002
   5.6806021008966292       -8.2465454382277641E-003
   5.6868790092954100        7.4025530374138724E-003
   5.6931559176941908        2.2155034085302068E-002
   5.6994328260929716        3.4218717722042935E-002
   5.7057097344917524        4.2119159101617488E-002
   5.7119866428905333        4.4882063046915638E-002
   5.7182635512893141        4.2156378225226811E-002
   5.7245404596880949        3.4262061272965827E-002
   5.7308173680868757        2.2153816613555338E-002
   5.7370942764856565        7.3088669290770417E-003
   5.7433711848844373       -8.4423086928172297E-003
   5.7496480932832181       -2.3138238377332164E-002
   5.7559250016819989       -3.4931034435332603E-002
   5.7622019100807798       -4.2321045561041451E-002
   5.7684788184795606       -4.4352004013258339E-002
   5.7747557268783414       -4.0740558022579178E-002
   5.7810326352771222       -3.1922143346887019E-002
   5.7873095436759030       -1.9005184759359806E-002
   5.7935864520746838       -3.6374477661057208E-003
   5.7998633604734646        1.2200207843743559E-002
   5.8061402688722454        2.6447389873832466E-002
   5.8124171772710262        3.7232908614769793E-002
   5.8186940856698071        4.3123572494567157E-002
   5.8249709940685879        4.3319648014478879E-002
   5.8312479024673687        3.7769721358462315E-002
   5.8375248108661495        2.7187773980611511E-002
   5.8438017192649303        1.2967924159038568E-002
   5.8500786276637111       -2.9939818692936663E-003
   5.8563555360624919       -1.8549889856424945E-002
   5.8626324444612727       -3.1587806528728044E-002
   5.8689093528600536       -4.0320311757788725E-002
   5.8751862612588344       -4.3533696824731523E-002
   5.8814631696576152       -4.0762534545132748E-002
   5.8877400780563960       -3.2363819368725455E-002
   5.8940169864551768       -1.9478218537585787E-002
   5.9002938948539576       -3.8812111006746503E-003
   5.9065708032527384        1.2257016115119670E-002
   5.9128477116515192        2.6669044522459308E-002
   5.9191246200503000        3.7308134253034364E-002
   5.9254015284490809        4.2642816679259891E-002
   5.9316784368478617        4.1884009324780189E-002
   5.9379553452466425        3.5109996278625384E-002
   5.9442322536454233        2.3268505868486600E-002
   5.9505091620442041        8.0524060207265505E-003
   5.9567860704429849       -8.3360519536237795E-003
   5.9630629788417657       -2.3500615688004239E-002
   5.9693398872405457       -3.5201450822884638E-002
   5.9756167956393265       -4.1689428267052270E-002
   5.9818937040381073       -4.1973964841116929E-002
   5.9881706124368881       -3.5982571878556059E-002
   5.9944475208356689       -2.4585348442532819E-002
   6.0007244292344497       -9.4773627771042486E-003
   6.0070013376332305        7.0666991587858595E-003
   6.0132782460320113        2.2531216626756046E-002
   6.0195551544307921        3.4541903520364459E-002
   6.0258320628295730        4.1233670389884368E-002
   6.0321089712283538        4.1546693957303094E-002
   6.0383858796271346        3.5402764602068253E-002
   6.0446627880259154        2.3731490823787015E-002
   6.0509396964246962        8.3385558858826286E-003
   6.0572166048234770       -8.3667444453688639E-003
   6.0634935132222578       -2.3745008729678437E-002
   6.0697704216210386       -3.5343495273459105E-002
   6.0760473300198194       -4.1292811007809724E-002
   6.0823242384186003       -4.0625334684515645E-002
   6.0886011468173811       -3.3438741123304860E-002
   6.0948780552161619       -2.0879269557020859E-002
   6.1011549636149427       -4.9606955977744257E-003
   6.1074318720137235        1.1756556967715465E-002
   6.1137087804125043        2.6576366962073203E-002
   6.1199856888112851        3.7101972363664769E-002
   6.1262625972100659        4.1624943617546706E-002
   6.1325395056088468        3.9404721997959698E-002
   6.1388164140076276        3.0792636958775387E-002
   6.1450933224064084        1.7179207636893623E-002
   6.1513702308051892        7.7211741697160287E-004
   6.1576471392039700       -1.5760105551007368E-002
   6.1639240476027508       -2.9721474106271517E-002
   6.1702009560015316       -3.8828724759924736E-002
   6.1764778644003124       -4.1586341374383475E-002
   6.1827547727990932       -3.7534575390641325E-002
   6.1890316811978741       -2.7328933025678480E-002
   6.1953085895966549       -1.2636971956677555E-002
   6.2015854979954357        4.1318531796935894E-003
   6.2078624063942165        2.0219899591265446E-002
   6.2141393147929973        3.2974537689190411E-002
   6.2204162231917781        4.0286385936325386E-002
   6.2266931315905589        4.0940088764676877E-002
   6.2329700399893397        3.4818938491880690E-002
   6.2392469483881206        2.2928551192542366E-002
   6.2455238567869014        7.2343759034343182E-003
   6.2518007651856822       -9.6613728976426283E-003
   6.2580776735844630       -2.4955030055572740E-002
   6.2643545819832438       -3.6116720195847010E-002
   6.2706314903820246       -4.1309173266997928E-002
   6.2769083987808054       -3.9686795511905126E-002
   6.2831853071795862       -3.1529403057680712E-002
