   6.2769083987808056E-003  -1.8662150893317610E-002
   1.2553816797561611E-002  -2.8584300155852945E-002
   1.8830725196342418E-002  -3.5619520304854567E-002
   2.5107633595123222E-002  -3.9068354105943240E-002
   3.1384541993904030E-002  -3.8595776571077850E-002
   3.7661450392684835E-002  -3.4261327122484905E-002
   4.3938358791465640E-002  -2.6509421892399743E-002
   5.0215267190246445E-002  -1.6121508931756429E-002
   5.6492175589027249E-002  -4.1353601747562236E-003
   6.2769083987808061E-002   8.2599418993643623E-003
   6.9045992386588859E-002   1.9842616291229104E-002
   7.5322900785369670E-002   2.9478478044871876E-002
   8.1599809184150468E-002   3.6231123305476100E-002
   8.7876717582931280E-002   3.9451377603462533E-002
   9.4153625981712077E-002   3.8837645671712273E-002
  0.10043053438049289        3.4461761738553698E-002
  0.10670744277927370        2.6758402850070966E-002
  0.11298435117805450        1.6479679793429694E-002
  0.11926125957683531        4.6198260904033598E-003
  0.12553816797561612       -7.6822831379350677E-003
  0.13181507637439691       -1.9253165528742740E-002
  0.13809198477317772       -2.8996521020123841E-002
  0.14436889317195853       -3.5996621029240491E-002
  0.15064580157073934       -3.9604439880411339E-002
  0.15692270996952015       -3.9494862713884089E-002
  0.16319961836830094       -3.5693005698983531E-002
  0.16947652676708175       -2.8567689633765585E-002
  0.17575343516586256       -1.8793011619483557E-002
  0.18203034356464337       -7.2823215183244880E-003
  0.18830725196342415        4.8987975677212874E-003
  0.19458416036220497        1.6632088458142482E-002
  0.20086106876098578        2.6849368859124641E-002
  0.20713797715976659        3.4629025836563111E-002
  0.21341488555854740        3.9277632661027864E-002
  0.21969179395732819        4.0389612330678906E-002
  0.22596870235610900        3.7880034916629099E-002
  0.23224561075488981        3.1988167384815025E-002
  0.23852251915367062        2.3252070880393990E-002
  0.24479942755245140        1.2457112799210846E-002
  0.25107633595123224        5.6349933066129497E-004
  0.25735324435001306       -1.1380338283348886E-002
  0.26363015274879381       -2.2330605341161037E-002
  0.26990706114757462       -3.1339003239024998E-002
  0.27618396954635543       -3.7633729732011796E-002
  0.28246087794513625       -4.0683813182856354E-002
  0.28873778634391706       -4.0241598554778095E-002
  0.29501469474269787       -3.6360207804923952E-002
  0.30129160314147868       -2.9385036139928454E-002
  0.30756851154025949       -1.9920565211470270E-002
  0.31384541993904030       -8.7758947837084118E-003
  0.32012232833782106        3.1059506482675491E-003
  0.32639923673660187        1.4729688818123067E-002
  0.33267614513538268        2.5132797767621989E-002
  0.33895305353416350        3.3464695255802715E-002
  0.34522996193294431        3.9054642953188397E-002
  0.35150687033172512        4.1463376776627509E-002
  0.35778377873050593        4.0514672773984017E-002
  0.36406068712928674        3.6304887830053201E-002
  0.37033759552806755        2.9190348851543976E-002
  0.37661450392684831        1.9754256107672195E-002
  0.38289141232562912        8.7563555324227712E-003
  0.38916832072440993       -2.9301219627640182E-003
  0.39544522912319074       -1.4388891606037296E-002
  0.40172213752197156       -2.4732688713754256E-002
  0.40799904592075237       -3.3171311706659906E-002
  0.41427595431953318       -3.9070509756125429E-002
  0.42055286271831399       -4.1997453072010402E-002
  0.42682977111709480       -4.1749748669553721E-002
  0.43310667951587556       -3.8366290906439865E-002
  0.43938358791465637       -3.2119725101169103E-002
  0.44566049631343718       -2.3491642773382351E-002
  0.45193740471221799       -1.3132938794879694E-002
  0.45821431311099881       -1.8127037616645265E-003
  0.46449122150977962        9.6401810612168140E-003
  0.47076812990856043        2.0398281161152353E-002
  0.47704503830734124        2.9695121980636820E-002
  0.48332194670612205        3.6878660898893328E-002
  0.48959885510490281        4.1456317099697999E-002
  0.49587576350368362        4.3136041406718208E-002
  0.50215267190246449        4.1847019684060731E-002
  0.50842958030124530        3.7724930572187100E-002
  0.51470648870002611        3.1090893290180367E-002
  0.52098339709880681        2.2421233685686996E-002
  0.52726030549758762        1.2308199261160014E-002
  0.53353721389636843        1.4157377858700971E-003
  0.53981412229514925       -9.5666411139188785E-003
  0.54609103069393006       -1.9968471675573685E-002
  0.55236793909271087       -2.9178751388334558E-002
  0.55864484749149168       -3.6679792482132004E-002
  0.56492175589027249       -4.2072984130698952E-002
  0.57119866428905330       -4.5095464783815903E-002
  0.57747557268783412       -4.5627518702644441E-002
  0.58375248108661493       -4.3691007934414966E-002
  0.59002938948539574       -3.9439782811617925E-002
  0.59630629788417655       -3.3143321152363354E-002
  0.60258320628295736       -2.5165220339075877E-002
  0.60886011468173817       -1.5938215325273793E-002
  0.61513702308051899       -5.9375182014441289E-003
  0.62141393147929980        4.3459247361616812E-003
  0.62769083987808061        1.4430713647241637E-002
  0.63396774827686131        2.3867669777715539E-002
  0.64024465667564212        3.2258847488949499E-002
  0.64652156507442293        3.9272418674056245E-002
  0.65279847347320374        4.4652823523199006E-002
  0.65907538187198456        4.8226717745311565E-002
  0.66535229027076537        4.9902563340275263E-002
  0.67162919866954618        4.9658275332396522E-002
  0.67790610706832699        4.7538634808258977E-002
  0.68418301546710780        4.3656752080643881E-002
  0.69045992386588861        3.8186938506191481E-002
  0.69673683226466943        3.1354692090672091E-002
  0.70301374066345024        2.3425499527993852E-002
  0.70929064906223105        1.4692870466948204E-002
  0.71556755746101186        5.4661812085188676E-003
  0.72184446585979267       -3.9411807374701109E-003
  0.72812137425857348       -1.3222935691482862E-002
  0.73439828265735430       -2.2089927502392876E-002
  0.74067519105613511       -3.0278753794870522E-002
  0.74695209945491581       -3.7558812770474681E-002
  0.75322900785369662       -4.3737644488745911E-002
  0.75950591625247743       -4.8664538202639253E-002
  0.76578282465125824       -5.2232423505837199E-002
  0.77205973305003905       -5.4378161436419374E-002
  0.77833664144881987       -5.5081351779387472E-002
  0.78461354984760068       -5.4361880153154518E-002
  0.79089045824638149       -5.2276365459339856E-002
  0.79716736664516230       -4.8913803343031130E-002
  0.80344427504394311       -4.4390548149492989E-002
  0.80972118344272392       -3.8844984643190743E-002
  0.81599809184150474       -3.2431934437001743E-002
  0.82227500024028555       -2.5317243283111617E-002
  0.82855190863906636       -1.7672335012639862E-002
  0.83482881703784717       -9.6695529769357160E-003
  0.84110572543662798       -1.4768204302359879E-003
  0.84738263383540879        6.7443458102228885E-003
  0.85365954223418961        1.4820174737588603E-002
  0.85993645063297042        2.2561964045159002E-002
  0.86621335903175112        2.9771168715353392E-002
  0.87249026743053193        3.6245226084768559E-002
  0.87876717582931274        4.1784651349661042E-002
  0.88504408422809355        4.6200770687557978E-002
  0.89132099262687436        4.9324138991851015E-002
  0.89759790102565518        5.1013162102644963E-002
  0.90387480942443599        5.1162665141505546E-002
  0.91015171782321680        4.9711922751569333E-002
  0.91642862622199761        4.6651717174337214E-002
  0.92270553462077842        4.2029943680240822E-002
  0.92898244301955923        3.5955259108810922E-002
  0.93525935141834005        2.8598378450165260E-002
  0.94153625981712086        2.0190563199068083E-002
  0.94781316821590167        1.1019116933116867E-002
  0.95409007661468248        1.4196018213005126E-003
  0.96036698501346329       -8.2350557664003111E-003
  0.96664389341224410       -1.7548593904212973E-002
  0.97292080181102492       -2.6117925149839065E-002
  0.97919771020980562       -3.3551879490178356E-002
  0.98547461860858643       -3.9490931477006698E-002
  0.99175152700736724       -4.3627563009462626E-002
  0.99802843540614805       -4.5725241248185659E-002
   1.0043053438049290       -4.5636227140429926E-002
   1.0105822522037098       -4.3314341399054726E-002
   1.0168591606024906       -3.8829955252210918E-002
   1.0231360690012714       -3.2394774264364830E-002
   1.0294129774000522       -2.4326364898335683E-002
   1.0356898857988328       -1.5026662747782728E-002
   1.0419667941976136       -4.9636793172431618E-003
   1.0482437025963944        5.3522198216215964E-003
   1.0545206109951752        1.5393674249029553E-002
   1.0607975193939561        2.4643506813101072E-002
   1.0670744277927369        3.2621417590486299E-002
   1.0733513361915177        3.8909437767137851E-002
   1.0796282445902985        4.3174315864055693E-002
   1.0859051529890793        4.5185965899461361E-002
   1.0921820613878601        4.4830645358296770E-002
   1.0984589697866409        4.2118298348356176E-002
   1.1047358781854217        3.7183374701065981E-002
   1.1110127865842025        3.0279118230507426E-002
   1.1172896949829834        2.1765373823432459E-002
   1.1235666033817642        1.2090560977682553E-002
   1.1298435117805450        1.7685788848368943E-003
   1.1361204201793258       -8.6481194301371508E-003
   1.1423973285781066       -1.8597965533558466E-002
   1.1486742369768874       -2.7540611043787577E-002
   1.1549511453756682       -3.4986569495770739E-002
   1.1612280537744490       -4.0524489415085491E-002
   1.1675049621732299       -4.3844542850394762E-002
   1.1737818705720107       -4.4756556565105778E-002
   1.1800587789707915       -4.3201781655282712E-002
   1.1863356873695723       -3.9257529203872772E-002
   1.1926125957683531       -3.3133661648925596E-002
   1.1988895041671339       -2.5161554347322680E-002
   1.2051664125659147       -1.5779183409484157E-002
   1.2114433209646955       -5.5083358612441225E-003
   1.2177202293634763        5.0738484171394685E-003
   1.2239971377622572        1.5366954758880631E-002
   1.2302740461610380        2.4781367946217919E-002
   1.2365509545598188        3.2772357913067929E-002
   1.2428278629585996        3.8872225407679727E-002
   1.2491047713573804        4.2718568394363478E-002
   1.2553816797561612        4.4076925014670469E-002
   1.2616585881549420        4.2856323900593844E-002
   1.2679354965537226        3.9116652537950602E-002
   1.2742124049525034        3.3067217680372261E-002
   1.2804893133512842        2.5056373540534235E-002
   1.2867662217500651        1.5552639279244197E-002
   1.2930431301488459        5.1182411950205708E-003
   1.2993200385476267       -5.6234851754020376E-003
   1.3055969469464075       -1.6024997811654833E-002
   1.3118738553451883       -2.5453592074664907E-002
   1.3181507637439691       -3.3330245535325306E-002
   1.3244276721427499       -3.9165858403727341E-002
   1.3307045805415307       -4.2592594395524506E-002
   1.3369814889403115       -4.3388258506480301E-002
   1.3432583973390924       -4.1492039028636553E-002
   1.3495353057378732       -3.7010434597463962E-002
   1.3558122141366540       -3.0212767754767618E-002
   1.3620891225354348       -2.1516413483462123E-002
   1.3683660309342156       -1.1462659237712435E-002
   1.3746429393329964       -6.8344979364831214E-004
   1.3809198477317772        1.0138789290330056E-002
   1.3871967561305580        2.0314324474139847E-002
   1.3934736645293389        2.9190182283850289E-002
   1.3997505729281197        3.6192474855858456E-002
   1.4060274813269005        4.0864176195782385E-002
   1.4123043897256813        4.2895846146798915E-002
   1.4185812981244621        4.2147171818050042E-002
   1.4248582065232429        3.8657779229633198E-002
   1.4311351149220237        3.2646420729678070E-002
   1.4374120233208045        2.4498407335975532E-002
   1.4436889317195853        1.4741913674005468E-002
   1.4499658401183662        4.0145454327949106E-003
   1.4562427485171470       -6.9777788034823367E-003
   1.4625196569159278       -1.7507015949783249E-002
   1.4687965653147086       -2.6871262221068056E-002
   1.4750734737134894       -3.4441890114838163E-002
   1.4813503821122702       -3.9706379381246736E-002
   1.4876272905110510       -4.2303882960851344E-002
   1.4939041989098316       -4.2051011902549749E-002
   1.5001811073086124       -3.8955931139578508E-002
   1.5064580157073932       -3.3219624946686406E-002
   1.5127349241061741       -2.5224038661304383E-002
   1.5190118325049549       -1.5507703943574050E-002
   1.5252887409037357       -4.7303187456883356E-003
   1.5315656493025165        6.3714426327257786E-003
   1.5378425577012973        1.7034052007917508E-002
   1.5441194661000781        2.6520295297731405E-002
   1.5503963744988589        3.4171323861429813E-002
   1.5566732828976397        3.9452821403661804E-002
   1.5629501912964205        4.1992889997873421E-002
   1.5692270996952014        4.1608986044500841E-002
   1.5755040080939822        3.8321847635327526E-002
   1.5817809164927630        3.2355319539128825E-002
   1.5880578248915438        2.4121933180018647E-002
   1.5943347332903246        1.4195108788281960E-002
   1.6006116416891054        3.2697985925054544E-003
   1.6068885500878862       -7.8857730154143404E-003
   1.6131654584866670       -1.8483948025017478E-002
   1.6194423668854478       -2.7773297917080046E-002
   1.6257192752842287       -3.5092171681765587E-002
   1.6319961836830095       -3.9916301698720735E-002
   1.6382730920817903       -4.1897004392230049E-002
   1.6445500004805711       -4.0887156876965605E-002
   1.6508269088793519       -3.6952955061112659E-002
   1.6571038172781327       -3.0370474462975042E-002
   1.6633807256769135       -2.1607113342054191E-002
   1.6696576340756943       -1.1289115871525403E-002
   1.6759345424744752       -1.5735969038185643E-004
   1.6822114508732560        1.0985489570213018E-002
   1.6884883592720368        2.1332745790795790E-002
   1.6947652676708176        3.0132200881180380E-002
   1.7010421760695984        3.6741176655160947E-002
   1.7073190844683792        4.0673944338719188E-002
   1.7135959928671600        4.1638455551428019E-002
   1.7198729012659408        3.9560426945401302E-002
   1.7261498096647214        3.4588781734135939E-002
   1.7324267180635022        2.7084656978105963E-002
   1.7387036264622830        1.7595533746250461E-002
   1.7449805348610639        6.8156172937013986E-003
   1.7512574432598447       -4.4646989966456102E-003
   1.7575343516586255       -1.5416661220649783E-002
   1.7638112600574063       -2.5234024438126390E-002
   1.7700881684561871       -3.3192517996942936E-002
   1.7763650768549679       -3.8703494528769720E-002
   1.7826419852537487       -4.1357789114836840E-002
   1.7889188936525295       -4.0956484160264942E-002
   1.7951958020513104       -3.7526251712424567E-002
   1.8014727104500912       -3.1318048297682990E-002
   1.8077496188488720       -2.2789187535683274E-002
   1.8140265272476528       -1.2570026785287406E-002
   1.8203034356464336       -1.4176767831784978E-003
   1.8265803440452144        9.8399004525435204E-003
   1.8328572524439952        2.0365280677618305E-002
   1.8391341608427760        2.9373921361807716E-002
   1.8454110692415568        3.6192801236894251E-002
   1.8516879776403377        4.0310978521969930E-002
   1.8579648860391185        4.1418228590222608E-002
   1.8642417944378993        3.9428841030456907E-002
   1.8705187028366801        3.4488683044579520E-002
   1.8767956112354609        2.6964974612993065E-002
   1.8830725196342417        1.7419359660750394E-002
   1.8893494280330225        6.5664649089145046E-003
   1.8956263364318033       -4.7792230217768711E-003
   1.9019032448305841       -1.5766478724374498E-002
   1.9081801532293650       -2.5571629949730335E-002
   1.9144570616281458       -3.3460204469201796E-002
   1.9207339700269266       -3.8841886999526266E-002
   1.9270108784257074       -4.1314552288696738E-002
   1.9332877868244882       -4.0694169017447067E-002
   1.9395646952232690       -3.7028319072797709E-002
   1.9458416036220498       -3.0592381499511965E-002
   1.9521185120208304       -2.1868677895556056E-002
   1.9583954204196112       -1.1510186002510485E-002
   1.9646723288183920       -2.9155060774293607E-004
   1.9709492372171729        1.0948916319505300E-002
   1.9772261456159537        2.1371904376048811E-002
   1.9835030540147345        3.0199751899397380E-002
   1.9897799624135153        3.6774399178139669E-002
   1.9960568708122961        4.0606334045866894E-002
   2.0023337792110771        4.1410895685577827E-002
   2.0086106876098579        3.9129258975296954E-002
   2.0148875960086388        3.3932558350753990E-002
   2.0211645044074196        2.6208885782854071E-002
   2.0274414128062004        1.6534149325884453E-002
   2.0337183212049812        5.6290109620577298E-003
   2.0399952296037620       -5.6948944724209902E-003
   2.0462721380025428       -1.6595398816083944E-002
   2.0525490464013236       -2.6262456621485377E-002
   2.0588259548001044       -3.3978276010148870E-002
   2.0651028631988853       -3.9171198437981503E-002
   2.0713797715976656       -4.1459554581062916E-002
   2.0776566799964464       -4.0678097642710312E-002
   2.0839335883952272       -3.6888999689620311E-002
   2.0902104967940081       -3.0376337361493595E-002
   2.0964874051927889       -2.1624152983822840E-002
   2.1027643135915697       -1.1279963306354966E-002
   2.1090412219903505       -1.0643160028463477E-004
   2.1153181303891313        1.1075115422433446E-002
   2.1215950387879121        2.1445156178112705E-002
   2.1278719471866929        3.0245948321726456E-002
   2.1341488555854737        3.6836644127964814E-002
   2.1404257639842545        4.0739545000687584E-002
   2.1467026723830354        4.1674198557461066E-002
   2.1529795807818162        3.9576936335454845E-002
   2.1592564891805970        3.4604546030582120E-002
   2.1655333975793778        2.7121922047944759E-002
   2.1718103059781586        1.7674712566936580E-002
   2.1780872143769394        6.9490483783773696E-003
   2.1843641227757202       -4.2786370275045820E-003
   2.1906410311745010       -1.5198006221005828E-002
   2.1969179395732819       -2.5023322605115011E-002
   2.2031948479720627       -3.3049840384814025E-002
   2.2094717563708435       -3.8704041806422632E-002
   2.2157486647696243       -4.1584166901660502E-002
   2.2220255731684051       -4.1488204860151014E-002
   2.2283024815671859       -3.8427431391135414E-002
   2.2345793899659667       -3.2624718336252335E-002
   2.2408562983647475       -2.4498251650150883E-002
   2.2471332067635283       -1.4630714514299793E-002
   2.2534101151623092       -3.7256948448332063E-003
   2.2596870235610900        7.4431371968206568E-003
   2.2659639319598708        1.8087104202558608E-002
   2.2722408403586516        2.7458182623606012E-002
   2.2785177487574324        3.4901265068383182E-002
   2.2847946571562132        3.9899425918548642E-002
   2.2910715655549940        4.2109086977192269E-002
   2.2973484739537748        4.1382756578289735E-002
   2.3036253823525557        3.7777897963365586E-002
   2.3099022907513365        3.1551479007294561E-002
   2.3161791991501173        2.3140748448740991E-002
   2.3224561075488981        1.3131733644748858E-002
   2.3287330159476789        2.2177796404182475E-003
   2.3350099243464597       -8.8488975950431793E-003
   2.3412868327452405       -1.9309231938680057E-002
   2.3475637411440213       -2.8449296944669130E-002
   2.3538406495428021       -3.5648709509689354E-002
   2.3601175579415830       -4.0422194045429030E-002
   2.3663944663403638       -4.2451558928523252E-002
   2.3726713747391446       -4.1606037490069213E-002
   2.3789482831379254       -3.7949751620145182E-002
   2.3852251915367062       -3.1735959782930763E-002
   2.3915020999354870       -2.3388626819927531E-002
   2.3977790083342678       -1.3472724349596494E-002
   2.4040559167330486       -2.6553701219476423E-003
   2.4103328251318294        8.3394955520300854E-003
   2.4166097335306103        1.8780439889260453E-002
   2.4228866419293911        2.7978747511834899E-002
   2.4291635503281719        3.5333696752239983E-002
   2.4354404587269527        4.0370861596602740E-002
   2.4417173671257335        4.2771496461403373E-002
   2.4479942755245143        4.2391221508176334E-002
   2.4542711839232951        3.9267061611944563E-002
   2.4605480923220759        3.3612618451104949E-002
   2.4668250007208568        2.5801966426139484E-002
   2.4731019091196376        1.6343547421682574E-002
   2.4793788175184184        5.8459677012451736E-003
   2.4856557259171992       -5.0219501554578981E-003
   2.4919326343159800       -1.5574191713921328E-002
   2.4982095427147608       -2.5150872281784958E-002
   2.5044864511135416       -3.3159123128896378E-002
   2.5107633595123224       -3.9109046204954014E-002
   2.5170402679111032       -4.2642609933049989E-002
   2.5233171763098841       -4.3553862876569649E-002
   2.5295940847086644       -4.1799418497234626E-002
   2.5358709931074452       -3.7498797049753695E-002
   2.5421479015062260       -3.0924840756760528E-002
   2.5484248099050069       -2.2485019271280913E-002
   2.5547017183037877       -1.2694973703157751E-002
   2.5609786267025685       -2.1460731323954614E-003
   2.5672555351013493        8.5309212358888071E-003
   2.5735324435001301        1.8703840366769645E-002
   2.5798093518989109        2.7776408441158983E-002
   2.5860862602976917        3.5222841342777651E-002
   2.5923631686964725        4.0618213450130759E-002
   2.5986400770952534        4.3661523722618820E-002
   2.6049169854940342        4.4190775539920908E-002
   2.6111938938928150        4.2189910589303520E-002
   2.6174708022915958        3.7787247777275788E-002
   2.6237477106903766        3.1245727852639533E-002
   2.6300246190891574        2.2945752098312164E-002
   2.6363015274879382        1.3361795221874306E-002
   2.6425784358867190        3.0342880739252765E-003
   2.6488553442854998       -7.4615233171271382E-003
   2.6551322526842807       -1.7547919471808216E-002
   2.6614091610830615       -2.6676429657233481E-002
   2.6676860694818423       -3.4357204315273802E-002
   2.6739629778806231       -4.0184504730959650E-002
   2.6802398862794039       -4.3857035315330403E-002
   2.6865167946781847       -4.5192176735093112E-002
   2.6927937030769655       -4.4133534493400677E-002
   2.6990706114757463       -4.0751603226119718E-002
   2.7053475198745272       -3.5237718456829992E-002
   2.7116244282733080       -2.7891818340282391E-002
   2.7179013366720888       -1.9104849933521070E-002
   2.7241782450708696       -9.3368939381058020E-003
   2.7304551534696504        9.0771216396227374E-004
   2.7367320618684312        1.1106904012075135E-002
   2.7430089702672120        2.0747619810200756E-002
   2.7492858786659928        2.9351447329071936E-002
   2.7555627870647736        3.6497749636587529E-002
   2.7618396954635545        4.1843874271912343E-002
   2.7681166038623353        4.5142790130775476E-002
   2.7743935122611161        4.6251703873114607E-002
   2.7806704206598969        4.5135875660629404E-002
   2.7869473290586777        4.1867592222915390E-002
   2.7932242374574585        3.6619961111868479E-002
   2.7995011458562393        2.9656129497056153E-002
   2.8057780542550201        2.1314601057155307E-002
   2.8120549626538009        1.1991514956415383E-002
   2.8183318710525818        2.1208734579532605E-003
   2.8246087794513626       -7.8463077949196113E-003
   2.8308856878501434       -1.7462859980548806E-002
   2.8371625962489242       -2.6305439945141455E-002
   2.8434395046477050       -3.3992673549910306E-002
   2.8497164130464858       -4.0200823422490067E-002
   2.8559933214452666       -4.4676273724162580E-002
   2.8622702298440474       -4.7244559238323387E-002
   2.8685471382428283       -4.7815535409707399E-002
   2.8748240466416091       -4.6384837106506302E-002
   2.8811009550403899       -4.3031499423442407E-002
   2.8873778634391707       -3.7912311779327815E-002
   2.8936547718379515       -3.1252939996305219E-002
   2.8999316802367323       -2.3336803543158206E-002
   2.9062085886355131       -1.4491679033926149E-002
   2.9124854970342939       -5.0755154442439455E-003
   2.9187624054330747        4.5390991326841826E-003
   2.9250393138318556        1.3979291841965103E-002
   2.9313162222306364        2.2887341533195365E-002
   2.9375931306294172        3.0917467489081300E-002
   2.9438700390281980        3.7695732519548830E-002
   2.9501469474269788        4.2858814180491381E-002
   2.9564238558257596        4.6085387237280367E-002
   2.9627007642245404        4.7121410373753302E-002
   2.9689776726233212        4.5807211900342003E-002
   2.9752545810221021        4.2100927684939393E-002
   2.9815314894208829        3.6097667557477030E-002
   2.9878083978196632        2.8040803576366718E-002
   2.9940853062184440        1.8323867158294697E-002
   3.0003622146172249        7.4806395820357615E-003
   3.0066391230160057       -3.8372847852727568E-003
   3.0129160314147865       -1.4895923673679099E-002
   3.0191929398135673       -2.4926034593444429E-002
   3.0254698482123481       -3.3179721371531364E-002
   3.0317467566111289       -3.8992648403968495E-002
   3.0380236650099097       -4.1846958218391322E-002
   3.0443005734086905       -4.1428950579107768E-002
   3.0505774818074713       -3.7675145568280763E-002
   3.0568543902062522       -3.0800558518685454E-002
   3.0631312986050330       -2.1303751792781721E-002
   3.0694082070038138       -9.9450949667478153E-003
   3.0756851154025946        2.3033223139782241E-003
   3.0819620238013754        1.4334299104277264E-002
   3.0882389322001562        2.5004211521798408E-002
   3.0945158405989370        3.3245368877735132E-002
   3.1007927489977178        3.8181600048005943E-002
   3.1070696573964987        3.9237212664177297E-002
   3.1133465657952795        3.6251398017916110E-002
   3.1196234741940603        2.9535596281986591E-002
   3.1259003825928411        1.9790513240985869E-002
   3.1321772909916219        8.0211918715110287E-003
   3.1384541993904027       -4.5663971700311496E-003
   3.1447311077891835       -1.6690578044553657E-002
   3.1510080161879643       -2.7124152778076224E-002
   3.1572849245867451       -3.4818224603706545E-002
   3.1635618329855260       -3.9006091468558039E-002
   3.1698387413843068       -3.9277846189504501E-002
   3.1761156497830876       -3.5618080452454987E-002
   3.1823925581818684       -2.8403904053815474E-002
   3.1886694665806492       -1.8363751839633347E-002
   3.1949463749794300       -6.5019290836723842E-003
   3.2012232833782108        6.0033190565565910E-003
   3.2075001917769916        1.7917567774906190E-002
   3.2137771001757724        2.8072113876838951E-002
   3.2200540085745533        3.5477866932209876E-002
   3.2263309169733341        3.9420319659339814E-002
   3.2326078253721149        3.9526537535068948E-002
   3.2388847337708957        3.5798170867046133E-002
   3.2451616421696765        2.8607752179946915E-002
   3.2514385505684573        1.8659269975643968E-002
   3.2577154589672381        6.9173303477645396E-003
   3.2639923673660189       -5.4877688921709435E-003
   3.2702692757647998       -1.7369587239964408E-002
   3.2765461841635806       -2.7599124047565135E-002
   3.2828230925623614       -3.5210808622341980E-002
   3.2891000009611422       -3.9487552104900098E-002
   3.2953769093599230       -4.0024775860368893E-002
   3.3016538177587038       -3.6771531811855954E-002
   3.3079307261574846       -3.0035916221040047E-002
   3.3142076345562654       -2.0455790903378394E-002
   3.3204845429550462       -8.9384253776548361E-003
   3.3267614513538271        3.4254485799433904E-003
   3.3330383597526079        1.5464914129137456E-002
   3.3393152681513887        2.6039773546763630E-002
   3.3455921765501695        3.4148520913021452E-002
   3.3518690849489503        3.9023201456611915E-002
   3.3581459933477311        4.0202136768301096E-002
   3.3644229017465119        3.7573659918762728E-002
   3.3706998101452927        3.1386688889054777E-002
   3.3769767185440736        2.2227163091522999E-002
   3.3832536269428544        1.0962548356994627E-002
   3.3895305353416352       -1.3403095954069991E-003
   3.3958074437404160       -1.3516228486786953E-002
   3.4020843521391968       -2.4412035171546023E-002
   3.4083612605379776       -3.2995789176828952E-002
   3.4146381689367584       -3.8454511819111657E-002
   3.4209150773355392       -4.0271194746724831E-002
   3.4271919857343200       -3.8273760666833433E-002
   3.4334688941331009       -3.2651375784455879E-002
   3.4397458025318817       -2.3936527245401521E-002
   3.4460227109306620       -1.2954601496566451E-002
   3.4522996193294428       -7.4574199255134804E-004
   3.4585765277282237        1.1534315367187496E-002
   3.4648534361270045        2.2731274136070241E-002
   3.4711303445257853        3.1812197602527729E-002
   3.4774072529245661        3.7959794082653715E-002
   3.4836841613233469        4.0641077329740115E-002
   3.4899610697221277        3.9647683594469428E-002
   3.4962379781209085        3.5105037376553974E-002
   3.5025148865196893        2.7451263359022600E-002
   3.5087917949184702        1.7389077656566835E-002
   3.5150687033172510        5.8163411197838678E-003
   3.5213456117160318       -6.2576136139454877E-003
   3.5276225201148126       -1.7801845561023728E-002
   3.5338994285135934       -2.7851822737316435E-002
   3.5401763369123742       -3.5588162074924171E-002
   3.5464532453111550       -4.0399924675642768E-002
   3.5527301537099358       -4.1927982145642979E-002
   3.5590070621087166       -4.0085905852249561E-002
   3.5652839705074975       -3.5057884003542997E-002
   3.5715608789062783       -2.7275044071664332E-002
   3.5778377873050591       -1.7373292209887217E-002
   3.5841146957038399       -6.1369767073421637E-003
   3.5903916041026207        5.5663456889394163E-003
   3.5966685125014015        1.6854575186257850E-002
   3.6029454209001823        2.6897568453026002E-002
   3.6092223292989631        3.4976738837096323E-002
   3.6154992376977440        4.0533402368814669E-002
   3.6217761460965248        4.3203404555467832E-002
   3.6280530544953056        4.2835420000172604E-002
   3.6343299628940864        3.9495571948219850E-002
   3.6406068712928672        3.3462741721442389E-002
   3.6468837796916480        2.5190518317344764E-002
   3.6531606880904288        1.5263924043154749E-002
   3.6594375964892096        4.3534129073833656E-003
   3.6657145048879904       -6.8339022678187908E-003
   3.6719914132867713       -1.7601612275357524E-002
   3.6782683216855521       -2.7307259179944990E-002
   3.6845452300843329       -3.5398730983831270E-002
   3.6908221384831137       -4.1442194438105928E-002
   3.6970990468818945       -4.5140461703434297E-002
   3.7033759552806753       -4.6341589598648245E-002
   3.7096528636794561       -4.5038091670181607E-002
   3.7159297720782369       -4.1357739293487662E-002
   3.7222066804770177       -3.5547368325502621E-002
   3.7284835888757986       -2.7951334401105254E-002
   3.7347604972745794       -1.8986493035986245E-002
   3.7410374056733602       -9.1154433477464471E-003
   3.7473143140721410        1.1801536893339909E-003
   3.7535912224709218        1.1424818178035416E-002
   3.7598681308697026        2.1171657332780532E-002
   3.7661450392684834        3.0021235762446082E-002
   3.7724219476672642        3.7636037349903048E-002
   3.7786988560660451        4.3750609722695587E-002
   3.7849757644648259        4.8176900464184949E-002
   3.7912526728636067        5.0805753685359424E-002
   3.7975295812623875        5.1603936868138918E-002
   3.8038064896611683        5.0608913545220832E-002
   3.8100833980599491        4.7912758527425117E-002
   3.8163603064587299        4.3633637291142530E-002
   3.8226372148575107        3.7933859322168195E-002
   3.8289141232562915        3.1017829510030445E-002
   3.8351910316550724        2.3122374999887119E-002
   3.8414679400538532        1.4508091742950910E-002
   3.8477448484526340        5.4496304736457472E-003
   3.8540217568514148       -3.7734385226963060E-003
   3.8602986652501956       -1.2885690136198306E-002
   3.8665755736489764       -2.1623998456235530E-002
   3.8728524820477572       -2.9744973422959689E-002
   3.8791293904465380       -3.7031180472071538E-002
   3.8854062988453189       -4.3296276575633334E-002
   3.8916832072440997       -4.8388777267157346E-002
   3.8979601156428805       -5.2194608331096577E-002
   3.9042370240416608       -5.4638309617189199E-002
   3.9105139324404417       -5.5683086418261980E-002
   3.9167908408392225       -5.5329682829412218E-002
   3.9230677492380033       -5.3614310648194469E-002
   3.9293446576367841       -5.0605673210565909E-002
   3.9356215660355649       -4.6401342769739416E-002
   3.9418984744343457       -4.1123555007079503E-002
   3.9481753828331265       -3.4914693013405385E-002
   3.9544522912319073       -2.7932505289768220E-002
   3.9607291996306881       -2.0345349059103315E-002
   3.9670061080294690       -1.2327420179523780E-002
   3.9732830164282498       -4.0543498519331608E-003
   3.9795599248270306        4.3010866403150189E-003
   3.9858368332258114        1.2569890064302296E-002
   3.9921137416245922        2.0578767580834344E-002
   3.9983906500233730        2.8149660565105206E-002
   4.0046675584221543        3.5104021179888166E-002
   4.0109444668209351        4.1267602972515742E-002
   4.0172213752197159        4.6475705990458610E-002
   4.0234982836184967        5.0578559463624502E-002
   4.0297751920172775        5.3446810401320544E-002
   4.0360521004160583        5.4976836612012532E-002
   4.0423290088148391        5.5095758399929855E-002
   4.0486059172136200        5.3765875435502770E-002
   4.0548828256124008        5.0988362138391009E-002
   4.0611597340111816        4.6805966621004620E-002
   4.0674366424099624        4.1304550570694765E-002
   4.0737135508087432        3.4613263207376212E-002
   4.0799904592075240        2.6903235881787564E-002
   4.0862673676063048        1.8384675741847052E-002
   4.0925442760050856        9.3023373608630017E-003
   4.0988211844038664       -7.0628341259180286E-005
   4.1050980928026473       -9.4403421645167275E-003
   4.1113750012014281       -1.8501236928610092E-002
   4.1176519096002089       -2.6946220001599807E-002
   4.1239288179989897       -3.4477663672382468E-002
   4.1302057263977705       -4.0818836619636575E-002
   4.1364826347965504       -4.5725355837124143E-002
   4.1427595431953312       -4.8996173312154966E-002
   4.1490364515941121       -5.0483604743420750E-002
   4.1553133599928929       -5.0101883951207356E-002
   4.1615902683916737       -4.7833760391758656E-002
   4.1678671767904545       -4.3734685214112022E-002
   4.1741440851892353       -3.7934213604915744E-002
   4.1804209935880161       -3.0634333464907376E-002
   4.1866979019867969       -2.2104559629370791E-002
   4.1929748103855777       -1.2673761440327610E-002
   4.1992517187843585       -2.7188541955719702E-003
   4.2055286271831394        7.3493599258727116E-003
   4.2118055355819202        1.7102744542614422E-002
   4.2180824439807010        2.6114167243428875E-002
   4.2243593523794818        3.3976868956883594E-002
   4.2306362607782626        4.0323999507882284E-002
   4.2369131691770434        4.4847369958744880E-002
   4.2431900775758242        4.7314437808758596E-002
   4.2494669859746050        4.7582549807572525E-002
   4.2557438943733858        4.5609534759572044E-002
   4.2620208027721667        4.1459857025233395E-002
   4.2682977111709475        3.5305718650801787E-002
   4.2745746195697283        2.7422719643977727E-002
   4.2808515279685091        1.8179955638725011E-002
   4.2871284363672899        8.0247227650946905E-003
   4.2934053447660707       -2.5376803779222942E-003
   4.2996822531648515       -1.2968266554053885E-002
   4.3059591615636323       -2.2721690398180894E-002
   4.3122360699624132       -3.1275281724261715E-002
   4.3185129783611940       -3.8158208263075068E-002
   4.3247898867599748       -4.2979215770001578E-002
   4.3310667951587556       -4.5450868319305789E-002
   4.3373437035575364       -4.5407787204205546E-002
   4.3436206119563172       -4.2821092978614750E-002
   4.3498975203550980       -3.7806146825816907E-002
   4.3561744287538788       -3.0621317500390981E-002
   4.3624513371526596       -2.1658016520344110E-002
   4.3687282455514405       -1.1422202445326095E-002
   4.3750051539502213       -5.0797213540126473E-004
   4.3812820623490021        1.0435550721769958E-002
   4.3875589707477829        2.0742341058118442E-002
   4.3938358791465637        2.9770427396469956E-002
   4.4001127875453445        3.6943215632808904E-002
   4.4063896959441253        4.1788456699366171E-002
   4.4126666043429061        4.3972193621101052E-002
   4.4189435127416870        4.3325087881163293E-002
   4.4252204211404678        3.9858992134065206E-002
   4.4314973295392486        3.3772036849548145E-002
   4.4377742379380294        2.5441347272768897E-002
   4.4440511463368102        1.5403134644163810E-002
   4.4503280547355910        4.3210103783894414E-003
   4.4566049631343718       -7.0560005016137789E-003
   4.4628818715331526       -1.7943102048602097E-002
   4.4691587799319334       -2.7574076256475424E-002
   4.4754356883307143       -3.5256326858717879E-002
   4.4817125967294951       -4.0423028885882797E-002
   4.4879895051282759       -4.2677792882657425E-002
   4.4942664135270567       -4.1829071162907502E-002
   4.5005433219258375       -3.7909499928788025E-002
   4.5068202303246183       -3.1183458268119010E-002
   4.5130971387233991       -2.2146733391730192E-002
   4.5193740471221799       -1.1471457422039035E-002
   4.5256509555209607        5.1424218383449116E-005
   4.5319278639197416        1.1570711888587935E-002
   4.5382047723185224        2.2238225899642548E-002
   4.5444816807173032        3.1270974112474051E-002
   4.5507585891160840        3.8008462114059359E-002
   4.5570354975148648        4.1960445870270001E-002
   4.5633124059136456        4.2842083137419468E-002
   4.5695893143124264        4.0593730758696898E-002
   4.5758662227112072        3.5384279993609810E-002
   4.5821431311099881        2.7597743365905595E-002
   4.5884200395087689        1.7804340301379628E-002
   4.5946969479075497        6.7181883801335938E-003
   4.6009738563063305       -4.8551288388966512E-003
   4.6072507647051113       -1.6077322572731059E-002
   4.6135276731038921       -2.6138119632456627E-002
   4.6198045815026729       -3.4313604703706813E-002
   4.6260814899014537       -4.0017946212134753E-002
   4.6323583983002345       -4.2844880951906653E-002
   4.6386353066990154       -4.2596020200868168E-002
   4.6449122150977962       -3.9294084306676483E-002
   4.6511891234965770       -3.3180211668520969E-002
   4.6574660318953578       -2.4695681685534324E-002
   4.6637429402941386       -1.4449469166867828E-002
   4.6700198486929194       -3.1740549311980561E-003
   4.6762967570917002        8.3272423376130507E-003
   4.6825736654904810        1.9237831030223525E-002
   4.6888505738892619        2.8786790908965344E-002
   4.6951274822880427        3.6303307666569855E-002
   4.7014043906868235        4.1263176960016322E-002
   4.7076812990856043        4.3324525118640420E-002
   4.7139582074843851        4.2350366151123850E-002
   4.7202351158831659        3.8416594142927987E-002
   4.7265120242819467        3.1805037239022296E-002
   4.7327889326807275        2.2982250180723751E-002
   4.7390658410795083        1.2565704745382419E-002
   4.7453427494782892        1.2798823960818704E-003
   4.7516196578770700       -1.0094562848910596E-002
   4.7578965662758508       -2.0774978882900110E-002
   4.7641734746746316       -3.0030457750953237E-002
   4.7704503830734124       -3.7231467763880248E-002
   4.7767272914721932       -4.1892035223317581E-002
   4.7830041998709740       -4.3701696915451615E-002
   4.7892811082697548       -4.2545186773747488E-002
   4.7955580166685357       -3.8508681336418299E-002
   4.8018349250673165       -3.1872364347220426E-002
   4.8081118334660973       -2.3089988663753103E-002
   4.8143887418648781       -1.2756992923109440E-002
   4.8206656502636589       -1.5694546579758605E-003
   4.8269425586624397        9.7232343090148266E-003
   4.8332194670612205        2.0368748215217395E-002
   4.8394963754600013        2.9661839442566368E-002
   4.8457732838587821        3.6990705682408836E-002
   4.8520501922575630        4.1876713325686286E-002
   4.8583271006563438        4.4005904590467486E-002
   4.8646040090551246        4.3249534374780650E-002
   4.8708809174539054        3.9668740986291022E-002
   4.8771578258526862        3.3507897560437309E-002
   4.8834347342514670        2.5176583515219203E-002
   4.8897116426502478        1.5221061029817011E-002
   4.8959885510490286        4.2874611962940559E-003
   4.9022654594478094       -6.9208605147463766E-003
   4.9085423678465903       -1.7688900555722142E-002
   4.9148192762453711       -2.7335581164953219E-002
   4.9210961846441519       -3.5256403784986810E-002
   4.9273730930429327       -4.0960563690333823E-002
   4.9336500014417135       -4.4100290157030847E-002
   4.9399269098404943       -4.4490747345922461E-002
   4.9462038182392751       -4.2119442733647511E-002
   4.9524807266380559       -3.7144788772066784E-002
   4.9587576350368368       -2.9884130404671500E-002
   4.9650345434356176       -2.0792208115610885E-002
   4.9713114518343984       -1.0431577710955174E-002
   4.9775883602331792        5.6302640307172942E-004
   4.9838652686319600        1.1524090589050306E-002
   4.9901421770307408        2.1792009553743628E-002
   4.9964190854295216        3.0754586472703949E-002
   5.0026959938283024        3.7882991880784207E-002
   5.0089729022270832        4.2762120772118890E-002
   5.0152498106258641        4.5113646603846078E-002
   5.0215267190246449        4.4810609867428880E-002
   5.0278036274234257        4.1882667467005391E-002
   5.0340805358222065        3.6511246024701377E-002
   5.0403574442209873        2.9017205359779953E-002
   5.0466343526197681        1.9842009614598893E-002
   5.0529112610185480        9.5211467503858570E-003
   5.0591881694173289       -1.3477262208121746E-003
   5.0654650778161097       -1.2139727067579719E-002
   5.0717419862148905       -2.2238775676979811E-002
   5.0780188946136713       -3.1072605265468008E-002
   5.0842958030124521       -3.8144791266139164E-002
   5.0905727114112329       -4.3062027971696330E-002
   5.0968496198100137       -4.5555196299574295E-002
   5.1031265282087945       -4.5493145835603203E-002
   5.1094034366075753       -4.2888545994153975E-002
   5.1156803450063562       -3.7895623001995234E-002
   5.1219572534051370       -3.0800051789110071E-002
   5.1282341618039178       -2.2001709005856324E-002
   5.1345110702026986       -1.1991366929881538E-002
   5.1407879786014794       -1.3227276402687455E-003
   5.1470648870002602        9.4185859658365914E-003
   5.1533417953990410        1.9647324290463699E-002
   5.1596187037978218        2.8810411086624053E-002
   5.1658956121966026        3.6416524949207454E-002
   5.1721725205953835        4.2061908351497611E-002
   5.1784494289941643        4.5451075752930850E-002
   5.1847263373929451        4.6411410445333152E-002
   5.1910032457917259        4.4900975550164188E-002
   5.1972801541905067        4.1009258226140932E-002
   5.2035570625892875        3.4950932056264060E-002
   5.2098339709880683        2.7053109072531771E-002
   5.2161108793868491        1.7736867144549556E-002
   5.2223877877856300        7.4941425978785770E-003
   5.2286646961844108       -3.1387258754606837E-003
   5.2349416045831916       -1.3609346713494640E-002
   5.2412185129819724       -2.3378023568118109E-002
   5.2474954213807532       -3.1945393379456365E-002
   5.2537723297795340       -3.8877568120893352E-002
   5.2600492381783148       -4.3827522020836340E-002
   5.2663261465770956       -4.6551723505081584E-002
   5.2726030549758764       -4.6921238319040721E-002
   5.2788799633746573       -4.4926872707022274E-002
   5.2851568717734381       -4.0678189932939805E-002
   5.2914337801722189       -3.4396599671874077E-002
   5.2977106885709997       -2.6402953211736177E-002
   5.3039875969697805       -1.7100409624033114E-002
   5.3102645053685613       -6.9534782563693970E-003
   5.3165414137673421        3.5355999463395175E-003
   5.3228183221661229        1.3851970553583134E-002
   5.3290952305649038        2.3493452112063863E-002
   5.3353721389636846        3.1994833723684751E-002
   5.3416490473624654        3.8949918120898146E-002
   5.3479259557612462        4.4030421064432237E-002
   5.3542028641600270        4.7000700560265174E-002
   5.3604797725588078        4.7727950718803390E-002
   5.3667566809575886        4.6187065254688540E-002
   5.3730335893563694        4.2460796182394275E-002
   5.3793104977551502        3.6732853632358502E-002
   5.3855874061539311        2.9271506047268785E-002
   5.3918643145527119        2.0425110329087455E-002
   5.3981412229514927        1.0609698388476722E-002
   5.4044181313502735        2.8964343438023986E-004
   5.4106950397490543       -1.0043996392815892E-002
   5.4169719481478351       -1.9896855344123665E-002
   5.4232488565466159       -2.8794916930617375E-002
   5.4295257649453967       -3.6307547228280994E-002
   5.4358026733441775       -4.2068609305450491E-002
   5.4420795817429584       -4.5794741628297379E-002
   5.4483564901417392       -4.7299764414828735E-002
   5.4546333985405200       -4.6504549722290879E-002
   5.4609103069393008       -4.3441731698161325E-002
   5.4671872153380816       -3.8255027662851854E-002
   5.4734641237368624       -3.1193064619825000E-002
   5.4797410321356432       -2.2598004829093712E-002
   5.4860179405344240       -1.2889400843638927E-002
   5.4922948489332049       -2.5440792589460971E-003
   5.4985717573319857        7.9270659986588887E-003
   5.5048486657307665        1.8004184843803821E-002
   5.5111255741295473        2.7184336999857481E-002
   5.5174024825283281        3.5006735358185173E-002
   5.5236793909271089        4.1076202663881685E-002
   5.5299562993258897        4.5083494956340738E-002
   5.5362332077246705        4.6821618732319603E-002
   5.5425101161234513        4.6196974959931379E-002
   5.5487870245222322        4.3235179386675426E-002
   5.5550639329210130        3.8079351837843313E-002
   5.5613408413197938        3.0979805100434632E-002
   5.5676177497185746        2.2288944048435570E-002
   5.5738946581173554        1.2446208293540137E-002
   5.5801715665161362        1.9564872961516568E-003
   5.5864484749149170       -8.6350734600839311E-003
   5.5927253833136978       -1.8771232977063967E-002
   5.5990022917124787       -2.7912040390297252E-002
   5.6052792001112595       -3.5564101332854148E-002
   5.6115561085100403       -4.1307982360607808E-002
   5.6178330169088211       -4.4822309248081643E-002
   5.6241099253076019       -4.5903043469531293E-002
   5.6303868337063827       -4.4476798577269321E-002
   5.6366637421051635       -4.0607212915612825E-002
   5.6429406505039443       -3.4493870695684437E-002
   5.6492175589027251       -2.6463560190148880E-002
   5.6554944673015060       -1.6954184890386876E-002
   5.6617713757002868       -6.4919826222073424E-003
   5.6680482840990676        4.3367947244624637E-003
   5.6743251924978484        1.4918316387943465E-002
   5.6806021008966292        2.4645918763240078E-002
   5.6868790092954100        3.2955256489117887E-002
   5.6931559176941908        3.9357759837045064E-002
   5.6994328260929716        4.3470444974355940E-002
   5.7057097344917524        4.5040138687115615E-002
   5.7119866428905333        4.3960609646341693E-002
   5.7182635512893141        4.0281283754983854E-002
   5.7245404596880949        3.4206715065614630E-002
   5.7308173680868757        2.6084549472254175E-002
   5.7370942764856565        1.6386154496155034E-002
   5.7433711848844373        5.6879734047323377E-003
   5.7496480932832181       -5.3599450216942892E-003
   5.7559250016819989       -1.6072840644229217E-002
   5.7622019100807798       -2.5773585393993499E-002
   5.7684788184795606       -3.3836358563728165E-002
   5.7747557268783414       -3.9728590496661831E-002
   5.7810326352771222       -4.3048450878612123E-002
   5.7873095436759030       -4.3555046199619973E-002
   5.7935864520746838       -4.1189010997774486E-002
   5.7998633604734646       -3.6081575515988049E-002
   5.8061402688722454       -2.8550993423867285E-002
   5.8124171772710262       -1.9085955755757434E-002
   5.8186940856698071       -8.3165868321445052E-003
   5.8249709940685879        3.0255192365383050E-003
   5.8312479024673687        1.4155848316836582E-002
   5.8375248108661495        2.4291018303194755E-002
   5.8438017192649303        3.2704650930128309E-002
   5.8500786276637111        3.8781079374781015E-002
   5.8563555360624919        4.2062839531957621E-002
   5.8626324444612727        4.2288163534492836E-002
   5.8689093528600536        3.9415244608885944E-002
   5.8751862612588344        3.3630885194362269E-002
   5.8814631696576152        2.5342221857377726E-002
   5.8877400780563960        1.5151441202300919E-002
   5.8940169864551768        3.8147561707011128E-003
   5.9002938948539576       -7.8118334684003539E-003
   5.9065708032527384       -1.8835640706224410E-002
   5.9128477116515192       -2.8394120992884721E-002
   5.9191246200503000       -3.5723365272741864E-002
   5.9254015284490809       -4.0221893704897746E-002
   5.9316784368478617       -4.1503707953903152E-002
   5.9379553452466425       -3.9435761704797914E-002
   5.9442322536454233       -3.4155959224491703E-002
   5.9505091620442041       -2.6069284810893757E-002
   5.9567860704429849       -1.5821359554848455E-002
   5.9630629788417657       -4.2506593864329945E-003
   5.9693398872405457        7.6774770827739112E-003
   5.9756167956393265        1.8950134088708940E-002
   5.9818937040381073        2.8593067027877183E-002
   5.9881706124368881        3.5756601174876224E-002
   5.9944475208356689        3.9793541159403867E-002
   6.0007244292344497        4.0321742193828496E-002
   6.0070013376332305        3.7265046642210704E-002
   6.0132782460320113        3.0867907262703897E-002
   6.0195551544307921        2.1681268011262651E-002
   6.0258320628295730        1.0519762333683706E-002
   6.0321089712283538       -1.6069282356303183E-003
   6.0383858796271346       -1.3583236854084612E-002
   6.0446627880259154       -2.4289708176635640E-002
   6.0509396964246962       -3.2708741017676971E-002
   6.0572166048234770       -3.8023877348866572E-002
   6.0634935132222578       -3.9703068160977815E-002
   6.0697704216210386       -3.7556543626237122E-002
   6.0760473300198194       -3.1764826946457596E-002
   6.0823242384186003       -2.2876349295447757E-002
   6.0886011468173811       -1.1752327857251839E-002
   6.0948780552161619        5.2249047182723160E-004
   6.1011549636149427        1.2745549861863928E-002
   6.1074318720137235        2.3714022572759640E-002
   6.1137087804125043        3.2343458385582634E-002
   6.1199856888112851        3.7775804312436760E-002
   6.1262625972100659        3.9465932106094705E-002
   6.1325395056088468        3.7237865418315877E-002
   6.1388164140076276        3.1304746045691376E-002
   6.1450933224064084        2.2250155945472364E-002
   6.1513702308051892        1.0972230091959705E-002
   6.1576471392039700       -1.4042525778696273E-003
   6.1639240476027508       -1.3639309405129779E-002
   6.1702009560015316       -2.4501782699811479E-002
   6.1764778644003124       -3.2893550567533569E-002
   6.1827547727990932       -3.7961396864954748E-002
   6.1890316811978741       -3.9185017935899312E-002
   6.1953085895966549       -3.6432027254656399E-002
   6.2015854979954357       -2.9973920795949481E-002
   6.2078624063942165       -2.0461049426790279E-002
   6.2141393147929973       -8.8585824009068028E-003
   6.2204162231917781        3.6502266289782466E-003
   6.2266931315905589        1.5784131773203956E-002
   6.2329700399893397        2.6294888241951590E-002
   6.2392469483881206        3.4096322947881806E-002
   6.2455238567869014        3.8377039736167670E-002
   6.2518007651856822        3.8688683268205251E-002
   6.2580776735844630        3.5006007959352652E-002
   6.2643545819832438        2.7720013993896626E-002
   6.2706314903820246        1.7589243941098294E-002
   6.2769083987808054        5.6587048152105610E-003
   6.2831853071795862       -6.8495254117722114E-003
