   6.2769083987808056E-003  -5.8319642149593159E-005
   1.2553816797561611E-002  -6.3641524341312498E-005
   1.8830725196342418E-002  -6.5396908882915200E-005
   2.5107633595123222E-002  -6.3508353341113397E-005
   3.1384541993904030E-002  -5.8101198352971287E-005
   3.7661450392684835E-002  -4.9493603386124751E-005
   4.3938358791465640E-002  -3.8175298407030436E-005
   5.0215267190246445E-002  -2.4778292712109998E-005
   5.6492175589027249E-002  -1.0039617238996673E-005
   6.2769083987808061E-002   5.2398700377359091E-006
   6.9045992386588859E-002   2.0240056777414340E-005
   7.5322900785369670E-002   3.4165224762197659E-005
   8.1599809184150468E-002   4.6286287614503398E-005
   8.7876717582931280E-002   5.5977566946193683E-005
   9.4153625981712077E-002   6.2748189529854975E-005
  0.10043053438049289        6.6264723284676131E-005
  0.10670744277927370        6.6366047487211870E-005
  0.11298435117805450        6.3067974177549187E-005
  0.11926125957683531        5.6559666787078682E-005
  0.12553816797561612        4.7190282031923091E-005
  0.13181507637439691        3.5448865325682362E-005
  0.13809198477317772        2.1936623471486845E-005
  0.14436889317195853        7.3354636420369395E-006
  0.15064580157073934       -7.6278385880375996E-006
  0.15692270996952015       -2.2219471906101417E-005
  0.16319961836830094       -3.5735421201703841E-005
  0.16947652676708175       -4.7534268156324798E-005
  0.17575343516586256       -5.7067137652081188E-005
  0.18203034356464337       -6.3901092426668638E-005
  0.18830725196342415       -6.7737435126101673E-005
  0.19458416036220497       -6.8421896753027562E-005
  0.20086106876098578       -6.5948915674811731E-005
  0.20713797715976659       -6.0457642004283822E-005
  0.21341488555854740       -5.2222614920916462E-005
  0.21969179395732819       -4.1637294031027466E-005
  0.22596870235610900       -2.9193994085127508E-005
  0.23224561075488981       -1.5458745288596408E-005
  0.23852251915367062       -1.0450062323587052E-006
  0.24479942755245140        1.3415163483666218E-005
  0.25107633595123224        2.7298417148210165E-005
  0.25735324435001306        4.0017485613963605E-005
  0.26363015274879381        5.1044638959708136E-005
  0.26990706114757462        5.9933192328609117E-005
  0.27618396954635543        6.6333365399894292E-005
  0.28246087794513625        7.0004963190492089E-005
  0.28873778634391706        7.0823527680666750E-005
  0.29501469474269787        6.8783001607461934E-005
  0.30129160314147868        6.3991877935747421E-005
  0.30756851154025949        5.6666424807344238E-005
  0.31384541993904030        4.7118268907104427E-005
  0.32012232833782106        3.5741318124865727E-005
  0.32639923673660187        2.2993817322109658E-005
  0.33267614513538268        9.3756889328651687E-006
  0.33895305353416350       -4.5936866085963530E-006
  0.34522996193294431       -1.8394878419776907E-005
  0.35150687033172512       -3.1528765753333288E-005
  0.35778377873050593       -4.3533232347033721E-005
  0.36406068712928674       -5.3999487500480436E-005
  0.37033759552806755       -6.2583680932196283E-005
  0.37661450392684831       -6.9017445161220230E-005
  0.38289141232562912       -7.3113205809390082E-005
  0.38916832072440993       -7.4768297765354623E-005
  0.39544522912319074       -7.3963847972208764E-005
  0.40172213752197156       -7.0762849838455533E-005
  0.40799904592075237       -6.5303436128536966E-005
  0.41427595431953318       -5.7792108665340681E-005
  0.42055286271831399       -4.8492885953588686E-005
  0.42682977111709480       -3.7717392196600424E-005
  0.43310667951587556       -2.5811706545410510E-005
  0.43938358791465637       -1.3145195457596143E-005
  0.44566049631343718       -9.6916001439694230E-008
  0.45193740471221799        1.2955038792910694E-005
  0.45821431311099881        2.5645966468800205E-005
  0.46449122150977962        3.7633267397152066E-005
  0.47076812990856043        4.8606494000316729E-005
  0.47704503830734124        5.8293192930074774E-005
  0.48332194670612205        6.6465731148180826E-005
  0.48959885510490281        7.2945662641668005E-005
  0.49587576350368362        7.7624431512618105E-005
  0.50215267190246449        8.0471270946064842E-005
  0.50842958030124530        8.1511074076970265E-005
  0.51470648870002611        8.0812547699836681E-005
  0.52098339709880681        7.8482868105097964E-005
  0.52726030549758762        7.4657807904822198E-005
  0.53353721389636843        6.9495540807267307E-005
  0.53981412229514925        6.3167074712354101E-005
  0.54609103069393006        5.5850815757168706E-005
  0.55236793909271087        4.7724149591457154E-005
  0.55864484749149168        3.8959562320064018E-005
  0.56492175589027249        2.9717841233937396E-005
  0.57119866428905330        2.0146060799703823E-005
  0.57747557268783412        1.0372478695522644E-005
  0.58375248108661493        5.0632112371772680E-007
  0.59002938948539574       -9.3658539108019287E-006
  0.59630629788417655       -1.9178891494232645E-005
  0.60258320628295736       -2.8891628208117055E-005
  0.60886011468173817       -3.8484607949146604E-005
  0.61513702308051899       -4.7962130246102924E-005
  0.62141393147929980       -5.7349462048104498E-005
  0.62769083987808061       -6.6694868986149025E-005
  0.63396774827686131       -7.6066844747193271E-005
  0.64024465667564212       -8.5556615155407833E-005
  0.64652156507442293       -9.5275928460575903E-005
  0.65279847347320374       -1.0536040336170699E-004
  0.65907538187198456       -1.1596880836852338E-004
  0.66535229027076537       -1.2728406985649317E-004
  0.67162919866954618       -1.3948751196408431E-004
  0.67790610706832699       -1.5276575769045936E-004
  0.68418301546710780       -1.6732805176148597E-004
  0.69045992386588861       -1.8341599939933589E-004
  0.69673683226466943       -2.0130505099828330E-004
  0.70301374066345024       -2.2131416346344971E-004
  0.70929064906223105       -2.4380964781129202E-004
  0.71556755746101186       -2.6921768335524254E-004
  0.72184446585979267       -2.9803127952346517E-004
  0.72812137425857348       -3.3082683982233938E-004
  0.73439828265735430       -3.6827564969789048E-004
  0.74067519105613511       -4.1116617091621426E-004
  0.74695209945491581       -4.6042218860660407E-004
  0.75322900785369662       -5.1713329621125130E-004
  0.75950591625247743       -5.8258290852223758E-004
  0.76578282465125824       -6.5829055643496480E-004
  0.77205973305003905       -7.4605461566819916E-004
  0.77833664144881987       -8.4801173236709511E-004
  0.78461354984760068       -9.6670168100859905E-004
  0.79089045824638149       -1.1051516856947737E-003
  0.79716736664516230       -1.2669749625532909E-003
  0.80344427504394311       -1.4564909663689397E-003
  0.80972118344272392       -1.6788764225612494E-003
  0.81599809184150474       -1.9403355283514863E-003
  0.82227500024028555       -2.2483382871731983E-003
  0.82855190863906636       -2.6118452738192687E-003
  0.83482881703784717       -3.0417472980781837E-003
  0.84110572543662798       -3.5505909683289940E-003
  0.84738263383540879       -4.1493052300407493E-003
  0.85365954223418961       -4.8485065665998623E-003
  0.85993645063297042       -5.6597260793617155E-003
  0.86621335903175112       -6.5953999037507514E-003
  0.87249026743053193       -7.6687564913435844E-003
  0.87876717582931274       -8.8936670435594400E-003
  0.88504408422809355       -1.0284434597976230E-002
  0.89132099262687436       -1.1855555312932019E-002
  0.89759790102565518       -1.3621383368510820E-002
  0.90387480942443599       -1.5595774609479078E-002
  0.91015171782321680       -1.7791605368954310E-002
  0.91642862622199761       -2.0220280605445631E-002
  0.92270553462077842       -2.2891093703504530E-002
  0.92898244301955923       -2.5810598333433427E-002
  0.93525935141834005       -2.8981813603389642E-002
  0.94153625981712086       -3.2403485199736994E-002
  0.94781316821590167       -3.6069166016345737E-002
  0.95409007661468248       -3.9966429674554806E-002
  0.96036698501346329       -4.4075888953241604E-002
  0.96664389341224410       -4.8370475151845435E-002
  0.97292080181102492       -5.2814488145996347E-002
  0.97919771020980562       -5.7363122938643707E-002
  0.98547461860858643       -6.1961653904778459E-002
  0.99175152700736724       -6.6545503243882573E-002
  0.99802843540614805       -7.1039555345984898E-002
   1.0043053438049290       -7.5359444884170165E-002
   1.0105822522037098       -7.9409877863648518E-002
   1.0168591606024906       -8.3096782855944448E-002
   1.0231360690012714       -8.6377824163774347E-002
   1.0294129774000522       -8.9221001494574084E-002
   1.0356898857988328       -9.1593931143935992E-002
   1.0419667941976136       -9.3466318464324002E-002
   1.0482437025963944       -9.4809412334546483E-002
   1.0545206109951752       -9.5597055790853258E-002
   1.0607975193939561       -9.5805769087184578E-002
   1.0670744277927369       -9.5415500237631665E-002
   1.0733513361915177       -9.4409889703919836E-002
   1.0796282445902985       -9.2776892986164608E-002
   1.0859051529890793       -9.0509098010025088E-002
   1.0921820613878601       -8.7604252456170609E-002
   1.0984589697866409       -8.4065567145653719E-002
   1.1047358781854217       -7.9902142184295019E-002
   1.1110127865842025       -7.5129207785363181E-002
   1.1172896949829834       -6.9768428971382287E-002
   1.1235666033817642       -6.3848042594939328E-002
   1.1298435117805450       -5.7403015126465104E-002
   1.1361204201793258       -5.0475039600247441E-002
   1.1423973285781066       -4.3112520919486995E-002
   1.1486742369768874       -3.5370401936529995E-002
   1.1549511453756682       -2.7309954586525426E-002
   1.1612280537744490       -1.8998411333136563E-002
   1.1675049621732299       -1.0508548250348982E-002
   1.1737818705720107       -1.9181062420771007E-003
   1.1800587789707915        6.6908343566095046E-003
   1.1863356873695723        1.5232643144260573E-002
   1.1926125957683531        2.3618615344156324E-002
   1.1988895041671339        3.1756804147318837E-002
   1.2051664125659147        3.9553257403473353E-002
   1.2114433209646955        4.6913357617731598E-002
   1.2177202293634763        5.3743136829579409E-002
   1.2239971377622572        5.9950745705714174E-002
   1.2302740461610380        6.5447959702339659E-002
   1.2365509545598188        7.0151774438038772E-002
   1.2428278629585996        7.3986005038693556E-002
   1.2491047713573804        7.6882914585440373E-002
   1.2553816797561612        7.8784794232996752E-002
   1.2616585881549420        7.9645505384412507E-002
   1.2679354965537226        7.9431909843967335E-002
   1.2742124049525034        7.8125189259734662E-002
   1.2804893133512842        7.5721982965490542E-002
   1.2867662217500651        7.2235340989038055E-002
   1.2930431301488459        6.7695426167724573E-002
   1.2993200385476267        6.2149962093521964E-002
   1.3055969469464075        5.5664368269632246E-002
   1.3118738553451883        4.8321583844444446E-002
   1.3181507637439691        4.0221531761320796E-002
   1.3244276721427499        3.1480234147735639E-002
   1.3307045805415307        2.2228544059866739E-002
   1.3369814889403115        1.2610518669946190E-002
   1.3432583973390924        2.7814141973295358E-003
   1.3495353057378732       -7.0946537070023805E-003
   1.3558122141366540       -1.6847385576600631E-002
   1.3620891225354348       -2.6303295548801398E-002
   1.3683660309342156       -3.5289520048814069E-002
   1.3746429393329964       -4.3638036623590365E-002
   1.3809198477317772       -5.1188702997068604E-002
   1.3871967561305580       -5.7792526214289847E-002
   1.3934736645293389       -6.3314989854596701E-002
   1.3997505729281197       -6.7639196977444416E-002
   1.4060274813269005       -7.0668813828946977E-002
   1.4123043897256813       -7.2330700169161391E-002
   1.4185812981244621       -7.2577181099683377E-002
   1.4248582065232429       -7.1387867300366045E-002
   1.4311351149220237       -6.8770979857211548E-002
   1.4374120233208045       -6.4764105746152920E-002
   1.4436889317195853       -5.9434354094234469E-002
   1.4499658401183662       -5.2877863197223242E-002
   1.4562427485171470       -4.5218651297338097E-002
   1.4625196569159278       -3.6606790233333873E-002
   1.4687965653147086       -2.7215924477101493E-002
   1.4750734737134894       -1.7240147437959194E-002
   1.4813503821122702       -6.8902911821470698E-003
   1.4876272905110510        3.6103250819536355E-003
   1.4939041989098316        1.4030596585404608E-002
   1.5001811073086124        2.4136709423730054E-002
   1.5064580157073932        3.3697466340134423E-002
   1.5127349241061741        4.2489767266935860E-002
   1.5190118325049549        5.0304082889598409E-002
   1.5252887409037357        5.6949837254766621E-002
   1.5315656493025165        6.2260454078159971E-002
   1.5378425577012973        6.6098371583487997E-002
   1.5441194661000781        6.8361164998429480E-002
   1.5503963744988589        6.8984733646325153E-002
   1.5566732828976397        6.7944049483997626E-002
   1.5629501912964205        6.5254276686654053E-002
   1.5692270996952014        6.0971158566166292E-002
   1.5755040080939822        5.5190366711790340E-002
   1.5817809164927630        4.8045840092786452E-002
   1.5880578248915438        3.9707113583558704E-002
   1.5943347332903246        3.0375678528793117E-002
   1.6006116416891054        2.0280440080352610E-002
   1.6068885500878862        9.6723623278647652E-003
   1.6131654584866670       -1.1815818612514355E-003
   1.6194423668854478       -1.2005018194171598E-002
   1.6257192752842287       -2.2519177038819220E-002
   1.6319961836830095       -3.2450123204099207E-002
   1.6382730920817903       -4.1536024357138421E-002
   1.6445500004805711       -4.9534261736149707E-002
   1.6508269088793519       -5.6228190874275927E-002
   1.6571038172781327       -6.1433353774159705E-002
   1.6633807256769135       -6.5002965683236713E-002
   1.6696576340756943       -6.6832495609317033E-002
   1.6759345424744752       -6.6863203836864296E-002
   1.6822114508732560       -6.5084490087440328E-002
   1.6884883592720368       -6.1534982773191714E-002
   1.6947652676708176       -5.6302262599424967E-002
   1.7010421760695984       -4.9521259399462184E-002
   1.7073190844683792       -4.1371202835710746E-002
   1.7135959928671600       -3.2071599280052009E-002
   1.7198729012659408       -2.1877766856429306E-002
   1.7261498096647214       -1.1072332739454710E-002
   1.7324267180635022        4.3387988371865400E-005
   1.7387036264622830        1.1157749008230590E-002
   1.7449805348610639        2.1957503624309378E-002
   1.7512574432598447        3.2136644718959877E-002
   1.7575343516586255        4.1405153550967813E-002
   1.7638112600574063        4.9497369263831623E-002
   1.7700881684561871        5.6179763171722713E-002
   1.7763650768549679        6.1257863765035656E-002
   1.7826419852537487        6.4582142007178420E-002
   1.7889188936525295        6.6052655714412545E-002
   1.7951958020513104        6.5622319532566434E-002
   1.8014727104500912        6.3298671180214969E-002
   1.8077496188488720        5.9144080318454625E-002
   1.8140265272476528        5.3274355636355526E-002
   1.8203034356464336        4.5855790187286374E-002
   1.8265803440452144        3.7100688892803560E-002
   1.8328572524439952        2.7261516163825290E-002
   1.8391341608427760        1.6623787174430193E-002
   1.8454110692415568        5.4979344191913677E-003
   1.8516879776403377       -5.7896706797458466E-003
   1.8579648860391185       -1.6906223397587402E-002
   1.8642417944378993       -2.7522327577302028E-002
   1.8705187028366801       -3.7321761741588785E-002
   1.8767956112354609       -4.6011072662542153E-002
   1.8830725196342417       -5.3328336292110014E-002
   1.8893494280330225       -5.9052084683512730E-002
   1.8956263364318033       -6.3012145951870199E-002
   1.9019032448305841       -6.5092087411723745E-002
   1.9081801532293650       -6.5231668939664020E-002
   1.9144570616281458       -6.3428596355988548E-002
   1.9207339700269266       -5.9738358158799652E-002
   1.9270108784257074       -5.4272449408992264E-002
   1.9332877868244882       -4.7194873735074784E-002
   1.9395646952232690       -3.8717144272058593E-002
   1.9458416036220498       -2.9091863746629497E-002
   1.9521185120208304       -1.8605135349990396E-002
   1.9583954204196112       -7.5679936781785345E-003
   1.9646723288183920        3.6928548162091647E-003
   1.9709492372171729        1.4844729239403231E-002
   1.9772261456159537        2.5558802441836229E-002
   1.9835030540147345        3.5519783952115372E-002
   1.9897799624135153        4.4435162384862503E-002
   1.9960568708122961        5.2043745007580390E-002
   2.0023337792110771        5.8123242154983046E-002
   2.0086106876098579        6.2496680160367850E-002
   2.0148875960086388        6.5037461352807441E-002
   2.0211645044074196        6.5672925121693676E-002
   2.0274414128062004        6.4386320922942206E-002
   2.0337183212049812        6.1217130671577635E-002
   2.0399952296037620        5.6259757861229130E-002
   2.0462721380025428        4.9660601957131754E-002
   2.0525490464013236        4.1613651848045927E-002
   2.0588259548001044        3.2354699629915371E-002
   2.0651028631988853        2.2154836765881716E-002
   2.0713797715976656        1.1312805992837823E-002
   2.0776566799964464        1.4401599085686755E-004
   2.0839335883952272       -1.1029123238551758E-002
   2.0902104967940081       -2.1886473531349777E-002
   2.0964874051927889       -3.2119338158502167E-002
   2.1027643135915697       -4.1439119419515141E-002
   2.1090412219903505       -4.9585301658727404E-002
   2.1153181303891313       -5.6332497759712039E-002
   2.1215950387879121       -6.1496409182206495E-002
   2.1278719471866929       -6.4938527197916221E-002
   2.1341488555854737       -6.6569485687385660E-002
   2.1404257639842545       -6.6350981362655742E-002
   2.1467026723830354       -6.4296248361370947E-002
   2.1529795807818162       -6.0469089909479135E-002
   2.1592564891805970       -5.4981532388345335E-002
   2.1655333975793778       -4.7990183207712964E-002
   2.1718103059781586       -3.9691427636578153E-002
   2.1780872143769394       -3.0315609337845738E-002
   2.1843641227757202       -2.0120383352912399E-002
   2.1906410311745010       -9.3834284573704983E-003
   2.1969179395732819        1.6052597816951896E-003
   2.2031948479720627        1.2551290934098092E-002
   2.2094717563708435        2.3163785428985138E-002
   2.2157486647696243        3.3163068135909871E-002
   2.2220255731684051        4.2287931373755368E-002
   2.2283024815671859        5.0302295940333482E-002
   2.2345793899659667        5.7001200177249960E-002
   2.2408562983647475        6.2216925739050563E-002
   2.2471332067635283        6.5823922696242196E-002
   2.2534101151623092        6.7739962549672281E-002
   2.2596870235610900        6.7927146676527175E-002
   2.2659639319598708        6.6392069777190116E-002
   2.2722408403586516        6.3184759361781875E-002
   2.2785177487574324        5.8396570878794490E-002
   2.2847946571562132        5.2157066261709829E-002
   2.2910715655549940        4.4630026652819448E-002
   2.2973484739537748        3.6008701282789386E-002
   2.3036253823525557        2.6510458379971156E-002
   2.3099022907513365        1.6370974678734426E-002
   2.3161791991501173        5.8381383049700090E-003
   2.3224561075488981       -4.8341875910146975E-003
   2.3287330159476789       -1.5392370140065602E-002
   2.3350099243464597       -2.5589042010961006E-002
   2.3412868327452405       -3.5188814115671735E-002
   2.3475637411440213       -4.3973550815343987E-002
   2.3538406495428021       -5.1747083371619762E-002
   2.3601175579415830       -5.8339282835639987E-002
   2.3663944663403638       -6.3609401983166725E-002
   2.3726713747391446       -6.7448652888254981E-002
   2.3789482831379254       -6.9781961933387149E-002
   2.3852251915367062       -7.0568924559459359E-002
   2.3915020999354870       -6.9803916309466141E-002
   2.3977790083342678       -6.7515471759273513E-002
   2.4040559167330486       -6.3764797820472438E-002
   2.4103328251318294       -5.8644216701334934E-002
   2.4166097335306103       -5.2277436055000993E-002
   2.4228866419293911       -4.4814801655886465E-002
   2.4291635503281719       -3.6425919430761067E-002
   2.4354404587269527       -2.7294818788803167E-002
   2.4417173671257335       -1.7615485097912897E-002
   2.4479942755245143       -7.5873527371716392E-003
   2.4542711839232951        2.5890613323407137E-003
   2.4605480923220759        1.2716315055472653E-002
   2.4668250007208568        2.2603902240631801E-002
   2.4731019091196376        3.2071751037265138E-002
   2.4793788175184184        4.0953307416588272E-002
   2.4856557259171992        4.9098161099374205E-002
   2.4919326343159800        5.6374190278446694E-002
   2.4982095427147608        6.2669208609469548E-002
   2.5044864511135416        6.7892116202083352E-002
   2.5107633595123224        7.1973562000512983E-002
   2.5170402679111032        7.4866140097329406E-002
   2.5233171763098841        7.6544147042425889E-002
   2.5295940847086644        7.7002937705545990E-002
   2.5358709931074452        7.6257921377512014E-002
   2.5421479015062260        7.4343243983421736E-002
   2.5484248099050069        7.1310208089456623E-002
   2.5547017183037877        6.7225477186141816E-002
   2.5609786267025685        6.2169123713608922E-002
   2.5672555351013493        5.6232556875625644E-002
   2.5735324435001301        4.9516404979626095E-002
   2.5798093518989109        4.2128343021790603E-002
   2.5860862602976917        3.4181107595911073E-002
   2.5923631686964725        2.5791006487339313E-002
   2.5986400770952534        1.7075154677872913E-002
   2.6049169854940342        8.1491285965255046E-003
   2.6111938938928150       -8.7476184323419400E-004
   2.6174708022915958       -9.8889914767822124E-003
   2.6237477106903766       -1.8792129108516055E-002
   2.6300246190891574       -2.7489940578639311E-002
   2.6363015274879382       -3.5896279963999515E-002
   2.6425784358867190       -4.3933771286610301E-002
   2.6488553442854998       -5.1534291182501739E-002
   2.6551322526842807       -5.8639255719372209E-002
   2.6614091610830615       -6.5199733298316173E-002
   2.6676860694818423       -7.1176386718195844E-002
   2.6739629778806231       -7.6539275180871669E-002
   2.6802398862794039       -8.1267516771351231E-002
   2.6865167946781847       -8.5348849847867947E-002
   2.6927937030769655       -8.8779087885057478E-002
   2.6990706114757463       -9.1561514377838077E-002
   2.7053475198745272       -9.3706201498845759E-002
   2.7116244282733080       -9.5229310613977311E-002
   2.7179013366720888       -9.6152339492679623E-002
   2.7241782450708696       -9.6501395070045209E-002
   2.7304551534696504       -9.6306421054726754E-002
   2.7367320618684312       -9.5600505715831938E-002
   2.7430089702672120       -9.4419116173402234E-002
   2.7492858786659928       -9.2799525909607189E-002
   2.7555627870647736       -9.0779960077755101E-002
   2.7618396954635545       -8.8400072218804651E-002
   2.7681166038623353       -8.5704999677610860E-002
   2.7743935122611161       -8.2740275015886849E-002
   2.7806704206598969       -7.9549822165874390E-002
   2.7869473290586777       -7.6175664449661923E-002
   2.7932242374574585       -7.2657471143555280E-002
   2.7995011458562393       -6.9032322266029303E-002
   2.8057780542550201       -6.5334451961372456E-002
   2.8120549626538009       -6.1595117626821211E-002
   2.8183318710525818       -5.7842482290191878E-002
   2.8246087794513626       -5.4101582372280480E-002
   2.8308856878501434       -5.0394314700846640E-002
   2.8371625962489242       -4.6739482622197057E-002
   2.8434395046477050       -4.3152858161105978E-002
   2.8497164130464858       -3.9647282725678072E-002
   2.8559933214452666       -3.6232777684892817E-002
   2.8622702298440474       -3.2916676122124747E-002
   2.8685471382428283       -2.9703758050703914E-002
   2.8748240466416091       -2.6596391429666116E-002
   2.8811009550403899       -2.3594671537746470E-002
   2.8873778634391707       -2.0696551657653956E-002
   2.8936547718379515       -1.7897969605863626E-002
   2.8999316802367323       -1.5192950206669871E-002
   2.9062085886355131       -1.2573705626403073E-002
   2.9124854970342939       -1.0030691910048017E-002
   2.9187624054330747       -7.5526737417488700E-003
   2.9250393138318556       -5.1267184288477123E-003
   2.9313162222306364       -2.7381363422606365E-003
   2.9375931306294172       -3.6964293584313584E-004
   2.9438700390281980        1.9959473942527972E-003
   2.9501469474269788        4.3658906587837228E-003
   2.9564238558257596        6.7359745699301478E-003
   2.9627007642245404        9.0907592162767798E-003
   2.9689776726233212        1.1403556684667259E-002
   2.9752545810221021        1.3636787102948947E-002
   2.9815314894208829        1.5742608702569869E-002
   2.9878083978196632        1.7664071907341008E-002
   2.9940853062184440        1.9336827623835214E-002
   3.0003622146172249        2.0691513002886869E-002
   3.0066391230160057        2.1656834178237279E-002
   3.0129160314147865        2.2163346928912236E-002
   3.0191929398135673        2.2147872899769955E-002
   3.0254698482123481        2.1558398899082946E-002
   3.0317467566111289        2.0359270375125568E-002
   3.0380236650099097        1.8536352055478909E-002
   3.0443005734086905        1.6101835718720342E-002
   3.0505774818074713        1.3098213354646884E-002
   3.0568543902062522        9.6010234290480629E-003
   3.0631312986050330        5.7198163991475370E-003
   3.0694082070038138        1.5970134030277837E-003
   3.0756851154025946       -2.5958215935414797E-003
   3.0819620238013754       -6.6643446836480123E-003
   3.0882389322001562       -1.0400659240489758E-002
   3.0945158405989370       -1.3594947874920740E-002
   3.1007927489977178       -1.6049266603887846E-002
   3.1070696573964987       -1.7593804949424741E-002
   3.1133465657952795       -1.8117008274974207E-002
   3.1196234741940603       -1.7590761183757578E-002
   3.1259003825928411       -1.6051363266659464E-002
   3.1321772909916219       -1.3592259024150165E-002
   3.1384541993904027       -1.0358577400230246E-002
   3.1447311077891835       -6.5377001207965451E-003
   3.1510080161879643       -2.3481804602549063E-003
   3.1572849245867451        1.9731784435775552E-003
   3.1635618329855260        6.1847771379397315E-003
   3.1698387413843068        1.0053798063078481E-002
   3.1761156497830876        1.3368887028573247E-002
   3.1823925581818684        1.5951457520768205E-002
   3.1886694665806492        1.7664877607608279E-002
   3.1949463749794300        1.8421218919206769E-002
   3.2012232833782108        1.8185165188333376E-002
   3.2075001917769916        1.6975033312896445E-002
   3.2137771001757724        1.4860860350774026E-002
   3.2200540085745533        1.1959804386977895E-002
   3.2263309169733341        8.4291260194331794E-003
   3.2326078253721149        4.4572400062094413E-003
   3.2388847337708957        2.5332014840358258E-004
   3.2451616421696765       -3.9639154695269687E-003
   3.2514385505684573       -7.9776702577684256E-003
   3.2577154589672381       -1.1584144318890923E-002
   3.2639923673660189       -1.4602706738327720E-002
   3.2702692757647998       -1.6884607628410035E-002
   3.2765461841635806       -1.8319947940267957E-002
   3.2828230925623614       -1.8842102190578254E-002
   3.2891000009611422       -1.8427870419067530E-002
   3.2953769093599230       -1.7098099923721726E-002
   3.3016538177587038       -1.4918823854679132E-002
   3.3079307261574846       -1.1998319167863357E-002
   3.3142076345562654       -8.4816808809564641E-003
   3.3204845429550462       -4.5436303444329196E-003
   3.3267614513538271       -3.7982713273250918E-004
   3.3330383597526079        3.8028475262507568E-003
   3.3393152681513887        7.7965727340885208E-003
   3.3455921765501695        1.1402911246163674E-002
   3.3518690849489503        1.4442672007470701E-002
   3.3581459933477311        1.6764811444442494E-002
   3.3644229017465119        1.8253942344875585E-002
   3.3706998101452927        1.8836064398302207E-002
   3.3769767185440736        1.8482246686699500E-002
   3.3832536269428544        1.7210060868184877E-002
   3.3895305353416352        1.5082715901433090E-002
   3.3958074437404160        1.2205909994060609E-002
   3.4020843521391968        8.7225898786623939E-003
   3.4083612605379776        4.8058353318502440E-003
   3.4146381689367584        6.5027658792495956E-004
   3.4209150773355392       -3.5375996049658463E-003
   3.4271919857343200       -7.5496785599313242E-003
   3.4334688941331009       -1.1186605973642801E-002
   3.4397458025318817       -1.4267620674658983E-002
   3.4460227109306620       -1.6639671185892775E-002
   3.4522996193294428       -1.8184712397208685E-002
   3.4585765277282237       -1.8827267646173353E-002
   3.4648534361270045       -1.8546836293112906E-002
   3.4711303445257853       -1.7373688200554467E-002
   3.4774072529245661       -1.5380122383229444E-002
   3.4836841613233469       -1.2674271776368909E-002
   3.4899610697221277       -9.3929289603135215E-003
   3.4962379781209085       -5.6935300120648721E-003
   3.5025148865196893       -1.7456926915448599E-003
   3.5087917949184702        2.2771462609404549E-003
   3.5150687033172510        6.2056639589067692E-003
   3.5213456117160318        9.8817525147602628E-003
   3.5276225201148126        1.3164573913980111E-002
   3.5338994285135934        1.5935342129028397E-002
   3.5401763369123742        1.8100765754743262E-002
   3.5464532453111550        1.9595092883814478E-002
   3.5527301537099358        2.0380829728166301E-002
   3.5590070621087166        2.0448207743056796E-002
   3.5652839705074975        1.9813572445461836E-002
   3.5715608789062783        1.8516850596121171E-002
   3.5778377873050591        1.6618323192669929E-002
   3.5841146957038399        1.4194888224542183E-002
   3.5903916041026207        1.1336050673932325E-002
   3.5966685125014015        8.1398018101895842E-003
   3.6029454209001823        4.7086058598542575E-003
   3.6092223292989631        1.1455916898273205E-003
   3.6154992376977440       -2.4488517701748876E-003
   3.6217761460965248       -5.9801028382326345E-003
   3.6280530544953056       -9.3616670985786476E-003
   3.6343299628940864       -1.2517668526381795E-002
   3.6406068712928672       -1.5387219352866544E-002
   3.6468837796916480       -1.7924304517601079E-002
   3.6531606880904288       -2.0097072943438418E-002
   3.6594375964892096       -2.1887188878780321E-002
   3.6657145048879904       -2.3288722727797227E-002
   3.6719914132867713       -2.4306787304843664E-002
   3.6782683216855521       -2.4955945003669062E-002
   3.6845452300843329       -2.5258529510739435E-002
   3.6908221384831137       -2.5242929566217424E-002
   3.6970990468818945       -2.4941929081018662E-002
   3.7033759552806753       -2.4391142034980114E-002
   3.7096528636794561       -2.3627596383809766E-002
   3.7159297720782369       -2.2688488216834460E-002
   3.7222066804770177       -2.1610127113789370E-002
   3.7284835888757986       -2.0427078348141420E-002
   3.7347604972745794       -1.9171496850913641E-002
   3.7410374056733602       -1.7872649073600904E-002
   3.7473143140721410       -1.6556598383448015E-002
   3.7535912224709218       -1.5246048658234429E-002
   3.7598681308697026       -1.3960306969694873E-002
   3.7661450392684834       -1.2715367856464405E-002
   3.7724219476672642       -1.1524065263856001E-002
   3.7786988560660451       -1.0396315124427504E-002
   3.7849757644648259       -9.3393696773417922E-003
   3.7912526728636067       -8.3581531337379028E-003
   3.7975295812623875       -7.4555326819585131E-003
   3.8038064896611683       -6.6327069020681393E-003
   3.8100833980599491       -5.8885488064759862E-003
   3.8163603064587299       -5.2176957958492455E-003
   3.8226372148575107       -4.6143297809463652E-003
   3.8289141232562915       -4.0729759720670314E-003
   3.8351910316550724       -3.5883782945931881E-003
   3.8414679400538532       -3.1555832734686080E-003
   3.8477448484526340       -2.7699127478213207E-003
   3.8540217568514148       -2.4269939176190126E-003
   3.8602986652501956       -2.1227429131032080E-003
   3.8665755736489764       -1.8533744247450968E-003
   3.8728524820477572       -1.6153857176315581E-003
   3.8791293904465380       -1.4055555237072483E-003
   3.8854062988453189       -1.2209270106821784E-003
   3.8916832072440997       -1.0588006139622052E-003
   3.8979601156428805       -9.1671634356942371E-004
   3.9042370240416608       -7.9244337484037140E-004
   3.9105139324404417       -6.8396243582273801E-004
   3.9167908408392225       -5.8945400169946218E-004
   3.9230677492380033       -5.0728144210210248E-004
   3.9293446576367841       -4.3597904524286547E-004
   3.9356215660355649       -3.7423642679208980E-004
   3.9418984744343457       -3.2088718220474902E-004
   3.9481753828331265       -2.7489487017093024E-004
   3.9544522912319073       -2.3534279114109248E-004
   3.9607291996306881       -2.0142170241662554E-004
   3.9670061080294690       -1.7242098075304787E-004
   3.9732830164282498       -1.4771834371679027E-004
   3.9795599248270306       -1.2676877941577625E-004
   3.9858368332258114       -1.0905678851460220E-004
   3.9921137416245922       -9.4071320567289498E-005
   3.9983906500233730       -8.1376339447198799E-005
   4.0046675584221543       -7.0611491926021069E-005
   4.0109444668209351       -6.1476101176398008E-005
   4.0172213752197159       -5.3720449159271680E-005
   4.0234982836184967       -4.7136041612143538E-005
   4.0297751920172775       -4.1549467508689196E-005
   4.0360521004160583       -3.6815842649115943E-005
   4.0423290088148391       -3.2814675356761280E-005
   4.0486059172136200       -2.9445333430622942E-005
   4.0548828256124008       -2.6624296875291739E-005
   4.0611597340111816       -2.4281966771886999E-005
   4.0674366424099624       -2.2360854837266178E-005
   4.0737135508087432       -2.0813294932347074E-005
   4.0799904592075240       -1.9600258190160073E-005
   4.0862673676063048       -1.8689674826581168E-005
   4.0925442760050856       -1.8055661522224286E-005
   4.0988211844038664       -1.7677255327355359E-005
   4.1050980928026473       -1.7537906782070904E-005
   4.1113750012014281       -1.7624489578971184E-005
   4.1176519096002089       -1.7926958269415192E-005
   4.1239288179989897       -1.8437538885052860E-005
   4.1302057263977705       -1.9150481262560458E-005
   4.1364826347965504       -2.0061364509016866E-005
   4.1427595431953312       -2.1166896090727703E-005
   4.1490364515941121       -2.2464286752635434E-005
   4.1553133599928929       -2.3951065067150054E-005
   4.1615902683916737       -2.5624492434210627E-005
   4.1678671767904545       -2.7481375230602761E-005
   4.1741440851892353       -2.9517503970790527E-005
   4.1804209935880161       -3.1727457112361536E-005
   4.1866979019867969       -3.4104060745113066E-005
   4.1929748103855777       -3.6638189480461029E-005
   4.1992517187843585       -3.9318254880159261E-005
   4.2055286271831394       -4.2130020071347916E-005
   4.2118055355819202       -4.5056136731431994E-005
   4.2180824439807010       -4.8076001019405634E-005
   4.2243593523794818       -5.1165369930187837E-005
   4.2306362607782626       -5.4296296160847016E-005
   4.2369131691770434       -5.7436864175031593E-005
   4.2431900775758242       -6.0551249596997283E-005
   4.2494669859746050       -6.3599622037130110E-005
   4.2557438943733858       -6.6538378920544903E-005
   4.2620208027721667       -6.9320264299576833E-005
   4.2682977111709475       -7.1894825757992718E-005
   4.2745746195697283       -7.4208794192103485E-005
   4.2808515279685091       -7.6206803521450936E-005
   4.2871284363672899       -7.7832064009648652E-005
   4.2934053447660707       -7.9027365934586480E-005
   4.2996822531648515       -7.9736057668426848E-005
   4.3059591615636323       -7.9903323780002481E-005
   4.3122360699624132       -7.9477451590082344E-005
   4.3185129783611940       -7.8411321960559916E-005
   4.3247898867599748       -7.6663952836948768E-005
   4.3310667951587556       -7.4201694649725074E-005
   4.3373437035575364       -7.0997340025078811E-005
   4.3436206119563172       -6.7033333589137928E-005
   4.3498975203550980       -6.2305120834449604E-005
   4.3561744287538788       -5.6823008439030956E-005
   4.3624513371526596       -5.0613573887434900E-005
   4.3687282455514405       -4.3720946269513649E-005
   4.3750051539502213       -3.6207653022658017E-005
   4.3812820623490021       -2.8155173531177459E-005
   4.3875589707477829       -1.9663918752481884E-005
   4.3938358791465637       -1.0852771189523611E-005
   4.4001127875453445       -1.8579348755773904E-006
   4.4063896959441253        7.1687665718236301E-006
   4.4126666043429061        1.6062344501100356E-005
   4.4189435127416870        2.4647700652260470E-005
   4.4252204211404678        3.2743414548808341E-005
   4.4314973295392486        4.0166090082584344E-005
   4.4377742379380294        4.6735303385309848E-005
   4.4440511463368102        5.2278958739300613E-005
   4.4503280547355910        5.6638986946082818E-005
   4.4566049631343718        5.9677188895604709E-005
   4.4628818715331526        6.1281029495499357E-005
   4.4691587799319334        6.1369227661391137E-005
   4.4754356883307143        5.9896776326265151E-005
   4.4817125967294951        5.6859398364436184E-005
   4.4879895051282759        5.2296761821406694E-005
   4.4942664135270567        4.6294992737887935E-005
   4.5005433219258375        3.8986709106408868E-005
   4.5068202303246183        3.0553668316637515E-005
   4.5130971387233991        2.1236890556272147E-005
   4.5193740471221799        1.1308308571793118E-005
   4.5256509555209607        1.0550841426630747E-006
   4.5319278639197416       -9.2284607336906084E-006
   4.5382047723185224       -1.9249624758963329E-005
   4.5444816807173032       -2.8725461022273841E-005
   4.5507585891160840       -3.7390778821219633E-005
   4.5570354975148648       -4.5005337016837574E-005
   4.5633124059136456       -5.1360334151074096E-005
   4.5695893143124264       -5.6283830174703249E-005
   4.5758662227112072       -5.9645103485135150E-005
   4.5821431311099881       -6.1357750444137552E-005
   4.5884200395087689       -6.1381530591645098E-005
   4.5946969479075497       -5.9722888643647527E-005
   4.6009738563063305       -5.6434195323758424E-005
   4.6072507647051113       -5.1611735490327595E-005
   4.6135276731038921       -4.5392536970935580E-005
   4.6198045815026729       -3.7950143131121810E-005
   4.6260814899014537       -2.9489471938133414E-005
   4.6323583983002345       -2.0240914621585340E-005
   4.6386353066990154       -1.0453856251415921E-005
   4.6449122150977962       -3.8979347101668463E-007
   4.6511891234965770        9.6847400496657650E-006
   4.6574660318953578        1.9505277273134395E-005
   4.6637429402941386        2.8816313080561164E-005
   4.6700198486929194        3.7377897477712764E-005
   4.6762967570917002        4.4971609478566005E-005
   4.6825736654904810        5.1406542717549980E-005
   4.6888505738892619        5.6525963541188540E-005
   4.6951274822880427        6.0209246229132609E-005
   4.7014043906868235        6.2373816022155224E-005
   4.7076812990856043        6.2976506964929958E-005
   4.7139582074843851        6.2013759510027926E-005
   4.7202351158831659        5.9520870548536578E-005
   4.7265120242819467        5.5570250266277562E-005
   4.7327889326807275        5.0268830720644475E-005
   4.7390658410795083        4.3754672878276760E-005
   4.7453427494782892        3.6192925632298378E-005
   4.7516196578770700        2.7771226194676551E-005
   4.7578965662758508        1.8694707370356826E-005
   4.7641734746746316        9.1807186165105786E-006
   4.7704503830734124       -5.4657073670427012E-007
   4.7767272914721932       -1.0261580243855084E-005
   4.7830041998709740       -1.9742579525972629E-005
   4.7892811082697548       -2.8776711485439239E-005
   4.7955580166685357       -3.7164637792481763E-005
   4.8018349250673165       -4.4724741942159099E-005
   4.8081118334660973       -5.1296778805004602E-005
   4.8143887418648781       -5.6744937063921362E-005
   4.8206656502636589       -6.0960238840368428E-005
   4.8269425586624397       -6.3862273624990659E-005
   4.8332194670612205       -6.5400231888667370E-005
   4.8394963754600013       -6.5553258960542355E-005
   4.8457732838587821       -6.4330136886253027E-005
   4.8520501922575630       -6.1768447360448730E-005
   4.8583271006563438       -5.7934485276494598E-005
   4.8646040090551246       -5.2922447470148960E-005
   4.8708809174539054       -4.6848577810012675E-005
   4.8771578258526862       -3.9847354146487065E-005
   4.8834347342514670       -3.2068088126279073E-005
   4.8897116426502478       -2.3671270802099028E-005
   4.8959885510490286       -1.4824900341830504E-005
   4.9022654594478094       -5.7008418624791430E-006
   4.9085423678465903        3.5287166210226084E-006
   4.9148192762453711        1.2694603672367769E-005
   4.9210961846441519        2.1633794038579179E-005
   4.9273730930429327        3.0192211097695644E-005
   4.9336500014417135        3.8227236610557887E-005
   4.9399269098404943        4.5609815304096144E-005
   4.9462038182392751        5.2226222020700528E-005
   4.9524807266380559        5.7979387781370113E-005
   4.9587576350368368        6.2789881476057454E-005
   4.9650345434356176        6.6596452108395491E-005
   4.9713114518343984        6.9356253110306617E-005
   4.9775883602331792        7.1044659635627200E-005
   4.9838652686319600        7.1654820936400417E-005
   4.9901421770307408        7.1196860519573323E-005
   4.9964190854295216        6.9696883250778118E-005
   5.0026959938283024        6.7195697761922659E-005
   5.0089729022270832        6.3747430302900460E-005
   5.0152498106258641        5.9417919951797368E-005
   5.0215267190246449        5.4283115032894297E-005
   5.0278036274234257        4.8427135184404363E-005
   5.0340805358222065        4.1939426655639739E-005
   5.0403574442209873        3.4913343609849750E-005
   5.0466343526197681        2.7446187485482344E-005
   5.0529112610185480        1.9637860959405892E-005
   5.0591881694173289        1.1589381508100566E-005
   5.0654650778161097        3.4014301946665584E-006
   5.0717419862148905       -4.8269504366724043E-006
   5.0780188946136713       -1.2999629326713897E-005
   5.0842958030124521       -2.1024467381069692E-005
   5.0905727114112329       -2.8814355869906672E-005
   5.0968496198100137       -3.6288039582601888E-005
   5.1031265282087945       -4.3370891969838200E-005
   5.1094034366075753       -4.9995464678229785E-005
   5.1156803450063562       -5.6101992085308243E-005
   5.1219572534051370       -6.1638669672633639E-005
   5.1282341618039178       -6.6561898532866413E-005
   5.1345110702026986       -7.0836310895262372E-005
   5.1407879786014794       -7.4434779443264596E-005
   5.1470648870002602       -7.7338220516134931E-005
   5.1533417953990410       -7.9535403412311629E-005
   5.1596187037978218       -8.1022570093072574E-005
   5.1658956121966026       -8.1803086075657536E-005
   5.1721725205953835       -8.1886919974932912E-005
   5.1784494289941643       -8.1290180366924334E-005
   5.1847263373929451       -8.0034499586816550E-005
   5.1910032457917259       -7.8146500535121495E-005
   5.1972801541905067       -7.5657127324797770E-005
   5.2035570625892875       -7.2601083007742937E-005
   5.2098339709880683       -6.9016145576091456E-005
   5.2161108793868491       -6.4942612651370705E-005
   5.2223877877856300       -6.0422635636282885E-005
   5.2286646961844108       -5.5499701229116330E-005
   5.2349416045831916       -5.0218009847537796E-005
   5.2412185129819724       -4.4622016990493167E-005
   5.2474954213807532       -3.8755874992109283E-005
   5.2537723297795340       -3.2663050339695895E-005
   5.2600492381783148       -2.6385840840688023E-005
   5.2663261465770956       -1.9965078447573988E-005
   5.2726030549758764       -1.3439727405448146E-005
   5.2788799633746573       -6.8466763283100095E-006
   5.2851568717734381       -2.2041706370170075E-007
   5.2914337801722189        6.4070750315997237E-006
   5.2977106885709997        1.3006586813623679E-005
   5.3039875969697805        1.9551703455645385E-005
   5.3102645053685613        2.6018988445605128E-005
   5.3165414137673421        3.2387942583677858E-005
   5.3228183221661229        3.8641132145937996E-005
   5.3290952305649038        4.4764076856335295E-005
   5.3353721389636846        5.0745345613897320E-005
   5.3416490473624654        5.6576374265721206E-005
   5.3479259557612462        6.2251560237454746E-005
   5.3542028641600270        6.7767990218396337E-005
   5.3604797725588078        7.3125609470010825E-005
   5.3667566809575886        7.8326729731143793E-005
   5.3730335893563694        8.3376709058216963E-005
   5.3793104977551502        8.8280160438263113E-005
   5.3855874061539311        9.3023610941572201E-005
   5.3918643145527119        9.7586322945467972E-005
   5.3981412229514927        1.0194666992763602E-004
   5.4044181313502735        1.0608210494742722E-004
   5.4106950397490543        1.0996958164952765E-004
   5.4169719481478351        1.1358547689793147E-004
   5.4232488565466159        1.1690593405733780E-004
   5.4295257649453967        1.1990687561956875E-004
   5.4358026733441775        1.2256433426388486E-004
   5.4420795817429584        1.2485451537925572E-004
   5.4483564901417392        1.2675413684381208E-004
   5.4546333985405200        1.2824052466853638E-004
   5.4609103069393008        1.2929196750320257E-004
   5.4671872153380816        1.2988783457652513E-004
   5.4734641237368624        1.3000894490787669E-004
   5.4797410321356432        1.2963769754924939E-004
   5.4860179405344240        1.2875845241908739E-004
   5.4922948489332049        1.2735766158676273E-004
   5.4985717573319857        1.2542425722458054E-004
   5.5048486657307665        1.2294976981587396E-004
   5.5111255741295473        1.1992871944848990E-004
   5.5174024825283281        1.1635870102245599E-004
   5.5236793909271089        1.1224078129635484E-004
   5.5299562993258897        1.0757951552425475E-004
   5.5362332077246705        1.0238338090855601E-004
   5.5425101161234513        9.6664619830653934E-005
   5.5487870245222322        9.0439906146321856E-005
   5.5550639329210130        8.3727488698744713E-005
   5.5613408413197938        7.6538204394437727E-005
   5.5676177497185746        6.8887810106415374E-005
   5.5738946581173554        6.0800118098378015E-005
   5.5801715665161362        5.2306636595337151E-005
   5.5864484749149170        4.3447135701291620E-005
   5.5927253833136978        3.4269495097218777E-005
   5.5990022917124787        2.4829902641648826E-005
   5.6052792001112595        1.5192534499838168E-005
   5.6115561085100403        5.4294423402962793E-006
   5.6178330169088211       -4.3800312950862467E-006
   5.6241099253076019       -1.4149694444031733E-005
   5.6303868337063827       -2.3787404482397857E-005
   5.6366637421051635       -3.3195855061753806E-005
   5.6429406505039443       -4.2273809121942298E-005
   5.6492175589027251       -5.0917229736522463E-005
   5.6554944673015060       -5.9020837232420898E-005
   5.6617713757002868       -6.6479554882858166E-005
   5.6680482840990676       -7.3190345612671412E-005
   5.6743251924978484       -7.9053910508288872E-005
   5.6806021008966292       -8.3976722581959948E-005
   5.6868790092954100       -8.7872881114617712E-005
   5.6931559176941908       -9.0666219898290239E-005
   5.6994328260929716       -9.2292188420005066E-005
   5.7057097344917524       -9.2699871219884946E-005
   5.7119866428905333       -9.1853744369723347E-005
   5.7182635512893141       -8.9735417213272835E-005
   5.7245404596880949       -8.6344663572894385E-005
   5.7308173680868757       -8.1694320636957097E-005
   5.7370942764856565       -7.5804137886523469E-005
   5.7433711848844373       -6.8716836759396605E-005
   5.7496480932832181       -6.0502330803991348E-005
   5.7559250016819989       -5.1258366569593869E-005
   5.7622019100807798       -4.1110950047184475E-005
   5.7684788184795606       -3.0213965598117865E-005
   5.7747557268783414       -1.8747858547120369E-005
   5.7810326352771222       -6.9175971548309869E-006
   5.7873095436759030        5.0505213911520775E-006
   5.7935864520746838        1.6912762404882465E-005
   5.7998633604734646        2.8413040989077814E-005
   5.8061402688722454        3.9288595631080943E-005
   5.8124171772710262        4.9276735806110276E-005
   5.8186940856698071        5.8121928034549152E-005
   5.8249709940685879        6.5583668678343340E-005
   5.8312479024673687        7.1444296567330415E-005
   5.8375248108661495        7.5517149800069324E-005
   5.8438017192649303        7.7654129204539468E-005
   5.8500786276637111        7.7753043901313776E-005
   5.8563555360624919        7.5763744108024072E-005
   5.8626324444612727        7.1693420081956464E-005
   5.8689093528600536        6.5610062615679084E-005
   5.8751862612588344        5.7644512484068013E-005
   5.8814631696576152        4.7990146418307213E-005
   5.8877400780563960        3.6900720119426616E-005
   5.8940169864551768        2.4685558329395150E-005
   5.9002938948539576        1.1702617538180827E-005
   5.9065708032527384       -1.6512852572513544E-006
   5.9128477116515192       -1.4949674806315054E-005
   5.9191246200503000       -2.7748176210373539E-005
   5.9254015284490809       -3.9599393239390301E-005
   5.9316784368478617       -5.0069844364208169E-005
   5.9379553452466425       -5.8757315848496317E-005
   5.9442322536454233       -6.5308797790726905E-005
   5.9505091620442041       -6.9437381697257913E-005
   5.9567860704429849       -7.0938138638684155E-005
   5.9630629788417657       -6.9701264011130072E-005
   5.9693398872405457       -6.5722527349623027E-005
   5.9756167956393265       -5.9109376254253332E-005
   5.9818937040381073       -5.0082936110338706E-005
   5.9881706124368881       -3.8974503922697736E-005
   5.9944475208356689       -2.6217171898960984E-005
   6.0007244292344497       -1.2331601557855555E-005
   6.0070013376332305        2.0928659711863589E-006
   6.0132782460320113        1.6422208585934420E-005
   6.0195551544307921        3.0005020198637621E-005
   6.0258320628295730        4.2203015203021075E-005
   6.0321089712283538        5.2422348752432722E-005
   6.0383858796271346        6.0145271471937101E-005
   6.0446627880259154        6.4959318631645604E-005
   6.0509396964246962        6.6583478505574366E-005
   6.0572166048234770        6.4888380438976687E-005
   6.0634935132222578        5.9910426292372557E-005
   6.0697704216210386        5.1856716020370842E-005
   6.0760473300198194        4.1103885897603860E-005
   6.0823242384186003        2.8193471186635139E-005
   6.0886011468173811        1.3796573531855910E-005
   6.0948780552161619       -1.3305337568616596E-006
   6.1011549636149427       -1.6386270674354643E-005
   6.1074318720137235       -3.0566328806437154E-005
   6.1137087804125043       -4.3106551376044293E-005
   6.1199856888112851       -5.3324975754169391E-005
   6.1262625972100659       -6.0659489996163981E-005
   6.1325395056088468       -6.4700205305679250E-005
   6.1388164140076276       -6.5213407301997577E-005
   6.1450933224064084       -6.2156849183835235E-005
   6.1513702308051892       -5.5684101626688277E-005
   6.1576471392039700       -4.6138765721471999E-005
   6.1639240476027508       -3.4037382546652592E-005
   6.1702009560015316       -2.0043063439965420E-005
   6.1764778644003124       -4.9298223710609615E-006
   6.1827547727990932        1.0459233963857090E-005
   6.1890316811978741        2.5258966127598277E-005
   6.1953085895966549        3.8630566396076688E-005
   6.2015854979954357        4.9809897974612403E-005
   6.2078624063942165        5.8151603218682368E-005
   6.2141393147929973        6.3167839807219236E-005
   6.2204162231917781        6.4557772740690391E-005
   6.2266931315905589        6.2227538458770287E-005
   6.2329700399893397        5.6297617389130630E-005
   6.2392469483881206        4.7098852206528228E-005
   6.2455238567869014        3.5154793877733533E-005
   6.2518007651856822        2.1155278076750415E-005
   6.2580776735844630        5.9218505393164306E-006
   6.2643545819832438       -9.6556187292957661E-006
   6.2706314903820246       -2.4677351220438862E-005
   6.2769083987808054       -3.8285093281529531E-005
   6.2831853071795862       -4.9711068443573311E-005
