   6.2769083987808056E-003   3.2900157779227363E-002
   1.2553816797561611E-002   3.8542659351527737E-002
   1.8830725196342418E-002   3.9929730816689345E-002
   2.5107633595123222E-002   3.6920708298937233E-002
   3.1384541993904030E-002   2.9858391415963602E-002
   3.7661450392684835E-002   1.9527369544139223E-002
   4.3938358791465640E-002   7.0645220291427717E-003
   5.0215267190246445E-002  -6.1677906055208559E-003
   5.6492175589027249E-002  -1.8731587926371019E-002
   6.2769083987808061E-002  -2.9269561409293519E-002
   6.9045992386588859E-002  -3.6650859232573919E-002
   7.5322900785369670E-002  -4.0090778791837881E-002
   8.1599809184150468E-002  -3.9231918294045993E-002
   8.7876717582931280E-002  -3.4178639897295152E-002
   9.4153625981712077E-002  -2.5481863313900833E-002
  0.10043053438049289       -1.4076531131441129E-002
  0.10670744277927370       -1.1790810697568156E-003
  0.11298435117805450        1.1843625162986789E-002
  0.11926125957683531        2.3619686806726266E-002
  0.12553816797561612        3.2916316596659313E-002
  0.13181507637439691        3.8767739349931468E-002
  0.13809198477317772        4.0573554813137708E-002
  0.14436889317195853        3.8158321228872930E-002
  0.15064580157073934        3.1787319698090684E-002
  0.15692270996952015        2.2132883574285639E-002
  0.16319961836830094        1.0200343121857115E-002
  0.16947652676708175       -2.7786963324197595E-003
  0.17575343516586256       -1.5474773939331363E-002
  0.18203034356464337       -2.6597026341495744E-002
  0.18830725196342415       -3.5023740032061414E-002
  0.19458416036220497       -3.9913840519429568E-002
  0.20086106876098578       -4.0788454328612431E-002
  0.20713797715976659       -3.7574880715288951E-002
  0.21341488555854740       -3.0609284585537390E-002
  0.21969179395732819       -2.0598605882027117E-002
  0.22596870235610900       -8.5462419286319851E-003
  0.23224561075488981        4.3504587793761545E-003
  0.23852251915367062        1.6820249212356239E-002
  0.24479942755245140        2.7643452875759939E-002
  0.25107633595123224        3.5770472523785922E-002
  0.25735324435001306        4.0421912595735320E-002
  0.26363015274879381        4.1160956446901396E-002
  0.26990706114757462        3.7931521356578089E-002
  0.27618396954635543        3.1059194413304736E-002
  0.28246087794513625        2.1215563461362101E-002
  0.28873778634391706        9.3500941410852422E-003
  0.29501469474269787       -3.4033604115570010E-003
  0.30129160314147868       -1.5836002844150630E-002
  0.30756851154025949       -2.6778907120629938E-002
  0.31384541993904030       -3.5212241304509485E-002
  0.32012232833782106       -4.0359825494383737E-002
  0.32639923673660187       -4.1760337007791748E-002
  0.33267614513538268       -3.9303844185094326E-002
  0.33895305353416350       -3.3236083147926206E-002
  0.34522996193294431       -2.4130462370509271E-002
  0.35150687033172512       -1.2830641931217015E-002
  0.35778377873050593       -3.6985143881996147E-004
  0.36406068712928674        1.2125233820068753E-002
  0.37033759552806755        2.3536941233014860E-002
  0.37661450392684831        3.2856073138873336E-002
  0.38289141232562912        3.9269596765291750E-002
  0.38916832072440993        4.2229121995344357E-002
  0.39544522912319074        4.1494638214862656E-002
  0.40172213752197156        3.7150360426757359E-002
  0.40799904592075237        2.9592056988379606E-002
  0.41427595431953318        1.9487742983771691E-002
  0.42055286271831399        7.7158583294973659E-003
  0.42682977111709480       -4.7131500865677124E-003
  0.43310667951587556       -1.6744694417281689E-002
  0.43938358791465637       -2.7369660117548097E-002
  0.44566049631343718       -3.5708157967296220E-002
  0.45193740471221799       -4.1080585011257137E-002
  0.45821431311099881       -4.3060411203873314E-002
  0.46449122150977962       -4.1504887332846949E-002
  0.47076812990856043       -3.6561719653391674E-002
  0.47704503830734124       -2.8651969091243266E-002
  0.48332194670612205       -1.8431055438362341E-002
  0.48959885510490281       -6.7322730775617604E-003
  0.49587576350368362        5.5027806550477388E-003
  0.50215267190246449        1.7309460054003755E-002
  0.50842958030124530        2.7782966546331909E-002
  0.51470648870002611        3.6146402224435506E-002
  0.52098339709880681        4.1804404563882611E-002
  0.52726030549758762        4.4379962157587056E-002
  0.53353721389636843        4.3732668668649971E-002
  0.53981412229514925        3.9958357125189366E-002
  0.54609103069393006        3.3371472163762003E-002
  0.55236793909271087        2.4472729875523586E-002
  0.55864484749149168        1.3905505498569856E-002
  0.56492175589027249        2.4049185425970817E-003
  0.57119866428905330       -9.2562224328751538E-003
  0.57747557268783412       -2.0320599614947456E-002
  0.58375248108661493       -3.0095092363776544E-002
  0.59002938948539574       -3.7992054933310045E-002
  0.59630629788417655       -4.3560994038843143E-002
  0.60258320628295736       -4.6509334551091894E-002
  0.60886011468173817       -4.6711819555842672E-002
  0.61513702308051899       -4.4208893524817494E-002
  0.62141393147929980       -3.9195102704921984E-002
  0.62769083987808061       -3.1999100701467532E-002
  0.63396774827686131       -2.3057211267933326E-002
  0.64024465667564212       -1.2882737641660556E-002
  0.64652156507442293       -2.0331967990731364E-003
  0.65279847347320374        8.9223337873274699E-003
  0.65907538187198456        1.9434070286664482E-002
  0.66535229027076537        2.8997893828783098E-002
  0.67162919866954618        3.7171540692969920E-002
  0.67790610706832699        4.3589175718924518E-002
  0.68418301546710780        4.7977726431711873E-002
  0.69045992386588861        5.0166209399853071E-002
  0.69673683226466943        5.0089118875008526E-002
  0.70301374066345024        4.7784765012595702E-002
  0.70929064906223105        4.3388826756108362E-002
  0.71556755746101186        3.7123853598812470E-002
  0.72184446585979267        2.9285436880177162E-002
  0.72812137425857348        2.0225984201517406E-002
  0.73439828265735430        1.0336968429333742E-002
  0.74067519105613511        3.0613919063429588E-005
  0.74695209945491581       -1.0278169326072905E-002
  0.75322900785369662       -2.0188773280563004E-002
  0.75950591625247743       -2.9330204491153641E-002
  0.76578282465125824       -3.7374128279346865E-002
  0.77205973305003905       -4.4045348444190488E-002
  0.77833664144881987       -4.9129399878079523E-002
  0.78461354984760068       -5.2477283208750683E-002
  0.79089045824638149       -5.4007254498745140E-002
  0.79716736664516230       -5.3704006002941083E-002
  0.80344427504394311       -5.1615288417834471E-002
  0.80972118344272392       -4.7846594883753014E-002
  0.81599809184150474       -4.2553919841595650E-002
  0.82227500024028555       -3.5935562647961321E-002
  0.82855190863906636       -2.8222556754244375E-002
  0.83482881703784717       -1.9669689870059352E-002
  0.84110572543662798       -1.0543007886856269E-002
  0.84738263383540879       -1.1040416678251156E-003
  0.85365954223418961        8.3673092351851039E-003
  0.85993645063297042        1.7569427832058074E-002
  0.86621335903175112        2.6188919322381640E-002
  0.87249026743053193        3.3911931009812102E-002
  0.87876717582931274        4.0437341549904464E-002
  0.88504408422809355        4.5490563206282572E-002
  0.89132099262687436        4.8837880968727952E-002
  0.89759790102565518        5.0300277666532799E-002
  0.90387480942443599        4.9766218047471084E-002
  0.91015171782321680        4.7202391591852848E-002
  0.91642862622199761        4.2661717753883298E-002
  0.92270553462077842        3.6287752685672990E-002
  0.92898244301955923        2.8314882117289466E-002
  0.93525935141834005        1.9063768046178934E-002
  0.94153625981712086        8.9317600542305354E-003
  0.94781316821590167       -1.6217212925910070E-003
  0.95409007661468248       -1.2094594288731927E-002
  0.96036698501346329       -2.1965612763187956E-002
  0.96664389341224410       -3.0721110401870592E-002
  0.97292080181102492       -3.7883547928908794E-002
  0.97919771020980562       -4.3040531152840227E-002
  0.98547461860858643       -4.5872230493739445E-002
  0.99175152700736724       -4.6175755725627807E-002
  0.99802843540614805       -4.3883986496852691E-002
   1.0043053438049290       -3.9078118365948863E-002
   1.0105822522037098       -3.1990645583449155E-002
   1.0168591606024906       -2.3003288896649002E-002
   1.0231360690012714       -1.2642273775829408E-002
   1.0294129774000522       -1.5243410027977041E-003
   1.0356898857988328        9.6849053950432921E-003
   1.0419667941976136        2.0309756315128134E-002
   1.0482437025963944        2.9705660119857639E-002
   1.0545206109951752        3.7298428184600579E-002
   1.0607975193939561        4.2620074970797346E-002
   1.0670744277927369        4.5338338891443543E-002
   1.0733513361915177        4.5278450576393882E-002
   1.0796282445902985        4.2435328785641352E-002
   1.0859051529890793        3.6975564774510083E-002
   1.0921820613878601        2.9228698164279948E-002
   1.0984589697866409        1.9668327007915359E-002
   1.1047358781854217        8.8839311628126274E-003
   1.1110127865842025       -2.4548562669636344E-003
   1.1172896949829834       -1.3639501785961473E-002
   1.1235666033817642       -2.3966750822007173E-002
   1.1298435117805450       -3.2783059123800889E-002
   1.1361204201793258       -3.9526398614365979E-002
   1.1423973285781066       -4.3762793831885943E-002
   1.1486742369768874       -4.5215125956332557E-002
   1.1549511453756682       -4.3782286606293450E-002
   1.1612280537744490       -3.9547262094114320E-002
   1.1675049621732299       -3.2773495987542943E-002
   1.1737818705720107       -2.3889548255400201E-002
   1.1800587789707915       -1.3462905580581462E-002
   1.1863356873695723       -2.1644243256934413E-003
   1.1926125957683531        9.2742776470132651E-003
   1.1988895041671339        2.0107181788181060E-002
   1.2051664125659147        2.9621874685981948E-002
   1.2114433209646955        3.7186834902156421E-002
   1.2177202293634763        4.2294238884457470E-002
   1.2239971377622572        4.4595236932145697E-002
   1.2302740461610380        4.3925185725897604E-002
   1.2365509545598188        4.0316940476271615E-002
   1.2428278629585996        3.4001055746596023E-002
   1.2491047713573804        2.5392623322995654E-002
   1.2553816797561612        1.5065361508737657E-002
   1.2616585881549420        3.7144761741992978E-003
   1.2679354965537226       -7.8893946110345468E-003
   1.2742124049525034       -1.8952153358659969E-002
   1.2804893133512842       -2.8710667089826919E-002
   1.2867662217500651       -3.6485908979100645E-002
   1.2930431301488459       -4.1731096945292631E-002
   1.2993200385476267       -4.4071359462380347E-002
   1.3055969469464075       -4.3331982262248596E-002
   1.3118738553451883       -3.9553018141248404E-002
   1.3181507637439691       -3.2988963057799789E-002
   1.3244276721427499       -2.4093228919050771E-002
   1.3307045805415307       -1.3488225655980603E-002
   1.3369814889403115       -1.9229150432168544E-003
   1.3432583973390924        9.7793588766598594E-003
   1.3495353057378732        2.0779186918677316E-002
   1.3558122141366540        3.0281457061755199E-002
   1.3620891225354348        3.7593497110609789E-002
   1.3683660309342156        4.2177350587606251E-002
   1.3746429393329964        4.3691363117886496E-002
   1.3809198477317772        4.2016155379875519E-002
   1.3871967561305580        3.7265156044164437E-002
   1.3934736645293389        2.9778336536020366E-002
   1.3997505729281197        2.0099124092419322E-002
   1.4060274813269005        8.9360212885190825E-003
   1.4123043897256813       -2.8884731171368401E-003
   1.4185812981244621       -1.4498005833172539E-002
   1.4248582065232429       -2.5027225629582997E-002
   1.4311351149220237       -3.3686560360349831E-002
   1.4374120233208045       -3.9822054434583809E-002
   1.4436889317195853       -4.2965688175196554E-002
   1.4499658401183662       -4.2872245123543699E-002
   1.4562427485171470       -3.9539743919091271E-002
   1.4625196569159278       -3.3211649250061530E-002
   1.4687965653147086       -2.4360436704241123E-002
   1.4750734737134894       -1.3653500686548217E-002
   1.4813503821122702       -1.9037697791997870E-003
   1.4876272905110510        9.9913977994304844E-003
   1.4939041989098316        2.1118493412285430E-002
   1.5001811073086124        3.0618147836834725E-002
   1.5064580157073932        3.7752009346579657E-002
   1.5127349241061741        4.1960984120016004E-002
   1.5190118325049549        4.2910167097358926E-002
   1.5252887409037357        4.0516803924220801E-002
   1.5315656493025165        3.4958800314990400E-002
   1.5378425577012973        2.6663066580598943E-002
   1.5441194661000781        1.6274652110940507E-002
   1.5503963744988589        4.6066106054795898E-003
   1.5566732828976397       -7.4240874244354887E-003
   1.5629501912964205       -1.8868478940854264E-002
   1.5692270996952014       -2.8820486602983027E-002
   1.5755040080939822       -3.6488958083978264E-002
   1.5817809164927630       -4.1261109134160111E-002
   1.5880578248915438       -4.2752241340764337E-002
   1.5943347332903246       -4.0837646952638106E-002
   1.6006116416891054       -3.5663986739912355E-002
   1.6068885500878862       -2.7639044360106158E-002
   1.6131654584866670       -1.7400479785618414E-002
   1.6194423668854478       -5.7659002813232763E-003
   1.6257192752842287        6.3319040678929068E-003
   1.6319961836830095        1.7919475710233727E-002
   1.6382730920817903        2.8061026152313769E-002
   1.6445500004805711        3.5934293691410157E-002
   1.6508269088793519        4.0897749716217825E-002
   1.6571038172781327        4.2543623795136563E-002
   1.6633807256769135        4.0732302041626145E-002
   1.6696576340756943        3.5605136203347230E-002
   1.6759345424744752        2.7574414576441896E-002
   1.6822114508732560        1.7291123725482815E-002
   1.6884883592720368        5.5929239284173158E-003
   1.6947652676708176       -6.5635405096067774E-003
   1.7010421760695984       -1.8180619783157530E-002
   1.7073190844683792       -2.8301499424410143E-002
   1.7135959928671600       -3.6089566227737534E-002
   1.7198729012659408       -4.0899601129228157E-002
   1.7261498096647214       -4.2331690687079197E-002
   1.7324267180635022       -4.0264489299061852E-002
   1.7387036264622830       -3.4865962887092837E-002
   1.7449805348610639       -2.6580244933850736E-002
   1.7512574432598447       -1.6091560416981260E-002
   1.7575343516586255       -4.2680946349662637E-003
   1.7638112600574063        7.9096064055012658E-003
   1.7700881684561871        1.9429833141082323E-002
   1.7763650768549679        2.9333784339868177E-002
   1.7826419852537487        3.6795534993439287E-002
   1.7889188936525295        4.1191209324686860E-002
   1.7951958020513104        4.2151549008806494E-002
   1.8014727104500912        3.9593406990089557E-002
   1.8077496188488720        3.3727450096804286E-002
   1.8140265272476528        2.5041313430346296E-002
   1.8203034356464336        1.4259517415690377E-002
   1.8265803440452144        2.2833938886292703E-003
   1.8328572524439952       -9.8840179381534717E-003
   1.8391341608427760       -2.1221881241347083E-002
   1.8454110692415568       -3.0777251348158705E-002
   1.8516879776403377       -3.7745368466202626E-002
   1.8579648860391185       -4.1537748033395057E-002
   1.8642417944378993       -4.1832314443591569E-002
   1.8705187028366801       -3.8601225665738863E-002
   1.8767956112354609       -3.2114017876184592E-002
   1.8830725196342417       -2.2915565243388281E-002
   1.8893494280330225       -1.1780978136316721E-002
   1.8956263364318033        3.4891764761389840E-004
   1.9019032448305841        1.2449395794909895E-002
   1.9081801532293650        2.3498942564155707E-002
   1.9144570616281458        3.2565392239306178E-002
   1.9207339700269266        3.8884515160011839E-002
   1.9270108784257074        4.1924283021402449E-002
   1.9332877868244882        4.1429503916808670E-002
   1.9395646952232690        3.7443044600829541E-002
   1.9458416036220498        3.0301926537700512E-002
   1.9521185120208304        2.0608641790580032E-002
   1.9583954204196112        9.1801628862315660E-003
   1.9646723288183920       -3.0210367709566279E-003
   1.9709492372171729       -1.4968109178876957E-002
   1.9772261456159537       -2.5656266230152922E-002
   1.9835030540147345       -3.4187242793295582E-002
   1.9897799624135153       -3.9844692624895948E-002
   1.9960568708122961       -4.2154198657961106E-002
   2.0023337792110771       -4.0922878546608872E-002
   2.0086106876098579       -3.6255300551637518E-002
   2.0148875960086388       -2.8544403875355708E-002
   2.0211645044074196       -1.8438240484983836E-002
   2.0274414128062004       -6.7853509906693130E-003
   2.0337183212049812        5.4365845419895647E-003
   2.0399952296037620        1.7202845308971058E-002
   2.0462721380025428        2.7527571580210852E-002
   2.0525490464013236        3.5546339538163566E-002
   2.0588259548001044        4.0588411176479058E-002
   2.0651028631988853        4.2233446774806012E-002
   2.0713797715976656        4.0347948920593388E-002
   2.0776566799964464        3.5093847502973008E-002
   2.0839335883952272        2.6913492009731688E-002
   2.0902104967940081        1.6491813338855323E-002
   2.0964874051927889        4.6983858527734918E-003
   2.1027643135915697       -7.4854963400073013E-003
   2.1090412219903505       -1.9048672613380155E-002
   2.1153181303891313       -2.9033999711605109E-002
   2.1215950387879121       -3.6617350152348280E-002
   2.1278719471866929       -4.1175197076939271E-002
   2.1341488555854737       -4.2335302162652098E-002
   2.1404257639842545       -4.0006418859703595E-002
   2.1467026723830354       -3.4384715237619261E-002
   2.1529795807818162       -2.5936527159285613E-002
   2.1592564891805970       -1.5359021535936459E-002
   2.1655333975793778       -3.5221310346666050E-003
   2.1718103059781586        8.6033547725341206E-003
   2.1780872143769394        2.0025575330891332E-002
   2.1843641227757202        2.9812687544345441E-002
   2.1906410311745010        3.7168636461923511E-002
   2.1969179395732819        4.1497465913834956E-002
   2.2031948479720627        4.2451012985105174E-002
   2.2094717563708435        3.9956218521103246E-002
   2.2157486647696243        3.4219969639826237E-002
   2.2220255731684051        2.5711234073601943E-002
   2.2283024815671859        1.5122069867773841E-002
   2.2345793899659667        3.3108385624936528E-003
   2.2408562983647475       -8.7677786553546234E-003
   2.2471332067635283       -2.0140867909726592E-002
   2.2534101151623092       -2.9896139626816146E-002
   2.2596870235610900       -3.7254777986621516E-002
   2.2659639319598708       -4.1632942839329834E-002
   2.2722408403586516       -4.2687194365010894E-002
   2.2785177487574324       -4.0340373775278868E-002
   2.2847946571562132       -3.4786085740535058E-002
   2.2910715655549940       -2.6471645323863192E-002
   2.2973484739537748       -1.6061066914010727E-002
   2.3036253823525557       -4.3812275463551813E-003
   2.3099022907513365        7.6443680907306126E-003
   2.3161791991501173        1.9068877479857454E-002
   2.3224561075488981        2.8996627526527471E-002
   2.3287330159476789        3.6652986170983240E-002
   2.3350099243464597        4.1444174676209894E-002
   2.3412868327452405        4.3002459429532326E-002
   2.3475637411440213        4.1213350726539560E-002
   2.3538406495428021        3.6222889156910118E-002
   2.3601175579415830        2.8424658593095332E-002
   2.3663944663403638        1.8427754656133239E-002
   2.3726713747391446        7.0083763534002511E-003
   2.3789482831379254       -4.9510388443780749E-003
   2.3852251915367062       -1.6530339176870756E-002
   2.3915020999354870       -2.6842470948903702E-002
   2.3977790083342678       -3.5101179550647142E-002
   2.4040559167330486       -4.0680349043832435E-002
   2.4103328251318294       -4.3161043110565810E-002
   2.4166097335306103       -4.2364297806170181E-002
   2.4228866419293911       -3.8362629577953986E-002
   2.4291635503281719       -3.1469863217361775E-002
   2.4354404587269527       -2.2214484961760452E-002
   2.4417173671257335       -1.1297635773633182E-002
   2.4479942755245143        4.6118914766373013E-004
   2.4542711839232951        1.2186384392876922E-002
   2.4605480923220759        2.3011675287814861E-002
   2.4668250007208568        3.2143846109776171E-002
   2.4731019091196376        3.8920101835487664E-002
   2.4793788175184184        4.2854980632178227E-002
   2.4856557259171992        4.3673595162115525E-002
   2.4919326343159800        4.1329056187107596E-002
   2.4982095427147608        3.6003126278529529E-002
   2.5044864511135416        2.8090393511606783E-002
   2.5107633595123224        1.8167427405082162E-002
   2.5170402679111032        6.9494309005428637E-003
   2.5233171763098841       -4.7622748611399592E-003
   2.5295940847086644       -1.6138012854116538E-002
   2.5358709931074452       -2.6378575263541083E-002
   2.5421479015062260       -3.4770939244160651E-002
   2.5484248099050069       -4.0737038378122502E-002
   2.5547017183037877       -4.3872315343921379E-002
   2.5609786267025685       -4.3971598479817305E-002
   2.5672555351013493       -4.1040754901886863E-002
   2.5735324435001301       -3.5293637737240965E-002
   2.5798093518989109       -2.7134800991536551E-002
   2.5860862602976917       -1.7129587648171036E-002
   2.5923631686964725       -5.9639476889250280E-003
   2.5986400770952534        5.6041843918652554E-003
   2.6049169854940342        1.6797175687945289E-002
   2.6111938938928150        2.6869987707893783E-002
   2.6174708022915958        3.5159283269406615E-002
   2.6237477106903766        4.1126146097455282E-002
   2.6300246190891574        4.4389760057672305E-002
   2.6363015274879382        4.4750031739481222E-002
   2.6425784358867190        4.2197958080042029E-002
   2.6488553442854998        3.6913351390993804E-002
   2.6551322526842807        2.9250393769736427E-002
   2.6614091610830615        1.9712245670314418E-002
   2.6676860694818423        8.9166246861474441E-003
   2.6739629778806231       -2.4452276194731302E-003
   2.6802398862794039       -1.3653402873599393E-002
   2.6865167946781847       -2.4005080371860436E-002
   2.6927937030769655       -3.2858264096447785E-002
   2.6990706114757463       -3.9670823543899565E-002
   2.7053475198745272       -4.4032515456700685E-002
   2.7116244282733080       -4.5688192546936686E-002
   2.7179013366720888       -4.4550986822306279E-002
   2.7241782450708696       -4.0704930360044564E-002
   2.7304551534696504       -3.4397122592971480E-002
   2.7367320618684312       -2.6020203041605051E-002
   2.7430089702672120       -1.6086442519261904E-002
   2.7492858786659928       -5.1952278692556130E-003
   2.7555627870647736        6.0039090956828965E-003
   2.7618396954635545        1.6850602381113387E-002
   2.7681166038623353        2.6713689404655561E-002
   2.7743935122611161        3.5028002290230745E-002
   2.7806704206598969        4.1325719860502833E-002
   2.7869473290586777        4.5261180955473268E-002
   2.7932242374574585        4.6628008822992596E-002
   2.7995011458562393        4.5367799463746646E-002
   2.8057780542550201        4.1570208595293985E-002
   2.8120549626538009        3.5464702997031208E-002
   2.8183318710525818        2.7404778230673405E-002
   2.8246087794513626        1.7845749302698510E-002
   2.8308856878501434        7.3176289891317440E-003
   2.8371625962489242       -3.6052938935949657E-003
   2.8434395046477050       -1.4336327978162575E-002
   2.8497164130464858       -2.4308000072055573E-002
   2.8559933214452666       -3.3001644619347306E-002
   2.8622702298440474       -3.9973560691357490E-002
   2.8685471382428283       -4.4876362043809223E-002
   2.8748240466416091       -4.7474722516663945E-002
   2.8811009550403899       -4.7654741888290067E-002
   2.8873778634391707       -4.5426901476800619E-002
   2.8936547718379515       -4.0922451520644193E-002
   2.8999316802367323       -3.4384001493593830E-002
   2.9062085886355131       -2.6150588517640429E-002
   2.9124854970342939       -1.6638787069087568E-002
   2.9187624054330747       -6.3200997923482938E-003
   2.9250393138318556        4.3027416878038925E-003
   2.9313162222306364        1.4721566941924523E-002
   2.9375931306294172        2.4434914932526936E-002
   2.9438700390281980        3.2925384031093574E-002
   2.9501469474269788        3.9691588440620158E-002
   2.9564238558257596        4.4286982457253751E-002
   2.9627007642245404        4.6356716055621798E-002
   2.9689776726233212        4.5674465176438486E-002
   2.9752545810221021        4.2173990688838703E-002
   2.9815314894208829        3.5972965413501576E-002
   2.9878083978196632        2.7384902405328038E-002
   2.9940853062184440        1.6916683634874318E-002
   3.0003622146172249        5.2492165125844785E-003
   3.0066391230160057       -6.7993710463450799E-003
   3.0129160314147865       -1.8327432559384023E-002
   3.0191929398135673       -2.8417663894294638E-002
   3.0254698482123481       -3.6214725212078157E-002
   3.0317467566111289       -4.1006294952306489E-002
   3.0380236650099097       -4.2299942578472416E-002
   3.0443005734086905       -3.9887392014399017E-002
   3.0505774818074713       -3.3887790610869793E-002
   3.0568543902062522       -2.4762707186919315E-002
   3.0631312986050330       -1.3297527157545201E-002
   3.0694082070038138       -5.4716196586405302E-004
   3.0756851154025946        1.2252465779530486E-002
   3.0819620238013754        2.3801100254244482E-002
   3.0882389322001562        3.2869198540374893E-002
   3.0945158405989370        3.8437456529901125E-002
   3.1007927489977178        3.9824866328402472E-002
   3.1070696573964987        3.6791748058985697E-002
   3.1133465657952795        2.9623711375051213E-002
   3.1196234741940603        1.9128872748814620E-002
   3.1259003825928411        6.4920825221187481E-003
   3.1321772909916219       -6.8703181421045957E-003
   3.1384541993904027       -1.9468405418293915E-002
   3.1447311077891835       -2.9905514428358607E-002
   3.1510080161879643       -3.7031784312165451E-002
   3.1572849245867451       -4.0069397750923497E-002
   3.1635618329855260       -3.8695022017322521E-002
   3.1698387413843068       -3.3071686290110959E-002
   3.1761156497830876       -2.3826792577695079E-002
   3.1823925581818684       -1.1979783563805541E-002
   3.1886694665806492        1.1722342531165278E-003
   3.1949463749794300        1.4197665711178087E-002
   3.2012232833782108        2.5686655216417900E-002
   3.2075001917769916        3.4403148044853588E-002
   3.2137771001757724        3.9416568771544175E-002
   3.2200540085745533        4.0199149046207777E-002
   3.2263309169733341        3.6679036560865581E-002
   3.2326078253721149        2.9244068459745125E-002
   3.2388847337708957        1.8696558596097677E-002
   3.2451616421696765        6.1645627515653197E-003
   3.2514385505684573       -7.0203303033822507E-003
   3.2577154589672381       -1.9465294774507823E-002
   3.2639923673660189       -2.9863392883694832E-002
   3.2702692757647998       -3.7129929802512493E-002
   3.2765461841635806       -4.0514120768234171E-002
   3.2828230925623614       -3.9673703800058843E-002
   3.2891000009611422       -3.4702215450780338E-002
   3.2953769093599230       -2.6117838485414310E-002
   3.3016538177587038       -1.4814243669306995E-002
   3.3079307261574846       -1.9682937644888258E-003
   3.3142076345562654        1.1082584010170234E-002
   3.3204845429550462        2.2979605717921826E-002
   3.3267614513538271        3.2484115173173879E-002
   3.3330383597526079        3.8606540926022635E-002
   3.3393152681513887        4.0709431351347240E-002
   3.3455921765501695        3.8573827692942958E-002
   3.3518690849489503        3.2422063743106987E-002
   3.3581459933477311        2.2894626361601604E-002
   3.3644229017465119        1.0983468984138932E-002
   3.3706998101452927       -2.0712564476373253E-003
   3.3769767185440736       -1.4910327911206287E-002
   3.3832536269428544       -2.6196960061312564E-002
   3.3895305353416352       -3.4756003001903700E-002
   3.3958074437404160       -3.9696281952029532E-002
   3.4020843521391968       -4.0503411058647493E-002
   3.4083612605379776       -3.7093327772825098E-002
   3.4146381689367584       -2.9821086181245279E-002
   3.4209150773355392       -1.9443846142826234E-002
   3.4271919857343200       -7.0421072539685187E-003
   3.4334688941331009        6.0928863790771148E-003
   3.4397458025318817        1.8593438385838209E-002
   3.4460227109306620        2.9158082474516969E-002
   3.4522996193294428        3.6686450149524749E-002
   3.4585765277282237        4.0397440084677563E-002
   3.4648534361270045        3.9929131450079959E-002
   3.4711303445257853        3.5364876075034510E-002
   3.4774072529245661        2.7204455944878001E-002
   3.4836841613233469        1.6301740426407557E-002
   3.4899610697221277        3.7696608728998754E-003
   3.4962379781209085       -9.1373138753715350E-003
   3.5025148865196893       -2.1150620576850424E-002
   3.5087917949184702       -3.1111790627501319E-002
   3.5150687033172510       -3.8081503282315285E-002
   3.5213456117160318       -4.1423499410869348E-002
   3.5276225201148126       -4.0856520074820248E-002
   3.5338994285135934       -3.6470714951569262E-002
   3.5401763369123742       -2.8708677790874878E-002
   3.5464532453111550       -1.8314480447196212E-002
   3.5527301537099358       -6.2569785018490474E-003
   3.5590070621087166        6.3643907430404574E-003
   3.5652839705074975        1.8421885141550003E-002
   3.5715608789062783        2.8860242225184501E-002
   3.5778377873050591        3.6787040711236479E-002
   3.5841146957038399        4.1545198210404581E-002
   3.5903916041026207        4.2762151571171594E-002
   3.5966685125014015        4.0372645839216091E-002
   3.6029454209001823        3.4614530609928557E-002
   3.6092223292989631        2.5999288135185702E-002
   3.6154992376977440        1.5261126325226814E-002
   3.6217761460965248        3.2898905900574844E-003
   3.6280530544953056       -8.9455964257791083E-003
   3.6343299628940864       -2.0478144113589992E-002
   3.6406068712928672       -3.0423723663363381E-002
   3.6468837796916480       -3.8048914841668856E-002
   3.6531606880904288       -4.2819803900877640E-002
   3.6594375964892096       -4.4432481908153125E-002
   3.6657145048879904       -4.2824170817764122E-002
   3.6719914132867713       -3.8165616363200115E-002
   3.6782683216855521       -3.0836823391511104E-002
   3.6845452300843329       -2.1389281079074458E-002
   3.6908221384831137       -1.0498580399242808E-002
   3.6970990468818945        1.0883730683735652E-003
   3.7033759552806753        1.2607300037334814E-002
   3.7096528636794561        2.3327797443156887E-002
   3.7159297720782369        3.2598544684062633E-002
   3.7222066804770177        3.9883980759970052E-002
   3.7284835888757986        4.4790700991384720E-002
   3.7347604972745794        4.7082847346479897E-002
   3.7410374056733602        4.6686432290176078E-002
   3.7473143140721410        4.3683468343172889E-002
   3.7535912224709218        3.8297134353735891E-002
   3.7598681308697026        3.0869920230072991E-002
   3.7661450392684834        2.1836604914952623E-002
   3.7724219476672642        1.1694438447227068E-002
   3.7786988560660451        9.7229030444856890E-004
   3.7849757644648259       -9.7989384760429499E-003
   3.7912526728636067       -2.0113632556876721E-002
   3.7975295812623875       -2.9514353060061716E-002
   3.8038064896611683       -3.7610859616030244E-002
   3.8100833980599491       -4.4086769497030838E-002
   3.8163603064587299       -4.8687515755257989E-002
   3.8226372148575107       -5.1240872739979133E-002
   3.8289141232562915       -5.1664780011935162E-002
   3.8351910316550724       -4.9966920387235353E-002
   3.8414679400538532       -4.6241615206795240E-002
   3.8477448484526340       -4.0662690031467399E-002
   3.8540217568514148       -3.3473730802099796E-002
   3.8602986652501956       -2.4975716048524381E-002
   3.8665755736489764       -1.5513089309594667E-002
   3.8728524820477572       -5.4586369877409804E-003
   3.8791293904465380        4.8019143949753363E-003
   3.8854062988453189        1.4885129397587406E-002
   3.8916832072440997        2.4424178202191549E-002
   3.8979601156428805        3.3081852610306821E-002
   3.9042370240416608        4.0561750348201080E-002
   3.9105139324404417        4.6617403184973850E-002
   3.9167908408392225        5.1059049761689075E-002
   3.9230677492380033        5.3758019908440813E-002
   3.9293446576367841        5.4648655310266157E-002
   3.9356215660355649        5.3727916813407862E-002
   3.9418984744343457        5.1052786812234428E-002
   3.9481753828331265        4.6735765385049227E-002
   3.9544522912319073        4.0938686880996673E-002
   3.9607291996306881        3.3865263609060121E-002
   3.9670061080294690        2.5752600834745631E-002
   3.9732830164282498        1.6862234687905681E-002
   3.9795599248270306        7.4704010215127714E-003
   3.9858368332258114       -2.1420213178851054E-003
   3.9921137416245922       -1.1688779293402833E-002
   3.9983906500233730       -2.0874896814331554E-002
   4.0046675584221543       -2.9404560613523242E-002
   4.0109444668209351       -3.6991468983116060E-002
   4.0172213752197159       -4.3369363420319267E-002
   4.0234982836184967       -4.8302704167980465E-002
   4.0297751920172775       -5.1596932884908908E-002
   4.0360521004160583       -5.3107932461433645E-002
   4.0423290088148391       -5.2750190696864770E-002
   4.0486059172136200       -5.0503232043278966E-002
   4.0548828256124008       -4.6415891491065592E-002
   4.0611597340111816       -4.0608068927311190E-002
   4.0674366424099624       -3.3269681316546972E-002
   4.0737135508087432       -2.4656625417928752E-002
   4.0799904592075240       -1.5083693401899557E-002
   4.0862673676063048       -4.9145082183837232E-003
   4.0925442760050856        5.4512945636229979E-003
   4.0988211844038664        1.5593275406704675E-002
   4.1050980928026473        2.5087264242737998E-002
   4.1113750012014281        3.3523652563282789E-002
   4.1176519096002089        4.0526125537647811E-002
   4.1239288179989897        4.5769983588494371E-002
   4.1302057263977705        4.8999133909345190E-002
   4.1364826347965504        5.0040839160703829E-002
   4.1427595431953312        4.8817331522140579E-002
   4.1490364515941121        4.5353505217854390E-002
   4.1553133599928929        3.9780022709545997E-002
   4.1615902683916737        3.2331373869341741E-002
   4.1678671767904545        2.3338640216495919E-002
   4.1741440851892353        1.3216996999831714E-002
   4.1804209935880161        2.4482543684199599E-003
   4.1866979019867969       -8.4409503289217709E-003
   4.1929748103855777       -1.8904429748993205E-002
   4.1992517187843585       -2.8404037399793775E-002
   4.2055286271831394       -3.6438219474589681E-002
   4.2118055355819202       -4.2570002800792685E-002
   4.2180824439807010       -4.6452834743714519E-002
   4.2243593523794818       -4.7852681428764907E-002
   4.2306362607782626       -4.6664915170764341E-002
   4.2369131691770434       -4.2924703891346123E-002
   4.2431900775758242       -3.6809932185315530E-002
   4.2494669859746050       -2.8636040999748241E-002
   4.2557438943733858       -1.8842642089244362E-002
   4.2620208027721667       -7.9722296121629566E-003
   4.2682977111709475        3.3581555205535831E-003
   4.2745746195697283        1.4490988155890077E-002
   4.2808515279685091        2.4766252659798503E-002
   4.2871284363672899        3.3561242577107533E-002
   4.2934053447660707        4.0329751228848451E-002
   4.2996822531648515        4.4638169536950233E-002
   4.3059591615636323        4.6195997725903909E-002
   4.3122360699624132        4.4878556959584030E-002
   4.3185129783611940        4.0739969450637667E-002
   4.3247898867599748        3.4015158328425985E-002
   4.3310667951587556        2.5109889468579026E-002
   4.3373437035575364        1.4578663413717646E-002
   4.3436206119563172        3.0939353509833478E-003
   4.3498975203550980       -8.5942099470409372E-003
   4.3561744287538788       -1.9706199014229986E-002
   4.3624513371526596       -2.9485222882008069E-002
   4.3687282455514405       -3.7250116802638067E-002
   4.3750051539502213       -4.2445102553925182E-002
   4.3812820623490021       -4.4682701085826899E-002
   4.3875589707477829       -4.3776326899391795E-002
   4.3938358791465637       -3.9759697100881689E-002
   4.4001127875453445       -3.2890932880102593E-002
   4.4063896959441253       -2.3640326494282122E-002
   4.4126666043429061       -1.2661855122792418E-002
   4.4189435127416870       -7.4984832937275922E-004
   4.4252204211404678        1.1216639329261301E-002
   4.4314973295392486        2.2338004909716682E-002
   4.4377742379380294        3.1762296418439896E-002
   4.4440511463368102        3.8752219527493657E-002
   4.4503280547355910        4.2745677177736606E-002
   4.4566049631343718        4.3404637010555684E-002
   4.4628818715331526        4.0647978369620197E-002
   4.4691587799319334        3.4664803670386157E-002
   4.4754356883307143        2.5906430639391222E-002
   4.4817125967294951        1.5056541852106654E-002
   4.4879895051282759        2.9813611593374483E-003
   4.4942664135270567       -9.3374124897364682E-003
   4.5005433219258375       -2.0880885328863324E-002
   4.5068202303246183       -3.0680528956175849E-002
   4.5130971387233991       -3.7917416284830273E-002
   4.5193740471221799       -4.1991197578828125E-002
   4.5256509555209607       -4.2566756218355983E-002
   4.5319278639197416       -3.9600999034029472E-002
   4.5382047723185224       -3.3345134317082352E-002
   4.5444816807173032       -2.4322685171716350E-002
   4.5507585891160840       -1.3284932456470791E-002
   4.5570354975148648       -1.1478463470586168E-003
   4.5633124059136456        1.1084314205027158E-002
   4.5695893143124264        2.2402210220699024E-002
   4.5758662227112072        3.1874634417052461E-002
   4.5821431311099881        3.8724793710259400E-002
   4.5884200395087689        4.2393510034761168E-002
   4.5946969479075497        4.2584182724559605E-002
   4.6009738563063305        3.9286006377681176E-002
   4.6072507647051113        3.2773648392472383E-002
   4.6135276731038921        2.3583619341981131E-002
   4.6198045815026729        1.2469388263397132E-002
   4.6260814899014537        3.3908737892743789E-004
   4.6323583983002345       -1.1819037660535520E-002
   4.6386353066990154       -2.3017250600203199E-002
   4.6449122150977962       -3.2348471720433473E-002
   4.6511891234965770       -3.9059416465309735E-002
   4.6574660318953578       -4.2610901828922042E-002
   4.6637429402941386       -4.2720480737326483E-002
   4.6700198486929194       -3.9384164590435096E-002
   4.6762967570917002       -3.2875522667663359E-002
   4.6825736654904810       -2.3722838613548188E-002
   4.6888505738892619       -1.2666206758608172E-002
   4.6951274822880427       -5.9515193769788335E-004
   4.7014043906868235        1.1523822136725507E-002
   4.7076812990856043        2.2724742145706998E-002
   4.7139582074843851        3.2119034948957188E-002
   4.7202351158831659        3.8965502054501562E-002
   4.7265120242819467        4.2728016280676184E-002
   4.7327889326807275        4.3116462547749652E-002
   4.7390658410795083        4.0107923395061688E-002
   4.7453427494782892        3.3946637426725539E-002
   4.7516196578770700        2.5123000583278769E-002
   4.7578965662758508        1.4333476922441031E-002
   4.7641734746746316        2.4247876996429272E-003
   4.7704503830734124       -9.6731005122877144E-003
   4.7767272914721932       -2.1019835003466283E-002
   4.7830041998709740       -3.0737668937840110E-002
   4.7892811082697548       -3.8078925600765021E-002
   4.7955580166685357       -4.2482792116224161E-002
   4.8018349250673165       -4.3617186790155145E-002
   4.8081118334660973       -4.1402656342948770E-002
   4.8143887418648781       -3.6016681970626137E-002
   4.8206656502636589       -2.7878290523693776E-002
   4.8269425586624397       -1.7614385975900679E-002
   4.8332194670612205       -6.0105676739415177E-003
   4.8394963754600013        6.0496224059777811E-003
   4.8457732838587821        1.7652313682531659E-002
   4.8520501922575630        2.7922580650950365E-002
   4.8583271006563438        3.6090883909727742E-002
   4.8646040090551246        4.1551611573597123E-002
   4.8708809174539054        4.3906099481615758E-002
   4.8771578258526862        4.2989964402150541E-002
   4.8834347342514670        3.8882856181438261E-002
   4.8897116426502478        3.1899922626384844E-002
   4.8959885510490286        2.2566037131078149E-002
   4.9022654594478094        1.1574947398087508E-002
   4.9085423678465903       -2.6335526739660817E-004
   4.9148192762453711       -1.2083003700813104E-002
   4.9210961846441519       -2.3025806574363299E-002
   4.9273730930429327       -3.2303321154176647E-002
   4.9336500014417135       -3.9252976269214340E-002
   4.9399269098404943       -4.3384313981773025E-002
   4.9462038182392751       -4.4412206718497230E-002
   4.9524807266380559       -4.2274915887859574E-002
   4.9587576350368368       -3.7135982962715523E-002
   4.9650345434356176       -2.9370120208917445E-002
   4.9713114518343984       -1.9534396146297490E-002
   4.9775883602331792       -8.3270224691790445E-003
   4.9838652686319600        3.4631320861541947E-003
   4.9901421770307408        1.5012593666655668E-002
   4.9964190854295216        2.5520891894620618E-002
   5.0026959938283024        3.4265693397833571E-002
   5.0089729022270832        4.0651701520352107E-002
   5.0152498106258641        4.4250059336662671E-002
   5.0215267190246449        4.4825771275411964E-002
   5.0278036274234257        4.2351301232063120E-002
   5.0340805358222065        3.7005016998672598E-002
   5.0403574442209873        2.9157009258488437E-002
   5.0466343526197681        1.9343637117260518E-002
   5.0529112610185480        8.2301655263276839E-003
   5.0591881694173289       -3.4350267603418766E-003
   5.0654650778161097       -1.4871208091933577E-002
   5.0717419862148905       -2.5317619220947288E-002
   5.0780188946136713       -3.4083829192408079E-002
   5.0842958030124521       -4.0594825724981944E-002
   5.0905727114112329       -4.4427926096037323E-002
   5.0968496198100137       -4.5339205842147012E-002
   5.1031265282087945       -4.3277861149612969E-002
   5.1094034366075753       -3.8387752607595152E-002
   5.1156803450063562       -3.0996221728712699E-002
   5.1219572534051370       -2.1591108012161225E-002
   5.1282341618039178       -1.0787637852897354E-002
   5.1345110702026986        7.1251143865847921E-004
   5.1407879786014794        1.2167211851513053E-002
   5.1470648870002602        2.2841908211307358E-002
   5.1533417953990410        3.2056555904990985E-002
   5.1596187037978218        3.9228486620595797E-002
   5.1658956121966026        4.3908536481813594E-002
   5.1721725205953835        4.5808245461920798E-002
   5.1784494289941643        4.4816548948625128E-002
   5.1847263373929451        4.1005072465827470E-002
   5.1910032457917259        3.4621879772363910E-002
   5.1972801541905067        2.6074248826850905E-002
   5.2035570625892875        1.5901730051964106E-002
   5.2098339709880683        4.7413200045528714E-003
   5.2161108793868491       -6.7129574876334912E-003
   5.2223877877856300       -1.7753471786567887E-002
   5.2286646961844108       -2.7702677694665206E-002
   5.2349416045831916       -3.5954389535504200E-002
   5.2412185129819724       -4.2010144690534122E-002
   5.2474954213807532       -4.5508516900481064E-002
   5.2537723297795340       -4.6245708562229114E-002
   5.2600492381783148       -4.4186317565498949E-002
   5.2663261465770956       -3.9463788529494080E-002
   5.2726030549758764       -3.2370693930586149E-002
   5.2788799633746573       -2.3339597303174885E-002
   5.2851568717734381       -1.2915803179999609E-002
   5.2914337801722189       -1.7237552413021740E-003
   5.2977106885709997        9.5708108371303207E-003
   5.3039875969697805        2.0300645244033074E-002
   5.3102645053685613        2.9836309480140048E-002
   5.3165414137673421        3.7622741932042174E-002
   5.3228183221661229        4.3210965503340998E-002
   5.3290952305649038        4.6283165828348863E-002
   5.3353721389636846        4.6669793990065003E-002
   5.3416490473624654        4.4357836203445730E-002
   5.3479259557612462        3.9489927597465543E-002
   5.3542028641600270        3.2354516523646439E-002
   5.3604797725588078        2.3367804560299969E-002
   5.3667566809575886        1.3048638324186547E-002
   5.3730335893563694        1.9878931613704054E-003
   5.3793104977551502       -9.1855475285756334E-003
   5.3855874061539311       -1.9838102786875263E-002
   5.3918643145527119       -2.9363469180955976E-002
   5.3981412229514927       -3.7216705080457706E-002
   5.4044181313502735       -4.2945838437318917E-002
   5.4106950397490543       -4.6218344812300888E-002
   5.4169719481478351       -4.6841055049804597E-002
   5.4232488565466159       -4.4772207074039491E-002
   5.4295257649453967       -4.0124890584141773E-002
   5.4358026733441775       -3.3161568232679843E-002
   5.4420795817429584       -2.4279899559528837E-002
   5.4483564901417392       -1.3990587684032841E-002
   5.4546333985405200       -2.8884486083394548E-003
   5.4609103069393008        8.3816827907937791E-003
   5.4671872153380816        1.9162280078702049E-002
   5.4734641237368624        2.8821526546195606E-002
   5.4797410321356432        3.6790557613267161E-002
   5.4860179405344240        4.2597325511695601E-002
   5.4922948489332049        4.5895067197966863E-002
   5.4985717573319857        4.6483611637351326E-002
   5.5048486657307665        4.4322209255870076E-002
   5.5111255741295473        3.9532996297003360E-002
   5.5174024825283281        3.2394823675725944E-002
   5.5236793909271089        2.3327660445885034E-002
   5.5299562993258897        1.2868470050944178E-002
   5.5362332077246705        1.6398104281360414E-003
   5.5425101161234513       -9.6868785955593235E-003
   5.5487870245222322       -2.0431436625637033E-002
   5.5550639329210130       -2.9944996918758508E-002
   5.5613408413197938       -3.7645385137193677E-002
   5.5676177497185746       -4.3054354501141291E-002
   5.5738946581173554       -4.5828963701301094E-002
   5.5801715665161362       -4.5784785954194565E-002
   5.5864484749149170       -4.2909906126921651E-002
   5.5927253833136978       -3.7368353297786532E-002
   5.5990022917124787       -2.9492608990131623E-002
   5.6052792001112595       -1.9765287539441709E-002
   5.6115561085100403       -8.7909408990836380E-003
   5.6178330169088211        2.7405190648807890E-003
   5.6241099253076019        1.4096599534182666E-002
   5.6303868337063827        2.4548642600034309E-002
   5.6366637421051635        3.3418920314976987E-002
   5.6429406505039443        4.0125388554693782E-002
   5.6492175589027251        4.4221071991988853E-002
   5.6554944673015060        4.5425385203271065E-002
   5.6617713757002868        4.3645078621880717E-002
   5.6680482840990676        3.8983196412820886E-002
   5.6743251924978484        3.1735108193026176E-002
   5.6806021008966292        2.2371610297098801E-002
   5.6868790092954100        1.1509864134196709E-002
   5.6931559176941908       -1.2608899696257812E-004
   5.6994328260929716       -1.1752882094664135E-002
   5.7057097344917524       -2.2580282895789221E-002
   5.7119866428905333       -3.1865209318542892E-002
   5.7182635512893141       -3.8963425544921770E-002
   5.7245404596880949       -4.3375315505815845E-002
   5.7308173680868757       -4.4779166219598883E-002
   5.7370942764856565       -4.3051661226537391E-002
   5.7433711848844373       -3.8287562655269690E-002
   5.7496480932832181       -3.0799956079872803E-002
   5.7559250016819989       -2.1103051276819721E-002
   5.7622019100807798       -9.8800440879749790E-003
   5.7684788184795606        2.0627888944147028E-003
   5.7747557268783414        1.3852600782970759E-002
   5.7810326352771222        2.4613456973025392E-002
   5.7873095436759030        3.3532114235659757E-002
   5.7935864520746838        3.9921238748796467E-002
   5.7998633604734646        4.3274994426632948E-002
   5.8061402688722454        4.3312415773176939E-002
   5.8124171772710262        4.0004618364794464E-002
   5.8186940856698071        3.3583083352454281E-002
   5.8249709940685879        2.4527570048533464E-002
   5.8312479024673687        1.3533848121646987E-002
   5.8375248108661495        1.4630456930809065E-003
   5.8438017192649303       -1.0723957392071659E-002
   5.8500786276637111       -2.2042299928525605E-002
   5.8563555360624919       -3.1563188970275047E-002
   5.8626324444612727       -3.8491736538521039E-002
   5.8689093528600536       -4.2235970425944368E-002
   5.8751862612588344       -4.2460862329362629E-002
   5.8814631696576152       -3.9122230678432769E-002
   5.8877400780563960       -3.2476853532119862E-002
   5.8940169864551768       -2.3067096714312344E-002
   5.9002938948539576       -1.1680286129986516E-002
   5.9065708032527384        7.1456314056205265E-004
   5.9128477116515192        1.3045550691384583E-002
   5.9191246200503000        2.4228228297641922E-002
   5.9254015284490809        3.3261693022578739E-002
   5.9316784368478617        3.9320639463149960E-002
   5.9379553452466425        4.1834529384418111E-002
   5.9442322536454233        4.0546060832624804E-002
   5.9505091620442041        3.5542625002907821E-002
   5.9567860704429849        2.7256682796873950E-002
   5.9630629788417657        1.6433749055508203E-002
   5.9693398872405457        4.0697051078728607E-003
   5.9756167956393265       -8.6777843443225176E-003
   5.9818937040381073       -2.0596239102108369E-002
   5.9881706124368881       -3.0534025957068119E-002
   5.9944475208356689       -3.7513729310105881E-002
   6.0007244292344497       -4.0831924850217277E-002
   6.0070013376332305       -4.0134917543595945E-002
   6.0132782460320113       -3.5461900771468165E-002
   6.0195551544307921       -2.7249961282423848E-002
   6.0258320628295730       -1.6298933519267013E-002
   6.0321089712283538       -3.6982378136356468E-003
   6.0383858796271346        9.2782384786202817E-003
   6.0446627880259154        2.1299396710961257E-002
   6.0509396964246962        3.1113950088049749E-002
   6.0572166048234770        3.7682949722454021E-002
   6.0634935132222578        4.0293911123257094E-002
   6.0697704216210386        3.8643061834147570E-002
   6.0760473300198194        3.2878029848415313E-002
   6.0823242384186003        2.3598463735349597E-002
   6.0886011468173811        1.1790841856675381E-002
   6.0948780552161619       -1.2822146323670054E-003
   6.1011549636149427       -1.4216835892980667E-002
   6.1074318720137235       -2.5618375341660581E-002
   6.1137087804125043       -3.4252148132019891E-002
   6.1199856888112851       -3.9178090958722427E-002
   6.1262625972100659       -3.9854530750319944E-002
   6.1325395056088468       -3.6199492570160557E-002
   6.1388164140076276       -2.8602410885709854E-002
   6.1450933224064084       -1.7884475783795564E-002
   6.1513702308051892       -5.2114288557216339E-003
   6.1576471392039700        8.0321138357205748E-003
   6.1639240476027508        2.0393380321359282E-002
   6.1702009560015316        3.0510883160661428E-002
   6.1764778644003124        3.7265053983458030E-002
   6.1827547727990932        3.9903373805552034E-002
   6.1890316811978741        3.8125837670571879E-002
   6.1953085895966549        3.2120937652082314E-002
   6.2015854979954357        2.2547591151249914E-002
   6.2078624063942165        1.0464592913292256E-002
   6.2141393147929973       -2.7851876389410287E-003
   6.2204162231917781       -1.5723183461442334E-002
   6.2266931315905589       -2.6900020199672046E-002
   6.2329700399893397       -3.5058211984167122E-002
   6.2392469483881206       -3.9274908231856240E-002
   6.2455238567869014       -3.9067330153355555E-002
   6.2518007651856822       -3.4452205348988997E-002
   6.2580776735844630       -2.5956141917935334E-002
   6.2643545819832438       -1.4544081386369001E-002
   6.2706314903820246       -1.5023211905811627E-003
   6.2769083987808054        1.1707929583701794E-002
   6.2831853071795862        2.3614980593702983E-002
