   6.2769083987808056E-003  -1.9206839476490789E-016
   1.2553816797561611E-002   4.4188759837130851E-018
   1.8830725196342418E-002   6.5369578179874439E-017
   2.5107633595123222E-002  -3.5088999139762691E-016
   3.1384541993904030E-002   2.3785063637046004E-017
   3.7661450392684835E-002  -8.5550806817548929E-016
   4.3938358791465640E-002   3.8405436909409225E-016
   5.0215267190246445E-002  -1.1399706410899416E-015
   5.6492175589027249E-002   8.6734226072235283E-016
   6.2769083987808061E-002  -1.3479481107994700E-015
   6.9045992386588859E-002   1.2546355121716278E-015
   7.5322900785369670E-002  -1.8007387078770337E-015
   8.1599809184150468E-002   1.5923730719227251E-015
   8.7876717582931280E-002  -2.3943811245246252E-015
   9.4153625981712077E-002   1.8685864763706700E-015
  0.10043053438049289       -2.9531289530291905E-015
  0.10670744277927370        2.3530699891938427E-015
  0.11298435117805450       -3.1606268162972447E-015
  0.11926125957683531        3.2956784876277969E-015
  0.12553816797561612       -3.5048935500926330E-015
  0.13181507637439691        4.2684812442880641E-015
  0.13809198477317772       -3.4277515656148077E-015
  0.14436889317195853        5.7862918756416493E-015
  0.15064580157073934       -2.8147145636007141E-015
  0.15692270996952015        8.5837502390013966E-015
  0.16319961836830094       -3.4351749639469362E-016
  0.16947652676708175        1.4577675273795364E-014
  0.17575343516586256        8.0594733608302092E-015
  0.18203034356464337        3.2006652969003961E-014
  0.18830725196342415        3.6567237689831120E-014
  0.19458416036220497        8.3557349529124088E-014
  0.20086106876098578        1.2230124767517305E-013
  0.20713797715976659        2.3355672227339600E-013
  0.21341488555854740        3.7738347178124863E-013
  0.21969179395732819        6.7398815241875303E-013
  0.22596870235610900        1.1269832276576864E-012
  0.23224561075488981        1.9536040403490903E-012
  0.23852251915367062        3.2975829673939728E-012
  0.24479942755245140        5.6348081286153989E-012
  0.25107633595123224        9.5132190265080867E-012
  0.25735324435001306        1.6109739301700000E-011
  0.26363015274879381        2.7104213461399162E-011
  0.26990706114757462        4.5572689226251991E-011
  0.27618396954635543        7.6287456808921538E-011
  0.28246087794513625        1.2742621291029557E-010
  0.28873778634391706        2.1205857613485290E-010
  0.29501469474269787        3.5189497905772001E-010
  0.30129160314147868        5.8189167302781909E-010
  0.30756851154025949        9.5911846367105285E-010
  0.31384541993904030        1.5753115807014488E-009
  0.32012232833782106        2.5784389653421768E-009
  0.32639923673660187        4.2049996984074881E-009
  0.33267614513538268        6.8325961112212916E-009
  0.33895305353416350        1.1060178877256673E-008
  0.34522996193294431        1.7834862432380379E-008
  0.35150687033172512        2.8645957076259842E-008
  0.35778377873050593        4.5825714566784670E-008
  0.36406068712928674        7.3007057131892607E-008
  0.37033759552806755        1.1582223617266229E-007
  0.37661450392684831        1.8295650379891019E-007
  0.38289141232562912        2.8773401062183683E-007
  0.38916832072440993        4.5048254011172475E-007
  0.39544522912319074        7.0204350495754561E-007
  0.40172213752197156        1.0889384599618696E-006
  0.40799904592075237        1.6809276604621188E-006
  0.41427595431953318        2.5819777815406058E-006
  0.42055286271831399        3.9460621899393690E-006
  0.42682977111709480        5.9997302062165042E-006
  0.43310667951587556        9.0740825880706561E-006
  0.43938358791465637        1.3649661979221940E-005
  0.44566049631343718        2.0418897444386095E-005
  0.45193740471221799        3.0372100899015942E-005
  0.45821431311099881        4.4914672884859367E-005
  0.46449122150977962        6.6025054256038931E-005
  0.47076812990856043        9.6465063324509731E-005
  0.47704503830734124        1.4005637676522116E-004
  0.48332194670612205        2.0203888568453879E-004
  0.48959885510490281        2.8952802639727336E-004
  0.49587576350368362        4.1208847769399386E-004
  0.50215267190246449        5.8243996423904161E-004
  0.50842958030124530        8.1730638176775192E-004
  0.51470648870002611        1.1384106772911096E-003
  0.52098339709880681        1.5736034781787213E-003
  0.52726030549758762        2.1580916045751343E-003
  0.53353721389636843        2.9357018450287650E-003
  0.53981412229514925        3.9600743267284586E-003
  0.54609103069393006        5.2956281222326486E-003
  0.55236793909271087        7.0180801177198628E-003
  0.55864484749149168        9.2142297507202420E-003
  0.56492175589027249        1.1980652714825684E-002
  0.57119866428905330        1.5420885958510573E-002
  0.57747557268783412        1.9640648131696886E-002
  0.58375248108661493        2.4740643020291924E-002
  0.59002938948539574        3.0806561148608785E-002
  0.59630629788417655        3.7896052416711755E-002
  0.60258320628295736        4.6022715118991170E-002
  0.60886011468173817        5.5137553884901491E-002
  0.61513702308051899        6.5108908021216202E-002
  0.62141393147929980        7.5702529429305540E-002
  0.62769083987808061        8.6564251907241638E-002
  0.63396774827686131        9.7208459589668533E-002
  0.64024465667564212       0.10701620463419882     
  0.64652156507442293       0.11524717331381748     
  0.65279847347320374       0.12106955063191360     
  0.65907538187198456       0.12361097193027983     
  0.66535229027076537       0.12203198659191497     
  0.67162919866954618       0.11562068608680617     
  0.67790610706832699       0.10390339990754471     
  0.68418301546710780        8.6761883109816459E-002
  0.69045992386588861        6.4542711853304985E-002
  0.69673683226466943        3.8140456868060259E-002
  0.70301374066345024        9.0336505361933474E-003
  0.70929064906223105       -2.0747226545568653E-002
  0.71556755746101186       -4.8736433873013185E-002
  0.72184446585979267       -7.2242308388015541E-002
  0.72812137425857348       -8.8643777077441421E-002
  0.73439828265735430       -9.5751294223657413E-002
  0.74067519105613511       -9.2190492902307353E-002
  0.74695209945491581       -7.7749568417842585E-002
  0.75322900785369662       -5.3620252817154969E-002
  0.75950591625247743       -2.2461724969928973E-002
  0.76578282465125824        1.1769647809952329E-002
  0.77205973305003905        4.4250927422193664E-002
  0.77833664144881987        6.9963022096416222E-002
  0.78461354984760068        8.4524243930243728E-002
  0.79089045824638149        8.5055318253964118E-002
  0.79716736664516230        7.0904086139741557E-002
  0.80344427504394311        4.4047697091364149E-002
  0.80972118344272392        9.0208264427654259E-003
  0.81599809184150474       -2.7705575017930972E-002
  0.82227500024028555       -5.8856436962172534E-002
  0.82855190863906636       -7.7824911792281307E-002
  0.83482881703784717       -8.0194918843267057E-002
  0.84110572543662798       -6.4953691367112196E-002
  0.84738263383540879       -3.5044861500144235E-002
  0.85365954223418961        2.9791164097915704E-003
  0.85993645063297042        4.0248896801752983E-002
  0.86621335903175112        6.7608926022284216E-002
  0.87249026743053193        7.7942707144668180E-002
  0.87876717582931274        6.8194585220910778E-002
  0.88504408422809355        4.0485551552523202E-002
  0.89132099262687436        1.8963283568909132E-003
  0.89759790102565518       -3.7175166504818669E-002
  0.90387480942443599       -6.5759487931249166E-002
  0.91015171782321680       -7.5463368202286218E-002
  0.91642862622199761       -6.3105304149831037E-002
  0.92270553462077842       -3.1974267412852406E-002
  0.92898244301955923        8.8162105736671378E-003
  0.93525935141834005        4.6850795356540645E-002
  0.94153625981712086        7.0166403096092622E-002
  0.94781316821590167        7.1115252018934372E-002
  0.95409007661468248        4.9063848021028665E-002
  0.96036698501346329        1.0926393801955895E-002
  0.96664389341224410       -3.0817090057132915E-002
  0.97292080181102492       -6.2122131217549489E-002
  0.97919771020980562       -7.2148713252505561E-002
  0.98547461860858643       -5.7165963748874421E-002
  0.99175152700736724       -2.2139594191342510E-002
  0.99802843540614805        2.0720268910381409E-002
   1.0043053438049290        5.6108432763939675E-002
   1.0105822522037098        7.1101112784050319E-002
   1.0168591606024906        5.9995844842370846E-002
   1.0231360690012714        2.6660385410565018E-002
   1.0294129774000522       -1.6631970397239879E-002
   1.0356898857988328       -5.3613113834878989E-002
   1.0419667941976136       -7.0132750850437894E-002
   1.0482437025963944       -5.9674308663928047E-002
   1.0545206109951752       -2.6084637560234804E-002
   1.0607975193939561        1.7680497067448345E-002
   1.0670744277927369        5.4459970004146464E-002
   1.0733513361915177        6.9619298559095155E-002
   1.0796282445902985        5.6965491880657450E-002
   1.0859051529890793        2.1415482158712869E-002
   1.0921820613878601       -2.2782354402316896E-002
   1.0984589697866409       -5.7688851371285849E-002
   1.1047358781854217       -6.8969060202608651E-002
   1.1110127865842025       -5.1864432770040575E-002
   1.1172896949829834       -1.3315925519340778E-002
   1.1235666033817642        3.0752525848953327E-002
   1.1298435117805450        6.1968700101490581E-002
   1.1361204201793258        6.7196544500361000E-002
   1.1423973285781066        4.4140341259947584E-002
   1.1486742369768874        2.4428017462736762E-003
   1.1549511453756682       -4.0279343089311352E-002
   1.1612280537744490       -6.5858999483841926E-002
   1.1675049621732299       -6.3336071983791917E-002
   1.1737818705720107       -3.3717303638364990E-002
   1.1800587789707915        1.0358001243072687E-002
   1.1863356873695723        4.9971837206325850E-002
   1.1926125957683531        6.8046482657830545E-002
   1.1988895041671339        5.6739170970361949E-002
   1.2051664125659147        2.0892060329229776E-002
   1.2114433209646955       -2.4001690981594142E-002
   1.2177202293634763       -5.8477518663351526E-002
   1.2239971377622572       -6.7547785899201740E-002
   1.2302740461610380       -4.7242936372636928E-002
   1.2365509545598188       -6.3760393455054238E-003
   1.2428278629585996        3.7266078373115623E-002
   1.2491047713573804        6.4664418963773576E-002
   1.2553816797561612        6.3868099348682275E-002
   1.2616585881549420        3.5220062448414989E-002
   1.2679354965537226       -8.7866128609346578E-003
   1.2742124049525034       -4.8964060760689265E-002
   1.2804893133512842       -6.7807683467582439E-002
   1.2867662217500651       -5.7127140207501030E-002
   1.2930431301488459       -2.1594947521393362E-002
   1.2993200385476267        2.3323578349236814E-002
   1.3055969469464075        5.8129814225713339E-002
   1.3118738553451883        6.7768392733590643E-002
   1.3181507637439691        4.8122379082827488E-002
   1.3244276721427499        7.7254614909938891E-003
   1.3307045805415307       -3.6002392013733411E-002
   1.3369814889403115       -6.4308007351016258E-002
   1.3432583973390924       -6.5146661800224812E-002
   1.3495353057378732       -3.8255422468651899E-002
   1.3558122141366540        4.8622959111522153E-003
   1.3620891225354348        4.5943642058082948E-002
   1.3683660309342156        6.7744854721237965E-002
   1.3746429393329964        6.1250691155869168E-002
   1.3809198477317772        2.9304571788046872E-002
   1.3871967561305580       -1.4760675877677038E-002
   1.3934736645293389       -5.2787260029219178E-002
   1.3997505729281197       -6.9299957516439914E-002
   1.4060274813269005       -5.7738418911371450E-002
   1.4123043897256813       -2.2931198429466521E-002
   1.4185812981244621        2.1060305266680707E-002
   1.4248582065232429        5.6714100565451564E-002
   1.4311351149220237        7.0030064752904991E-002
   1.4374120233208045        5.5941033184674291E-002
   1.4436889317195853        2.0100638279505586E-002
   1.4499658401183662       -2.3516488197935503E-002
   1.4562427485171470       -5.8137456681113600E-002
   1.4625196569159278       -7.0629889937453463E-002
   1.4687965653147086       -5.6396423108149532E-002
   1.4750734737134894       -2.0942856318912406E-002
   1.4813503821122702        2.2356717633343719E-002
   1.4876272905110510        5.7355569920412922E-002
   1.4939041989098316        7.1137454364775143E-002
   1.5001811073086124        5.8713024126648569E-002
   1.5064580157073932        2.4739834914618924E-002
   1.5127349241061741       -1.8287427364702437E-002
   1.5190118325049549       -5.4655725678984163E-002
   1.5252887409037357       -7.1155055900647204E-002
   1.5315656493025165       -6.1836128347408335E-002
   1.5378425577012973       -3.0114090740872724E-002
   1.5441194661000781        1.2506984112827593E-002
   1.5503963744988589        5.0606998336950017E-002
   1.5566732828976397        7.0413502264930691E-002
   1.5629501912964205        6.4763218147495444E-002
   1.5692270996952014        3.5687486371905122E-002
   1.5755040080939822       -6.3064552755779709E-003
   1.5817809164927630       -4.6010182447414089E-002
   1.5880578248915438       -6.9002771843293273E-002
   1.5943347332903246       -6.6887233075825933E-002
   1.6006116416891054       -4.0380395403891753E-002
   1.6068885500878862        8.8580266066635852E-004
   1.6131654584866670        4.1818644564345545E-002
   1.6194423668854478        6.7357642349596319E-002
   1.6257192752842287        6.8023665827256691E-002
   1.6319961836830095        4.3482711276129606E-002
   1.6382730920817903        2.7713867590653651E-003
   1.6445500004805711       -3.8963346240119698E-002
   1.6508269088793519       -6.6063886835834182E-002
   1.6571038172781327       -6.8250343129574495E-002
   1.6633807256769135       -4.4583225332606849E-002
   1.6696576340756943       -3.9528754862823414E-003
   1.6759345424744752        3.8175202753488693E-002
   1.6822114508732560        6.5604885109076264E-002
   1.6884883592720368        6.7656526532467620E-002
   1.6947652676708176        4.3403836705075992E-002
   1.7010421760695984        2.1928429237722600E-003
   1.7073190844683792       -3.9863535923141423E-002
   1.7135959928671600       -6.6143351265144312E-002
   1.7198729012659408       -6.6116107228035070E-002
   1.7261498096647214       -3.9655316391039419E-002
   1.7324267180635022        2.7378511211760448E-003
   1.7387036264622830        4.4006787665417380E-002
   1.7449805348610639        6.7370352273788944E-002
   1.7512574432598447        6.3191057474808507E-002
   1.7575343516586255        3.3051551529825404E-002
   1.7638112600574063       -1.0725412751193828E-002
   1.7700881684561871       -5.0034559204868385E-002
   1.7763650768549679       -6.8463132899870785E-002
   1.7826419852537487       -5.8200787311982929E-002
   1.7889188936525295       -2.3448648381461986E-002
   1.7951958020513104        2.1202232112753377E-002
   1.8014727104500912        5.6843355986301497E-002
   1.8077496188488720        6.8265222243147197E-002
   1.8140265272476528        5.0509663825291456E-002
   1.8203034356464336        1.1103486041391450E-002
   1.8265803440452144       -3.3068238920913970E-002
   1.8328572524439952       -6.2976431647726511E-002
   1.8391341608427760       -6.5669197803183088E-002
   1.8454110692415568       -3.9930256365971695E-002
   1.8516879776403377        3.1234452989026972E-003
   1.8579648860391185        4.4815754452271615E-002
   1.8642417944378993        6.7014189665218979E-002
   1.8705187028366801        6.0038135007925403E-002
   1.8767956112354609        2.6906897666986347E-002
   1.8830725196342417       -1.7951189762196951E-002
   1.8893494280330225       -5.4982278192562288E-002
   1.8956263364318033       -6.8041085139782492E-002
   1.9019032448305841       -5.1439356466426181E-002
   1.9081801532293650       -1.2422148191806884E-002
   1.9144570616281458        3.2007008060260071E-002
   1.9207339700269266        6.2512377931384783E-002
   1.9270108784257074        6.5847553435522177E-002
   1.9332877868244882        4.0595403705534924E-002
   1.9395646952232690       -2.2592996643846109E-003
   1.9458416036220498       -4.4142001139271317E-002
   1.9521185120208304       -6.6959372053186403E-002
   1.9583954204196112       -6.0908399371196027E-002
   1.9646723288183920       -2.8651132300003230E-002
   1.9709492372171729        1.5909705599286873E-002
   1.9772261456159537        5.3669789724419235E-002
   1.9835030540147345        6.8529860108348994E-002
   1.9897799624135153        5.4231981896950499E-002
   1.9960568708122961        1.6929366488688098E-002
   2.0023337792110771       -2.7538537066720808E-002
   2.0086106876098579       -6.0426579203789160E-002
   2.0148875960086388       -6.7989839924296150E-002
   2.0211645044074196       -4.7172920893808652E-002
   2.0274414128062004       -6.7467299683835243E-003
   2.0337183212049812        3.6484811215333687E-002
   2.0399952296037620        6.4726445237710026E-002
   2.0462721380025428        6.6502460416435538E-002
   2.0525490464013236        4.1233424814693158E-002
   2.0588259548001044       -7.1363503358205631E-004
   2.0651028631988853       -4.2394858296472313E-002
   2.0713797715976656       -6.7189578051800522E-002
   2.0776566799964464       -6.5393607184470223E-002
   2.0839335883952272       -3.7899232207024652E-002
   2.0902104967940081        4.3863233989338852E-003
   2.0964874051927889        4.5001544312712700E-002
   2.1027643135915697        6.8394149296283666E-002
   2.1090412219903505        6.5825053580471860E-002
   2.1153181303891313        3.8488911228830268E-002
   2.1215950387879121       -3.2044434011016267E-003
   2.1278719471866929       -4.3745636260896122E-002
   2.1341488555854737       -6.8357386157252689E-002
   2.1404257639842545       -6.8325389806932299E-002
   2.1467026723830354       -4.3925520871850372E-002
   2.1529795807818162       -4.0272431895082969E-003
   2.1592564891805970        3.7304609562122740E-002
   2.1655333975793778        6.5852563423446697E-002
   2.1718103059781586        7.2097886380943180E-002
   2.1780872143769394        5.4240628853271980E-002
   2.1843641227757202        1.8489211451995131E-002
   2.1906410311745010       -2.3298389472264952E-002
   2.1969179395732819       -5.7672936624571541E-002
   2.2031948479720627       -7.3927260781997128E-002
   2.2094717563708435       -6.7310848725283090E-002
   2.2157486647696243       -4.0205033349158405E-002
   2.2220255731684051       -1.0543200258673045E-003
   2.2283024815671859        3.8444602489232781E-002
   2.2345793899659667        6.6917056180487405E-002
   2.2408562983647475        7.6538460292450608E-002
   2.2471332067635283        6.5020510396743392E-002
   2.2534101151623092        3.5909576789535561E-002
   2.2596870235610900       -2.7250160009701842E-003
   2.2659639319598708       -4.0698885118837957E-002
   2.2722408403586516       -6.8465223031823286E-002
   2.2785177487574324       -7.9459623490137590E-002
   2.2847946571562132       -7.1484976114772239E-002
   2.2910715655549940       -4.6901262913419818E-002
   2.2973484739537748       -1.1716063958710251E-002
   2.3036253823525557        2.6071998936711780E-002
   2.3099022907513365        5.8395948715580265E-002
   2.3161791991501173        7.8837482474432660E-002
   2.3224561075488981        8.3786495203504216E-002
   2.3287330159476789        7.2873732707430125E-002
   2.3350099243464597        4.8696557962964286E-002
   2.3412868327452405        1.6006424096769924E-002
   2.3475637411440213       -1.9391255920294351E-002
   2.3538406495428021       -5.1762768264598982E-002
   2.3601175579415830       -7.6381438300099080E-002
   2.3663944663403638       -9.0137458558316633E-002
   2.3726713747391446       -9.1776869225280958E-002
   2.3789482831379254       -8.1802491148702444E-002
   2.3852251915367062       -6.2123008420793269E-002
   2.3915020999354870       -3.5560695957998829E-002
   2.3977790083342678       -5.3263206624500929E-003
   2.4040559167330486        2.5451104071122315E-002
   2.4103328251318294        5.4082719808746633E-002
   2.4166097335306103        7.8541557030991832E-002
   2.4228866419293911        9.7550258567919976E-002
   2.4291635503281719       0.11055678380084009     
   2.4354404587269527       0.11763040061837102     
   2.4417173671257335       0.11931254806115439     
   2.4479942755245143       0.11645372059766171     
   2.4542711839232951       0.11006061705475080     
   2.4605480923220759       0.10116840713252034     
   2.4668250007208568        9.0745120234059937E-002
   2.4731019091196376        7.9629219384789673E-002
   2.4793788175184184        6.8497124235149032E-002
   2.4856557259171992        5.7854972814390580E-002
   2.4919326343159800        4.8047975600454887E-002
   2.4982095427147608        3.9280919117292139E-002
   2.5044864511135416        3.1644283549321764E-002
   2.5107633595123224        2.5141689988006154E-002
   2.5170402679111032        1.9715700930156087E-002
   2.5233171763098841        1.5270184202857064E-002
   2.5295940847086644        1.1688411946410600E-002
   2.5358709931074452        8.8467738933019364E-003
   2.5421479015062260        6.6244468276115253E-003
   2.5484248099050069        4.9096206511838403E-003
   2.5547017183037877        3.6029819701756801E-003
   2.5609786267025685        2.6191493172629380E-003
   2.5672555351013493        1.8866805160899038E-003
   2.5735324435001301        1.3471673264224561E-003
   2.5798093518989109        9.5381768257024743E-004
   2.5860862602976917        6.6981819762533957E-004
   2.5923631686964725        4.6667630716170765E-004
   2.5986400770952534        3.2266695035919357E-004
   2.6049169854940342        2.2145202811515389E-004
   2.6111938938928150        1.5090104982245906E-004
   2.6174708022915958        1.0211468001464321E-004
   2.6237477106903766        6.8637071011679867E-005
   2.6300246190891574        4.5834343291806611E-005
   2.6363015274879382        3.0413629847729915E-005
   2.6425784358867190        2.0057190511968907E-005
   2.6488553442854998        1.3148403248071436E-005
   2.6551322526842807        8.5693973452924708E-006
   2.6614091610830615        5.5535746407330858E-006
   2.6676860694818423        3.5793797646055484E-006
   2.6739629778806231        2.2946773848005968E-006
   2.6802398862794039        1.4634471158903487E-006
   2.6865167946781847        9.2861530702365258E-007
   2.6927937030769655        5.8634911282742621E-007
   2.6990706114757463        3.6846584621602181E-007
   2.7053475198745272        2.3046877298830983E-007
   2.7116244282733080        1.4350213862180920E-007
   2.7179013366720888        8.8957628386646144E-008
   2.7241782450708696        5.4909305751456463E-008
   2.7304551534696504        3.3750749942897924E-008
   2.7367320618684312        2.0661612602002765E-008
   2.7430089702672120        1.2598067126504516E-008
   2.7492858786659928        7.6524135160238028E-009
   2.7555627870647736        4.6303503852265278E-009
   2.7618396954635545        2.7920267817700834E-009
   2.7681166038623353        1.6770972429839703E-009
   2.7743935122611161        1.0043692080525159E-009
   2.7806704206598969        5.9902953517004605E-010
   2.7869473290586777        3.5653433740820797E-010
   2.7932242374574585        2.1112075048154999E-010
   2.7995011458562393        1.2502458358221962E-010
   2.8057780542550201        7.3434332783646270E-011
   2.8120549626538009        4.3375719171775667E-011
   2.8183318710525818        2.5190512092628426E-011
   2.8246087794513626        1.4933548417555002E-011
   2.8308856878501434        8.4928984009842583E-012
   2.8371625962489242        5.1389201996179611E-012
   2.8434395046477050        2.7820391723861477E-012
   2.8497164130464858        1.8001164078950178E-012
   2.8559933214452666        8.5333564408635725E-013
   2.8622702298440474        6.7202943658694224E-013
   2.8685471382428283        2.1094153917530419E-013
   2.8748240466416091        2.9167644406540137E-013
   2.8811009550403899        7.1536606433687992E-016
   2.8873778634391707        1.6212847893660496E-013
   2.8936547718379515       -6.5184989994800741E-014
   2.8999316802367323        1.1656504214353522E-013
   2.9062085886355131       -8.3342925342976222E-014
   2.9124854970342939        9.8752868714653350E-014
   2.9187624054330747       -8.6634707319021229E-014
   2.9250393138318556        8.9734222716013245E-014
   2.9313162222306364       -8.4989748306587844E-014
   2.9375931306294172        8.4619829239070150E-014
   2.9438700390281980       -8.1686113045954154E-014
   2.9501469474269788        8.0484943979244143E-014
   2.9564238558257596       -7.8608323666531258E-014
   2.9627007642245404        7.6650249700676814E-014
   2.9689776726233212       -7.5265579700988198E-014
   2.9752545810221021        7.3282693015755438E-014
   2.9815314894208829       -7.2310866765910977E-014
   2.9878083978196632        7.0540645026231732E-014
   2.9940853062184440       -6.9262130185033606E-014
   3.0003622146172249        6.7729638030190964E-014
   3.0066391230160057       -6.6244359637028892E-014
   3.0129160314147865        6.5479914563634066E-014
   3.0191929398135673       -6.3570722494667143E-014
   3.0254698482123481        6.2684771343863569E-014
   3.0317467566111289       -6.1472576172273974E-014
   3.0380236650099097        6.0125227737357072E-014
   3.0443005734086905       -5.9355992134306915E-014
   3.0505774818074713        5.7793129414742482E-014
   3.0568543902062522       -5.7218251982555970E-014
   3.0631312986050330        5.5752256725708652E-014
   3.0694082070038138       -5.5418728918367235E-014
   3.0756851154025946        5.3551634563269966E-014
   3.0819620238013754       -5.3515586811339460E-014
   3.0882389322001562        5.1713520176651186E-014
   3.0945158405989370       -5.1605630880853975E-014
   3.1007927489977178        5.0473677931755573E-014
   3.1070696573964987       -4.9136826571736884E-014
   3.1133465657952795        4.9531884894368218E-014
   3.1196234741940603       -4.7106488870790865E-014
   3.1259003825928411        4.7590420384463797E-014
   3.1321772909916219       -4.6322836276074173E-014
   3.1384541993904027        4.5498004714865867E-014
   3.1447311077891835       -4.5051913074502823E-014
   3.1510080161879643        4.4156014050061147E-014
   3.1572849245867451       -4.3303922448273898E-014
   3.1635618329855260        4.3180534081444881E-014
   3.1698387413843068       -4.1605430238736562E-014
   3.1761156497830876        4.2554053456627504E-014
   3.1823925581818684       -3.9938056590637831E-014
   3.1886694665806492        4.0912799406939723E-014
   3.1949463749794300       -3.9667962531184171E-014
   3.2012232833782108        3.9081876718856214E-014
   3.2075001917769916       -3.8370722572197166E-014
   3.2137771001757724        3.8385291630565119E-014
   3.2200540085745533       -3.7370709593748758E-014
   3.2263309169733341        3.6979503431579697E-014
   3.2326078253721149       -3.6619653520257918E-014
   3.2388847337708957        3.5668750258634673E-014
   3.2451616421696765       -3.5597791355430477E-014
   3.2514385505684573        3.4642081775978506E-014
   3.2577154589672381       -3.4950518227029865E-014
   3.2639923673660189        3.3757436601975876E-014
   3.2702692757647998       -3.3331679361129417E-014
   3.2765461841635806        3.3510024588909678E-014
   3.2828230925623614       -3.2037155866193403E-014
   3.2891000009611422        3.2734804225864051E-014
   3.2953769093599230       -3.1228456344563270E-014
   3.3016538177587038        3.2016262423504530E-014
   3.3079307261574846       -3.0243429552327653E-014
   3.3142076345562654        3.1344691253477963E-014
   3.3204845429550462       -2.9267462282984930E-014
   3.3267614513538271        3.0652638736491969E-014
   3.3330383597526079       -2.8859754662060612E-014
   3.3393152681513887        2.9285073251148388E-014
   3.3455921765501695       -2.8728990440403272E-014
   3.3518690849489503        2.8291511649461772E-014
   3.3581459933477311       -2.7676898376669727E-014
   3.3644229017465119        2.8106351118393507E-014
   3.3706998101452927       -2.6675005516699327E-014
   3.3769767185440736        2.7823615057405409E-014
   3.3832536269428544       -2.5658047731193879E-014
   3.3895305353416352        2.7006611561045352E-014
   3.3958074437404160       -2.5584573537835577E-014
   3.4020843521391968        2.5843291724573854E-014
   3.4083612605379776       -2.5929514021787147E-014
   3.4146381689367584        2.4574377443405901E-014
   3.4209150773355392       -2.5550742857106945E-014
   3.4271919857343200        2.4182158111922305E-014
   3.4334688941331009       -2.4596989619448365E-014
   3.4397458025318817        2.3203147190696269E-014
   3.4460227109306620       -2.4830940260273575E-014
   3.4522996193294428        2.2159054274337307E-014
   3.4585765277282237       -2.5119329455748736E-014
   3.4648534361270045        1.9396199213416594E-014
   3.4711303445257853       -2.8885290271372108E-014
   3.4774072529245661        1.2050500500463274E-014
   3.4836841613233469       -3.9578835506827792E-014
   3.4899610697221277       -6.7673866191872330E-015
   3.4962379781209085       -6.8242077884598623E-014
   3.5025148865196893       -5.2728952149237494E-014
   3.5087917949184702       -1.3928586517113739E-013
   3.5150687033172510       -1.6606103560234993E-013
   3.5213456117160318       -3.1520597242866497E-013
   3.5276225201148126       -4.4103616943383877E-013
   3.5338994285135934       -7.4113569238732288E-013
   3.5401763369123742       -1.0999989631323347E-012
   3.5464532453111550       -1.7528397501622501E-012
   3.5527301537099358       -2.6479532465395138E-012
   3.5590070621087166       -4.1063259509987620E-012
   3.5652839705074975       -6.2102824707253433E-012
   3.5715608789062783       -9.4657084096159083E-012
   3.5778377873050591       -1.4229621114026401E-011
   3.5841146957038399       -2.1393232411620034E-011
   3.5903916041026207       -3.1865968483836514E-011
   3.5966685125014015       -4.7308009604459541E-011
   3.6029454209001823       -6.9706505596526058E-011
   3.6092223292989631       -1.0220153436867904E-010
   3.6154992376977440       -1.4881018195594756E-010
   3.6217761460965248       -2.1540769906571426E-010
   3.6280530544953056       -3.0967361490850380E-010
   3.6343299628940864       -4.4231666976568665E-010
   3.6406068712928672       -6.2732866630583683E-010
   3.6468837796916480       -8.8353450933875200E-010
   3.6531606880904288       -1.2352212747705581E-009
   3.6594375964892096       -1.7140461723812032E-009
   3.6657145048879904       -2.3600114956151400E-009
   3.6719914132867713       -3.2236055210720105E-009
   3.6782683216855521       -4.3668679371171206E-009
   3.6845452300843329       -5.8653240438147022E-009
   3.6908221384831137       -7.8084547711816947E-009
   3.6970990468818945       -1.0300457480504847E-008
   3.7033759552806753       -1.3458825584420535E-008
   3.7096528636794561       -1.7412288274670481E-008
   3.7159297720782369       -2.2295524004933170E-008
   3.7222066804770177       -2.8242067785365799E-008
   3.7284835888757986       -3.5372870249035905E-008
   3.7347604972745794       -4.3782073739725719E-008
   3.7410374056733602       -5.3517919330816222E-008
   3.7473143140721410       -6.4561009825540860E-008
   3.7535912224709218       -7.6798922869975635E-008
   3.7598681308697026       -9.0000769926068449E-008
   3.7661450392684834       -1.0379244831247754E-007
   3.7724219476672642       -1.1763806676088479E-007
   3.7786988560660451       -1.3083025407522111E-007
   3.7849757644648259       -1.4249638445834427E-007
   3.7912526728636067       -1.5162428377440713E-007
   3.7975295812623875       -1.5711397291810411E-007
   3.8038064896611683       -1.5785677918089217E-007
   3.8100833980599491       -1.5284378544137400E-007
   3.8163603064587299       -1.4129790062175716E-007
   3.8226372148575107       -1.2282197420969507E-007
   3.8289141232562915       -9.7545959456147441E-008
   3.8351910316550724       -6.6253737078503759E-008
   3.8414679400538532       -3.0462350425318084E-008
   3.8477448484526340        7.5719246541558678E-009
   3.8540217568514148        4.4946995587892211E-008
   3.8602986652501956        7.8322765493838049E-008
   3.8665755736489764        1.0424729138161070E-007
   3.8728524820477572        1.1958209575118825E-007
   3.8791293904465380        1.2198703137900058E-007
   3.8854062988453189        1.1039810497454755E-007
   3.8916832072440997        8.5415872279684391E-008
   3.8979601156428805        4.9510769963012624E-008
   3.9042370240416608        6.9626740734928297E-009
   3.9105139324404417       -3.6523002869932267E-008
   3.9167908408392225       -7.4526882679656469E-008
   3.9230677492380033       -1.0089495631776958E-007
   3.9293446576367841       -1.1084971261439511E-007
   3.9356215660355649       -1.0203682258218098E-007
   3.9418984744343457       -7.5273680775946733E-008
   3.9481753828331265       -3.4780598689277504E-008
   3.9544522912319073        1.2259002215663070E-008
   3.9607291996306881        5.6836475149577015E-008
   3.9670061080294690        8.9822130340034591E-008
   3.9732830164282498        1.0393468934414771E-007
   3.9795599248270306        9.5550793558201591E-008
   3.9858368332258114        6.5884329986185940E-008
   3.9921137416245922        2.1143309546228653E-008
   3.9983906500233730       -2.8531452110001606E-008
   4.0046675584221543       -7.1244819261847853E-008
   4.0109444668209351       -9.6221102151067186E-008
   4.0172213752197159       -9.6685740063955864E-008
   4.0234982836184967       -7.1960429745641236E-008
   4.0297751920172775       -2.8083287598884305E-008
   4.0360521004160583        2.3397805839358871E-008
   4.0423290088148391        6.8317556109920730E-008
   4.0486059172136200        9.3798788754814039E-008
   4.0548828256124008        9.2103321718787091E-008
   4.0611597340111816        6.3242351352598303E-008
   4.0674366424099624        1.5413405549233230E-008
   4.0737135508087432       -3.7081834372489509E-008
   4.0799904592075240       -7.8001156935856523E-008
   4.0862673676063048       -9.4238220143768626E-008
   4.0925442760050856       -8.0214796823136012E-008
   4.0988211844038664       -4.0066276484686551E-008
   4.1050980928026473        1.3294952703809680E-008
   4.1113750012014281        6.2153695700914967E-008
   4.1176519096002089        8.9848079648112335E-008
   4.1239288179989897        8.6582357497564516E-008
   4.1302057263977705        5.3128934655996204E-008
   4.1364826347965504        9.5008824241645554E-010
   4.1427595431953312       -5.1529316734259291E-008
   4.1490364515941121       -8.5364526692722521E-008
   4.1553133599928929       -8.8018415855784741E-008
   4.1615902683916737       -5.8209816564288013E-008
   4.1678671767904545       -6.7386863330417255E-009
   4.1741440851892353        4.7233474424372224E-008
   4.1804209935880161        8.3245274146430837E-008
   4.1866979019867969        8.7361220405814902E-008
   4.1929748103855777        5.7740931095587485E-008
   4.1992517187843585        5.6599090751088994E-009
   4.2055286271831394       -4.8613139219460481E-008
   4.2118055355819202       -8.3644530481292480E-008
   4.2180824439807010       -8.5364887332192198E-008
   4.2243593523794818       -5.2876177130149402E-008
   4.2306362607782626        9.2324607028097729E-010
   4.2369131691770434        5.4324062285127268E-008
   4.2431900775758242        8.5529568891759642E-008
   4.2494669859746050        8.1620323119017783E-008
   4.2557438943733858        4.4039925634672267E-008
   4.2620208027721667       -1.1785212236882687E-008
   4.2682977111709475       -6.2682258501322446E-008
   4.2745746195697283       -8.7339952598529651E-008
   4.2808515279685091       -7.5301332504021986E-008
   4.2871284363672899       -3.1512296766721690E-008
   4.2934053447660707        2.5601385494206097E-008
   4.2996822531648515        7.1828874140581443E-008
   4.3059591615636323        8.7447337289024880E-008
   4.3122360699624132        6.5702167322543355E-008
   4.3185129783611940        1.5815615117049280E-008
   4.3247898867599748       -4.0853590583801681E-008
   4.3310667951587556       -7.9928098849343585E-008
   4.3373437035575364       -8.4520741925350838E-008
   4.3436206119563172       -5.2587009237230978E-008
   4.3498975203550980        2.1068554906738353E-009
   4.3561744287538788        5.5881050566486574E-008
   4.3624513371526596        8.5390129864865681E-008
   4.3687282455514405        7.7782651615302713E-008
   4.3750051539502213        3.6334191791398147E-008
   4.3812820623490021       -2.0933200711045438E-008
   4.3875589707477829       -6.9076817840610719E-008
   4.3938358791465637       -8.7105993506629478E-008
   4.4001127875453445       -6.7151937069125089E-008
   4.4063896959441253       -1.7913781824658768E-008
   4.4126666043429061        3.9136224476297088E-008
   4.4189435127416870        7.9130513161093652E-008
   4.4252204211404678        8.4657884695364411E-008
   4.4314973295392486        5.3339900553471108E-008
   4.4377742379380294       -1.1709508664189456E-009
   4.4440511463368102       -5.5180032821223329E-008
   4.4503280547355910       -8.5279110805848175E-008
   4.4566049631343718       -7.8490011765628472E-008
   4.4628818715331526       -3.7818876170715417E-008
   4.4691587799319334        1.9144572046040330E-008
   4.4754356883307143        6.7902190708775487E-008
   4.4817125967294951        8.7612393947632695E-008
   4.4879895051282759        6.9964606442141780E-008
   4.4942664135270567        2.2589465194044036E-008
   4.5005433219258375       -3.4357666427555552E-008
   4.5068202303246183       -7.6860446593808151E-008
   4.5130971387233991       -8.7181974289384390E-008
   4.5193740471221799       -6.1182169663019648E-008
   4.5256509555209607       -9.8236945120585987E-009
   4.5319278639197416        4.5604241476627626E-008
   4.5382047723185224        8.2396434859539208E-008
   4.5444816807173032        8.5706271666893038E-008
   4.5507585891160840        5.4403435908849124E-008
   4.5570354975148648        1.2621550711384142E-009
   4.5633124059136456       -5.2409062671978941E-008
   4.5695893143124264       -8.5375963350495677E-008
   4.5758662227112072       -8.4823540768641601E-008
   4.5821431311099881       -5.1184601121162954E-008
   4.5884200395087689        2.2975179278197271E-009
   4.5946969479075497        5.4921297959725345E-008
   4.6009738563063305        8.6581478715382944E-008
   4.6072507647051113        8.5383442951689724E-008
   4.6135276731038921        5.1969621187692664E-008
   4.6198045815026729       -9.4912516811705548E-010
   4.6260814899014537       -5.3533389987093540E-008
   4.6323583983002345       -8.6273394364546219E-008
   4.6386353066990154       -8.7166322828517023E-008
   4.6449122150977962       -5.6010031852912669E-008
   4.6511891234965770       -4.3302152045611290E-009
   4.6574660318953578        4.8940947715953812E-008
   4.6637429402941386        8.4402910253413791E-008
   4.6700198486929194        8.9212013051421027E-008
   4.6762967570917002        6.1677091951881004E-008
   4.6825736654904810        1.1809776964589612E-008
   4.6888505738892619       -4.2331594463161475E-008
   4.6951274822880427       -8.1170203192605737E-008
   4.7014043906868235       -9.0666469597020221E-008
   4.7076812990856043       -6.7377211612068555E-008
   4.7139582074843851       -1.9708269404769335E-008
   4.7202351158831659        3.5096059533898513E-008
   4.7265120242819467        7.7161998516780180E-008
   4.7327889326807275        9.1178115977719534E-008
   4.7390658410795083        7.1982171339409623E-008
   4.7453427494782892        2.6506409967158671E-008
   4.7516196578770700       -2.8665850841701548E-008
   4.7578965662758508       -7.3297660709839216E-008
   4.7641734746746316       -9.0907406053624198E-008
   4.7704503830734124       -7.4890125175146489E-008
   4.7767272914721932       -3.1071447209449947E-008
   4.7830041998709740        2.4318440107208008E-008
   4.7892811082697548        7.0586243150992916E-008
   4.7955580166685357        9.0290993495474939E-008
   4.8018349250673165        7.5869861372265292E-008
   4.8081118334660973        3.2644100336938486E-008
   4.8143887418648781       -2.3024363289919051E-008
   4.8206656502636589       -6.9840113403325625E-008
   4.8269425586624397       -8.9705334804497747E-008
   4.8332194670612205       -7.4782300283065140E-008
   4.8394963754600013       -3.0711176849572636E-008
   4.8457732838587821        2.5381717758924012E-008
   4.8520501922575630        7.1445718139351213E-008
   4.8583271006563438        8.9166380749555914E-008
   4.8646040090551246        7.1330505657164235E-008
   4.8708809174539054        2.4903724086313426E-008
   4.8771578258526862       -3.1544280630060526E-008
   4.8834347342514670       -7.5181477613578147E-008
   4.8897116426502478       -8.8157376388156052E-008
   4.8959885510490286       -6.5003636954337907E-008
   4.9022654594478094       -1.5083220880659077E-008
   4.9085423678465903        4.1062686924900555E-008
   4.9148192762453711        8.0104032436053088E-008
   4.9210961846441519        8.5646672947758268E-008
   4.9273730930429327        5.5222775784309359E-008
   4.9336500014417135        1.5191528111661021E-009
   4.9399269098404943       -5.2811071536544314E-008
   4.9462038182392751       -8.4674703522782425E-008
   4.9524807266380559       -8.0403610720053680E-008
   4.9587576350368368       -4.1715749074912670E-008
   4.9650345434356176        1.4874377024780977E-008
   4.9713114518343984        6.5048940484958850E-008
   4.9775883602331792        8.7139925166249133E-008
   4.9838652686319600        7.1537278115098215E-008
   4.9901421770307408        2.4936688538688880E-008
   4.9964190854295216       -3.2482024981306430E-008
   5.0026959938283024       -7.5777068612352741E-008
   5.0089729022270832       -8.6096294702191385E-008
   5.0152498106258641       -5.8919981151905974E-008
   5.0215267190246449       -6.0691173017388914E-009
   5.0278036274234257        4.9426396012559317E-008
   5.0340805358222065        8.3371484283444562E-008
   5.0403574442209873        8.0969035743804364E-008
   5.0466343526197681        4.3276123439081517E-008
   5.0529112610185480       -1.3271055212537588E-008
   5.0591881694173289       -6.4044898407669085E-008
   5.0654650778161097       -8.6968860147924442E-008
   5.0717419862148905       -7.2113543163093881E-008
   5.0780188946136713       -2.5969934077676136E-008
   5.0842958030124521        3.1429710039578267E-008
   5.0905727114112329        7.5245759783768278E-008
   5.0968496198100137        8.6590334352038782E-008
   5.1031265282087945        6.0640261850179820E-008
   5.1094034366075753        8.6261898820148104E-009
   5.1156803450063562       -4.7096391424039175E-008
   5.1219572534051370       -8.2699235525699084E-008
   5.1282341618039178       -8.3064115339237174E-008
   5.1345110702026986       -4.8140245439065241E-008
   5.1407879786014794        7.1748550312534642E-009
   5.1470648870002602        5.9480043455080889E-008
   5.1533417953990410        8.6811348704691430E-008
   5.1596187037978218        7.7831676512942448E-008
   5.1658956121966026        3.6431477263014662E-008
   5.1721725205953835       -2.0085963220350576E-008
   5.1784494289941643       -6.8341893594205550E-008
   5.1847263373929451       -8.8582906293251194E-008
   5.1910032457917259       -7.2700284733625328E-008
   5.1972801541905067       -2.7333703083522220E-008
   5.2035570625892875        2.9067367345421901E-008
   5.2098339709880683        7.3863881375299967E-008
   5.2161108793868491        8.9330213507950781E-008
   5.2223877877856300        6.9566496644572328E-008
   5.2286646961844108        2.2561448757014014E-008
   5.2349416045831916       -3.3231038573612506E-008
   5.2412185129819724       -7.6265026554200518E-008
   5.2474954213807532       -9.0226862318380872E-008
   5.2537723297795340       -7.0089004734590066E-008
   5.2600492381783148       -2.3696460857853532E-008
   5.2663261465770956        3.1511335875795401E-008
   5.2726030549758764        7.5200799802229747E-008
   5.2788799633746573        9.1638821602356684E-008
   5.2851568717734381        7.5215987955590605E-008
   5.2914337801722189        3.2113753091001299E-008
   5.2977106885709997       -2.2270002134373314E-008
   5.3039875969697805       -6.8995964446264251E-008
   5.3102645053685613       -9.2210211871169602E-008
   5.3165414137673421       -8.4395026311758891E-008
   5.3228183221661229       -4.8553146040497411E-008
   5.3290952305649038        3.2067618921091722E-009
   5.3353721389636846        5.3979453212566874E-008
   5.3416490473624654        8.7671782192497074E-008
   5.3479259557612462        9.4026990214658625E-008
   5.3542028641600270        7.1526324183542999E-008
   5.3604797725588078        2.7429354149637172E-008
   5.3667566809575886       -2.4835576279999918E-008
   5.3730335893563694       -6.9934023841453780E-008
   5.3793104977551502       -9.5146335375056231E-008
   5.3855874061539311       -9.3815281362657696E-008
   5.3918643145527119       -6.6836512280189428E-008
   5.3981412229514927       -2.1958349747736505E-008
   5.4044181313502735        2.8705836604422203E-008
   5.4106950397490543        7.2105979011043934E-008
   5.4169719481478351        9.7625443913845842E-008
   5.4232488565466159        9.9531786987316385E-008
   5.4295257649453967        7.7994157401928797E-008
   5.4358026733441775        3.8583764513510244E-008
   5.4420795817429584       -9.4384438047669301E-009
   5.4483564901417392       -5.5491517682564745E-008
   5.4546333985405200       -9.0071299154630483E-008
   5.4609103069393008       -1.0663329981595165E-007
   5.4671872153380816       -1.0262247795403585E-007
   5.4734641237368624       -7.9557783166169134E-008
   5.4797410321356432       -4.2301223101512972E-008
   5.4860179405344240        2.2086274348817635E-009
   5.4922948489332049        4.6420107057234313E-008
   5.4985717573319857        8.3515549921336051E-008
   5.5048486657307665        1.0841410669367151E-007
   5.5111255741295473        1.1831508073419615E-007
   5.5174024825283281        1.1277709810659543E-007
   5.5236793909271089        9.3413616816524596E-008
   5.5299562993258897        6.3335380244425657E-008
   5.5362332077246705        2.6483449333032259E-008
   5.5425101161234513       -1.3019192388117988E-008
   5.5487870245222322       -5.1404240949623221E-008
   5.5550639329210130       -8.5630696551066126E-008
   5.5613408413197938       -1.1358062027380135E-007
   5.5676177497185746       -1.3409505902580495E-007
   5.5738946581173554       -1.4688645449240610E-007
   5.5801715665161362       -1.5237127160840861E-007
   5.5864484749149170       -1.5146578820650000E-007
   5.5927253833136978       -1.4538076851763372E-007
   5.5990022917124787       -1.3544035971566320E-007
   5.6052792001112595       -1.2293857041948721E-007
   5.6115561085100403       -1.0903845274910437E-007
   5.6178330169088211       -9.4712112272161020E-008
   5.6241099253076019       -8.0715742293896355E-008
   5.6303868337063827       -6.7591359071870420E-008
   5.6366637421051635       -5.5686928435356477E-008
   5.6429406505039443       -4.5186923775832315E-008
   5.6492175589027251       -3.6147226812417634E-008
   5.6554944673015060       -2.8529508948657968E-008
   5.6617713757002868       -2.2232298384176484E-008
   5.6680482840990676       -1.7116877250021611E-008
   5.6743251924978484       -1.3027664325462353E-008
   5.6806021008966292       -9.8070318400636492E-009
   5.6868790092954100       -7.3054270609569497E-009
   5.6931559176941908       -5.3874070974068182E-009
   5.6994328260929716       -3.9347416470406353E-009
   5.7057097344917524       -2.8471813226180616E-009
   5.7119866428905333       -2.0418744686728644E-009
   5.7182635512893141       -1.4517613092311209E-009
   5.7245404596880949       -1.0236443077790320E-009
   5.7308173680868757       -7.1599162622748374E-010
   5.7370942764856565       -4.9693154903767290E-010
   5.7433711848844373       -3.4230369686973338E-010
   5.7496480932832181       -2.3408644469165700E-010
   5.7559250016819989       -1.5894953752940649E-010
   5.7622019100807798       -1.0720051411434984E-010
   5.7684788184795606       -7.1815260508734528E-011
   5.7747557268783414       -4.7807365791697264E-011
   5.7810326352771222       -3.1620527957390826E-011
   5.7873095436759030       -2.0793910790534167E-011
   5.7935864520746838       -1.3587710879296388E-011
   5.7998633604734646       -8.8342374775422179E-012
   5.8061402688722454       -5.7057999382053473E-012
   5.8124171772710262       -3.6716453238420741E-012
   5.8186940856698071       -2.3440034544926094E-012
   5.8249709940685879       -1.4949784559586303E-012
   5.8312479024673687       -9.4232317996413036E-013
   5.8375248108661495       -5.9741072814023003E-013
   5.8438017192649303       -3.7063209891681427E-013
   5.8500786276637111       -2.3511938096570570E-013
   5.8563555360624919       -1.4214217902429071E-013
   5.8626324444612727       -9.1874088830026886E-014
   5.8689093528600536       -5.2340965408744584E-014
   5.8751862612588344       -3.5697899046631065E-014
   5.8814631696576152       -1.7197109144201680E-014
   5.8877400780563960       -1.3974899608484058E-014
   5.8940169864551768       -4.2037025902385779E-015
   5.9002938948539576       -6.2196295102957248E-015
   5.9065708032527384        4.3229620246302672E-016
   5.9128477116515192       -3.7838023546826871E-015
   5.9191246200503000        1.5039132640630366E-015
   5.9254015284490809       -2.9317799325943991E-015
   5.9316784368478617        2.3678248606665912E-015
   5.9379553452466425       -2.7271090246226472E-015
   5.9442322536454233        2.5020742685997996E-015
   5.9505091620442041       -2.6841162600150024E-015
   5.9567860704429849        2.2191788003401554E-015
   5.9630629788417657       -2.7609011139331873E-015
   5.9693398872405457        2.4607999735100548E-015
   5.9756167956393265       -2.2230286066899251E-015
   5.9818937040381073        2.8123297684899354E-015
   5.9881706124368881       -2.4133171176470063E-015
   5.9944475208356689        2.5377476882840582E-015
   6.0007244292344497       -2.5133333259541008E-015
   6.0070013376332305        2.5897736684768196E-015
   6.0132782460320113       -2.6102770819088746E-015
   6.0195551544307921        2.0497332426627705E-015
   6.0258320628295730       -2.9950923617303000E-015
   6.0321089712283538        2.0719445152195481E-015
   6.0383858796271346       -3.0284669022019654E-015
   6.0446627880259154        1.8603320242563444E-015
   6.0509396964246962       -2.8455725858939338E-015
   6.0572166048234770        2.0699812356611084E-015
   6.0634935132222578       -2.6332367263783332E-015
   6.0697704216210386        2.0346161358311642E-015
   6.0760473300198194       -2.8319057951132054E-015
   6.0823242384186003        1.8936726603724530E-015
   6.0886011468173811       -2.6497107859773932E-015
   6.0948780552161619        2.2381364947410268E-015
   6.1011549636149427       -2.0537959932042847E-015
   6.1074318720137235        2.5352446827768903E-015
   6.1137087804125043       -2.1138714949241316E-015
   6.1199856888112851        2.2290548250561284E-015
   6.1262625972100659       -2.2815367182394441E-015
   6.1325395056088468        2.0058195160226809E-015
   6.1388164140076276       -2.2145104874751510E-015
   6.1450933224064084        1.7412551510942103E-015
   6.1513702308051892       -2.3849838634188668E-015
   6.1576471392039700        1.5799876330289311E-015
   6.1639240476027508       -2.0081115825975090E-015
   6.1702009560015316        1.8422350319375101E-015
   6.1764778644003124       -1.2392085189676778E-015
   6.1827547727990932        2.0478598854635892E-015
   6.1890316811978741       -1.5525333876731287E-015
   6.1953085895966549        1.6241340771564758E-015
   6.2015854979954357       -1.6008252301390593E-015
   6.2078624063942165        1.4339065606652467E-015
   6.2141393147929973       -1.4095851152682066E-015
   6.2204162231917781        1.5528344023972769E-015
   6.2266931315905589       -8.3253214611039957E-016
   6.2329700399893397        1.6298785144958885E-015
   6.2392469483881206       -6.4287183929971693E-016
   6.2455238567869014        1.4291124076796134E-015
   6.2518007651856822       -5.2902868317449311E-016
   6.2580776735844630        8.3497982221568708E-016
   6.2643545819832438       -6.4974123112492823E-016
   6.2706314903820246        6.2761496104276668E-016
   6.2769083987808054       -4.2862136662192563E-016
   6.2831853071795862        3.9407697894271506E-016
