   6.2769083987808056E-003   1.2047965510653795E-005
   1.2553816797561611E-002   1.5870690363467248E-005
   1.8830725196342418E-002   2.0884581514735493E-005
   2.5107633595123222E-002   2.7450655752465468E-005
   3.1384541993904030E-002   3.6035028346831192E-005
   3.7661450392684835E-002   4.7237797793444949E-005
   4.3938358791465640E-002   6.1829221198076966E-005
   5.0215267190246445E-002   8.0794775585754866E-005
   5.6492175589027249E-002   1.0539097338267816E-004
   6.2769083987808061E-002   1.3721406624605343E-004
   6.9045992386588859E-002   1.7828405199567213E-004
   7.5322900785369670E-002   2.3114663618784372E-004
   8.1599809184150468E-002   2.9899599881494257E-004
   8.7876717582931280E-002   3.8582129681088956E-004
   9.4153625981712077E-002   4.9657977557611931E-004
  0.10043053438049289        6.3739905442936182E-004
  0.10670744277927370        8.1581053857394871E-004
  0.11298435117805450        1.0410148404892436E-003
  0.11926125957683531        1.3241784745965067E-003
  0.12553816797561612        1.6787587281260976E-003
  0.13181507637439691        2.1208503875685698E-003
  0.13809198477317772        2.6695437050204083E-003
  0.14436889317195853        3.3472775130133393E-003
  0.15064580157073934        4.1801645777179985E-003
  0.15692270996952015        5.1982581124357646E-003
  0.16319961836830094        6.4357188644101285E-003
  0.16947652676708175        7.9308315953994131E-003
  0.17575343516586256        9.7258084769223756E-003
  0.18203034356464337        1.1866305666508913E-002
  0.18830725196342415        1.4400569120365751E-002
  0.19458416036220497        1.7378118033877742E-002
  0.20086106876098578        2.0847871032890250E-002
  0.20713797715976659        2.4855623774586302E-002
  0.21341488555854740        2.9440799674823596E-002
  0.21969179395732819        3.4632421182783320E-002
  0.22596870235610900        4.0444290471874152E-002
  0.23224561075488981        4.6869428566116027E-002
  0.23852251915367062        5.3873902891527145E-002
  0.24479942755245140        6.1390275918928407E-002
  0.25107633595123224        6.9311030613989896E-002
  0.25735324435001306        7.7482467665843990E-002
  0.26363015274879381        8.5699716811931892E-002
  0.26990706114757462        9.3703647422737318E-002
  0.27618396954635543       0.10118058401909216     
  0.28246087794513625       0.10776580770165894     
  0.28873778634391706       0.11305182709378277     
  0.29501469474269787       0.11660230215579771     
  0.30129160314147868       0.11797227082527624     
  0.30756851154025949       0.11673493595251447     
  0.31384541993904030       0.11251470215061063     
  0.32012232833782106       0.10502540927085746     
  0.32639923673660187        9.4111815041643718E-002
  0.33267614513538268        7.9791388384939169E-002
  0.33895305353416350        6.2292476868151619E-002
  0.34522996193294431        4.2084033929093226E-002
  0.35150687033172512        1.9891494750095530E-002
  0.35778377873050593       -3.3067420098043623E-003
  0.36406068712928674       -2.6307248294927605E-002
  0.37033759552806755       -4.7737600809039438E-002
  0.37661450392684831       -6.6141943092073552E-002
  0.38289141232562912       -8.0094326775078800E-002
  0.38916832072440993       -8.8334128057535224E-002
  0.39544522912319074       -8.9913417910925816E-002
  0.40172213752197156       -8.4341790504195921E-002
  0.40799904592075237       -7.1710504591666321E-002
  0.41427595431953318       -5.2775670651569698E-002
  0.42055286271831399       -2.8980451817039100E-002
  0.42682977111709480       -2.3995549980967363E-003
  0.43310667951587556        2.4403900830951772E-002
  0.43938358791465637        4.8608780475750978E-002
  0.44566049631343718        6.7440173895079072E-002
  0.45193740471221799        7.8519616219117377E-002
  0.45821431311099881        8.0219692908791856E-002
  0.46449122150977962        7.1971080979698537E-002
  0.47076812990856043        5.4465935882160234E-002
  0.47704503830734124        2.9706130179007070E-002
  0.48332194670612205        8.5976190293367760E-004
  0.48959885510490281       -2.8085434057227653E-002
  0.49587576350368362       -5.2849731245355532E-002
  0.50215267190246449       -6.9510903824703568E-002
  0.50842958030124530       -7.5181926570683996E-002
  0.51470648870002611       -6.8599325412838780E-002
  0.52098339709880681       -5.0498879109921839E-002
  0.52726030549758762       -2.3673566764975024E-002
  0.53353721389636843        7.3472778728083665E-003
  0.53981412229514925        3.6992182374512537E-002
  0.54609103069393006        5.9630463881661627E-002
  0.55236793909271087        7.0682368874304111E-002
  0.55864484749149168        6.7638960799254147E-002
  0.56492175589027249        5.0757249700999207E-002
  0.57119866428905330        2.3230752353547629E-002
  0.57747557268783412       -9.2750876981159882E-003
  0.58375248108661493       -3.9700024526919668E-002
  0.59002938948539574       -6.1103711468094284E-002
  0.59630629788417655       -6.8307114435899929E-002
  0.60258320628295736       -5.9269809724309744E-002
  0.60886011468173817       -3.5821292638548372E-002
  0.61513702308051899       -3.4776323906375757E-003
  0.62141393147929980        2.9718876962516617E-002
  0.62769083987808061        5.5140743427604250E-002
  0.63396774827686131        6.5854681461289893E-002
  0.64024465667564212        5.8638887480383546E-002
  0.64652156507442293        3.5131123510118503E-002
  0.65279847347320374        1.6754204431715923E-003
  0.65907538187198456       -3.2230169068651289E-002
  0.66535229027076537       -5.6565532405423988E-002
  0.67162919866954618       -6.3801819952798267E-002
  0.67790610706832699       -5.1387115601493179E-002
  0.68418301546710780       -2.2852194875100873E-002
  0.69045992386588861        1.2965954240356497E-002
  0.69673683226466943        4.4513985675885520E-002
  0.70301374066345024        6.1228007358177308E-002
  0.70929064906223105        5.7186596213743092E-002
  0.71556755746101186        3.3423817099403723E-002
  0.72184446585979267       -2.0514040688786052E-003
  0.72812137425857348       -3.6752145262447189E-002
  0.73439828265735430       -5.8037299853994292E-002
  0.74067519105613511       -5.7804763641361306E-002
  0.74695209945491581       -3.5794245297456000E-002
  0.75322900785369662       -9.2924058830266606E-005
  0.75950591625247743        3.5602045548379098E-002
  0.76578282465125824        5.7148328894520393E-002
  0.77205973305003905        5.5653070788019537E-002
  0.77833664144881987        3.1382605251878561E-002
  0.78461354984760068       -5.9075465746302284E-003
  0.79089045824638149       -4.0657720258361230E-002
  0.79716736664516230       -5.7929697899989925E-002
  0.80344427504394311       -4.9960615352873453E-002
  0.80972118344272392       -1.9926430306930556E-002
  0.81599809184150474        1.9004681896134926E-002
  0.82227500024028555        4.9247618852565761E-002
  0.82855190863906636        5.6746917546468580E-002
  0.83482881703784717        3.7712470591828001E-002
  0.84110572543662798        8.3580463357909251E-004
  0.84738263383540879       -3.6399142462453751E-002
  0.85365954223418961       -5.5898406309922148E-002
  0.85993645063297042       -4.7864352885816891E-002
  0.86621335903175112       -1.5994729794118270E-002
  0.87249026743053193        2.3902360204964335E-002
  0.87876717582931274        5.1567044161944485E-002
  0.88504408422809355        5.2609343738827474E-002
  0.89132099262687436        2.6222629831055326E-002
  0.89759790102565518       -1.3953693715573130E-002
  0.90387480942443599       -4.6659410220125742E-002
  0.91015171782321680       -5.4238498130556083E-002
  0.91642862622199761       -3.2353293819241534E-002
  0.92270553462077842        7.2496565504971194E-003
  0.92898244301955923        4.2802219390190674E-002
  0.93525935141834005        5.4419207063755068E-002
  0.94153625981712086        3.5368837507859970E-002
  0.94781316821590167       -3.7591865462900257E-003
  0.95409007661468248       -4.0698511189433684E-002
  0.96036698501346329       -5.4102027168725718E-002
  0.96664389341224410       -3.6005723400957430E-002
  0.97292080181102492        3.1902796622818204E-003
  0.97919771020980562        4.0469361552596575E-002
  0.98547461860858643        5.3640998075699796E-002
  0.99175152700736724        3.4668146036348796E-002
  0.99802843540614805       -5.1971064708156208E-003
   1.0043053438049290       -4.1878256963297465E-002
   1.0105822522037098       -5.2956084271231614E-002
   1.0168591606024906       -3.1488697461661365E-002
   1.0231360690012714        9.4239660818825951E-003
   1.0294129774000522        4.4452655521137398E-002
   1.0356898857988328        5.1682997846083358E-002
   1.0419667941976136        2.6446746755957314E-002
   1.0482437025963944       -1.5468867890322400E-002
   1.0545206109951752       -4.7547930738512253E-002
   1.0607975193939561       -4.9308866122253867E-002
   1.0670744277927369       -1.9506672370182353E-002
   1.0733513361915177        2.2819259419536258E-002
   1.0796282445902985        5.0395039883277648E-002
   1.0859051529890793        4.5302610352917869E-002
   1.0921820613878601        1.0747941998832864E-002
   1.0984589697866409       -3.0806666444429719E-002
   1.1047358781854217       -5.2168008116556717E-002
   1.1110127865842025       -3.9245636542869229E-002
   1.1172896949829834       -4.6490857962436672E-004
   1.1235666033817642        3.8609022747226697E-002
   1.1298435117805450        5.2083376049239641E-002
   1.1361204201793258        3.0949416737393463E-002
   1.1423973285781066       -1.0790240536136869E-002
   1.1486742369768874       -4.5315426839428644E-002
   1.1549511453756682       -4.9519238342206708E-002
   1.1612280537744490       -2.0532438147108100E-002
   1.1675049621732299        2.2234474379004790E-002
   1.1737818705720107        5.0036801504718599E-002
   1.1800587789707915        4.4124768680573995E-002
   1.1863356873695723        8.4446347002598791E-003
   1.1926125957683531       -3.2934309105077060E-002
   1.1988895041671339       -5.2030823569874415E-002
   1.2051664125659147       -3.5893481491117707E-002
   1.2114433209646955        4.5700934961777741E-003
   1.2177202293634763        4.1928945135296727E-002
   1.2239971377622572        5.0818326792034685E-002
   1.2302740461610380        2.5182958910240919E-002
   1.2365509545598188       -1.7568680956889470E-002
   1.2428278629585996       -4.8370274968393134E-002
   1.2491047713573804       -4.6264529556064082E-002
   1.2553816797561612       -1.2677885767076368E-002
   1.2616585881549420        2.9536268453548325E-002
   1.2679354965537226        5.1650997222527341E-002
   1.2742124049525034        3.8622338319210421E-002
   1.2804893133512842       -6.7849649192028880E-004
   1.2867662217500651       -3.9520778731797324E-002
   1.2930431301488459       -5.1511547493073198E-002
   1.2993200385476267       -2.8526811730499445E-002
   1.3055969469464075        1.3813389240733654E-002
   1.3118738553451883        4.6799537151325545E-002
   1.3181507637439691        4.8117453086758161E-002
   1.3244276721427499        1.6916311809473186E-002
   1.3307045805415307       -2.5706047700019479E-002
   1.3369814889403115       -5.1026444465224814E-002
   1.3432583973390924       -4.2057568285470165E-002
   1.3495353057378732       -4.8809602213089947E-003
   1.3558122141366540        3.5573623961923359E-002
   1.3620891225354348        5.2309135642321841E-002
   1.3683660309342156        3.4253303246343257E-002
   1.3746429393329964       -6.5254233325840339E-003
   1.3809198477317772       -4.3009512993084267E-002
   1.3871967561305580       -5.1183617805289856E-002
   1.3934736645293389       -2.5774527404684958E-002
   1.3997505729281197        1.6496451468718910E-002
   1.4060274813269005        4.8047088822677594E-002
   1.4123043897256813        4.8452697570443674E-002
   1.4185812981244621        1.7561806027520242E-002
   1.4248582065232429       -2.4642202412760585E-002
   1.4311351149220237       -5.1081744289237695E-002
   1.4374120233208045       -4.4945298692559303E-002
   1.4436889317195853       -1.0248143988027768E-002
   1.4499658401183662        3.0951480184850125E-002
   1.4562427485171470        5.2660886091470863E-002
   1.4625196569159278        4.1313048771109154E-002
   1.4687965653147086        4.1142643651801451E-003
   1.4750734737134894       -3.5664893119861069E-002
   1.4813503821122702       -5.3299880305279330E-002
   1.4876272905110510       -3.7927430290231462E-002
   1.4939041989098316        8.7490799383894676E-004
   1.5001811073086124        3.9149601066946607E-002
   1.5064580157073932        5.3372499024029206E-002
   1.5127349241061741        3.4861556207510268E-002
   1.5190118325049549       -4.9987591708053180E-003
   1.5252887409037357       -4.1808982851817063E-002
   1.5315656493025165       -5.3091719765516292E-002
   1.5378425577012973       -3.1983342154206729E-002
   1.5441194661000781        8.6268572771607006E-003
   1.5503963744988589        4.3980772283250764E-002
   1.5566732828976397        5.2535499911880626E-002
   1.5629501912964205        2.9076043991456073E-002
   1.5692270996952014       -1.2105654132126938E-002
   1.5755040080939822       -4.5901504340622970E-002
   1.5817809164927630       -5.1680228952925636E-002
   1.5880578248915438       -2.5888490896926155E-002
   1.5943347332903246        1.5731670484848564E-002
   1.6006116416891054        4.7711412026087779E-002
   1.6068885500878862        5.0424978632199767E-002
   1.6131654584866670        2.2162127564590128E-002
   1.6194423668854478       -1.9733275795238401E-002
   1.6257192752842287       -4.9449774589273396E-002
   1.6319961836830095       -4.8600046413555482E-002
   1.6382730920817903       -1.7648908575039198E-002
   1.6445500004805711        2.4250587463087506E-002
   1.6508269088793519        5.1042244276975561E-002
   1.6571038172781327        4.5969926487946830E-002
   1.6633807256769135        1.2130674146488180E-002
   1.6696576340756943       -2.9309769354711097E-002
   1.6759345424744752       -5.2285752842510323E-002
   1.6822114508732560       -4.2241651702681036E-002
   1.6884883592720368       -5.4486859730517095E-003
   1.6947652676708176        3.4791364749163479E-002
   1.7010421760695984        5.2839360500052023E-002
   1.7073190844683792        3.7090332443799084E-002
   1.7135959928671600       -2.4488991214187744E-003
   1.7198729012659408       -4.0395150846657554E-002
   1.7261498096647214       -5.2235977899542055E-002
   1.7324267180635022       -3.0223158008905175E-002
   1.7387036264622830        1.1429355536724549E-002
   1.7449805348610639        4.5609902386819258E-002
   1.7512574432598447        4.9932295661204822E-002
   1.7575343516586255        2.1477577960258617E-002
   1.7638112600574063       -2.1107153948875870E-002
   1.7700881684561871       -4.9736610697451653E-002
   1.7763650768549679       -4.5414522728749414E-002
   1.7826419852537487       -1.0931475492911309E-002
   1.7889188936525295        3.0819454562319295E-002
   1.7951958020513104        5.1980418966330419E-002
   1.8014727104500912        3.8346794411712723E-002
   1.8077496188488720       -1.0047438420699745E-003
   1.8140265272476528       -3.9670405822603658E-002
   1.8203034356464336       -5.1609405602837152E-002
   1.8265803440452144       -2.8726855457579865E-002
   1.8328572524439952        1.3562697402060168E-002
   1.8391341608427760        4.6667213713335716E-002
   1.8454110692415568        4.8148712453584333E-002
   1.8516879776403377        1.6973223241558404E-002
   1.8579648860391185       -2.5721412356295100E-002
   1.8642417944378993       -5.0937398412709937E-002
   1.8705187028366801       -4.1524407927186084E-002
   1.8767956112354609       -3.8707044059655489E-003
   1.8830725196342417        3.6415157016223922E-002
   1.8893494280330225        5.1922282953919117E-002
   1.8956263364318033        3.2098582199182123E-002
   1.9019032448305841       -9.5650071573567200E-003
   1.9081801532293650       -4.4724041760788577E-002
   1.9144570616281458       -4.9474197904858991E-002
   1.9207339700269266       -2.0600534641288776E-002
   1.9270108784257074        2.2267858526863443E-002
   1.9332877868244882        5.0027700833375946E-002
   1.9395646952232690        4.3866427541243924E-002
   1.9458416036220498        7.9869030852352026E-003
   1.9521185120208304       -3.3303030588416382E-002
   1.9583954204196112       -5.2091010559519896E-002
   1.9646723288183920       -3.5722070916912055E-002
   1.9709492372171729        4.7266340525953868E-003
   1.9772261456159537        4.2003710484932330E-002
   1.9835030540147345        5.1073589992335994E-002
   1.9897799624135153        2.5900961187843210E-002
   1.9960568708122961       -1.6610368061366364E-002
   2.0023337792110771       -4.8043278253230910E-002
   2.0086106876098579       -4.7480732996671056E-002
   2.0148875960086388       -1.5365052344559685E-002
   2.0211645044074196        2.6946050378045462E-002
   2.0274414128062004        5.1462508938352004E-002
   2.0337183212049812        4.2073572906389287E-002
   2.0399952296037620        5.0394475636941494E-003
   2.0462721380025428       -3.5310787365632854E-002
   2.0525490464013236       -5.2637639227732513E-002
   2.0588259548001044       -3.5749802298472182E-002
   2.0651028631988853        4.3004073788274061E-003
   2.0713797715976656        4.1597745015913755E-002
   2.0776566799964464        5.2196749413904661E-002
   2.0839335883952272        2.9423884816745401E-002
   2.0902104967940081       -1.2090738199981728E-002
   2.0964874051927889       -4.5972416130198146E-002
   2.1027643135915697       -5.0902693303284174E-002
   2.1090412219903505       -2.3924249942749918E-002
   2.1153181303891313        1.7989422864643587E-002
   2.1215950387879121        4.8779248299775882E-002
   2.1278719471866929        4.9526009222060678E-002
   2.1341488555854737        1.9932941372905393E-002
   2.1404257639842545       -2.1817199634583898E-002
   2.1467026723830354       -5.0404171809772837E-002
   2.1529795807818162       -4.8732172120577857E-002
   2.1592564891805970       -1.7983796393841994E-002
   2.1655333975793778        2.3443422460490946E-002
   2.1718103059781586        5.1120438193167521E-002
   2.1780872143769394        4.8988350408340209E-002
   2.1843641227757202        1.8487968822757349E-002
   2.1906410311745010       -2.2659581598160925E-002
   2.1969179395732819       -5.0936388193347157E-002
   2.2031948479720627       -5.0468430644847517E-002
   2.2094717563708435       -2.1741713405807068E-002
   2.2157486647696243        1.9077313394519745E-002
   2.2220255731684051        4.9448804260054012E-002
   2.2283024815671859        5.2924543112766807E-002
   2.2345793899659667        2.7867292512358796E-002
   2.2408562983647475       -1.2090337967552206E-002
   2.2471332067635283       -4.5704617756737259E-002
   2.2534101151623092       -5.5473583180766457E-002
   2.2596870235610900       -3.6587532646040741E-002
   2.2659639319598708        1.0106920170406164E-003
   2.2722408403586516        3.8141846861602546E-002
   2.2785177487574324        5.6294535100523513E-002
   2.2847946571562132        4.6745777770176855E-002
   2.2910715655549940        1.4462703743499301E-002
   2.2973484739537748       -2.4796407869462436E-002
   2.3036253823525557       -5.2376733700025283E-002
   2.3099022907513365       -5.5573095452512655E-002
   2.3161791991501173       -3.3246594480543901E-002
   2.3224561075488981        4.1479715406855843E-003
   2.3287330159476789        3.9745738503060214E-002
   2.3350099243464597        5.7983390468874178E-002
   2.3412868327452405        5.1274428032185682E-002
   2.3475637411440213        2.2853979497842049E-002
   2.3538406495428021       -1.5107917340817669E-002
   2.3601175579415830       -4.6955683475131467E-002
   2.3663944663403638       -6.0037982114117962E-002
   2.3726713747391446       -4.9547989037855726E-002
   2.3789482831379254       -1.9955996202998511E-002
   2.3852251915367062        1.7211116025796832E-002
   2.3915020999354870        4.8067280407668812E-002
   2.3977790083342678        6.1568094375356951E-002
   2.4040559167330486        5.3280158557900331E-002
   2.4103328251318294        2.6521660145081814E-002
   2.4166097335306103       -9.2574892121734861E-003
   2.4228866419293911       -4.2022032122642293E-002
   2.4291635503281719       -6.1244330985794869E-002
   2.4354404587269527       -6.1156675389353543E-002
   2.4417173671257335       -4.2222564746448990E-002
   2.4479942755245143       -1.0567852480169480E-002
   2.4542711839232951        2.4227770459389592E-002
   2.4605480923220759        5.2141757906079542E-002
   2.4668250007208568        6.5562958381065101E-002
   2.4731019091196376        6.1204910815792879E-002
   2.4793788175184184        4.0664277690128842E-002
   2.4856557259171992        9.6370291560717788E-003
   2.4919326343159800       -2.3840229847958434E-002
   2.4982095427147608       -5.1556409779335795E-002
   2.5044864511135416       -6.7111675563358994E-002
   2.5107633595123224       -6.7266108166602986E-002
   2.5170402679111032       -5.2416158300256671E-002
   2.5233171763098841       -2.6203928349755379E-002
   2.5295940847086644        5.5383234187165549E-003
   2.5358709931074452        3.6189690297681786E-002
   2.5421479015062260        5.9744886864049843E-002
   2.5484248099050069        7.1932715476028614E-002
   2.5547017183037877        7.0866131342864985E-002
   2.5609786267025685        5.7165437361403261E-002
   2.5672555351013493        3.3608733846516949E-002
   2.5735324435001301        4.4442147856653810E-003
   2.5798093518989109       -2.5462025374551004E-002
   2.5860862602976917       -5.1470099383384454E-002
   2.5923631686964725       -6.9862132242021230E-002
   2.5986400770952534       -7.8300323246103157E-002
   2.6049169854940342       -7.6013734659588328E-002
   2.6111938938928150       -6.3730274807165713E-002
   2.6174708022915958       -4.3407130599086151E-002
   2.6237477106903766       -1.7833308428193490E-002
   2.6300246190891574        9.8175914127943131E-003
   2.6363015274879382        3.6414682161069148E-002
   2.6425784358867190        5.9224443809501488E-002
   2.6488553442854998        7.6160790103097134E-002
   2.6551322526842807        8.5919215705766022E-002
   2.6614091610830615        8.8001111673002785E-002
   2.6676860694818423        8.2646876369555575E-002
   2.6739629778806231        7.0703576856859518E-002
   2.6802398862794039        5.3455033074742052E-002
   2.6865167946781847        3.2440308009577881E-002
   2.6927937030769655        9.2819798583949308E-003
   2.6990706114757463       -1.4460449981088629E-002
   2.7053475198745272       -3.7402966443285092E-002
   2.7116244282733080       -5.8411963994246988E-002
   2.7179013366720888       -7.6643021086512678E-002
   2.7241782450708696       -9.1548158942378291E-002
   2.7304551534696504      -0.10285815842866748     
   2.7367320618684312      -0.11054725255820068     
   2.7430089702672120      -0.11478731199227328     
   2.7492858786659928      -0.11589778532202388     
   2.7555627870647736      -0.11429642192525687     
   2.7618396954635545      -0.11045442969879404     
   2.7681166038623353      -0.10485838357064435     
   2.7743935122611161       -9.7980025395763795E-002
   2.7806704206598969       -9.0254148977278695E-002
   2.7869473290586777       -8.2064068842706950E-002
   2.7932242374574585       -7.3733718166686446E-002
   2.7995011458562393       -6.5525179225266128E-002
   2.8057780542550201       -5.7640376890429980E-002
   2.8120549626538009       -5.0225717098046435E-002
   2.8183318710525818       -4.3378585251707867E-002
   2.8246087794513626       -3.7154797770044073E-002
   2.8308856878501434       -3.1576294301369767E-002
   2.8371625962489242       -2.6638547593820783E-002
   2.8434395046477050       -2.2317338638274203E-002
   2.8497164130464858       -1.8574688959922120E-002
   2.8559933214452666       -1.5363856755168045E-002
   2.8622702298440474       -1.2633389612688048E-002
   2.8685471382428283       -1.0330286405530477E-002
   2.8748240466416091       -8.4023586832851840E-003
   2.8811009550403899       -6.7999018018218066E-003
   2.8873778634391707       -5.4767925686326265E-003
   2.8936547718379515       -4.3911271449385020E-003
   2.8999316802367323       -3.5055037813794096E-003
   2.9062085886355131       -2.7870422142480754E-003
   2.9124854970342939       -2.2072173537248663E-003
   2.9187624054330747       -1.7415705795065302E-003
   2.9250393138318556       -1.3693485895928750E-003
   2.9313162222306364       -1.0731077774157279E-003
   2.9375931306294172       -8.3831191782335855E-004
   2.9438700390281980       -6.5294247588798288E-004
   2.9501469474269788       -5.0713413512651329E-004
   2.9564238558257596       -3.9284290594716333E-004
   2.9627007642245404       -3.0355031067810253E-004
   2.9689776726233212       -2.3400433036507192E-004
   2.9752545810221021       -1.7999592095759208E-004
   2.9815314894208829       -1.3816867543053608E-004
   2.9878083978196632       -1.0585854503975342E-004
   2.9940853062184440       -8.0960207320994150E-005
   3.0003622146172249       -6.1816652665423882E-005
   3.0066391230160057       -4.7128680596184493E-005
   3.0129160314147865       -3.5881265883150645E-005
   3.0191929398135673       -2.7284041489364358E-005
   3.0254698482123481       -2.0723493969715007E-005
   3.0317467566111289       -1.5724774780067598E-005
   3.0380236650099097       -1.1921359090283890E-005
   3.0443005734086905       -9.0310478610772997E-006
   3.0505774818074713       -6.8370784881519654E-006
   3.0568543902062522       -5.1733107379139710E-006
   3.0631312986050330       -3.9126598569016893E-006
   3.0694082070038138       -2.9580902551530665E-006
   3.0756851154025946       -2.2356322513192400E-006
   3.0819620238013754       -1.6889771622460914E-006
   3.0882389322001562       -1.2753115250120095E-006
   3.0945158405989370       -9.6210784143242412E-007
   3.1007927489977178       -7.2466316764114309E-007
   3.1070696573964987       -5.4420817625329316E-007
   3.1133465657952795       -4.0646142377935991E-007
   3.1196234741940603       -3.0051798103217632E-007
   3.1259003825928411       -2.1799907317261414E-007
   3.1321772909916219       -1.5239293560612927E-007
   3.1384541993904027       -9.8544990393868299E-008
   3.1447311077891835       -5.2252214040153563E-008
   3.1510080161879643       -9.9382179392094060E-009
   3.1572849245867451        3.1621810169468233E-008
   3.1635618329855260        7.5539613478521403E-008
   3.1698387413843068        1.2503900034525731E-007
   3.1761156497830876        1.8367598246028254E-007
   3.1823925581818684        2.5557364319198778E-007
   3.1886694665806492        3.4567856266396851E-007
   3.1949463749794300        4.6005778592718875E-007
   3.2012232833782108        6.0624373037562770E-007
   3.2075001917769916        7.9364687507933851E-007
   3.2137771001757724        1.0340452306327767E-006
   3.2200540085745533        1.3421717296238157E-006
   3.2263309169733341        1.7364098345896204E-006
   3.2326078253721149        2.2396186067420988E-006
   3.2388847337708957        2.8800964785820043E-006
   3.2451616421696765        3.6927013145996745E-006
   3.2514385505684573        4.7201293901408116E-006
   3.2577154589672381        6.0143595137599363E-006
   3.2639923673660189        7.6382480519580992E-006
   3.2702692757647998        9.6672565419482572E-006
   3.2765461841635806        1.2191264376739719E-005
   3.2828230925623614        1.5316403967812239E-005
   3.2891000009611422        1.9166814608546006E-005
   3.2953769093599230        2.3886182481933001E-005
   3.3016538177587038        2.9638879419620181E-005
   3.3079307261574846        3.6610470698131795E-005
   3.3142076345562654        4.5007296513833246E-005
   3.3204845429550462        5.5054782559259417E-005
   3.3267614513538271        6.6994070389687747E-005
   3.3330383597526079        8.1076520275869744E-005
   3.3393152681513887        9.7555601143786480E-005
   3.3455921765501695        1.1667568984967188E-004
   3.3518690849489503        1.3865733414410931E-004
   3.3581459933477311        1.6367863929456160E-004
   3.3644229017465119        1.9185260003558137E-004
   3.3706998101452927        2.2320046615639536E-004
   3.3769767185440736        2.5762158229277913E-004
   3.3832536269428544        2.9486062076866085E-004
   3.3895305353416352        3.3447369815148146E-004
   3.3958074437404160        3.7579554945537112E-004
   3.4020843521391968        4.1791066672859282E-004
   3.4083612605379776        4.5963206911583851E-004
   3.4146381689367584        4.9949205146153104E-004
   3.4209150773355392        5.3574978357275591E-004
   3.4271919857343200        5.6642084325439208E-004
   3.4334688941331009        5.8933354321476976E-004
   3.4397458025318817        6.0221606905286947E-004
   3.4460227109306620        6.0281686406940505E-004
   3.4522996193294428        5.8905823654279788E-004
   3.4585765277282237        5.5921980861372244E-004
   3.4648534361270045        5.1214420278883907E-004
   3.4711303445257853        4.4745249557391018E-004
   3.4774072529245661        3.6575179812888421E-004
   3.4836841613233469        2.6881243372831368E-004
   3.4899610697221277        1.5968828724256619E-004
   3.4962379781209085        4.2751921063502105E-005
   3.5025148865196893       -7.6383073422382341E-005
   3.5087917949184702       -1.9107534430475826E-004
   3.5150687033172510       -2.9401836474549119E-004
   3.5213456117160318       -3.7775207410479811E-004
   3.5276225201148126       -4.3530491297192253E-004
   3.5338994285135934       -4.6092588140850672E-004
   3.5401763369123742       -4.5084335925175322E-004
   3.5464532453111550       -4.0396639098945432E-004
   3.5527301537099358       -3.2242882670683763E-004
   3.5590070621087166       -2.1187135986001205E-004
   3.5652839705074975       -8.1365193780840865E-005
   3.5715608789062783        5.7093170858286365E-005
   3.5778377873050591        1.8954257498334843E-004
   3.5841146957038399        3.0143941583898865E-004
   3.5903916041026207        3.7935600699999235E-004
   3.5966685125014015        4.1281595621011583E-004
   3.6029454209001823        3.9602395031357015E-004
   3.6092223292989631        3.2920843094820691E-004
   3.6154992376977440        2.1929541334915313E-004
   3.6217761460965248        7.9681086304716925E-005
   3.6280530544953056       -7.1025787372112380E-005
   3.6343299628940864       -2.1126843831037362E-004
   3.6406068712928672       -3.1960611247818286E-004
   3.6468837796916480       -3.7818198362534334E-004
   3.6531606880904288       -3.7604484871045063E-004
   3.6594375964892096       -3.1169401226112116E-004
   3.6657145048879904       -1.9424596947314099E-004
   3.6719914132867713       -4.2781265008087058E-005
   3.6782683216855521        1.1628288474117367E-004
   3.6845452300843329        2.5356743294411026E-004
   3.6908221384831137        3.4221621982257887E-004
   3.6970990468818945        3.6350068026132649E-004
   3.7033759552806753        3.1135722437320644E-004
   3.7096528636794561        1.9470964947435087E-004
   3.7159297720782369        3.6748522635278636E-005
   3.7222066804770177       -1.2907955833973210E-004
   3.7284835888757986       -2.6586878031072077E-004
   3.7347604972745794       -3.4156964032852638E-004
   3.7410374056733602       -3.3697851802986405E-004
   3.7473143140721410       -2.5135804108900012E-004
   3.7535912224709218       -1.0395567652320093E-004
   3.7598681308697026        6.9477119772720495E-005
   3.7661450392684834        2.2483708976295052E-004
   3.7724219476672642        3.2082524749859714E-004
   3.7786988560660451        3.3035711110698704E-004
   3.7849757644648259        2.4902286014444710E-004
   3.7912526728636067        9.7820129009534347E-005
   3.7975295812623875       -8.1280939056597396E-005
   3.8038064896611683       -2.3639059475885431E-004
   3.8100833980599491       -3.2069749276750079E-004
   3.8163603064587299       -3.0714975151638547E-004
   3.8226372148575107       -1.9811862072541524E-004
   3.8289141232562915       -2.6399117876394425E-005
   3.8351910316550724        1.5366096403270256E-004
   3.8414679400538532        2.8291191849936039E-004
   3.8477448484526340        3.1708377088815752E-004
   3.8540217568514148        2.4283614857321524E-004
   3.8602986652501956        8.4145826164416028E-005
   3.8665755736489764       -1.0418302149189313E-004
   3.8728524820477572       -2.5471013379122642E-004
   3.8791293904465380       -3.1155122097493120E-004
   3.8854062988453189       -2.5194959692271667E-004
   3.8916832072440997       -9.6682230366372252E-005
   3.8979601156428805        9.5763920875917443E-005
   3.9042370240416608        2.5034919728498650E-004
   3.9105139324404417        3.0474153262091696E-004
   3.9167908408392225        2.3534309468744365E-004
   3.9230677492380033        6.8940999460448621E-005
   3.9293446576367841       -1.2615126930011521E-004
   3.9356215660355649       -2.6731854832783773E-004
   3.9418984744343457       -2.9280465477884418E-004
   3.9481753828331265       -1.8983484092404359E-004
   3.9544522912319073       -2.4983897822444614E-006
   3.9607291996306881        1.8574199633090556E-004
   3.9670061080294690        2.8870528040104179E-004
   3.9732830164282498        2.5751094265039618E-004
   3.9795599248270306        1.0517615926925067E-004
   3.9858368332258114       -9.7131075894700100E-005
   3.9921137416245922       -2.5228915845442834E-004
   3.9983906500233730       -2.8386747176471604E-004
   4.0046675584221543       -1.7484550143130479E-004
   4.0109444668209351        2.1677298778512591E-005
   4.0172213752197159        2.0699219798364158E-004
   4.0234982836184967        2.8595506487745634E-004
   4.0297751920172775        2.1655687066331780E-004
   4.0360521004160583        3.3724185392931947E-005
   4.0423290088148391       -1.6678078812010867E-004
   4.0486059172136200       -2.7783324917644560E-004
   4.0548828256124008       -2.3861621821333191E-004
   4.0611597340111816       -6.9222978043553300E-005
   4.0674366424099624        1.3813739134038467E-004
   4.0737135508087432        2.6850419074027435E-004
   4.0799904592075240        2.4814578883046033E-004
   4.0862673676063048        8.7414882009440175E-005
   4.0925442760050856       -1.2304309777780940E-004
   4.0988211844038664       -2.6253949645428811E-004
   4.1050980928026473       -2.4970193531050983E-004
   4.1113750012014281       -9.0990047184959385E-005
   4.1176519096002089        1.2114661748047178E-004
   4.1239288179989897        2.6128717712231559E-004
   4.1302057263977705        2.4532255898756529E-004
   4.1364826347965504        8.1913757218347690E-005
   4.1427595431953312       -1.3093096352111792E-004
   4.1490364515941121       -2.6390069156129528E-004
   4.1553133599928929       -2.3511125732865454E-004
   4.1615902683916737       -6.1460640777066672E-005
   4.1678671767904545        1.5016275033548392E-004
   4.1741440851892353        2.6807068620671095E-004
   4.1804209935880161        2.1796215895997548E-004
   4.1866979019867969        3.0635752663165863E-005
   4.1929748103855777       -1.7596515211035728E-004
   4.1992517187843585       -2.7056989280929645E-004
   4.2055286271831394       -1.9231330279115277E-004
   4.2118055355819202        9.2649056448680179E-006
   4.2180824439807010        2.0477130577096524E-004
   4.2243593523794818        2.6774945780374003E-004
   4.2306362607782626        1.5687491463297251E-004
   4.2369131691770434       -5.6163448721463758E-005
   4.2431900775758242       -2.3238857462509226E-004
   4.2494669859746050       -2.5609946720154923E-004
   4.2557438943733858       -1.1128112190638334E-004
   4.2620208027721667        1.0692557291017551E-004
   4.2682977111709475        2.5429039144903509E-004
   4.2745746195697283        2.3286927551117935E-004
   4.2808515279685091        5.6548639794784753E-005
   4.2871284363672899       -1.5742409273111768E-004
   4.2934053447660707       -2.6614370144178545E-004
   4.2996822531648515       -1.9662904300511925E-004
   4.3059591615636323        4.7799705543321103E-006
   4.3122360699624132        2.0293108723880133E-004
   4.3185129783611940        2.6443592056896327E-004
   4.3247898867599748        1.4765154294880058E-004
   4.3310667951587556       -6.8794531468594332E-005
   4.3373437035575364       -2.3870204861656610E-004
   4.3436206119563172       -2.4704077230822033E-004
   4.3498975203550980       -8.8016900805555561E-005
   4.3561744287538788        1.3067230456130852E-004
   4.3624513371526596        2.6065762594599612E-004
   4.3687282455514405        2.1360749553644702E-004
   4.3750051539502213        2.1401223354301624E-005
   4.3812820623490021       -1.8534424491154308E-004
   4.3875589707477829       -2.6601124547819005E-004
   4.3938358791465637       -1.6568536834535953E-004
   4.4001127875453445        4.7388587287939133E-005
   4.4063896959441253        2.2821371342143703E-004
   4.4126666043429061        2.5374843428744036E-004
   4.4189435127416870        1.0665225855210921E-004
   4.4252204211404678       -1.1298480409544427E-004
   4.4314973295392486       -2.5584035177755372E-004
   4.4377742379380294       -2.2492391115514602E-004
   4.4440511463368102       -4.1344398457217941E-005
   4.4503280547355910        1.7029521598669906E-004
   4.4566049631343718        2.6663880827742045E-004
   4.4628818715331526        1.8266394415788491E-004
   4.4691587799319334       -2.4681928646712625E-005
   4.4754356883307143       -2.1543986803105404E-004
   4.4817125967294951       -2.6129477363048256E-004
   4.4879895051282759       -1.3173092258579196E-004
   4.4942664135270567        8.6111452809234907E-005
   4.5005433219258375        2.4650059119971405E-004
   4.5068202303246183        2.4272585156177303E-004
   4.5130971387233991        7.7727973715585927E-005
   4.5193740471221799       -1.3880296649115308E-004
   4.5256509555209607       -2.6385161359619339E-004
   4.5319278639197416       -2.1549670970819230E-004
   4.5382047723185224       -2.5973800821563848E-005
   4.5444816807173032        1.8059106980749777E-004
   4.5507585891160840        2.6990218579857426E-004
   4.5570354975148648        1.8456722432181621E-004
   4.5633124059136456       -1.9783986141020886E-005
   4.5695893143124264       -2.1154120081704568E-004
   4.5758662227112072       -2.6815860303445457E-004
   4.5821431311099881       -1.5407304703459515E-004
   4.5884200395087689        5.7767474764759330E-005
   4.5946969479075497        2.3322650986606417E-004
   4.6009738563063305        2.6203991531571682E-004
   4.6072507647051113        1.2663090165642400E-004
   4.6135276731038921       -8.7916586876895690E-005
   4.6198045815026729       -2.4783565473520736E-004
   4.6260814899014537       -2.5407120247538246E-004
   4.6323583983002345       -1.0316860722609364E-004
   4.6386353066990154        1.1141519540852816E-004
   4.6449122150977962        2.5750480993088796E-004
   4.6511891234965770        2.4553030765727085E-004
   4.6574660318953578        8.3088741806429842E-005
   4.6637429402941386       -1.3021748392565404E-004
   4.6700198486929194       -2.6398714576334614E-004
   4.6762967570917002       -2.3663875382782797E-004
   4.6825736654904810       -6.4963892003906849E-005
   4.6888505738892619        1.4631867235008077E-004
   4.6951274822880427        2.6844181056395158E-004
   4.7014043906868235        2.2699077914384563E-004
   4.7076812990856043        4.7202040507709484E-005
   4.7139582074843851       -1.6135425752551562E-004
   4.7202351158831659       -2.7145566664840476E-004
   4.7265120242819467       -2.1580239867413992E-004
   4.7327889326807275       -2.8259193736362559E-005
   4.7390658410795083        1.7654739455366138E-004
   4.7453427494782892        2.7312880213394193E-004
   4.7516196578770700        2.0205233891779336E-004
   4.7578965662758508        6.7604326946935691E-006
   4.7641734746746316       -1.9264921329732433E-004
   4.7704503830734124       -2.7308593991222374E-004
   4.7767272914721932       -1.8455323090963276E-004
   4.7830041998709740        1.8397171519887428E-005
   4.7892811082697548        2.0984850003263458E-004
   4.7955580166685357        2.7044800435471186E-004
   4.8018349250673165        1.6201177598896950E-004
   4.8081118334660973       -4.7919484523782939E-005
   4.8143887418648781       -2.2765614926766782E-004
   4.8206656502636589       -2.6381047600960690E-004
   4.8269425586624397       -1.3313315334832540E-004
   4.8332194670612205        8.1942563950398230E-005
   4.8394963754600013        2.4478669364630547E-004
   4.8457732838587821        2.5128482565978707E-004
   4.8520501922575630        9.6824592651213674E-005
   4.8583271006563438       -1.1979560266598479E-004
   4.8646040090551246       -2.5908217464167390E-004
   4.8708809174539054       -2.3070310153421714E-004
   4.8771578258526862       -5.2595157535635328E-005
   4.8834347342514670        1.5968797305778161E-004
   4.8897116426502478        2.6756071751106496E-004
   4.8959885510490286        2.0003834166469519E-004
   4.9022654594478094        1.0351741295345533E-006
   4.9085423678465903       -1.9857329068697935E-004
   4.9148192762453711       -2.6677873402159282E-004
   4.9210961846441519       -1.5802041337837432E-004
   4.9273730930429327        5.5792782695303979E-005
   4.9336500014417135        2.3233164714061956E-004
   4.9399269098404943        2.5351033037549609E-004
   4.9462038182392751        1.0482474741306943E-004
   4.9524807266380559       -1.1420811476828913E-004
   4.9587576350368368       -2.5634064042131068E-004
   4.9650345434356176       -2.2564455907716637E-004
   4.9713114518343984       -4.2597570306695748E-005
   4.9775883602331792        1.6922042620411674E-004
   4.9838652686319600        2.6642213877726013E-004
   4.9901421770307408        1.8300308350504833E-004
   4.9964190854295216       -2.4586710888957758E-005
   5.0026959938283024       -2.1545769859639114E-004
   5.0089729022270832       -2.5988706465731248E-004
   5.0152498106258641       -1.2759901313378602E-004
   5.0215267190246449        9.1480186621262265E-005
   5.0278036274234257        2.4831226002916085E-004
   5.0340805358222065        2.3617744796613241E-004
   5.0403574442209873        6.3339515215518995E-005
   5.0466343526197681       -1.5259503113693301E-004
   5.0529112610185480       -2.6475976413010516E-004
   5.0591881694173289       -1.9694562495707453E-004
   5.0654650778161097        4.6849547293006201E-006
   5.0717419862148905        2.0315504881854318E-004
   5.0780188946136713        2.6382418827504628E-004
   5.0842958030124521        1.4568303736398397E-004
   5.0905727114112329       -7.1116185440062423E-005
   5.0968496198100137       -2.3985454541012818E-004
   5.1031265282087945       -2.4661496361165649E-004
   5.1094034366075753       -8.7035532013726851E-005
   5.1156803450063562        1.3119348684203144E-004
   5.1219572534051370        2.6126549831463749E-004
   5.1282341618039178        2.1602461561881934E-004
   5.1345110702026986        2.6069954430250203E-005
   5.1407879786014794       -1.8136537636718672E-004
   5.1470648870002602       -2.6790089464554336E-004
   5.1533417953990410       -1.7621067424071843E-004
   5.1596187037978218        3.2459810057606959E-005
   5.1658956121966026        2.1972110309279665E-004
   5.1721725205953835        2.6203634002655926E-004
   5.1784494289941643        1.3194529927367104E-004
   5.1847263373929451       -8.4745383842299799E-005
   5.1910032457917259       -2.4613556471119423E-004
   5.1972801541905067       -2.4727665452046690E-004
   5.2035570625892875       -8.7953578734894822E-005
   5.2098339709880683        1.2830223332651507E-004
   5.2161108793868491        2.6208680766299689E-004
   5.2223877877856300        2.2797402762522942E-004
   5.2286646961844108        4.8395050919250051E-005
   5.2349416045831916       -1.6202198979143801E-004
   5.2412185129819724       -2.7019950974185966E-004
   5.2474954213807532       -2.0860317849896785E-004
   5.2537723297795340       -1.6541268129734005E-005
   5.2600492381783148        1.8593758972579278E-004
   5.2663261465770956        2.7361689150057271E-004
   5.2726030549758764        1.9322337227257186E-004
   5.2788799633746573       -5.2331958085981740E-006
   5.2851568717734381       -2.0066659077615326E-004
   5.2914337801722189       -2.7528888037920579E-004
   5.2977106885709997       -1.8515139933389260E-004
   5.3039875969697805        1.5135892413812929E-005
   5.3102645053685613        2.0665838200766847E-004
   5.3165414137673421        2.7728087794384087E-004
   5.3228183221661229        1.8677458049101846E-004
   5.3290952305649038       -1.1532569086300373E-005
   5.3353721389636846       -2.0342325918430151E-004
   5.3416490473624654       -2.8009555945965651E-004
   5.3479259557612462       -1.9931572011809635E-004
   5.3542028641600270       -7.3554434744225168E-006
   5.3604797725588078        1.8885622629995924E-004
   5.3667566809575886        2.8192955320940417E-004
   5.3730335893563694        2.2232697487535247E-004
   5.3793104977551502        4.3387573452500691E-005
   5.3855874061539311       -1.5877931085804344E-004
   5.3918643145527119       -2.7774564016246479E-004
   5.3981412229514927       -2.5251167459587511E-004
   5.4044181313502735       -9.7505206592309688E-005
   5.4106950397490543        1.0719694860479817E-004
   5.4169719481478351        2.5834553225938500E-004
   5.4232488565466159        2.8163522879127837E-004
   5.4295257649453967        1.6715057215772023E-004
   5.4358026733441775       -2.8184196498978811E-005
   5.4420795817429584       -2.1033769302659523E-004
   5.4483564901417392       -2.9394427161686109E-004
   5.4546333985405200       -2.4162181825592666E-004
   5.4609103069393008       -7.9086697420841165E-005
   5.4671872153380816        1.1915742092713845E-004
   5.4734641237368624        2.6504616632220564E-004
   5.4797410321356432        2.9601305569834006E-004
   5.4860179405344240        2.0063314537110749E-004
   5.4922948489332049        2.0951278157781767E-005
   5.4985717573319857       -1.6761299382757317E-004
   5.5048486657307665       -2.8865730264625517E-004
   5.5111255741295473       -2.9534197756384293E-004
   5.5174024825283281       -1.8712371816326047E-004
   5.5236793909271089       -7.3904704122945740E-006
   5.5299562993258897        1.7535853188154212E-004
   5.5362332077246705        2.9421044312126374E-004
   5.5425101161234513        3.0787694402272328E-004
   5.5487870245222322        2.1370530037959263E-004
   5.5550639329210130        4.6190749836973806E-005
   5.5613408413197938       -1.3702446751766059E-004
   5.5676177497185746       -2.7566318738124056E-004
   5.5738946581173554       -3.2641106369867538E-004
   5.5801715665161362       -2.7540869334653301E-004
   5.5864484749149170       -1.4050022595611005E-004
   5.5927253833136978        3.6310120752885470E-005
   5.5990022917124787        2.0283798690316483E-004
   5.6052792001112595        3.1232727346337021E-004
   5.6115561085100403        3.3605737170206817E-004
   5.6178330169088211        2.6979927525436491E-004
   5.6241099253076019        1.3310179928786126E-004
   5.6303868337063827       -3.7539770805941320E-005
   5.6366637421051635       -1.9912484028653655E-004
   5.6429406505039443       -3.1312875668348147E-004
   5.6492175589027251       -3.5426921529380529E-004
   5.6554944673015060       -3.1525159824138455E-004
   5.6617713757002868       -2.0691401212320811E-004
   5.6680482840990676       -5.4346075637967343E-005
   5.6743251924978484        1.0962544837523796E-004
   5.6806021008966292        2.5183178050483301E-004
   5.6868790092954100        3.4537713567577412E-004
   5.6931559176941908        3.7424481990101251E-004
   5.6994328260929716        3.3527582731751089E-004
   5.7057097344917524        2.3752410083084646E-004
   5.7119866428905333        9.9496617204801574E-005
   5.7182635512893141       -5.4905118190897638E-005
   5.7245404596880949       -2.0083197605666860E-004
   5.7308173680868757       -3.1650538313262759E-004
   5.7370942764856565       -3.8621128448338825E-004
   5.7433711848844373       -4.0195563488933767E-004
   5.7496480932832181       -3.6374434491541501E-004
   5.7559250016819989       -2.7867617933164730E-004
   5.7622019100807798       -1.5918432377624197E-004
   5.7684788184795606       -2.0824768266112063E-005
   5.7747557268783414        1.2000304808470004E-004
   5.7810326352771222        2.4808591556911834E-004
   5.7873095436759030        3.5095898756695189E-004
   5.7935864520746838        4.1989080813378067E-004
   5.7998633604734646        4.5028053473745679E-004
   5.8061402688722454        4.4153406762113438E-004
   5.8124171772710262        3.9653616638486987E-004
   5.8186940856698071        3.2085881533318675E-004
   5.8249709940685879        2.2184591676529703E-004
   5.8312479024673687        1.0769689538184960E-004
   5.8375248108661495       -1.3356214726579837E-005
   5.8438017192649303       -1.3371584616140417E-004
   5.8500786276637111       -2.4689907998005580E-004
   5.8563555360624919       -3.4782671555430946E-004
   5.8626324444612727       -4.3293740468754025E-004
   5.8689093528600536       -5.0015638173213036E-004
   5.8751862612588344       -5.4875505233752532E-004
   5.8814631696576152       -5.7913891943392102E-004
   5.8877400780563960       -5.9259843222003511E-004
   5.8940169864551768       -5.9105182979086340E-004
   5.9002938948539576       -5.7680223039812339E-004
   5.9065708032527384       -5.5232418014110926E-004
   5.9128477116515192       -5.2008837957877850E-004
   5.9191246200503000       -4.8242784877565377E-004
   5.9254015284490809       -4.4144457980665363E-004
   5.9316784368478617       -3.9895280346968764E-004
   5.9379553452466425       -3.5645323694228752E-004
   5.9442322536454233       -3.1513190554103952E-004
   5.9505091620442041       -2.7587710120149499E-004
   5.9567860704429849       -2.3930854245154173E-004
   5.9630629788417657       -2.0581361456526305E-004
   5.9693398872405457       -1.7558654289208169E-004
   5.9756167956393265       -1.4866734184890121E-004
   5.9818937040381073       -1.2497831525153173E-004
   5.9881706124368881       -1.0435668882651854E-004
   5.9944475208356689       -8.6582624235105561E-005
   6.0007244292344497       -7.1402372626174144E-005
   6.0070013376332305       -5.8546701623172530E-005
   6.0132782460320113       -4.7744972204052637E-005
   6.0195551544307921       -3.8735391349614046E-005
   6.0258320628295730       -3.1272026701894766E-005
   6.0321089712283538       -2.5129180855320845E-005
   6.0383858796271346       -2.0103684939204885E-005
   6.0446627880259154       -1.6015618394658206E-005
   6.0509396964246962       -1.2707886831017656E-005
   6.0572166048234770       -1.0045021049929545E-005
   6.0634935132222578       -7.9114839264591697E-006
   6.0697704216210386       -6.2097117583469435E-006
   6.0760473300198194       -4.8580546952547636E-006
   6.0823242384186003       -3.7887382728686109E-006
   6.0886011468173811       -2.9459240005452671E-006
   6.0948780552161619       -2.2839217590724985E-006
   6.1011549636149427       -1.7655781912839120E-006
   6.1074318720137235       -1.3608537114513443E-006
   6.1137087804125043       -1.0455833058245312E-006
   6.1199856888112851       -8.0041396730111306E-007
   6.1262625972100659       -6.0990108199008387E-007
   6.1325395056088468       -4.6174922245049130E-007
   6.1388164140076276       -3.4617600081587250E-007
   6.1450933224064084       -2.5538357990302374E-007
   6.1513702308051892       -1.8311718579188744E-007
   6.1576471392039700       -1.2429699212097668E-007
   6.1639240476027508       -7.4704734993330407E-008
   6.1702009560015316       -3.0713494645276267E-008
   6.1764778644003124        1.0956515254577001E-008
   6.1827547727990932        5.3466807527777170E-008
   6.1890316811978741        1.0009152913067764E-007
   6.1953085895966549        1.5446240777687804E-007
   6.2015854979954357        2.2084819843868050E-007
   6.2078624063942165        3.0448539767799569E-007
   6.2141393147929973        4.1198797576836501E-007
   6.2204162231917781        5.5186288842185186E-007
   6.2266931315905589        7.3517285131786346E-007
   6.2329700399893397        9.7639114955355049E-007
   6.2392469483881206        1.2945137023099529E-006
   6.2455238567869014        1.7145036011742718E-006
   6.2518007651856822        2.2691725931967520E-006
   6.2580776735844630        3.0016244137553320E-006
   6.2643545819832438        3.9684274319856491E-006
   6.2706314903820246        5.2437203418964966E-006
   6.2769083987808054        6.9245168581590324E-006
   6.2831853071795862        9.1375348393185895E-006
