   6.2769083987808056E-003   1.2633801043960083E-014
   1.2553816797561611E-002  -1.2501929629383164E-014
   1.8830725196342418E-002   1.2870770423124134E-014
   2.5107633595123222E-002  -1.1477546590439694E-014
   3.1384541993904030E-002   1.2225295059534694E-014
   3.7661450392684835E-002  -1.1703133056967088E-014
   4.3938358791465640E-002   1.1377207601105618E-014
   5.0215267190246445E-002  -1.1404488572786860E-014
   5.6492175589027249E-002   1.0774402304572510E-014
   6.2769083987808061E-002  -1.0811282482019217E-014
   6.9045992386588859E-002   1.0649943914849199E-014
   7.5322900785369670E-002  -1.0388789037772351E-014
   8.1599809184150468E-002   9.9583949064782800E-015
   8.7876717582931280E-002  -1.0084457784981444E-014
   9.4153625981712077E-002   9.8745608586758945E-015
  0.10043053438049289       -9.1712457693042973E-015
  0.10670744277927370        1.0081312387979435E-014
  0.11298435117805450       -8.6362561212971496E-015
  0.11926125957683531        9.5685286394214529E-015
  0.12553816797561612       -8.8902913382849203E-015
  0.13181507637439691        8.1068658899812226E-015
  0.13809198477317772       -9.6471405786556019E-015
  0.14436889317195853        7.5455896093132497E-015
  0.15064580157073934       -8.7569290042852655E-015
  0.15692270996952015        8.2021127375789975E-015
  0.16319961836830094       -7.4969859892315780E-015
  0.16947652676708175        8.6038213487599114E-015
  0.17575343516586256       -6.9266441771165037E-015
  0.18203034356464337        8.3718126207630827E-015
  0.18830725196342415       -7.3403220837990458E-015
  0.19458416036220497        6.9357963082467269E-015
  0.20086106876098578       -7.6278084766879121E-015
  0.20713797715976659        6.6867444020901906E-015
  0.21341488555854740       -7.0563216982663329E-015
  0.21969179395732819        6.8580108994390357E-015
  0.22596870235610900       -6.9352310746727540E-015
  0.23224561075488981        6.2070023780862357E-015
  0.23852251915367062       -6.7305748628829852E-015
  0.24479942755245140        6.2294740394068846E-015
  0.25107633595123224       -6.7078148400781488E-015
  0.25735324435001306        5.8313580563786446E-015
  0.26363015274879381       -6.5329544913978242E-015
  0.26990706114757462        5.2023829841491956E-015
  0.27618396954635543       -6.7317205629496980E-015
  0.28246087794513625        5.7261900662331127E-015
  0.28873778634391706       -5.9513729582722295E-015
  0.29501469474269787        5.4227894683456798E-015
  0.30129160314147868       -6.0835028103289801E-015
  0.30756851154025949        4.9300258347375256E-015
  0.31384541993904030       -6.0891431039879092E-015
  0.32012232833782106        5.1239215977422836E-015
  0.32639923673660187       -5.3896564684521286E-015
  0.33267614513538268        4.9931780180862510E-015
  0.33895305353416350       -5.4017436855779812E-015
  0.34522996193294431        4.6091413536875977E-015
  0.35150687033172512       -5.2284748374624225E-015
  0.35778377873050593        4.7505556556494428E-015
  0.36406068712928674       -4.6218040116910886E-015
  0.37033759552806755        4.9188052437769390E-015
  0.37661450392684831       -4.3903944201030962E-015
  0.38289141232562912        4.8115466665231063E-015
  0.38916832072440993       -4.9233534508115122E-015
  0.39544522912319074        3.3601467220286570E-015
  0.40172213752197156       -5.8804859460144161E-015
  0.40799904592075237        2.7691579106769671E-015
  0.41427595431953318       -5.8178840440658836E-015
  0.42055286271831399        3.4602548982226294E-015
  0.42682977111709480       -4.4844539889901340E-015
  0.43310667951587556        4.0080821319620792E-015
  0.43938358791465637       -4.1774436073502040E-015
  0.44566049631343718        3.4530871444003860E-015
  0.45193740471221799       -4.7561733541779331E-015
  0.45821431311099881        2.9315981132688985E-015
  0.46449122150977962       -5.2560157682811263E-015
  0.47076812990856043        2.3870694568228947E-015
  0.47704503830734124       -5.2320602213367769E-015
  0.48332194670612205        1.7759316996923097E-015
  0.48959885510490281       -7.1536304413572409E-015
  0.49587576350368362       -2.4128987894362639E-015
  0.50215267190246449       -1.4013238148072290E-014
  0.50842958030124530       -1.3252450556251466E-014
  0.51470648870002611       -3.1483739016619820E-014
  0.52098339709880681       -4.3482534660045794E-014
  0.52726030549758762       -8.1974180533351491E-014
  0.53353721389636843       -1.2635464342886875E-013
  0.53981412229514925       -2.1446137095916400E-013
  0.54609103069393006       -3.3740431649059496E-013
  0.55236793909271087       -5.4970201705740442E-013
  0.55864484749149168       -8.6925357560750499E-013
  0.56492175589027249       -1.3899859643169659E-012
  0.57119866428905330       -2.1885765488200931E-012
  0.57747557268783412       -3.4441831228284443E-012
  0.58375248108661493       -5.3652309752532860E-012
  0.59002938948539574       -8.3243241678804591E-012
  0.59630629788417655       -1.2812615374692600E-011
  0.60258320628295736       -1.9609963206710324E-011
  0.60886011468173817       -2.9790837797599128E-011
  0.61513702308051899       -4.4959893417058651E-011
  0.62141393147929980       -6.7351546433437348E-011
  0.62769083987808061       -1.0017562468863206E-010
  0.63396774827686131       -1.4786380464913422E-010
  0.64024465667564212       -2.1659569975404915E-010
  0.64652156507442293       -3.1476084751736682E-010
  0.65279847347320374       -4.5373167718363973E-010
  0.65907538187198456       -6.4860392163318758E-010
  0.66535229027076537       -9.1924971997560944E-010
  0.67162919866954618       -1.2913255686087135E-009
  0.67790610706832699       -1.7975277440107175E-009
  0.68418301546710780       -2.4786679770717101E-009
  0.69045992386588861       -3.3847769099007731E-009
  0.69673683226466943       -4.5757074266202108E-009
  0.70301374066345024       -6.1212975926535985E-009
  0.70929064906223105       -8.1004295331574184E-009
  0.71556755746101186       -1.0598895327875936E-008
  0.72184446585979267       -1.3705290472325367E-008
  0.72812137425857348       -1.7504792034775636E-008
  0.73439828265735430       -2.2070104074902427E-008
  0.74067519105613511       -2.7449644824832243E-008
  0.74695209945491581       -3.3652707959118977E-008
  0.75322900785369662       -4.0632413919055979E-008
  0.75950591625247743       -4.8267352011673991E-008
  0.76578282465125824       -5.6344084739510616E-008
  0.77205973305003905       -6.4542812422636251E-008
  0.77833664144881987       -7.2429838371343018E-008
  0.78461354984760068       -7.9460399348552221E-008
  0.79089045824638149       -8.4996101597814862E-008
  0.79716736664516230       -8.8340043953771122E-008
  0.80344427504394311       -8.8791905653331406E-008
  0.80972118344272392       -8.5722326292092294E-008
  0.81599809184150474       -7.8663180357055343E-008
  0.82227500024028555       -6.7405773073769858E-008
  0.82855190863906636       -5.2095312268160292E-008
  0.83482881703784717       -3.3305778250485175E-008
  0.84110572543662798       -1.2077652882063787E-008
  0.84738263383540879        1.0099237509542625E-008
  0.85365954223418961        3.1371217047523118E-008
  0.85993645063297042        4.9680865750605095E-008
  0.86621335903175112        6.2996027295726475E-008
  0.87249026743053193        6.9588396404924929E-008
  0.87876717582931274        6.8327040886503505E-008
  0.88504408422809355        5.8940632130881400E-008
  0.89132099262687436        4.2195555512018992E-008
  0.89759790102565518        1.9940068535777231E-008
  0.90387480942443599       -5.0225309705137747E-009
  0.91015171782321680       -2.9243858512129813E-008
  0.91642862622199761       -4.9103006570002545E-008
  0.92270553462077842       -6.1383859078822299E-008
  0.92898244301955923       -6.3866541686168686E-008
  0.93525935141834005       -5.5820691107137966E-008
  0.94153625981712086       -3.8287331717498753E-008
  0.94781316821590167       -1.4059000993907117E-008
  0.95409007661468248        1.2683533633518582E-008
  0.96036698501346329        3.7053023096147966E-008
  0.96664389341224410        5.4356599927815819E-008
  0.97292080181102492        6.1052538408434763E-008
  0.97919771020980562        5.5561934537230783E-008
  0.98547461860858643        3.8738842176205110E-008
  0.99175152700736724        1.3853648772090840E-008
  0.99802843540614805       -1.3960250283833760E-008
   1.0043053438049290       -3.8725807654226504E-008
   1.0105822522037098       -5.4916121102444005E-008
   1.0168591606024906       -5.8742640102228886E-008
   1.0231360690012714       -4.9127575175442396E-008
   1.0294129774000522       -2.8096308997679816E-008
   1.0356898857988328       -4.4414152701046222E-010
   1.0419667941976136        2.7297639501857861E-008
   1.0482437025963944        4.8389559607306702E-008
   1.0545206109951752        5.7551968756738733E-008
   1.0607975193939561        5.2353361861941817E-008
   1.0670744277927369        3.3938696817785303E-008
   1.0733513361915177        6.8645760682587054E-009
   1.0796282445902985       -2.1969048950135404E-008
   1.0859051529890793       -4.5056161489565884E-008
   1.0921820613878601       -5.6258327269532576E-008
   1.0984589697866409       -5.2489211895081591E-008
   1.1047358781854217       -3.4633647422090316E-008
   1.1110127865842025       -7.4113904969374462E-009
   1.1172896949829834        2.1822542567629153E-008
   1.1235666033817642        4.5048795742654420E-008
   1.1298435117805450        5.5800034820335608E-008
   1.1361204201793258        5.1003715866906931E-008
   1.1423973285781066        3.1913238880305691E-008
   1.1486742369768874        3.8317724594273066E-009
   1.1549511453756682       -2.5328341950992894E-008
   1.1612280537744490       -4.7267005334589039E-008
   1.1675049621732299       -5.5674998362793840E-008
   1.1737818705720107       -4.8081068430908478E-008
   1.1800587789707915       -2.6616105739588262E-008
   1.1863356873695723        2.5523292429371069E-009
   1.1926125957683531        3.0974423617298417E-008
   1.1988895041671339        5.0365870242902415E-008
   1.2051664125659147        5.5037259243486455E-008
   1.2114433209646955        4.3586276224908926E-008
   1.2177202293634763        1.9341246582224064E-008
   1.2239971377622572       -1.0590193372862265E-008
   1.2302740461610380       -3.7399314257719625E-008
   1.2365509545598188       -5.3173228016914033E-008
   1.2428278629585996       -5.3241606214525621E-008
   1.2491047713573804       -3.7571643622786072E-008
   1.2553816797561612       -1.0789510630119273E-008
   1.2616585881549420        1.9184519938220727E-008
   1.2679354965537226        4.3483592767950004E-008
   1.2742124049525034        5.4924758786295940E-008
   1.2804893133512842        5.0136499942567361E-008
   1.2867662217500651        3.0549112248163104E-008
   1.2930431301488459        1.9560889759413523E-009
   1.2993200385476267       -2.7215514035802899E-008
   1.3055969469464075       -4.8402793682571022E-008
   1.3118738553451883       -5.5424781566773814E-008
   1.3181507637439691       -4.6275039956495510E-008
   1.3244276721427499       -2.3669116108882772E-008
   1.3307045805415307        5.7954757832171765E-009
   1.3369814889403115        3.3597063997414353E-008
   1.3432583973390924        5.1772351081707602E-008
   1.3495353057378732        5.5191499401348448E-008
   1.3558122141366540        4.2973373281562355E-008
   1.3620891225354348        1.8657651365414816E-008
   1.3683660309342156       -1.0878878478893590E-008
   1.3746429393329964       -3.7413425936587781E-008
   1.3809198477317772       -5.3682553336380220E-008
   1.3871967561305580       -5.5347288505682625E-008
   1.3934736645293389       -4.2091752839882855E-008
   1.3997505729281197       -1.7595216055383735E-008
   1.4060274813269005        1.1561313772593552E-008
   1.4123043897256813        3.7710806410673016E-008
   1.4185812981244621        5.4124301813811464E-008
   1.4248582065232429        5.6707812152245477E-008
   1.4311351149220237        4.4955300528110270E-008
   1.4374120233208045        2.1958219110182593E-008
   1.4436889317195853       -6.4782609855527751E-009
   1.4499658401183662       -3.3344692608646621E-008
   1.4562427485171470       -5.2161397677017074E-008
   1.4625196569159278       -5.8509717063631595E-008
   1.4687965653147086       -5.1010837798438929E-008
   1.4750734737134894       -3.1554666586966224E-008
   1.4813503821122702       -4.7666361602353753E-009
   1.4876272905110510        2.3127328005429764E-008
   1.4939041989098316        4.5753634759884053E-008
   1.5001811073086124        5.8025919242958500E-008
   1.5064580157073932        5.7249827978262565E-008
   1.5127349241061741        4.3672475551111291E-008
   1.5190118325049549        2.0377048048553212E-008
   1.5252887409037357       -7.4356481489298408E-009
   1.5315656493025165       -3.3610373061295775E-008
   1.5378425577012973       -5.2388634753333080E-008
   1.5441194661000781       -5.9658166028551479E-008
   1.5503963744988589       -5.3836982269203927E-008
   1.5566732828976397       -3.6208118609351883E-008
   1.5629501912964205       -1.0636783513424228E-008
   1.5692270996952014        1.7268746520145727E-008
   1.5755040080939822        4.1374900635363801E-008
   1.5817809164927630        5.6360694571515086E-008
   1.5880578248915438        5.8889621343725885E-008
   1.5943347332903246        4.8360487641704283E-008
   1.6006116416891054        2.7068043275678240E-008
   1.6068885500878862       -2.7258201022146847E-010
   1.6131654584866670       -2.7546362882558770E-008
   1.6194423668854478       -4.8591115427142524E-008
   1.6257192752842287       -5.8589486212413773E-008
   1.6319961836830095       -5.5188771934226461E-008
   1.6382730920817903       -3.9086299015479245E-008
   1.6445500004805711       -1.3929218208048539E-008
   1.6508269088793519        1.4472247423262200E-008
   1.6571038172781327        3.9460013752121957E-008
   1.6633807256769135        5.5083350894288561E-008
   1.6696576340756943        5.7534776349994676E-008
   1.6759345424744752        4.6118241115082837E-008
   1.6822114508732560        2.3495692116503355E-008
   1.6884883592720368       -4.8791361706617506E-009
   1.6947652676708176       -3.2036126901419070E-008
   1.7010421760695984       -5.1187489392686454E-008
   1.7073190844683792       -5.7442015993796778E-008
   1.7135959928671600       -4.9099469656153824E-008
   1.7198729012659408       -2.8173016068691356E-008
   1.7261498096647214        3.2190676269583975E-011
   1.7324267180635022        2.8217495248791830E-008
   1.7387036264622830        4.8963065587339459E-008
   1.7449805348610639        5.6699333948121076E-008
   1.7512574432598447        4.9249932253055923E-008
   1.7575343516586255        2.8506554684922357E-008
   1.7638112600574063        1.2808468912140333E-011
   1.7700881684561871       -2.8473858633045805E-008
   1.7763650768549679       -4.9081921737864000E-008
   1.7826419852537487       -5.6022149158372882E-008
   1.7889188936525295       -4.7260689049691584E-008
   1.7951958020513104       -2.5171685421709624E-008
   1.8014727104500912        4.0541523633002793E-009
   1.8077496188488720        3.2114689635297054E-008
   1.8140265272476528        5.0953401850100760E-008
   1.8203034356464336        5.5096841498757126E-008
   1.8265803440452144        4.3284220567843274E-008
   1.8328572524439952        1.8890058022984323E-008
   1.8391341608427760       -1.1010979995995650E-008
   1.8454110692415568       -3.7685294765607555E-008
   1.8516879776403377       -5.3298540389023788E-008
   1.8579648860391185       -5.3235843717205958E-008
   1.8642417944378993       -3.7488024962555356E-008
   1.8705187028366801       -1.0679552446625335E-008
   1.8767956112354609        1.9282396973221011E-008
   1.8830725196342417        4.3543020495418005E-008
   1.8893494280330225        5.4925625797094625E-008
   1.8956263364318033        5.0063218674757391E-008
   1.9019032448305841        3.0397872074356434E-008
   1.9081801532293650        1.7490462064582518E-009
   1.9144570616281458       -2.7417803997113886E-008
   1.9207339700269266       -4.8502417834200633E-008
   1.9270108784257074       -5.5309754921289511E-008
   1.9332877868244882       -4.5864814605645823E-008
   1.9395646952232690       -2.2970202551066657E-008
   1.9458416036220498        6.6463813799237884E-009
   1.9521185120208304        3.4328700446256092E-008
   1.9583954204196112        5.2032401892628517E-008
   1.9646723288183920        5.4658455258094587E-008
   1.9709492372171729        4.1501328584560407E-008
   1.9772261456159537        1.6405177037167806E-008
   1.9835030540147345       -1.3394538446503717E-008
   1.9897799624135153       -3.9384227287431796E-008
   1.9960568708122961       -5.4213412549254487E-008
   2.0023337792110771       -5.3758674525427276E-008
   2.0086106876098579       -3.8232911389465290E-008
   2.0148875960086388       -1.2051136465207485E-008
   2.0211645044074196        1.7474306355743263E-008
   2.0274414128062004        4.2209763350947924E-008
   2.0337183212049812        5.5446770074927230E-008
   2.0399952296037620        5.3694760571958635E-008
   2.0462721380025428        3.7546296300384432E-008
   2.0525490464013236        1.1416185345228776E-008
   2.0588259548001044       -1.7729634243466051E-008
   2.0651028631988853       -4.2272913527257574E-008
   2.0713797715976656       -5.5939982195531783E-008
   2.0776566799964464       -5.5369829865523743E-008
   2.0839335883952272       -4.0869973323823372E-008
   2.0902104967940081       -1.6210580075907067E-008
   2.0964874051927889        1.2436132123333154E-008
   2.1027643135915697        3.8095669792030826E-008
   2.1090412219903505        5.4702168527452402E-008
   2.1153181303891313        5.8497692118391535E-008
   2.1215950387879121        4.8805990648219264E-008
   2.1278719471866929        2.8043356535348251E-008
   2.1341488555854737        1.0212338278799883E-009
   2.1404257639842545       -2.6243957953149191E-008
   2.1467026723830354       -4.7905717853459689E-008
   2.1529795807818162       -5.9526756838589818E-008
   2.1592564891805970       -5.8925476643608733E-008
   2.1655333975793778       -4.6485058435065034E-008
   2.1718103059781586       -2.4912495350750071E-008
   2.1780872143769394        1.4478045868490208E-009
   2.1843641227757202        2.7560658886252870E-008
   2.1906410311745010        4.8691900758772860E-008
   2.1969179395732819        6.1248184967142033E-008
   2.2031948479720627        6.3323945692938838E-008
   2.2094717563708435        5.4889522511165746E-008
   2.2157486647696243        3.7631858617409532E-008
   2.2220255731684051        1.4521389128989151E-008
   2.2283024815671859       -1.0782125052563080E-008
   2.2345793899659667       -3.4561327735678246E-008
   2.2408562983647475       -5.3599882496833950E-008
   2.2471332067635283       -6.5588630300186253E-008
   2.2534101151623092       -6.9338700171840651E-008
   2.2596870235610900       -6.4800433823358357E-008
   2.2659639319598708       -5.2918071696056912E-008
   2.2722408403586516       -3.5370982590223245E-008
   2.2785177487574324       -1.4259461730316281E-008
   2.2847946571562132        8.2096014082660430E-009
   2.2910715655549940        2.9993789840638642E-008
   2.2973484739537748        4.9414664764089517E-008
   2.3036253823525557        6.5274391811013713E-008
   2.3099022907513365        7.6891942525527033E-008
   2.3161791991501173        8.4072256476307712E-008
   2.3224561075488981        8.7026849102770994E-008
   2.3287330159476789        8.6267230417763692E-008
   2.3350099243464597        8.2490644653759510E-008
   2.3412868327452405        7.6473966249573000E-008
   2.3475637411440213        6.8985787362230147E-008
   2.3538406495428021        6.0722137487314413E-008
   2.3601175579415830        5.2266289159420404E-008
   2.3663944663403638        4.4070520487839233E-008
   2.3726713747391446        3.6455196132517551E-008
   2.3789482831379254        2.9620382144747904E-008
   2.3852251915367062        2.3664743529006792E-008
   2.3915020999354870        1.8607812249107397E-008
   2.3977790083342678        1.4412090273031587E-008
   2.4040559167330486        1.1003139755559143E-008
   2.4103328251318294        8.2861532879423369E-009
   2.4166097335306103        6.1588782760956334E-009
   2.4228866419293911        4.5206986087108383E-009
   2.4291635503281719        3.2786362262527595E-009
   2.4354404587269527        2.3505719230706958E-009
   2.4417173671257335        1.6666582141159939E-009
   2.4479942755245143        1.1692026682980570E-009
   2.4542711839232951        8.1185578146510390E-010
   2.4605480923220759        5.5816280415868333E-010
   2.4668250007208568        3.8009800594513126E-010
   2.4731019091196376        2.5644895897654659E-010
   2.4793788175184184        1.7148825340402984E-010
   2.4856557259171992        1.1367696814366971E-010
   2.4919326343159800        7.4729859799050952E-011
   2.4982095427147608        4.8719672646937213E-011
   2.5044864511135416        3.1518552417294992E-011
   2.5107633595123224        2.0227462557759809E-011
   2.5170402679111032        1.2891401551016976E-011
   2.5233171763098841        8.1490529181791793E-012
   2.5295940847086644        5.1220107656171150E-012
   2.5358709931074452        3.1900851905149282E-012
   2.5421479015062260        1.9806652683406916E-012
   2.5484248099050069        1.2148808330631472E-012
   2.5547017183037877        7.4725494639786522E-013
   2.5609786267025685        4.4989669151872739E-013
   2.5672555351013493        2.7640375863966043E-013
   2.5735324435001301        1.6141093891111515E-013
   2.5798093518989109        1.0082180766439161E-013
   2.5860862602976917        5.5323420190453818E-014
   2.5923631686964725        3.7543054081350343E-014
   2.5986400770952534        1.7582176510224655E-014
   2.6049169854940342        1.4830958087254771E-014
   2.6111938938928150        4.0983001329712836E-015
   2.6174708022915958        6.8596881300708582E-015
   2.6237477106903766       -8.0923465184517947E-016
   2.6300246190891574        4.0325995930396043E-015
   2.6363015274879382       -2.2506801685308748E-015
   2.6425784358867190        3.3520364360702095E-015
   2.6488553442854998       -2.5621154204879562E-015
   2.6551322526842807        3.4981505521620194E-015
   2.6614091610830615       -2.8110064226613372E-015
   2.6676860694818423        2.5460960561537130E-015
   2.6739629778806231       -3.7082072305170447E-015
   2.6802398862794039        2.4592128178992645E-015
   2.6865167946781847       -3.4535784583064315E-015
   2.6927937030769655        3.2117727016990100E-015
   2.6990706114757463       -3.1191878564187376E-015
   2.7053475198745272        2.8141181473970205E-015
   2.7116244282733080       -3.1462469071544923E-015
   2.7179013366720888        3.5397953692001444E-015
   2.7241782450708696       -3.1684465699207359E-015
   2.7304551534696504        3.3784496804266641E-015
   2.7367320618684312       -3.0729585126548656E-015
   2.7430089702672120        3.5633464379353259E-015
   2.7492858786659928       -2.7721673847472706E-015
   2.7555627870647736        3.8148950958655672E-015
   2.7618396954635545       -2.8100780873097059E-015
   2.7681166038623353        3.6279417170844884E-015
   2.7743935122611161       -3.4347570009752490E-015
   2.7806704206598969        3.2209798600594412E-015
   2.7869473290586777       -3.2828515219739317E-015
   2.7932242374574585        3.8362352479793622E-015
   2.7995011458562393       -3.3112959778286985E-015
   2.8057780542550201        3.7223674507410775E-015
   2.8120549626538009       -3.2359737951550910E-015
   2.8183318710525818        3.4799951924916896E-015
   2.8246087794513626       -3.3643540852987381E-015
   2.8308856878501434        3.9110691185304815E-015
   2.8371625962489242       -3.3580136944770227E-015
   2.8434395046477050        3.9088813508252632E-015
   2.8497164130464858       -3.5197393869440578E-015
   2.8559933214452666        3.6382231720020394E-015
   2.8622702298440474       -3.5613829910856443E-015
   2.8685471382428283        3.5979165141638435E-015
   2.8748240466416091       -4.0887788388836959E-015
   2.8811009550403899        3.6903133035197814E-015
   2.8873778634391707       -4.1529157684395586E-015
   2.8936547718379515        3.4880663578668181E-015
   2.8999316802367323       -4.0182861212449108E-015
   2.9062085886355131        3.8427030964871725E-015
   2.9124854970342939       -4.1494291656645816E-015
   2.9187624054330747        3.3537205756653910E-015
   2.9250393138318556       -4.7368269500253791E-015
   2.9313162222306364        3.3607742030124902E-015
   2.9375931306294172       -4.5776283708042024E-015
   2.9438700390281980        3.8339819156299966E-015
   2.9501469474269788       -4.1259571981426012E-015
   2.9564238558257596        4.2472441045316785E-015
   2.9627007642245404       -4.0847891268866997E-015
   2.9689776726233212        4.1335148751152892E-015
   2.9752545810221021       -4.1730232173039057E-015
   2.9815314894208829        4.1333895853513570E-015
   2.9878083978196632       -4.1231212452966429E-015
   2.9940853062184440        4.7267536532125436E-015
   3.0003622146172249       -3.8113540497888905E-015
   3.0066391230160057        4.9929984186958898E-015
   3.0129160314147865       -4.2652481229478840E-015
   3.0191929398135673        4.7342332244091959E-015
   3.0254698482123481       -4.0428033591305683E-015
   3.0317467566111289        4.9374505897299276E-015
   3.0380236650099097       -4.4153591274730894E-015
   3.0443005734086905        4.5683123033725404E-015
   3.0505774818074713       -4.4511389025480611E-015
   3.0568543902062522        4.8213847586564841E-015
   3.0631312986050330       -4.7431251603571965E-015
   3.0694082070038138        4.6015444869562348E-015
   3.0756851154025946       -4.6296018388190884E-015
   3.0819620238013754        4.9326528927829724E-015
   3.0882389322001562       -4.7088170049218282E-015
   3.0945158405989370        4.9760972186422728E-015
   3.1007927489977178       -5.0524723499817018E-015
   3.1070696573964987        5.2803634764255267E-015
   3.1133465657952795       -4.7929228993736721E-015
   3.1196234741940603        5.0674448340376560E-015
   3.1259003825928411       -5.3898551053471434E-015
   3.1321772909916219        4.7971683271424880E-015
   3.1384541993904027       -5.3750766099763503E-015
   3.1447311077891835        5.4431181220836092E-015
   3.1510080161879643       -4.9610029180584897E-015
   3.1572849245867451        5.3909188295921785E-015
   3.1635618329855260       -5.6170558643694451E-015
   3.1698387413843068        4.8278351626651082E-015
   3.1761156497830876       -5.9380962102999579E-015
   3.1823925581818684        5.4560054262361325E-015
   3.1886694665806492       -5.5543659781232450E-015
   3.1949463749794300        5.7851837399156463E-015
   3.2012232833782108       -5.8601922764582227E-015
   3.2075001917769916        5.6643761689282227E-015
   3.2137771001757724       -5.5989153593253456E-015
   3.2200540085745533        6.2130080319353826E-015
   3.2263309169733341       -5.5582177546221217E-015
   3.2326078253721149        6.0098363951656684E-015
   3.2388847337708957       -6.2144994615911155E-015
   3.2451616421696765        6.2586499130275733E-015
   3.2514385505684573       -6.0426830407278970E-015
   3.2577154589672381        6.7335676908801604E-015
   3.2639923673660189       -6.4500344227074799E-015
   3.2702692757647998        5.7891384668184825E-015
   3.2765461841635806       -7.0568795454744317E-015
   3.2828230925623614        6.2649750749035866E-015
   3.2891000009611422       -6.6269692681968555E-015
   3.2953769093599230        6.5094883657253192E-015
   3.3016538177587038       -6.5905262536055157E-015
   3.3079307261574846        6.9467716378921230E-015
   3.3142076345562654       -6.8614175359684915E-015
   3.3204845429550462        7.6947150370009116E-015
   3.3267614513538271       -6.4850954024942414E-015
   3.3330383597526079        7.9438123999559851E-015
   3.3393152681513887       -7.1368251578875809E-015
   3.3455921765501695        7.2368083461766969E-015
   3.3518690849489503       -7.6416907549388305E-015
   3.3581459933477311        7.6566181512396323E-015
   3.3644229017465119       -7.5745188508046429E-015
   3.3706998101452927        8.0838671548002721E-015
   3.3769767185440736       -7.6899199102230001E-015
   3.3832536269428544        8.4591110451981123E-015
   3.3895305353416352       -8.2147468989677197E-015
   3.3958074437404160        8.4491158810841500E-015
   3.4020843521391968       -8.5919509490754268E-015
   3.4083612605379776        8.7380258019707825E-015
   3.4146381689367584       -8.8363102008763710E-015
   3.4209150773355392        9.1446487056370804E-015
   3.4271919857343200       -8.9958874722966249E-015
   3.4334688941331009        9.5360431182964632E-015
   3.4397458025318817       -9.1029399337737981E-015
   3.4460227109306620        9.8990360017168855E-015
   3.4522996193294428       -9.6764755492043815E-015
   3.4585765277282237        1.0096762229594992E-014
   3.4648534361270045       -9.2861157349353011E-015
   3.4711303445257853        1.2420978494402449E-014
   3.4774072529245661       -6.6594411981109501E-015
   3.4836841613233469        1.8431519887345028E-014
   3.4899610697221277        2.2969429722997051E-015
   3.4962379781209085        3.6062365073763212E-014
   3.5025148865196893        3.3796118388757492E-014
   3.5087917949184702        9.5886967342792734E-014
   3.5150687033172510        1.4075085672755382E-013
   3.5213456117160318        2.9095343428997392E-013
   3.5276225201148126        4.9009476514625338E-013
   3.5338994285135934        9.2065148959342850E-013
   3.5401763369123742        1.6155358146599661E-012
   3.5464532453111550        2.9311602694890242E-012
   3.5527301537099358        5.1871421868869635E-012
   3.5590070621087166        9.2571473637616214E-012
   3.5652839705074975        1.6340521193556727E-011
   3.5715608789062783        2.8852889832476313E-011
   3.5778377873050591        5.0618658994187774E-011
   3.5841146957038399        8.8575080211454063E-011
   3.5903916041026207        1.5422244997960665E-010
   3.5966685125014015        2.6754129993936248E-010
   3.6029454209001823        4.6200534418636683E-010
   3.6092223292989631        7.9450671082839275E-010
   3.6154992376977440        1.3601139320039793E-009
   3.6217761460965248        2.3180611720540208E-009
   3.6280530544953056        3.9324248695385593E-009
   3.6343299628940864        6.6401030131358448E-009
   3.6406068712928672        1.1158628690188220E-008
   3.6468837796916480        1.8661261692639714E-008
   3.6531606880904288        3.1053999726875293E-008
   3.6594375964892096        5.1416656205608003E-008
   3.6657145048879904        8.4694334104893977E-008
   3.6719914132867713        1.3878017985734480E-007
   3.6782683216855521        2.2619184191487454E-007
   3.6845452300843329        3.6665486625827426E-007
   3.6908221384831137        5.9104538147347492E-007
   3.6970990468818945        9.4736713028294660E-007
   3.7033759552806753        1.5097288302805069E-006
   3.7096528636794561        2.3917208365120307E-006
   3.7159297720782369        3.7661583440146746E-006
   3.7222066804770177        5.8939588824900894E-006
   3.7284835888757986        9.1659551249581224E-006
   3.7347604972745794        1.4162827112744302E-005
   3.7410374056733602        2.1740062944820863E-005
   3.7473143140721410        3.3147036311711023E-005
   3.7535912224709218        5.0191856558499762E-005
   3.7598681308697026        7.5466639720866272E-005
   3.7661450392684834        1.1265102878183656E-004
   3.7724219476672642        1.6691497373638164E-004
   3.7786988560660451        2.4544435156609394E-004
   3.7849757644648259        3.5811431897013479E-004
   3.7912526728636067        5.1833406860007437E-004
   3.7975295812623875        7.4408153032100733E-004
   3.8038064896611683        1.0591353424025309E-003
   3.8100833980599491        1.4944919435793751E-003
   3.8163603064587299        2.0899249845797788E-003
   3.8226372148575107        2.8956001002973428E-003
   3.8289141232562915        3.9735979729662949E-003
   3.8351910316550724        5.3991221983682343E-003
   3.8414679400538532        7.2610768094073077E-003
   3.8477448484526340        9.6615973004264156E-003
   3.8540217568514148        1.2714018270341359E-002
   3.8602986652501956        1.6538678327601333E-002
   3.8665755736489764        2.1255922019307854E-002
   3.8728524820477572        2.6975693148144790E-002
   3.8791293904465380        3.3783260321097727E-002
   3.8854062988453189        4.1720917215587329E-002
   3.8916832072440997        5.0765998419173085E-002
   3.8979601156428805        6.0806351357733816E-002
   3.9042370240416608        7.1615400388232997E-002
   3.9105139324404417        8.2829826263763048E-002
   3.9167908408392225        9.3933954623684535E-002
   3.9230677492380033       0.10425584902107769     
   3.9293446576367841       0.11298054294559699     
   3.9356215660355649       0.11918555748739662     
   3.9418984744343457       0.12190253629866933     
   3.9481753828331265       0.12020626153739833     
   3.9544522912319073       0.11332841336367414     
   3.9607291996306881       0.10078836726832965     
   3.9670061080294690        8.2527576482075080E-002
   3.9732830164282498        5.9028512640042621E-002
   3.9795599248270306        3.1394925787706647E-002
   3.9858368332258114        1.3687293783476600E-003
   3.9921137416245922       -2.8738506896584904E-002
   3.9983906500233730       -5.6213655960451581E-002
   4.0046675584221543       -7.8210689835074676E-002
   4.0109444668209351       -9.2103065256284380E-002
   4.0172213752197159       -9.5882745889774218E-002
   4.0234982836184967       -8.8549646548871166E-002
   4.0297751920172775       -7.0422414970318342E-002
   4.0360521004160583       -4.3298513589457098E-002
   4.0423290088148391       -1.0402126251855172E-002
   4.0486059172136200        2.3915574100855420E-002
   4.0548828256124008        5.4719210490239888E-002
   4.0611597340111816        7.7221416649737751E-002
   4.0674366424099624        8.7601434947867082E-002
   4.0737135508087432        8.3768291703266370E-002
   4.0799904592075240        6.5910103403620607E-002
   4.0862673676063048        3.6685618822311722E-002
   4.0925442760050856        9.6360710007120404E-004
   4.0988211844038664       -3.4903741637424518E-002
   4.1050980928026473       -6.4188113398015292E-002
   4.1113750012014281       -8.1090013948156348E-002
   4.1176519096002089       -8.1985823079038872E-002
   4.1239288179989897       -6.6336742091330045E-002
   4.1302057263977705       -3.7017388897491468E-002
   4.1364826347965504        7.5972440003802447E-005
   4.1427595431953312        3.7125817637922900E-002
   4.1490364515941121        6.6019954314240278E-002
   4.1553133599928929        8.0173209143960381E-002
   4.1615902683916737        7.6127841885214029E-002
   4.1678671767904545        5.4525795522532436E-002
   4.1741440851892353        2.0160665640758635E-002
   4.1804209935880161       -1.8979146314473949E-002
   4.1866979019867969       -5.3515346007142015E-002
   4.1929748103855777       -7.4938526879954642E-002
   4.1992517187843585       -7.7774161374672815E-002
   4.2055286271831394       -6.1088341214240297E-002
   4.2118055355819202       -2.8896370975060967E-002
   4.2180824439807010        1.0701584892269389E-002
   4.2243593523794818        4.7502229033149969E-002
   4.2306362607782626        7.1827662184570887E-002
   4.2369131691770434        7.7122078744954789E-002
   4.2431900775758242        6.1805037014543464E-002
   4.2494669859746050        2.9835258013461041E-002
   4.2557438943733858       -1.0229681851391616E-002
   4.2620208027721667       -4.7479016770292502E-002
   4.2682977111709475       -7.1620815967139095E-002
   4.2745746195697283       -7.5867636568914626E-002
   4.2808515279685091       -5.8912710570321658E-002
   4.2871284363672899       -2.5402024750049924E-002
   4.2934053447660707        1.5279980376622117E-002
   4.2996822531648515        5.1610125962706616E-002
   4.3059591615636323        7.3196743086599667E-002
   4.3122360699624132        7.3787170696858279E-002
   4.3185129783611940        5.3129329533051765E-002
   4.3247898867599748        1.7117818787309388E-002
   4.3310667951587556       -2.3852799428843437E-002
   4.3373437035575364       -5.7876160972405749E-002
   4.3436206119563172       -7.5005098723284411E-002
   4.3498975203550980       -7.0187010912194245E-002
   4.3561744287538788       -4.4786898024353684E-002
   4.3624513371526596       -6.2286482361143094E-003
   4.3687282455514405        3.4159813954060966E-002
   4.3750051539502213        6.4474296746316481E-002
   4.3812820623490021        7.5754599216778823E-002
   4.3875589707477829        6.4649931201397712E-002
   4.3938358791465637        3.4428842631855583E-002
   4.4001127875453445       -5.9765294634008528E-003
   4.4063896959441253       -4.4613894702309746E-002
   4.4126666043429061       -7.0056049592853040E-002
   4.4189435127416870       -7.4789466065902116E-002
   4.4252204211404678       -5.7434379413142139E-002
   4.4314973295392486       -2.3136696832417897E-002
   4.4377742379380294        1.7977549084116549E-002
   4.4440511463368102        5.3813772534677631E-002
   4.4503280547355910        7.3880455796998937E-002
   4.4566049631343718        7.2356875907862883E-002
   4.4628818715331526        4.9756127863002764E-002
   4.4691587799319334        1.2712839254496748E-002
   4.4754356883307143       -2.8012149531642633E-002
   4.4817125967294951       -6.0694191778130610E-002
   4.4879895051282759       -7.6029746810425985E-002
   4.4942664135270567       -6.9758204722006889E-002
   4.5005433219258375       -4.3784795212615892E-002
   4.5068202303246183       -5.5251491807263523E-003
   4.5130971387233991        3.4287000045077967E-002
   4.5193740471221799        6.4656513139390207E-002
   4.5256509555209607        7.7359135559342318E-002
   4.5319278639197416        6.9110993262991971E-002
   4.5382047723185224        4.2319349993495597E-002
   4.5444816807173032        4.2771455708286244E-003
   4.5507585891160840       -3.4907858771403857E-002
   4.5570354975148648       -6.5038467121797811E-002
   4.5633124059136456       -7.8462817852631442E-002
   4.5695893143124264       -7.1944710667410899E-002
   4.5758662227112072       -4.7335754968218950E-002
   4.5821431311099881       -1.0947219284066593E-002
   4.5884200395087689        2.8150043969708816E-002
   4.5946969479075497        6.0422169298814672E-002
   4.6009738563063305        7.8178808866331093E-002
   4.6072507647051113        7.7341376964417577E-002
   4.6135276731038921        5.8288679824301068E-002
   4.6198045815026729        2.5634672405379730E-002
   4.6260814899014537       -1.2954506340517974E-002
   4.6323583983002345       -4.8588988904896838E-002
   4.6386353066990154       -7.3191330289229334E-002
   4.6449122150977962       -8.1284040076721797E-002
   4.6511891234965770       -7.1151605912515500E-002
   4.6574660318953578       -4.5149665213446981E-002
   4.6637429402941386       -9.1217096688111544E-003
   4.6700198486929194        2.8927959921686043E-002
   4.6762967570917002        6.0605488458500500E-002
   4.6825736654904810        7.8958403704097194E-002
   4.6888505738892619        7.9977090273129894E-002
   4.6951274822880427        6.3452187503159840E-002
   4.7014043906868235        3.3010743694459763E-002
   4.7076812990856043       -4.6736841742346120E-003
   4.7139582074843851       -4.1328993016837547E-002
   4.7202351158831659       -6.8883877110488184E-002
   4.7265120242819467       -8.1235468468786237E-002
   4.7327889326807275       -7.5604436916293899E-002
   4.7390658410795083       -5.3178706744302404E-002
   4.7453427494782892       -1.8893804968025243E-002
   4.7516196578770700        1.9619026724500877E-002
   4.7578965662758508        5.3703703581955739E-002
   4.7641734746746316        7.5613591815089184E-002
   4.7704503830734124        8.0283606845286890E-002
   4.7767272914721932        6.6535520959476013E-002
   4.7830041998709740        3.7424196572590503E-002
   4.7892811082697548       -3.8382251860911504E-004
   4.7955580166685357       -3.8090033111990759E-002
   4.8018349250673165       -6.6788290703921477E-002
   4.8081118334660973       -7.9577353677540708E-002
   4.8143887418648781       -7.3262017680082073E-002
   4.8206656502636589       -4.9216579507330438E-002
   4.8269425586624397       -1.3165148480034011E-002
   4.8332194670612205        2.6114567173502003E-002
   4.8394963754600013        5.8890758404137329E-002
   4.8457732838587821        7.6891343008771013E-002
   4.8520501922575630        7.5436097844741423E-002
   4.8583271006563438        5.4728858657702349E-002
   4.8646040090551246        1.9936721255430528E-002
   4.8708809174539054       -2.0021017873526968E-002
   4.8771578258526862       -5.4714833279104258E-002
   4.8834347342514670       -7.4928496819876247E-002
   4.8897116426502478       -7.5154127546656596E-002
   4.8959885510490286       -5.5171800506848633E-002
   4.9022654594478094       -2.0241276652924644E-002
   4.9085423678465903        2.0206491789104893E-002
   4.9148192762453711        5.5076304451249745E-002
   4.9210961846441519        7.4658968029278253E-002
   4.9273730930429327        7.3383472893177662E-002
   4.9336500014417135        5.1475996430633358E-002
   4.9399269098404943        1.5010835695920920E-002
   4.9462038182392751       -2.5716063518306905E-002
   4.9524807266380559       -5.9072427340731010E-002
   4.9587576350368368       -7.5429032530729606E-002
   4.9650345434356176       -6.9985439026226698E-002
   4.9713114518343984       -4.4235267242195279E-002
   4.9775883602331792       -5.6062786081308600E-003
   4.9838652686319600        3.4654722217210547E-002
   4.9901421770307408        6.4754729047726653E-002
   4.9964190854295216        7.5828397187318500E-002
   5.0026959938283024        6.4579112424228008E-002
   5.0089729022270832        3.4288393411717209E-002
   5.0152498106258641       -6.1242838641278746E-003
   5.0215267190246449       -4.4725457659909477E-002
   5.0278036274234257       -7.0100478008110201E-002
   5.0340805358222065       -7.4741892661256776E-002
   5.0403574442209873       -5.7279495128427969E-002
   5.0466343526197681       -2.2884427677907260E-002
   5.0529112610185480        1.8271888611707664E-002
   5.0591881694173289        5.4039713355670004E-002
   5.0654650778161097        7.3888126160607900E-002
   5.0717419862148905        7.2005132333369415E-002
   5.0780188946136713        4.8984948717986532E-002
   5.0842958030124521        1.1615456890958541E-002
   5.0905727114112329       -2.9152434148419580E-002
   5.0968496198100137       -6.1435643115652444E-002
   5.1031265282087945       -7.5887521065312283E-002
   5.1094034366075753       -6.8386799759594732E-002
   5.1156803450063562       -4.1175350249653256E-002
   5.1219572534051370       -2.1406930973764263E-003
   5.1282341618039178        3.7514982351253313E-002
   5.1345110702026986        6.6515800333213027E-002
   5.1407879786014794        7.6714741209375534E-002
   5.1470648870002602        6.5345689422950395E-002
   5.1533417953990410        3.5710526274031866E-002
   5.1596187037978218       -3.8499039323139448E-003
   5.1658956121966026       -4.2362761924319696E-002
   5.1721725205953835       -6.9295411365750625E-002
   5.1784494289941643       -7.7421706610181995E-002
   5.1847263373929451       -6.4703237810599057E-002
   5.1910032457917259       -3.4710257566215687E-002
   5.1972801541905067        4.4734390717585063E-003
   5.2035570625892875        4.2504902660895003E-002
   5.2098339709880683        6.9546324367598944E-002
   5.2161108793868491        7.8789209423409917E-002
   5.2223877877856300        6.8093988256164931E-002
   5.2286646961844108        4.0369962817773337E-002
   5.2349416045831916        2.6689908544519354E-003
   5.2412185129819724       -3.5704415924240375E-002
   5.2474954213807532       -6.5537786951837512E-002
   5.2537723297795340       -7.9907403198220192E-002
   5.2600492381783148       -7.5707036904669206E-002
   5.2663261465770956       -5.4192243943959870E-002
   5.2726030549758764       -2.0485183546923035E-002
   5.2788799633746573        1.7765885121790580E-002
   5.2851568717734381        5.2200330298705258E-002
   5.2914337801722189        7.5587623730479739E-002
   5.2977106885709997        8.3291802666258241E-002
   5.3039875969697805        7.4076635769369778E-002
   5.3102645053685613        5.0143521634981411E-002
   5.3165414137673421        1.6469857820536078E-002
   5.3228183221661229       -2.0345663646782388E-002
   5.3290952305649038       -5.3447779074861528E-002
   5.3353721389636846       -7.7009324836517401E-002
   5.3416490473624654       -8.7199327586843817E-002
   5.3479259557612462       -8.2691035381572367E-002
   5.3542028641600270       -6.4673726024819786E-002
   5.3604797725588078       -3.6430024856428309E-002
   5.3667566809575886       -2.6110362909457525E-003
   5.3730335893563694        3.1624245308385666E-002
   5.3793104977551502        6.1441113610676105E-002
   5.3855874061539311        8.3000486747092178E-002
   5.3918643145527119        9.3886591179424314E-002
   5.3981412229514927        9.3263137232453955E-002
   5.4044181313502735        8.1779418304659846E-002
   5.4106950397490543        6.1283770255101587E-002
   5.4169719481478351        3.4421018630386754E-002
   5.4232488565466159        4.1932296352525508E-003
   5.4295257649453967       -2.6447552067493441E-002
   5.4358026733441775       -5.4925046494721547E-002
   5.4420795817429584       -7.9255972489201632E-002
   5.4483564901417392       -9.8153241212943429E-002
   5.4546333985405200      -0.11102675460377660     
   5.4609103069393008      -0.11790439861887468     
   5.4671872153380816      -0.11930099503628910     
   5.4734641237368624      -0.11606392652535653     
   5.4797410321356432      -0.10921994277482569     
   5.4860179405344240       -9.9840934523386216E-002
   5.4922948489332049       -8.8939196627592046E-002
   5.4985717573319857       -7.7396039738592132E-002
   5.5048486657307665       -6.5922381852581036E-002
   5.5111255741295473       -5.5046464161438220E-002
   5.5174024825283281       -4.5122059832052183E-002
   5.5236793909271089       -3.6350177918300940E-002
   5.5299562993258897       -2.8807907664416783E-002
   5.5362332077246705       -2.2479274256870855E-002
   5.5425101161234513       -1.7284428172232975E-002
   5.5487870245222322       -1.3104893839664121E-002
   5.5550639329210130       -9.8037954640045489E-003
   5.5613408413197938       -7.2408782367053984E-003
   5.5676177497185746       -5.2827449110401199E-003
   5.5738946581173554       -3.8090637884687834E-003
   5.5801715665161362       -2.7156330926588900E-003
   5.5864484749149170       -1.9151716209812083E-003
   5.5927253833136978       -1.3366058765934251E-003
   5.5990022917124787       -9.2346541565004948E-004
   5.6052792001112595       -6.3184538493539673E-004
   5.6115561085100403       -4.2826763758574752E-004
   5.6178330169088211       -2.8765136774467427E-004
   5.6241099253076019       -1.9150887780618260E-004
   5.6303868337063827       -1.2641542855405341E-004
   5.6366637421051635       -8.2758175649382635E-005
   5.6429406505039443       -5.3743574021261666E-005
   5.6492175589027251       -3.4629545266127758E-005
   5.6554944673015060       -2.2144540013510024E-005
   5.6617713757002868       -1.4056482856648656E-005
   5.6680482840990676       -8.8585647756950973E-006
   5.6743251924978484       -5.5438233239961592E-006
   5.6806021008966292       -3.4458326346378125E-006
   5.6868790092954100       -2.1276176638798610E-006
   5.6931559176941908       -1.3052122426859224E-006
   5.6994328260929716       -7.9565829069356080E-007
   5.7057097344917524       -4.8205736712115699E-007
   5.7119866428905333       -2.9030964690624462E-007
   5.7182635512893141       -1.7381224251366653E-007
   5.7245404596880949       -1.0346960802162058E-007
   5.7308173680868757       -6.1252502933831940E-008
   5.7370942764856565       -3.6062954738459598E-008
   5.7433711848844373       -2.1120103710251873E-008
   5.7496480932832181       -1.2304308507662286E-008
   5.7559250016819989       -7.1324334573190055E-009
   5.7622019100807798       -4.1135994325495010E-009
   5.7684788184795606       -2.3614010566597656E-009
   5.7747557268783414       -1.3487954955450221E-009
   5.7810326352771222       -7.6719196302491963E-010
   5.7873095436759030       -4.3408492109877664E-010
   5.7935864520746838       -2.4483436696700911E-010
   5.7998633604734646       -1.3720287875716458E-010
   5.8061402688722454       -7.6844927840525644E-011
   5.8124171772710262       -4.2593232141900465E-011
   5.8186940856698071       -2.3770710043470366E-011
   5.8249709940685879       -1.2966471617781046E-011
   5.8312479024673687       -7.2806217455643812E-012
   5.8375248108661495       -3.8445443076903032E-012
   5.8438017192649303       -2.2377854111864805E-012
   5.8500786276637111       -1.0843507768493349E-012
   5.8563555360624919       -7.1626522044064126E-013
   5.8626324444612727       -2.6294511408798252E-013
   5.8689093528600536       -2.6014803943036322E-013
   5.8751862612588344       -2.4603130787219461E-014
   5.8814631696576152       -1.2348929774640078E-013
   5.8877400780563960        4.0870610369961758E-014
   5.8940169864551768       -8.1174889774940091E-014
   5.9002938948539576        5.6000356759467904E-014
   5.9065708032527384       -6.6376993450601611E-014
   5.9128477116515192        5.7222660535922295E-014
   5.9191246200503000       -6.0003700675932879E-014
   5.9254015284490809        5.4777851495064741E-014
   5.9316784368478617       -5.5059099512806288E-014
   5.9379553452466425        5.2643293087916185E-014
   5.9442322536454233       -5.0842281182616100E-014
   5.9505091620442041        4.9517042405009477E-014
   5.9567860704429849       -4.7714310091332681E-014
   5.9630629788417657        4.6603887802413598E-014
   5.9693398872405457       -4.5138401914887305E-014
   5.9756167956393265        4.3909621703833650E-014
   5.9818937040381073       -4.2039592114608742E-014
   5.9881706124368881        4.1852360615582146E-014
   5.9944475208356689       -3.9581524791645947E-014
   6.0007244292344497        3.9362514341920252E-014
   6.0070013376332305       -3.7316885861489642E-014
   6.0132782460320113        3.7019715018835370E-014
   6.0195551544307921       -3.5847054975895705E-014
   6.0258320628295730        3.4770811996621585E-014
   6.0321089712283538       -3.3601645869012307E-014
   6.0383858796271346        3.3266187371269634E-014
   6.0446627880259154       -3.1694964527428821E-014
   6.0509396964246962        3.1321392040269078E-014
   6.0572166048234770       -3.0432421558840276E-014
   6.0634935132222578        2.9199025445793669E-014
   6.0697704216210386       -2.9286557430628000E-014
   6.0760473300198194        2.7691337852333000E-014
   6.0823242384186003       -2.7437648260284212E-014
   6.0886011468173811        2.6719471641050244E-014
   6.0948780552161619       -2.5943492215569918E-014
   6.1011549636149427        2.5496326198075101E-014
   6.1074318720137235       -2.4171855344242522E-014
   6.1137087804125043        2.4667223640445266E-014
   6.1199856888112851       -2.3039000137269067E-014
   6.1262625972100659        2.2836299000025967E-014
   6.1325395056088468       -2.3077610844838824E-014
   6.1388164140076276        2.1107436440644971E-014
   6.1450933224064084       -2.1997539287719924E-014
   6.1513702308051892        2.0247062986223498E-014
   6.1576471392039700       -2.0339393287325151E-014
   6.1639240476027508        2.0231810870525990E-014
   6.1702009560015316       -1.8827209949494226E-014
   6.1764778644003124        1.9250097493165954E-014
   6.1827547727990932       -1.8498520372348571E-014
   6.1890316811978741        1.7890112155936971E-014
   6.1953085895966549       -1.8194634091376647E-014
   6.2015854979954357        1.7021413620477965E-014
   6.2078624063942165       -1.7095027721030252E-014
   6.2141393147929973        1.6506017478657704E-014
   6.2204162231917781       -1.6062516009391302E-014
   6.2266931315905589        1.5738946338446075E-014
   6.2329700399893397       -1.5817240912685051E-014
   6.2392469483881206        1.4954010773053053E-014
   6.2455238567869014       -1.4780851030811698E-014
   6.2518007651856822        1.4958991731562838E-014
   6.2580776735844630       -1.4041931995015991E-014
   6.2643545819832438        1.3986407683483445E-014
   6.2706314903820246       -1.3662748617431837E-014
   6.2769083987808054        1.3171382837529164E-014
   6.2831853071795862       -1.3458889022322971E-014
