   6.2769083987808056E-003  -5.6802905204067868E-004
   1.2553816797561611E-002  -7.0252792538096846E-004
   1.8830725196342418E-002  -8.6538809310806296E-004
   2.5107633595123222E-002  -1.0625548554553440E-003
   3.1384541993904030E-002  -1.3010030729330804E-003
   3.7661450392684835E-002  -1.5888827923441150E-003
   4.3938358791465640E-002  -1.9356697253761065E-003
   5.0215267190246445E-002  -2.3523158546230566E-003
   5.6492175589027249E-002  -2.8513934106721588E-003
   6.2769083987808061E-002  -3.4472230144526736E-003
   6.9045992386588859E-002  -4.1559738921429718E-003
   7.5322900785369670E-002  -4.9957207633863042E-003
   8.1599809184150468E-002  -5.9864383298828573E-003
   8.7876717582931280E-002  -7.1499103659657956E-003
   9.4153625981712077E-002  -8.5095264201644621E-003
  0.10043053438049289       -1.0089935357913960E-002
  0.10670744277927370       -1.1916521799468931E-002
  0.11298435117805450       -1.4014669450645728E-002
  0.11926125957683531       -1.6408775040752756E-002
  0.12553816797561612       -1.9120978862597213E-002
  0.13181507637439691       -2.2169583670860683E-002
  0.13809198477317772       -2.5567143942556856E-002
  0.14436889317195853       -2.9318223276946425E-002
  0.15064580157073934       -3.3416839985164745E-002
  0.15692270996952015       -3.7843650477918912E-002
  0.16319961836830094       -4.2562957315092555E-002
  0.16947652676708175       -4.7519673574510160E-002
  0.17575343516586256       -5.2636426530026779E-002
  0.18203034356464337       -5.7811039416013781E-002
  0.18830725196342415       -6.2914686835443323E-002
  0.19458416036220497       -6.7791072107964701E-002
  0.20086106876098578       -7.2257016783922864E-002
  0.20713797715976659       -7.6104875217452503E-002
  0.21341488555854740       -7.9107180571430555E-002
  0.21969179395732819       -8.1023882102359251E-002
  0.22596870235610900       -8.1612436211146194E-002
  0.23224561075488981       -8.0640856069125605E-002
  0.23852251915367062       -7.7903600230072062E-002
  0.24479942755245140       -7.3239888358693855E-002
  0.25107633595123224       -6.6553678454942131E-002
  0.25735324435001306       -5.7834141137027700E-002
  0.26363015274879381       -4.7175051029964318E-002
  0.26990706114757462       -3.4791124671697760E-002
  0.27618396954635543       -2.1029023147877766E-002
  0.28246087794513625       -6.3705713221295099E-003
  0.28873778634391706        8.5742044291712734E-003
  0.29501469474269787        2.3086281552436347E-002
  0.30129160314147868        3.6370470340376569E-002
  0.30756851154025949        4.7602189119864809E-002
  0.31384541993904030        5.5987080011587156E-002
  0.32012232833782106        6.0830623252051255E-002
  0.32639923673660187        6.1612990837469413E-002
  0.33267614513538268        5.8062481072423393E-002
  0.33895305353416350        5.0219260650979647E-002
  0.34522996193294431        3.8480126496367159E-002
  0.35150687033172512        2.3614920072095438E-002
  0.35778377873050593        6.7463865587176070E-003
  0.36406068712928674       -1.0712116623652641E-002
  0.37033759552806755       -2.7162539374178854E-002
  0.37661450392684831       -4.0967711356906383E-002
  0.38289141232562912       -5.0626250769493092E-002
  0.38916832072440993       -5.4959999280738213E-002
  0.39544522912319074       -5.3291522635480065E-002
  0.40172213752197156       -4.5585570752264368E-002
  0.40799904592075237       -3.2527919395581036E-002
  0.41427595431953318       -1.5518678548215993E-002
  0.42055286271831399        3.4345475537413779E-003
  0.42682977111709480        2.1925529229261678E-002
  0.43310667951587556        3.7446111410415026E-002
  0.43938358791465637        4.7739169064827773E-002
  0.44566049631343718        5.1160442195600647E-002
  0.45193740471221799        4.6991032234934157E-002
  0.45821431311099881        3.5639782276215462E-002
  0.46449122150977962        1.8683037159877403E-002
  0.47076812990856043       -1.2906202067656321E-003
  0.47704503830734124       -2.1032368342048819E-002
  0.48332194670612205       -3.7146146277447473E-002
  0.48959885510490281       -4.6689017620579254E-002
  0.49587576350368362       -4.7754940047417226E-002
  0.50215267190246449       -3.9923569703595140E-002
  0.50842958030124530       -2.4463993569796567E-002
  0.51470648870002611       -4.2173379870449760E-003
  0.52098339709880681        1.6860220112132236E-002
  0.52726030549758762        3.4439922687291173E-002
  0.53353721389636843        4.4720885368526045E-002
  0.53981412229514925        4.5304609930602306E-002
  0.54609103069393006        3.5837629728154574E-002
  0.55236793909271087        1.8241317253158352E-002
  0.55864484749149168       -3.5772945423249271E-003
  0.56492175589027249       -2.4524969000331045E-002
  0.57119866428905330       -3.9491318593489845E-002
  0.57747557268783412       -4.4630281226568591E-002
  0.58375248108661493       -3.8430980461456904E-002
  0.59002938948539574       -2.2267631996505929E-002
  0.59630629788417655       -2.2018187184080198E-004
  0.60258320628295736        2.1864898500540429E-002
  0.60886011468173817        3.7890005671155622E-002
  0.61513702308051899        4.3221845731053123E-002
  0.62141393147929980        3.6122911677503304E-002
  0.62769083987808061        1.8439908957217567E-002
  0.63396774827686131       -4.7376885397906474E-003
  0.64024465667564212       -2.6447180203255188E-002
  0.64652156507442293       -3.9919174746958018E-002
  0.65279847347320374       -4.0743240424494759E-002
  0.65907538187198456       -2.8431140455292873E-002
  0.66535229027076537       -6.7972411058605069E-003
  0.67162919866954618        1.7085650112715081E-002
  0.67790610706832699        3.5127457512463475E-002
  0.68418301546710780        4.0981354542856133E-002
  0.69045992386588861        3.2383392240022173E-002
  0.69673683226466943        1.2182016276655166E-002
  0.70301374066345024       -1.2440242072814927E-002
  0.70929064906223105       -3.2419732851734155E-002
  0.71556755746101186       -4.0148074032294610E-002
  0.72184446585979267       -3.2472829536664867E-002
  0.72812137425857348       -1.2150473522921654E-002
  0.73439828265735430        1.2960599074509220E-002
  0.74067519105613511        3.2826536648611057E-002
  0.74695209945491581        3.9249002511873438E-002
  0.75322900785369662        2.9366171274168438E-002
  0.75950591625247743        7.1118239526813650E-003
  0.76578282465125824       -1.8160787173335306E-002
  0.77205973305003905       -3.5509502851466299E-002
  0.77833664144881987       -3.7172726959560955E-002
  0.78461354984760068       -2.2194201696762807E-002
  0.79089045824638149        2.8451489261041647E-003
  0.79716736664516230        2.6543707160008138E-002
  0.80344427504394311        3.7815743042369718E-002
  0.80972118344272392        3.1167733130290583E-002
  0.81599809184150474        9.5692474703340021E-003
  0.82227500024028555       -1.6657068472858978E-002
  0.82855190863906636       -3.4645957175218935E-002
  0.83482881703784717       -3.5326947440060347E-002
  0.84110572543662798       -1.8160236252005257E-002
  0.84738263383540879        8.2731846133417639E-003
  0.85365954223418961        3.0394782968595758E-002
  0.85993645063297042        3.6578147939617063E-002
  0.86621335903175112        2.3385835607324358E-002
  0.87249026743053193       -2.3127043943329652E-003
  0.87876717582931274       -2.6731336713282202E-002
  0.88504408422809355       -3.6503348939984387E-002
  0.89132099262687436       -2.6094663795319467E-002
  0.89759790102565518       -1.1335178941962638E-003
  0.90387480942443599        2.4440532135509601E-002
  0.91015171782321680        3.6084024236765475E-002
  0.91642862622199761        2.6997229491400869E-002
  0.92270553462077842        2.2785687509722934E-003
  0.92898244301955923       -2.3747753440934306E-002
  0.93525935141834005       -3.5752010051299056E-002
  0.94153625981712086       -2.6497569960765674E-002
  0.94781316821590167       -1.3771634664731058E-003
  0.95409007661468248        2.4552133237640897E-002
  0.96036698501346329        3.5521636309240844E-002
  0.96664389341224410        2.4711603168612820E-002
  0.97292080181102492       -1.3427393565164218E-003
  0.97919771020980562       -2.6541000207917467E-002
  0.98547461860858643       -3.5111436160556612E-002
  0.99175152700736724       -2.1561583629862335E-002
  0.99802843540614805        5.6432989427019414E-003
   1.0043053438049290        2.9229373074409301E-002
   1.0105822522037098        3.4049939265937954E-002
   1.0168591606024906        1.6902070614949551E-002
   1.0231360690012714       -1.1197347489628303E-002
   1.0294129774000522       -3.1976321381579291E-002
   1.0356898857988328       -3.1783362968660578E-002
   1.0419667941976136       -1.0655475935594096E-002
   1.0482437025963944        1.7511551582305902E-002
   1.0545206109951752        3.4019488754225176E-002
   1.0607975193939561        2.7800613516497385E-002
   1.0670744277927369        2.9420267970505414E-003
   1.0733513361915177       -2.3884397530914044E-002
   1.0796282445902985       -3.4553008964804267E-002
   1.0859051529890793       -2.1774264352591083E-002
   1.0921820613878601        5.8234256046883429E-003
   1.0984589697866409        2.9430618104608629E-002
   1.1047358781854217        3.2857934247595727E-002
   1.1110127865842025        1.3696509392933142E-002
   1.1172896949829834       -1.4900080408047257E-002
   1.1235666033817642       -3.3185955326926010E-002
   1.1298435117805450       -2.8465122304032670E-002
   1.1361204201793258       -3.9693102166084952E-003
   1.1423973285781066        2.3283044283741294E-002
   1.1486742369768874        3.4279484012405249E-002
   1.1549511453756682        2.1302866700227779E-002
   1.1612280537744490       -6.5946168398835709E-003
   1.1675049621732299       -2.9857467251812996E-002
   1.1737818705720107       -3.2127321784177210E-002
   1.1800587789707915       -1.1779284992788233E-002
   1.1863356873695723        1.6868999666415588E-002
   1.1926125957683531        3.3605239023163612E-002
   1.1988895041671339        2.6590830121894848E-002
   1.2051664125659147        7.6660589739797804E-004
   1.2114433209646955       -2.5597224529975083E-002
   1.2177202293634763       -3.3818115701278344E-002
   1.2239971377622572       -1.8054663753260512E-002
   1.2302740461610380        1.0519867494167430E-002
   1.2365509545598188        3.1623055238312561E-002
   1.2428278629585996        3.0262048139991189E-002
   1.2491047713573804        7.3976543946295582E-003
   1.2553816797561612       -2.0723981729467812E-002
   1.2616585881549420       -3.4114726629645153E-002
   1.2679354965537226       -2.3257071906685054E-002
   1.2742124049525034        4.1295402764815010E-003
   1.2804893133512842        2.8583518002217680E-002
   1.2867662217500651        3.2739218958049238E-002
   1.2930431301488459        1.3656941305327658E-002
   1.2993200385476267       -1.5114336419473280E-002
   1.3055969469464075       -3.3178233042756924E-002
   1.3118738553451883       -2.7756287241902974E-002
   1.3181507637439691       -2.7066228226227682E-003
   1.3244276721427499        2.4259500658288958E-002
   1.3307045805415307        3.4127831221685528E-002
   1.3369814889403115        1.9978785693813478E-002
   1.3432583973390924       -8.2087007330847207E-003
   1.3495353057378732       -3.0651011884725972E-002
   1.3558122141366540       -3.1665843433094247E-002
   1.3620891225354348       -1.0592666048321198E-002
   1.3683660309342156        1.7857372236431884E-002
   1.3746429393329964        3.3934716599742752E-002
   1.3809198477317772        2.6558667422524152E-002
   1.3871967561305580        8.7916737779755749E-004
   1.3934736645293389       -2.5416486986713005E-002
   1.3997505729281197       -3.4336257063778422E-002
   1.4060274813269005       -1.9856202612858236E-002
   1.4123043897256813        8.1144026227033695E-003
   1.4185812981244621        3.0610864252931698E-002
   1.4248582065232429        3.2494006177723633E-002
   1.4311351149220237        1.2569834858414081E-002
   1.4374120233208045       -1.5767896475130948E-002
   1.4436889317195853       -3.3619460168816867E-002
   1.4499658401183662       -2.9176609859019400E-002
   1.4562427485171470       -5.4480359863162773E-003
   1.4625196569159278        2.1879202669108339E-002
   1.4687965653147086        3.4860809609149439E-002
   1.4750734737134894        2.5047675878182622E-002
   1.4813503821122702       -1.0996089085259296E-003
   1.4876272905110510       -2.6541536525199489E-002
   1.4939041989098316       -3.4785380529940277E-002
   1.5001811073086124       -2.0536180804670401E-002
   1.5064580157073932        6.9683331138525074E-003
   1.5127349241061741        2.9991000142181343E-002
   1.5190118325049549        3.3733995150381169E-002
   1.5252887409037357        1.5816816410405315E-002
   1.5315656493025165       -1.2247189573790378E-002
   1.5378425577012973       -3.2465595907790391E-002
   1.5441194661000781       -3.1893976206239606E-002
   1.5503963744988589       -1.0905258774315651E-002
   1.5566732828976397        1.7063442261915016E-002
   1.5629501912964205        3.4109535115961473E-002
   1.5692270996952014        2.9316023997774041E-002
   1.5755040080939822        5.7441652939093325E-003
   1.5817809164927630       -2.1507342256078636E-002
   1.5880578248915438       -3.4957248515620654E-002
   1.5943347332903246       -2.5954195318293176E-002
   1.6006116416891054       -2.6309775851252970E-004
   1.6068885500878862        2.5592524698030999E-002
   1.6131654584866670        3.4936387099490339E-002
   1.6194423668854478        2.1706217665362754E-002
   1.6257192752842287       -5.5711324774284487E-003
   1.6319961836830095       -2.9227668760797486E-002
   1.6382730920817903       -3.3879094126722770E-002
   1.6445500004805711       -1.6456963500699032E-002
   1.6508269088793519        1.1707076923089912E-002
   1.6571038172781327        3.2197139340364556E-002
   1.6633807256769135        3.1545489041197652E-002
   1.6696576340756943        1.0131091725065313E-002
   1.6759345424744752       -1.7962235086489919E-002
   1.6822114508732560       -3.4155143328533560E-002
   1.6884883592720368       -2.7666811617226939E-002
   1.6947652676708176       -2.7583295494744446E-003
   1.7010421760695984        2.3982347550363367E-002
   1.7073190844683792        3.4643964667383204E-002
   1.7135959928671600        2.2017187925094047E-002
   1.7198729012659408       -5.4484574372250091E-003
   1.7261498096647214       -2.9217551489312314E-002
   1.7324267180635022       -3.3153704018673437E-002
   1.7387036264622830       -1.4524504053350415E-002
   1.7449805348610639        1.4012581400291773E-002
   1.7512574432598447        3.2942686404676617E-002
   1.7575343516586255        2.9239776959766359E-002
   1.7638112600574063        5.3973969614505854E-003
   1.7700881684561871       -2.2164242328134888E-002
   1.7763650768549679       -3.4362746240026831E-002
   1.7826419852537487       -2.2690965066924779E-002
   1.7889188936525295        4.7764920748370691E-003
   1.7951958020513104        2.8901018266338778E-002
   1.8014727104500912        3.2799163871112917E-002
   1.8077496188488720        1.3700713090445691E-002
   1.8140265272476528       -1.5017412758645425E-002
   1.8203034356464336       -3.3159336389267324E-002
   1.8265803440452144       -2.7920901590281905E-002
   1.8328572524439952       -2.9705173686085076E-003
   1.8391341608427760        2.4075552420975435E-002
   1.8454110692415568        3.4076509410365718E-002
   1.8516879776403377        1.9931689062488173E-002
   1.8579648860391185       -8.3462077086327927E-003
   1.8642417944378993       -3.0698495365882806E-002
   1.8705187028366801       -3.1250850547305274E-002
   1.8767956112354609       -9.6029229053966655E-003
   1.8830725196342417        1.8868167818936105E-002
   1.8893494280330225        3.3929028366126525E-002
   1.8956263364318033        2.4875436076607266E-002
   1.9019032448305841       -1.8564353317317114E-003
   1.9081801532293650       -2.7270446273754655E-002
   1.9144570616281458       -3.3317132235925535E-002
   1.9207339700269266       -1.5711980078515705E-002
   1.9270108784257074        1.3042369896146599E-002
   1.9332877868244882        3.2552942142088016E-002
   1.9395646952232690        2.9005147862205274E-002
   1.9458416036220498        4.9284784544377531E-003
   1.9521185120208304       -2.2636448887808074E-002
   1.9583954204196112       -3.4220410019485149E-002
   1.9646723288183920       -2.1671084067684490E-002
   1.9709492372171729        6.1440310751036953E-003
   1.9772261456159537        2.9644603465771774E-002
   1.9835030540147345        3.2337729117301359E-002
   1.9897799624135153        1.2367921125397316E-002
   1.9960568708122961       -1.6258837609910471E-002
   2.0023337792110771       -3.3544217485402171E-002
   2.0086106876098579       -2.7469961150996435E-002
   2.0148875960086388       -2.3042211918253923E-003
   2.0211645044074196        2.4467724996958675E-002
   2.0274414128062004        3.4333489246396467E-002
   2.0337183212049812        2.0532350688260127E-002
   2.0399952296037620       -7.3884934668541789E-003
   2.0462721380025428       -3.0258578609655157E-002
   2.0525490464013236       -3.2472613822017604E-002
   2.0588259548001044       -1.2585869198995939E-002
   2.0651028631988853        1.5845994328515581E-002
   2.0713797715976656        3.3588155159499179E-002
   2.0776566799964464        2.8740962100382336E-002
   2.0839335883952272        4.6346271889528799E-003
   2.0902104967940081       -2.2577579934668891E-002
   2.0964874051927889       -3.4815323186057068E-002
   2.1027643135915697       -2.4054385883168335E-002
   2.1090412219903505        2.5301523783914279E-003
   2.1153181303891313        2.7477704907210895E-002
   2.1215950387879121        3.4564763672963891E-002
   2.1278719471866929        1.9292603436997451E-002
   2.1341488555854737       -8.4020361011014639E-003
   2.1404257639842545       -3.0744682533004549E-002
   2.1467026723830354       -3.3564306803797003E-002
   2.1529795807818162       -1.5188734734495049E-002
   2.1592564891805970        1.2731606263202607E-002
   2.1655333975793778        3.2740942785074584E-002
   2.1718103059781586        3.2504733889826588E-002
   2.1780872143769394        1.2295515336379724E-002
   2.1843641227757202       -1.5431229199671754E-002
   2.1906410311745010       -3.3842003353717003E-002
   2.1969179395732819       -3.1943160604666385E-002
   2.2031948479720627       -1.1009739876557002E-002
   2.2094717563708435        1.6449787292832023E-002
   2.2157486647696243        3.4297543316290376E-002
   2.2220255731684051        3.2241626767090976E-002
   2.2283024815671859        1.1624064227732064E-002
   2.2345793899659667       -1.5644370598643431E-002
   2.2408562983647475       -3.4103647347169877E-002
   2.2471332067635283       -3.3505151154607456E-002
   2.2534101151623092       -1.4351968036272492E-002
   2.2596870235610900        1.2687679206373859E-002
   2.2659639319598708        3.2879097982309931E-002
   2.2722408403586516        3.5464344145006217E-002
   2.2785177487574324        1.9253090921482526E-002
   2.2847946571562132       -7.0638910010627186E-003
   2.2910715655549940       -2.9756903277368879E-002
   2.2973484739537748       -3.7269420496923646E-002
   2.3036253823525557       -2.5988614823353226E-002
   2.3099022907513365       -1.7562872652374950E-003
   2.3161791991501173        2.3369827758604068E-002
   2.3224561075488981        3.7218223811666278E-002
   2.3287330159476789        3.3335109824437152E-002
   2.3350099243464597        1.3788068648148825E-002
   2.3412868327452405       -1.2162108858568452E-002
   2.3475637411440213       -3.2613316922040197E-002
   2.3538406495428021       -3.8493840475346215E-002
   2.3601175579415830       -2.7440226433566275E-002
   2.3663944663403638       -4.5014535453051030E-003
   2.3726713747391446        2.0382617721336267E-002
   2.3789482831379254        3.6796667608906306E-002
   2.3852251915367062        3.8162357928901117E-002
   2.3915020999354870        2.4193150489467831E-002
   2.3977790083342678        6.6806317334781504E-004
   2.4040559167330486       -2.3148454274594586E-002
   2.4103328251318294       -3.8231411966652085E-002
   2.4166097335306103       -3.9150021987126957E-002
   2.4228866419293911       -2.5843551901952404E-002
   2.4291635503281719       -3.3246518016847872E-003
   2.4354404587269527        2.0382660827149408E-002
   2.4417173671257335        3.7178288357392522E-002
   2.4479942755245143        4.1607629865776985E-002
   2.4542711839232951        3.2484912231109914E-002
   2.4605480923220759        1.3002221430624177E-002
   2.4668250007208568       -1.0553484039407207E-002
   2.4731019091196376       -3.0929353900512137E-002
   2.4793788175184184       -4.2142732367786782E-002
   2.4856557259171992       -4.1146364563059049E-002
   2.4919326343159800       -2.8499732886705199E-002
   2.4982095427147608       -7.9649116703398217E-003
   2.5044864511135416        1.4740684901827129E-002
   2.5107633595123224        3.3600639893934733E-002
   2.5170402679111032        4.3878879952258809E-002
   2.5233171763098841        4.3222107808069794E-002
   2.5295940847086644        3.2062838666359846E-002
   2.5358709931074452        1.3306965674007342E-002
   2.5421479015062260       -8.5327041173190541E-003
   2.5484248099050069       -2.8486060595883156E-002
   2.5547017183037877       -4.2260623881439717E-002
   2.5609786267025685       -4.7110882903554557E-002
   2.5672555351013493       -4.2287273606738417E-002
   2.5735324435001301       -2.9024281214419603E-002
   2.5798093518989109       -1.0130602385344334E-002
   2.5860862602976917        1.0683519578123522E-002
   2.5923631686964725        2.9575087048216875E-002
   2.5986400770952534        4.3274202275383623E-002
   2.6049169854940342        4.9605459823259881E-002
   2.6111938938928150        4.7757365241077029E-002
   2.6174708022915958        3.8288941111079118E-002
   2.6237477106903766        2.2910735261744055E-002
   2.6300246190891574        4.1097725617378180E-003
   2.6363015274879382       -1.5297958949306795E-002
   2.6425784358867190       -3.2606735428419624E-002
   2.6488553442854998       -4.5586907318753180E-002
   2.6551322526842807       -5.2735166908004928E-002
   2.6614091610830615       -5.3392136120365065E-002
   2.6676860694818423       -4.7732652596728896E-002
   2.6739629778806231       -3.6651192351869179E-002
   2.6802398862794039       -2.1575088705410965E-002
   2.6865167946781847       -4.2416206072110347E-003
   2.6927937030769655        1.3527278724297606E-002
   2.6990706114757463        3.0025328891441314E-002
   2.7053475198745272        4.3818461171277474E-002
   2.7116244282733080        5.3847975339130355E-002
   2.7179013366720888        5.9478920766507362E-002
   2.7241782450708696        6.0498897906009194E-002
   2.7304551534696504        5.7076916016665397E-002
   2.7367320618684312        4.9694225473318837E-002
   2.7430089702672120        3.9059428611067822E-002
   2.7492858786659928        2.6019094221696369E-002
   2.7555627870647736        1.1473056511556803E-002
   2.7618396954635545       -3.6989485782384659E-003
   2.7681166038623353       -1.8695259908358595E-002
   2.7743935122611161       -3.2833204093908157E-002
   2.7806704206598969       -4.5573217811799502E-002
   2.7869473290586777       -5.6527885576437210E-002
   2.7932242374574585       -6.5458506745855558E-002
   2.7995011458562393       -7.2262237920723296E-002
   2.8057780542550201       -7.6952900508249086E-002
   2.8120549626538009       -7.9638300276323876E-002
   2.8183318710525818       -8.0496478267870625E-002
   2.8246087794513626       -7.9752791450867472E-002
   2.8308856878501434       -7.7659180559207439E-002
   2.8371625962489242       -7.4476475670686784E-002
   2.8434395046477050       -7.0460151941649465E-002
   2.8497164130464858       -6.5849596622842982E-002
   2.8559933214452666       -6.0860688728181345E-002
   2.8622702298440474       -5.5681319601891148E-002
   2.8685471382428283       -5.0469385049636863E-002
   2.8748240466416091       -4.5352743406728006E-002
   2.8811009550403899       -4.0430643774856993E-002
   2.8873778634391707       -3.5776170310241787E-002
   2.8936547718379515       -3.1439309331103588E-002
   2.8999316802367323       -2.7450315900312695E-002
   2.9062085886355131       -2.3823127655293014E-002
   2.9124854970342939       -2.0558640554175129E-002
   2.9187624054330747       -1.7647720463689596E-002
   2.9250393138318556       -1.5073874359264196E-002
   2.9313162222306364       -1.2815544827649628E-002
   2.9375931306294172       -1.0848021928292050E-002
   2.9438700390281980       -9.1449882237567455E-003
   2.9501469474269788       -7.6797271786116783E-003
   2.9564238558257596       -6.4260335153480536E-003
   2.9627007642245404       -5.3588678380053819E-003
   2.9689776726233212       -4.4547981140524882E-003
   2.9752545810221021       -3.6922684942577353E-003
   2.9815314894208829       -3.0517323241718453E-003
   2.9878083978196632       -2.5156817401691925E-003
   2.9940853062184440       -2.0686014695432023E-003
   3.0003622146172249       -1.6968697292171788E-003
   3.0066391230160057       -1.3886246925807193E-003
   3.0129160314147865       -1.1336110080574693E-003
   3.0191929398135673       -9.2301738615675061E-004
   3.0254698482123481       -7.4931333372577264E-004
   3.0317467566111289       -6.0609069476123020E-004
   3.0380236650099097       -4.8791370495725867E-004
   3.0443005734086905       -3.9017973675810590E-004
   3.0505774818074713       -3.0899173249065461E-004
   3.0568543902062522       -2.4104244559103598E-004
   3.0631312986050330       -1.8350996625444310E-004
   3.0694082070038138       -1.3396355865954052E-004
   3.0756851154025946       -9.0278525974956235E-005
   3.0819620238013754       -5.0558622009358150E-005
   3.0882389322001562       -1.3064401366361568E-005
   3.0945158405989370        2.3854166845641367E-005
   3.1007927489977178        6.1822534957300536E-005
   3.1070696573964987        1.0250558276019521E-004
   3.1133465657952795        1.4767251207180326E-004
   3.1196234741940603        1.9926432362886087E-004
   3.1259003825928411        2.5946553593578209E-004
   3.1321772909916219        3.3078173799375068E-004
   3.1384541993904027        4.1612447118288766E-004
   3.1447311077891835        5.1890477489700696E-004
   3.1510080161879643        6.4313650084958337E-004
   3.1572849245867451        7.9355015512291328E-004
   3.1635618329855260        9.7571754962343799E-004
   3.1698387413843068        1.1961868760368085E-003
   3.1761156497830876        1.4626269308045891E-003
   3.1823925581818684        1.7839780498141631E-003
   3.1886694665806492        2.1706058277144321E-003
   3.1949463749794300        2.6344518296758401E-003
   3.2012232833782108        3.1891732350683476E-003
   3.2075001917769916        3.8502606343368017E-003
   3.2137771001757724        4.6351200538927717E-003
   3.2200540085745533        5.5631017187532409E-003
   3.2263309169733341        6.6554541871526804E-003
   3.2326078253721149        7.9351784301676595E-003
   3.2388847337708957        9.4267524429858807E-003
   3.2451616421696765        1.1155693374428156E-002
   3.2514385505684573        1.3147921433947489E-002
   3.2577154589672381        1.5428888546776152E-002
   3.2639923673660189        1.8022435641745140E-002
   3.2702692757647998        2.0949346414283622E-002
   3.2765461841635806        2.4225573422334314E-002
   3.2828230925623614        2.7860125464183861E-002
   3.2891000009611422        3.1852624423628781E-002
   3.2953769093599230        3.6190566030911551E-002
   3.3016538177587038        4.0846352944238898E-002
   3.3079307261574846        4.5774210330879070E-002
   3.3142076345562654        5.0907143197937377E-002
   3.3204845429550462        5.6154149522431487E-002
   3.3267614513538271        6.1397961006482794E-002
   3.3330383597526079        6.6493639704458471E-002
   3.3393152681513887        7.1268407880432524E-002
   3.3455921765501695        7.5523122463867262E-002
   3.3518690849489503        7.9035815026210474E-002
   3.3581459933477311        8.1567692623951416E-002
   3.3644229017465119        8.2871923036635056E-002
   3.3706998101452927        8.2705399306384805E-002
   3.3769767185440736        8.0843484776481400E-002
   3.3832536269428544        7.7097476848406246E-002
   3.3895305353416352        7.1334197835910232E-002
   3.3958074437404160        6.3496735856222453E-002
   3.4020843521391968        5.3624940255602778E-002
   3.4083612605379776        4.1873860054397388E-002
   3.4146381689367584        2.8527949376522026E-002
   3.4209150773355392        1.4008612171498312E-002
   3.4271919857343200       -1.1274097979250249E-003
   3.4334688941331009       -1.6201113633435855E-002
   3.4397458025318817       -3.0437573358734472E-002
   3.4460227109306620       -4.3006453866942199E-002
   3.4522996193294428       -5.3076347157257231E-002
   3.4585765277282237       -5.9880956581396902E-002
   3.4648534361270045       -6.2793276498570499E-002
   3.4711303445257853       -6.1401944615262688E-002
   3.4774072529245661       -5.5582120007838874E-002
   3.4836841613233469       -4.5551860708157234E-002
   3.4899610697221277       -3.1904376637036075E-002
   3.4962379781209085       -1.5607048396632373E-002
   3.5025148865196893        2.0399985472772742E-003
   3.5087917949184702        1.9489546921210243E-002
   3.5150687033172510        3.5076046256890203E-002
   3.5213456117160318        4.7180283784732123E-002
   3.5276225201148126        5.4416137259131733E-002
   3.5338994285135934        5.5819265025001834E-002
   3.5401763369123742        5.1012709696611723E-002
   3.5464532453111550        4.0322157318845052E-002
   3.5527301537099358        2.4815117317750428E-002
   3.5590070621087166        6.2443462350555839E-003
   3.5652839705074975       -1.3113388472757646E-002
   3.5715608789062783       -3.0717259738983663E-002
   3.5778377873050591       -4.4097774389891070E-002
   3.5841146957038399       -5.1227059040107083E-002
   3.5903916041026207       -5.0869501306376796E-002
   3.5966685125014015       -4.2851003538435718E-002
   3.6029454209001823       -2.8187767992091765E-002
   3.6092223292989631       -9.0299602632071263E-003
   3.6154992376977440        1.1598260012490251E-002
   3.6217761460965248        3.0245553769264657E-002
   3.6280530544953056        4.3611030425478328E-002
   3.6343299628940864        4.9160890342327519E-002
   3.6406068712928672        4.5668529380968728E-002
   3.6468837796916480        3.3558751778578769E-002
   3.6531606880904288        1.4958165656252109E-002
   3.6594375964892096       -6.5988969789653584E-003
   3.6657145048879904       -2.6791936525847899E-002
   3.6719914132867713       -4.1370001650341520E-002
   3.6782683216855521       -4.7079905233182610E-002
   3.6845452300843329       -4.2463381147160667E-002
   3.6908221384831137       -2.8320045107350887E-002
   3.6970990468818945       -7.6841434201361438E-003
   3.7033759552806753        1.4738374282822556E-002
   3.7096528636794561        3.3596771585413708E-002
   3.7159297720782369        4.4179904435621760E-002
   3.7222066804770177        4.3654562994969136E-002
   3.7284835888757986        3.1924565870853822E-002
   3.7347604972745794        1.1835792208000172E-002
   3.7410374056733602       -1.1402009432254931E-002
   3.7473143140721410       -3.1500059606357489E-002
   3.7535912224709218       -4.2790556234893744E-002
   3.7598681308697026       -4.1890121195028052E-002
   3.7661450392684834       -2.8828392753905120E-002
   3.7724219476672642       -7.2446223721105664E-003
   3.7786988560660451        1.6503570018167105E-002
   3.7849757644648259        3.5149006526747295E-002
   3.7912526728636067        4.2754174300779636E-002
   3.7975295812623875        3.6694211590318979E-002
   3.8038064896611683        1.8701885195100951E-002
   3.8100833980599491       -5.4674188934270077E-003
   3.8163603064587299       -2.7766076879010931E-002
   3.8226372148575107       -4.0506360430001546E-002
   3.8289141232562915       -3.9078132193016375E-002
   3.8351910316550724       -2.3757497682222052E-002
   3.8414679400538532        1.3869416597361617E-004
   3.8477448484526340        2.3956870700308181E-002
   3.8540217568514148        3.8786385258780365E-002
   3.8602986652501956        3.8847906957580704E-002
   3.8665755736489764        2.3891127866802104E-002
   3.8728524820477572       -4.3510159506160000E-004
   3.8791293904465380       -2.4559174190539493E-002
   3.8854062988453189       -3.8693239994553097E-002
   3.8916832072440997       -3.6868054037271017E-002
   3.8979601156428805       -1.9617268363657799E-002
   3.9042370240416608        5.9486173667103095E-003
   3.9105139324404417        2.8917531273319752E-002
   3.9167908408392225        3.9196072608069059E-002
   3.9230677492380033        3.2044048884240013E-002
   3.9293446576367841        1.0452655398699828E-002
   3.9356215660355649       -1.5893322793607421E-002
   3.9418984744343457       -3.4835425962171526E-002
   3.9481753828331265       -3.7371574897330354E-002
   3.9544522912319073       -2.2088506303035514E-002
   3.9607291996306881        3.8478458526120356E-003
   3.9670061080294690        2.7869753750508861E-002
   3.9732830164282498        3.8045061690744349E-002
   3.9795599248270306        2.9106773303101841E-002
   3.9858368332258114        5.3842100247352923E-003
   3.9921137416245922       -2.1080724326027003E-002
   3.9983906500233730       -3.6542176717908804E-002
   4.0046675584221543       -3.2745188297437132E-002
   4.0109444668209351       -1.1516577299937974E-002
   4.0172213752197159        1.5888142167309126E-002
   4.0234982836184967        3.4618506343129546E-002
   4.0297751920172775        3.4297005500119528E-002
   4.0360521004160583        1.4929328803083024E-002
   4.0423290088148391       -1.2791012797745076E-002
   4.0486059172136200       -3.3240027981311718E-002
   4.0548828256124008       -3.4669848115300703E-002
   4.0611597340111816       -1.6101548573085742E-002
   4.0674366424099624        1.1818078612187066E-002
   4.0737135508087432        3.2774412279384685E-002
   4.0799904592075240        3.4312772421526049E-002
   4.0862673676063048        1.5374983953087959E-002
   4.0925442760050856       -1.2792861187744638E-002
   4.0988211844038664       -3.3181950506218111E-002
   4.1050980928026473       -3.3291205170720248E-002
   4.1113750012014281       -1.2923754776459441E-002
   4.1176519096002089        1.5431855415901261E-002
   4.1239288179989897        3.4140235930177586E-002
   4.1302057263977705        3.1401040811504667E-002
   4.1364826347965504        8.8244475258829561E-003
   4.1427595431953312       -1.9345055822435338E-002
   4.1490364515941121       -3.5121624373125743E-002
   4.1553133599928929       -2.8294354592504779E-002
   4.1615902683916737       -3.1689691854484849E-003
   4.1678671767904545        2.4000417452606407E-002
   4.1741440851892353        3.5461015324999859E-002
   4.1804209935880161        2.3613882885714203E-002
   4.1866979019867969       -3.8172671339292401E-003
   4.1929748103855777       -2.8699860464822667E-002
   4.1992517187843585       -3.4444609101312848E-002
   4.2055286271831394       -1.7135748482884169E-002
   4.2118055355819202        1.1678584893420494E-002
   4.2180824439807010        3.2599217692062608E-002
   4.2243593523794818        3.1433294655002456E-002
   4.2306362607782626        8.9041035484208105E-003
   4.2369131691770434       -1.9687502486015435E-002
   4.2431900775758242       -3.4795468212348919E-002
   4.2494669859746050       -2.6013799374271975E-002
   4.2557438943733858        6.7309890786944500E-004
   4.2620208027721667        2.6885353303937109E-002
   4.2682977111709475        3.4478368427290892E-002
   4.2745746195697283        1.8143201140288737E-002
   4.2808515279685091       -1.0806678945920739E-002
   4.2871284363672899       -3.2214483313892109E-002
   4.2934053447660707       -3.1112451863683749E-002
   4.2996822531648515       -8.2343804425016789E-003
   4.3059591615636323        2.0412015829251274E-002
   4.3122360699624132        3.4714985813569667E-002
   4.3185129783611940        2.4593801301260990E-002
   4.3247898867599748       -2.8515393890676220E-003
   4.3310667951587556       -2.8280462998368783E-002
   4.3373437035575364       -3.3731360188030773E-002
   4.3436206119563172       -1.5331482073534223E-002
   4.3498975203550980        1.3916948530022484E-002
   4.3561744287538788        3.3303389090686891E-002
   4.3624513371526596        2.9077693881222014E-002
   4.3687282455514405        4.2238849947046448E-003
   4.3750051539502213       -2.3626343890149823E-002
   4.3812820623490021       -3.4695639318599869E-002
   4.3875589707477829       -2.1114355512520607E-002
   4.3938358791465637        7.4717139706215038E-003
   4.4001127875453445        3.0746644950414608E-002
   4.4063896959441253        3.2166581567764335E-002
   4.4126666043429061        1.0723989587193660E-002
   4.4189435127416870       -1.8340004342130789E-002
   4.4252204211404678       -3.4377752287953665E-002
   4.4314973295392486       -2.6008120946182146E-002
   4.4377742379380294        8.1677731111732014E-004
   4.4440511463368102        2.7065912107641584E-002
   4.4503280547355910        3.4147201095138698E-002
   4.4566049631343718        1.7068937213672759E-002
   4.4628818715331526       -1.2074263948240989E-002
   4.4691587799319334       -3.2704166980188694E-002
   4.4754356883307143       -3.0300662991934565E-002
   4.4817125967294951       -6.5902745384999401E-003
   4.4879895051282759        2.1751856168582266E-002
   4.4942664135270567        3.4873363983695657E-002
   4.5005433219258375        2.3642032559898132E-002
   4.5068202303246183       -4.0626472348054832E-003
   4.5130971387233991       -2.8956917751430177E-002
   4.5193740471221799       -3.3810642157637363E-002
   4.5256509555209607       -1.5330302409486777E-002
   4.5319278639197416        1.3703840488837349E-002
   4.5382047723185224        3.3359544916052447E-002
   4.5444816807173032        3.0243953921311434E-002
   4.5507585891160840        6.5507735389395789E-003
   4.5570354975148648       -2.1594362889673660E-002
   4.5633124059136456       -3.5175821880855905E-002
   4.5695893143124264       -2.5109876179040772E-002
   4.5758662227112072        1.7807770810255301E-003
   4.5821431311099881        2.7496976729403232E-002
   4.5884200395087689        3.4949757012675768E-002
   4.5946969479075497        1.9263991790743958E-002
   4.6009738563063305       -9.1379510404500184E-003
   4.6072507647051113       -3.1545782133793346E-002
   4.6135276731038921       -3.3297127013041862E-002
   4.6198045815026729       -1.3306658103348095E-002
   4.6260814899014537        1.5353825629311906E-002
   4.6323583983002345        3.4057348669346080E-002
   4.6386353066990154        3.0715722901075087E-002
   4.6449122150977962        7.5318825160138039E-003
   4.6511891234965770       -2.0512906786071757E-002
   4.6574660318953578       -3.5363381542100711E-002
   4.6637429402941386       -2.7494443958247863E-002
   4.6700198486929194       -1.9806030409916593E-003
   4.6762967570917002        2.4805730354723523E-002
   4.6825736654904810        3.5703734578885482E-002
   4.6888505738892619        2.3742456876506706E-002
   4.6951274822880427       -3.4161825120611342E-003
   4.7014043906868235       -2.8388074646629048E-002
   4.7076812990856043       -3.5186433672980758E-002
   4.7139582074843851       -1.9451290742677457E-002
   4.7202351158831659        8.7461560999372353E-003
   4.7265120242819467        3.1331866061451996E-002
   4.7327889326807275        3.3803052729512000E-002
   4.7390658410795083        1.4551127877264040E-002
   4.7453427494782892       -1.4060698349879686E-002
   4.7516196578770700       -3.3605438120834372E-002
   4.7578965662758508       -3.1453115923031461E-002
   4.7641734746746316       -8.9611578928995052E-003
   4.7704503830734124        1.9331327524549226E-002
   4.7767272914721932        3.5064115054572902E-002
   4.7830041998709740        2.7974485405848709E-002
   4.7892811082697548        2.6401176937075189E-003
   4.7955580166685357       -2.4412346654574875E-002
   4.8018349250673165       -3.5452161942316020E-002
   4.8081118334660973       -2.3185579244251468E-002
   4.8143887418648781        4.3582563283575491E-003
   4.8206656502636589        2.9011068055931056E-002
   4.8269425586624397        3.4422985229310789E-002
   4.8332194670612205        1.6945824875243699E-002
   4.8394963754600013       -1.1825353610548116E-002
   4.8457732838587821       -3.2674120758461996E-002
   4.8520501922575630       -3.1588577875048131E-002
   4.8583271006563438       -9.2396772918853527E-003
   4.8646040090551246        1.9339094115361635E-002
   4.8708809174539054        3.4805573697262455E-002
   4.8771578258526862        2.6614448700919485E-002
   4.8834347342514670        2.8545921480375243E-004
   4.8897116426502478       -2.6227840410261338E-002
   4.8959885510490286       -3.4743548196938458E-002
   4.9022654594478094       -1.9358533002618600E-002
   4.9085423678465903        9.3741359483367290E-003
   4.9148192762453711        3.1611454690409213E-002
   4.9210961846441519        3.1914427515738863E-002
   4.9273730930429327        1.0023264324097302E-002
   4.9336500014417135       -1.8848310608353954E-002
   4.9399269098404943       -3.4539452731922007E-002
   4.9462038182392751       -2.6035910909014172E-002
   4.9524807266380559        7.3763885937727040E-004
   4.9587576350368368        2.6985645462579470E-002
   4.9650345434356176        3.4218929041182296E-002
   4.9713114518343984        1.7308749278204565E-002
   4.9775883602331792       -1.1827186618657219E-002
   4.9838652686319600       -3.2591669083183006E-002
   4.9901421770307408       -3.0272168615777428E-002
   4.9964190854295216       -6.4942540182138329E-003
   5.0026959938283024        2.1888438315290738E-002
   5.0089729022270832        3.4730537107844899E-002
   5.0152498106258641        2.2904621242689598E-002
   5.0215267190246449       -5.1946969464108598E-003
   5.0278036274234257       -2.9601697009945652E-002
   5.0340805358222065       -3.2969620780957866E-002
   5.0403574442209873       -1.2905741313835319E-002
   5.0466343526197681        1.6329546427313147E-002
   5.0529112610185480        3.3966043953811434E-002
   5.0591881694173289        2.7484700850134079E-002
   5.0654650778161097        1.4965192105816480E-003
   5.0717419862148905       -2.5555713183965142E-002
   5.0780188946136713       -3.4499526774573269E-002
   5.0842958030124521       -1.9015792274312573E-002
   5.0905727114112329        9.9218286655564925E-003
   5.0968496198100137        3.1853318039459150E-002
   5.1031265282087945        3.1308142985323827E-002
   5.1094034366075753        8.6964432509628493E-003
   5.1156803450063562       -2.0040564794945179E-002
   5.1219572534051370       -3.4702201596616168E-002
   5.1282341618039178       -2.5024739991086727E-002
   5.1345110702026986        2.1772528985773169E-003
   5.1407879786014794        2.7865577692673844E-002
   5.1470648870002602        3.4130486778488657E-002
   5.1533417953990410        1.6651291414364590E-002
   5.1596187037978218       -1.2391109774773083E-002
   5.1658956121966026       -3.2865802406330448E-002
   5.1721725205953835       -3.0657292804028728E-002
   5.1784494289941643       -7.3424039523319849E-003
   5.1847263373929451        2.1021853176945108E-002
   5.1910032457917259        3.5016946446216710E-002
   5.1972801541905067        2.5143071485799563E-002
   5.2035570625892875       -1.8179642003514685E-003
   5.2098339709880683       -2.7562419208421281E-002
   5.2161108793868491       -3.4738088646936616E-002
   5.2223877877856300       -1.8593660971271603E-002
   5.2286646961844108        9.9907588845317263E-003
   5.2349416045831916        3.1943322198505368E-002
   5.2412185129819724        3.2749906140713096E-002
   5.2474954213807532        1.1968705996067771E-002
   5.2537723297795340       -1.6676063660598872E-002
   5.2600492381783148       -3.4461147193526186E-002
   5.2663261465770956       -2.9898946667632792E-002
   5.2726030549758764       -6.0431309368177430E-003
   5.2788799633746573        2.1706746727786587E-002
   5.2851568717734381        3.5638957192251131E-002
   5.2914337801722189        2.7002316038226257E-002
   5.2977106885709997        1.3608084622497695E-003
   5.3039875969697805       -2.5152826164013962E-002
   5.3102645053685613       -3.6067677825797145E-002
   5.3165414137673421       -2.4749734529069110E-002
   5.3228183221661229        1.7302742674518447E-003
   5.3290952305649038        2.7182624400990174E-002
   5.3353721389636846        3.6267225899772056E-002
   5.3416490473624654        2.3663606862952314E-002
   5.3479259557612462       -2.9938847090468564E-003
   5.3542028641600270       -2.7915403722374665E-002
   5.3604797725588078       -3.6575549155440416E-002
   5.3667566809575886       -2.4094450377944783E-002
   5.3730335893563694        2.2055285258091033E-003
   5.3793104977551502        2.7280955482660216E-002
   5.3855874061539311        3.7046362296045555E-002
   5.3918643145527119        2.6202441515336246E-002
   5.3981412229514927        9.1143912274507875E-004
   5.4044181313502735       -2.4904732192429734E-002
   5.4106950397490543       -3.7321946434867630E-002
   5.4169719481478351       -2.9855098202298494E-002
   5.4232488565466159       -6.6456195244746375E-003
   5.4295257649453967        2.0052379464784071E-002
   5.4358026733441775        3.6469395427187364E-002
   5.4420795817429584        3.4387102781338393E-002
   5.4483564901417392        1.5068389092774314E-002
   5.4546333985405200       -1.1724980563096602E-002
   5.4609103069393008       -3.2837637727267110E-002
   5.4671872153380816       -3.8200844610911791E-002
   5.4734641237368624       -2.5489319254738307E-002
   5.4797410321356432       -8.7973473364195769E-004
   5.4860179405344240        2.4167322357792079E-002
   5.4922948489332049        3.8340598313212605E-002
   5.4985717573319857        3.5514433542446468E-002
   5.5048486657307665        1.7187445580283484E-002
   5.5111255741295473       -8.5346568551741709E-003
   5.5174024825283281       -3.0699108272443695E-002
   5.5236793909271089       -4.0202747081378207E-002
   5.5299562993258897       -3.3408000794719818E-002
   5.5362332077246705       -1.3306401890561988E-002
   5.5425101161234513        1.2017198738591840E-002
   5.5487870245222322        3.2778911682307565E-002
   5.5550639329210130        4.1281467175767896E-002
   5.5613408413197938        3.4637043512882153E-002
   5.5676177497185746        1.5529179079208900E-002
   5.5738946581173554       -9.0706830713561167E-003
   5.5801715665161362       -3.0579914168778817E-002
   5.5864484749149170       -4.1814516657283460E-002
   5.5927253833136978       -3.9284937413117171E-002
   5.5990022917124787       -2.4094756606111590E-002
   5.6052792001112595       -1.2967896100484072E-003
   5.6115561085100403        2.1929539945213638E-002
   5.6178330169088211        3.8593221658894852E-002
   5.6241099253076019        4.3948608966345379E-002
   5.6303868337063827        3.6716070735398378E-002
   5.6366637421051635        1.9206380937495458E-002
   5.6429406505039443       -3.5646189098710308E-003
   5.6492175589027251       -2.5414394240599585E-002
   5.6554944673015060       -4.0697983564150789E-002
   5.6617713757002868       -4.5712486667362794E-002
   5.6680482840990676       -3.9477575027549762E-002
   5.6743251924978484       -2.3771044943565522E-002
   5.6806021008966292       -2.5000433657371220E-003
   5.6868790092954100        1.9362056741026090E-002
   5.6931559176941908        3.6973567112113061E-002
   5.6994328260929716        4.6670094242134481E-002
   5.7057097344917524        4.6647268765652228E-002
   5.7119866428905333        3.7180988405409378E-002
   5.7182635512893141        2.0399497999792526E-002
   5.7245404596880949       -2.8715910746075020E-004
   5.7308173680868757       -2.0941567538510921E-002
   5.7370942764856565       -3.7867078578792721E-002
   5.7433711848844373       -4.8244004960160125E-002
   5.7496480932832181       -5.0536577291132187E-002
   5.7559250016819989       -4.4631291935142085E-002
   5.7622019100807798       -3.1721717564313759E-002
   5.7684788184795606       -1.3996304040926432E-002
   5.7747557268783414        5.7906344876165966E-003
   5.7810326352771222        2.4779273154526112E-002
   5.7873095436759030        4.0420500681410329E-002
   5.7935864520746838        5.0792901027036853E-002
   5.7998633604734646        5.4790424148432743E-002
   5.8061402688722454        5.2175309462534736E-002
   5.8124171772710262        4.3511222944243449E-002
   5.8186940856698071        3.0005518070155553E-002
   5.8249709940685879        1.3296382729108353E-002
   5.8312479024673687       -4.7789960090032285E-003
   5.8375248108661495       -2.2403778264892441E-002
   5.8438017192649303       -3.7964710041118642E-002
   5.8500786276637111       -5.0184836668600873E-002
   5.8563555360624919       -5.8200257230964482E-002
   5.8626324444612727       -6.1583117842483562E-002
   5.8689093528600536       -6.0318665383147042E-002
   5.8751862612588344       -5.4747583432650015E-002
   5.8814631696576152       -4.5486141949350994E-002
   5.8877400780563960       -3.3336278273215975E-002
   5.8940169864551768       -1.9196075169463585E-002
   5.9002938948539576       -3.9787193958287911E-003
   5.9065708032527384        1.1454630185053109E-002
   5.9128477116515192        2.6345197766682128E-002
   5.9191246200503000        4.0069517437919311E-002
   5.9254015284490809        5.2156005816843924E-002
   5.9316784368478617        6.2287441525069674E-002
   5.9379553452466425        7.0292284655041587E-002
   5.9442322536454233        7.6127998948722769E-002
   5.9505091620442041        7.9859424773612742E-002
   5.9567860704429849        8.1634897649456001E-002
   5.9630629788417657        8.1662314324873045E-002
   5.9693398872405457        8.0186800363546806E-002
   5.9756167956393265        7.7471094877527250E-002
   5.9818937040381073        7.3779284269766293E-002
   5.9881706124368881        6.9364114143654398E-002
   5.9944475208356689        6.4457797953636375E-002
   6.0007244292344497        5.9266021993344624E-002
   6.0070013376332305        5.3964710345461658E-002
   6.0132782460320113        4.8699047281489882E-002
   6.0195551544307921        4.3584243053665740E-002
   6.0258320628295730        3.8707556950221676E-002
   6.0321089712283538        3.4131145061302860E-002
   6.0383858796271346        2.9895367845421458E-002
   6.0446627880259154        2.6022265100079010E-002
   6.0509396964246962        2.2518976674676082E-002
   6.0572166048234770        1.9380951713635717E-002
   6.0634935132222578        1.6594844832883093E-002
   6.0697704216210386        1.4141043262729391E-002
   6.0760473300198194        1.1995804643761454E-002
   6.0823242384186003        1.0133011508029642E-002
   6.0886011468173811        8.5255666924338794E-003
   6.0948780552161619        7.1464653298758968E-003
   6.1011549636149427        5.9695850652753341E-003
   6.1074318720137235        4.9702380251298193E-003
   6.1137087804125043        4.1255270233409016E-003
   6.1199856888112851        3.4145454634423016E-003
   6.1262625972100659        2.8184562170659780E-003
   6.1325395056088468        2.3204800014919526E-003
   6.1388164140076276        1.9058189184126984E-003
   6.1450933224064084        1.5615361336657506E-003
   6.1513702308051892        1.2764083944537988E-003
   6.1576471392039700        1.0407642806237591E-003
   6.1639240476027508        8.4631783684342493E-004
   6.1702009560015316        6.8600450790837848E-004
   6.1764778644003124        5.5382408928544413E-004
   6.1827547727990932        4.4469363756117044E-004
   6.1890316811978741        3.5431192157704374E-004
   6.1953085895966549        2.7903595321007398E-004
   6.2015854979954357        2.1576937619216717E-004
   6.2078624063942165        1.6186193892039552E-004
   6.2141393147929973        1.1501890203652287E-004
   6.2204162231917781        7.3218975324455682E-005
   6.2266931315905589        3.4639223229747775E-005
   6.2329700399893397       -2.4147189071194079E-006
   6.2392469483881206       -3.9574821063751064E-005
   6.2455238567869014       -7.8474952997243641E-005
   6.2518007651856822       -1.2081501879775655E-004
   6.2580776735844630       -1.6842664050832387E-004
   6.2643545819832438       -2.2334206538102873E-004
   6.2706314903820246       -2.8786792232554886E-004
   6.2769083987808054       -3.6466536855130733E-004
   6.2831853071795862       -4.5683804330662092E-004
