   6.2769083987808056E-003   2.4416358349930116E-014
   1.2553816797561611E-002  -2.3480401591032142E-014
   1.8830725196342418E-002   2.2623694877869362E-014
   2.5107633595123222E-002  -2.3640046765802973E-014
   3.1384541993904030E-002   2.2619767762845872E-014
   3.7661450392684835E-002  -2.2548862521767644E-014
   4.3938358791465640E-002   2.2716972472171410E-014
   5.0215267190246445E-002  -2.1970746112315007E-014
   5.6492175589027249E-002   2.2107328259894960E-014
   6.2769083987808061E-002  -2.2048613834793264E-014
   6.9045992386588859E-002   2.1449545190094718E-014
   7.5322900785369670E-002  -2.1548181689451629E-014
   8.1599809184150468E-002   2.1165849876827579E-014
   8.7876717582931280E-002  -2.0847072406697114E-014
   9.4153625981712077E-002   2.0972384616290297E-014
  0.10043053438049289       -2.0574354815557466E-014
  0.10670744277927370        2.0207182785763530E-014
  0.11298435117805450       -2.0725711382838349E-014
  0.11926125957683531        1.9672271934227622E-014
  0.12553816797561612       -1.9866555782174990E-014
  0.13181507637439691        1.9863290579929284E-014
  0.13809198477317772       -1.9610686628505395E-014
  0.14436889317195853        1.9160212506525136E-014
  0.15064580157073934       -1.9720591477171370E-014
  0.15692270996952015        1.8601004633568347E-014
  0.16319961836830094       -1.9323133738695322E-014
  0.16947652676708175        1.8515266499219532E-014
  0.17575343516586256       -1.8645778633134415E-014
  0.18203034356464337        1.8498484406819392E-014
  0.18830725196342415       -1.7991911825722410E-014
  0.19458416036220497        1.8301977975660989E-014
  0.20086106876098578       -1.7743256485595273E-014
  0.20713797715976659        1.8178680267256260E-014
  0.21341488555854740       -1.7143841307953453E-014
  0.21969179395732819        1.7771621242803187E-014
  0.22596870235610900       -1.7637415119217850E-014
  0.23224561075488981        1.6753403257252881E-014
  0.23852251915367062       -1.7604386531640231E-014
  0.24479942755245140        1.6596732819591690E-014
  0.25107633595123224       -1.6495374233274436E-014
  0.25735324435001306        1.7158750803964733E-014
  0.26363015274879381       -1.5756677774811024E-014
  0.26990706114757462        1.6504040807824115E-014
  0.27618396954635543       -1.6470124541899032E-014
  0.28246087794513625        1.5720462795968375E-014
  0.28873778634391706       -1.5749455781069143E-014
  0.29501469474269787        1.6231554276607202E-014
  0.30129160314147868       -1.4674815220733549E-014
  0.30756851154025949        1.6078023677266526E-014
  0.31384541993904030       -1.5293365369518983E-014
  0.32012232833782106        1.4588338342042298E-014
  0.32639923673660187       -1.6092951031302906E-014
  0.33267614513538268        1.4386012595195245E-014
  0.33895305353416350       -1.4714111375028374E-014
  0.34522996193294431        1.5327209831588168E-014
  0.35150687033172512       -1.3976675610337369E-014
  0.35778377873050593        1.4380299627085089E-014
  0.36406068712928674       -1.4832071657913880E-014
  0.37033759552806755        1.3778567448678096E-014
  0.37661450392684831       -1.3996630303944620E-014
  0.38289141232562912        1.4815476121693344E-014
  0.38916832072440993       -1.2653745919044266E-014
  0.39544522912319074        1.4913391527622830E-014
  0.40172213752197156       -1.2380421130082674E-014
  0.40799904592075237        1.4303966876954175E-014
  0.41427595431953318       -1.2832362261872268E-014
  0.42055286271831399        1.3555242772775895E-014
  0.42682977111709480       -1.2863503418838073E-014
  0.43310667951587556        1.2886733924372382E-014
  0.43938358791465637       -1.3362943797606558E-014
  0.44566049631343718        1.2344943561777550E-014
  0.45193740471221799       -1.2875512983170763E-014
  0.45821431311099881        1.2854095391989199E-014
  0.46449122150977962       -1.2218347922615856E-014
  0.47076812990856043        1.2426708711391467E-014
  0.47704503830734124       -1.1940437316075697E-014
  0.48332194670612205        1.3208664381785032E-014
  0.48959885510490281       -1.1168377172884478E-014
  0.49587576350368362        1.2642534675083404E-014
  0.50215267190246449       -1.1002955262234072E-014
  0.50842958030124530        1.2173188246356269E-014
  0.51470648870002611       -1.1520762061293929E-014
  0.52098339709880681        1.1739191005767223E-014
  0.52726030549758762       -1.0861772952915897E-014
  0.53353721389636843        1.2654316908840484E-014
  0.53981412229514925       -9.7826336737919403E-015
  0.54609103069393006        1.1910652138732601E-014
  0.55236793909271087       -1.0620626620421063E-014
  0.55864484749149168        1.1829184950086606E-014
  0.56492175589027249       -8.9420548929174760E-015
  0.57119866428905330        1.3186605560339650E-014
  0.57747557268783412       -7.7888651569153203E-015
  0.58375248108661493        1.4292826641840322E-014
  0.59002938948539574       -3.2778753507381927E-015
  0.59630629788417655        2.4439353128262704E-014
  0.60258320628295736        1.5737372587814192E-014
  0.60886011468173817        5.5027492605705860E-014
  0.61513702308051899        6.5502602318860730E-014
  0.62141393147929980        1.3752752909262124E-013
  0.62769083987808061        2.0596664549182130E-013
  0.63396774827686131        3.7268910649463179E-013
  0.64024465667564212        5.9456769316449248E-013
  0.64652156507442293        1.0076092478613140E-012
  0.65279847347320374        1.6301427638970020E-012
  0.65907538187198456        2.6870874184236182E-012
  0.66535229027076537        4.3348369439458005E-012
  0.67162919866954618        7.0108661911293662E-012
  0.67790610706832699        1.1201029431955012E-011
  0.68418301546710780        1.7836973467951644E-011
  0.69045992386588861        2.8148746255491923E-011
  0.69673683226466943        4.4170202994444392E-011
  0.70301374066345024        6.8753579354004868E-011
  0.70929064906223105        1.0628964601598867E-010
  0.71556755746101186        1.6302814525516176E-010
  0.72184446585979267        2.4819189513158956E-010
  0.72812137425857348        3.7482102024303988E-010
  0.73439828265735430        5.6155063749410777E-010
  0.74067519105613511        8.3430526291297936E-010
  0.74695209945491581        1.2290882090600863E-009
  0.75322900785369662        1.7948734374787767E-009
  0.75950591625247743        2.5977301782041651E-009
  0.76578282465125824        3.7251294688600614E-009
  0.77205973305003905        5.2914291026588715E-009
  0.77833664144881987        7.4433041984802875E-009
  0.78461354984760068        1.0365796354812162E-008
  0.79089045824638149        1.4287398764603012E-008
  0.79716736664516230        1.9484342279059313E-008
  0.80344427504394311        2.6281937897944484E-008
  0.80972118344272392        3.5052514168078164E-008
  0.81599809184150474        4.6207227670755969E-008
  0.82227500024028555        6.0180794480839582E-008
  0.82855190863906636        7.7406269168625143E-008
  0.83482881703784717        9.8279172812510258E-008
  0.84110572543662798        1.2310903985402743E-007
  0.84738263383540879        1.5205944790986506E-007
  0.85365954223418961        1.8507737783474247E-007
  0.85993645063297042        2.2181672281959133E-007
  0.86621335903175112        2.6156151652577571E-007
  0.87249026743053193        3.0315884030405603E-007
  0.87876717582931274        3.4497155528528856E-007
  0.88504408422809355        3.8486465824202762E-007
  0.89132099262687436        4.2023873433276899E-007
  0.89759790102565518        4.4812441389791733E-007
  0.90387480942443599        4.6534649107849899E-007
  0.91015171782321680        4.6876190470445077E-007
  0.91642862622199761        4.5556515857727006E-007
  0.92270553462077842        4.2364513717605887E-007
  0.92898244301955923        3.7196299244154113E-007
  0.93525935141834005        3.0091003930622586E-007
  0.94153625981712086        2.1259302911555541E-007
  0.94781316821590167        1.1099071487259983E-007
  0.95409007661468248        1.9263213728183472E-009
  0.96036698501346329       -1.0718636362599910E-007
  0.96664389341224410       -2.0784542436064955E-007
  0.97292080181102492       -2.9120131583026664E-007
  0.97919771020980562       -3.4898853676275972E-007
  0.98547461860858643       -3.7456011496627605E-007
  0.99175152700736724       -3.6390211090314946E-007
  0.99802843540614805       -3.1647970739648938E-007
   1.0043053438049290       -2.3576286256684027E-007
   1.0105822522037098       -1.2929697401894835E-007
   1.0168591606024906       -8.2302571499133512E-009
   1.0231360690012714        1.1372271139518807E-007
   1.0294129774000522        2.2181446242752991E-007
   1.0356898857988328        3.0213842281516203E-007
   1.0419667941976136        3.4360428790800340E-007
   1.0482437025963944        3.3972361701808957E-007
   1.0545206109951752        2.8990081947867301E-007
   1.0607975193939561        1.9996486520448584E-007
   1.0670744277927369        8.1767354590077040E-008
   1.0733513361915177       -4.8190634830185032E-008
   1.0796282445902985       -1.7098047567798364E-007
   1.0859051529890793       -2.6803263265644759E-007
   1.0921820613878601       -3.2407563951777296E-007
   1.0984589697866409       -3.2974400773257600E-007
   1.1047358781854217       -2.8338325629857524E-007
   1.1110127865842025       -1.9167752903192384E-007
   1.1172896949829834       -6.8904172107698024E-008
   1.1235666033817642        6.5149353976808010E-008
   1.1298435117805450        1.8832481953322386E-007
   1.1361204201793258        2.7979605745067536E-007
   1.1423973285781066        3.2370505613767567E-007
   1.1486742369768874        3.1207432951314515E-007
   1.1549511453756682        2.4643235590311959E-007
   1.1612280537744490        1.3779743352041792E-007
   1.1675049621732299        4.9520554412677758E-009
   1.1737818705720107       -1.2874262284862210E-007
   1.1800587789707915       -2.3945828568907568E-007
   1.1863356873695723       -3.0720576509072522E-007
   1.1926125957683531       -3.1954138607622678E-007
   1.1988895041671339       -2.7396385614225771E-007
   1.2051664125659147       -1.7851923911555444E-007
   1.2114433209646955       -5.0457869234731109E-008
   1.2177202293634763        8.6844876909187598E-008
   1.2239971377622572        2.0815648375047223E-007
   1.2302740461610380        2.9105729089531798E-007
   1.2365509545598188        3.2013611206246194E-007
   1.2428278629585996        2.8991164029595178E-007
   1.2491047713573804        2.0591102740649518E-007
   1.2553816797561612        8.3681892600798511E-008
   1.2616585881549420       -5.4089818682446615E-008
   1.2679354965537226       -1.8181749460497257E-007
   1.2742124049525034       -2.7580292443759182E-007
   1.2804893133512842       -3.1866434894098094E-007
   1.2867662217500651       -3.0256019867947745E-007
   1.2930431301488459       -2.3060086975567244E-007
   1.2993200385476267       -1.1619359914753071E-007
   1.3055969469464075        1.9533514011829118E-008
   1.3118738553451883        1.5171556395041849E-007
   1.3181507637439691        2.5636829964467051E-007
   1.3244276721427499        3.1475946492519604E-007
   1.3307045805415307        3.1672210959905518E-007
   1.3369814889403115        2.6232184535928835E-007
   1.3432583973390924        1.6161924093203004E-007
   1.3495353057378732        3.2636118047888735E-008
   1.3558122141366540       -1.0203487908861268E-007
   1.3620891225354348       -2.1930581113084157E-007
   1.3683660309342156       -2.9958919827839681E-007
   1.3746429393329964       -3.3000260760983095E-007
   1.3809198477317772       -3.0626182426966653E-007
   1.3871967561305580       -2.3302034340286510E-007
   1.3934736645293389       -1.2270773826644953E-007
   1.3997505729281197        6.8255965676660953E-009
   1.4060274813269005        1.3537530216992507E-007
   1.4123043897256813        2.4360838851685349E-007
   1.4185812981244621        3.1592457245733575E-007
   1.4248582065232429        3.4254546570806392E-007
   1.4311351149220237        3.2058925661916789E-007
   1.4374120233208045        2.5407132955734779E-007
   1.4436889317195853        1.5293789084598439E-007
   1.4499658401183662        3.1366778468721849E-008
   1.4562427485171470       -9.4356729083591351E-008
   1.4625196569159278       -2.0806261483553244E-007
   1.4687965653147086       -2.9572078889611703E-007
   1.4750734737134894       -3.4703617700326168E-007
   1.4813503821122702       -3.5646752022503327E-007
   1.4876272905110510       -3.2361221161177166E-007
   1.4939041989098316       -2.5298042807886279E-007
   1.5001811073086124       -1.5324627208174154E-007
   1.5064580157073932       -3.6106845552837944E-008
   1.5127349241061741        8.5104086003409135E-008
   1.5190118325049549        1.9689786204520736E-007
   1.5252887409037357        2.8706083951476797E-007
   1.5315656493025165        3.4590052492663333E-007
   1.5378425577012973        3.6720037708324761E-007
   1.5441194661000781        3.4880598516504887E-007
   1.5503963744988589        2.9279913128399426E-007
   1.5566732828976397        2.0525179974654596E-007
   1.5629501912964205        9.5587170212767585E-008
   1.5692270996952014       -2.4392348768012585E-008
   1.5755040080939822       -1.4172130440513998E-007
   1.5817809164927630       -2.4361981849618204E-007
   1.5880578248915438       -3.1884795918897965E-007
   1.5943347332903246       -3.5893337881246354E-007
   1.6006116416891054       -3.5914521264968939E-007
   1.6068885500878862       -3.1910395915341197E-007
   1.6131654584866670       -2.4294600725646046E-007
   1.6194423668854478       -1.3900054336722232E-007
   1.6257192752842287       -1.8984534848035534E-008
   1.6319961836830095        1.0322644202555646E-007
   1.6382730920817903        2.1314133553590635E-007
   1.6445500004805711        2.9735477864467907E-007
   1.6508269088793519        3.4521645214128209E-007
   1.6571038172781327        3.5026404939854730E-007
   1.6633807256769135        3.1122309892755435E-007
   1.6696576340756943        2.3241149913153129E-007
   1.6759345424744752        1.2344612599596673E-007
   1.6822114508732560       -1.7691923233701486E-009
   1.6884883592720368       -1.2670024021989744E-007
   1.6947652676708176       -2.3431165086618080E-007
   1.7010421760695984       -3.0941219897316414E-007
   1.7073190844683792       -3.4089939335477425E-007
   1.7135959928671600       -3.2356575583159359E-007
   1.7198729012659408       -2.5915739872184829E-007
   1.7261498096647214       -1.5645805390167392E-007
   1.7324267180635022       -3.0300766331277920E-008
   1.7387036264622830        1.0042759033010759E-007
   1.7449805348610639        2.1555256017168422E-007
   1.7512574432598447        2.9675975219368347E-007
   1.7575343516586255        3.3063228178815892E-007
   1.7638112600574063        3.1105790589477962E-007
   1.7700881684561871        2.4054836620333076E-007
   1.7763650768549679        1.3016445742377510E-007
   1.7826419852537487       -2.0355209385479304E-009
   1.7889188936525295       -1.3384610986718203E-007
   1.7951958020513104       -2.4263342855033757E-007
   1.8014727104500912       -3.0929997540431748E-007
   1.8077496188488720       -3.2178296097894727E-007
   1.8140265272476528       -2.7741575868682468E-007
   1.8203034356464336       -1.8365668765010942E-007
   1.8265803440452144       -5.6975131997822114E-008
   1.8328572524439952        7.9968068399487870E-008
   1.8391341608427760        2.0236838806379493E-007
   1.8454110692415568        2.8782189464110201E-007
   1.8516879776403377        3.2051360697714055E-007
   1.8579648860391185        2.9424277425624125E-007
   1.8642417944378993        2.1368295317975110E-007
   1.8705187028366801        9.3606123819993506E-008
   1.8767956112354609       -4.3809554138992737E-008
   1.8830725196342417       -1.7309349820895562E-007
   1.8893494280330225       -2.7024251692477092E-007
   1.8956263364318033       -3.1721921360823131E-007
   1.9019032448305841       -3.0532942333602895E-007
   1.9081801532293650       -2.3683421487230452E-007
   1.9144570616281458       -1.2449510058521967E-007
   1.9207339700269266        1.0850580862266475E-008
   1.9270108784257074        1.4420903195653003E-007
   1.9332877868244882        2.5108966072906878E-007
   1.9395646952232690        3.1201915913042251E-007
   1.9458416036220498        3.1606789584967943E-007
   1.9521185120208304        2.6274874650153059E-007
   1.9583954204196112        1.6196826987027848E-007
   1.9646723288183920        3.2079372537425218E-008
   1.9709492372171729       -1.0356183904314101E-007
   1.9772261456159537       -2.2086739895613468E-007
   1.9835030540147345       -2.9931616041891179E-007
   1.9897799624135153       -3.2550240392620007E-007
   1.9960568708122961       -2.9532149381853113E-007
   2.0023337792110771       -2.1445279040022754E-007
   2.0086106876098579       -9.7120372620940701E-008
   2.0148875960086388        3.6577568898137456E-008
   2.0211645044074196        1.6424150829529777E-007
   2.0274414128062004        2.6498458561215674E-007
   2.0337183212049812        3.2282404376547667E-007
   2.0399952296037620        3.2909883379965718E-007
   2.0462721380025428        2.8356650288913626E-007
   2.0525490464013236        1.9407962595166684E-007
   2.0588259548001044        7.4989726789546433E-008
   2.0651028631988853       -5.5374342845005600E-008
   2.0713797715976656       -1.7768121360948329E-007
   2.0776566799964464       -2.7452080459545998E-007
   2.0839335883952272       -3.3282556461309928E-007
   2.0902104967940081       -3.4546378924027419E-007
   2.0964874051927889       -3.1184239542573345E-007
   2.1027643135915697       -2.3752910637962531E-007
   2.1090412219903505       -1.3305101870872467E-007
   2.1153181303891313       -1.2132961648637225E-008
   2.1215950387879121        1.1031255289861260E-007
   2.1278719471866929        2.2013509647819204E-007
   2.1341488555854737        3.0557944785196487E-007
   2.1404257639842545        3.5842533112469481E-007
   2.1467026723830354        3.7455328676958612E-007
   2.1529795807818162        3.5394545015991403E-007
   2.1592564891805970        3.0020620816588036E-007
   2.1655333975793778        2.1973560825753633E-007
   2.1718103059781586        1.2071249404473125E-007
   2.1780872143769394        1.2039296179683906E-008
   2.1843641227757202       -9.7620861961842701E-008
   2.1906410311745010       -2.0062186407767191E-007
   2.1969179395732819       -2.9087351001814121E-007
   2.2031948479720627       -3.6412937528691756E-007
   2.2094717563708435       -4.1804120001978141E-007
   2.2157486647696243       -4.5202200838653732E-007
   2.2220255731684051       -4.6697095430325053E-007
   2.2283024815671859       -4.6491830382948920E-007
   2.2345793899659667       -4.4864272694433757E-007
   2.2408562983647475       -4.2130571311227715E-007
   2.2471332067635283       -3.8613366643545259E-007
   2.2534101151623092       -3.4616758057790929E-007
   2.2596870235610900       -3.0408645378053320E-007
   2.2659639319598708       -2.6210332109204419E-007
   2.2722408403586516       -2.2192394128490532E-007
   2.2785177487574324       -1.8475645437878929E-007
   2.2847946571562132       -1.5135664846304868E-007
   2.2910715655549940       -1.2209615976640796E-007
   2.2973484739537748       -9.7040447841837572E-008
   2.3036253823525557       -7.6028151434348770E-008
   2.3099022907513365       -5.8743869202068221E-008
   2.3161791991501173       -4.4781237535081653E-008
   2.3224561075488981       -3.3692995401483219E-008
   2.3287330159476789       -2.5029278683621923E-008
   2.3350099243464597       -1.8363954741415248E-008
   2.3412868327452405       -1.3311664240760240E-008
   2.3475637411440213       -9.5362020307373417E-009
   2.3538406495428021       -6.7534248056875292E-009
   2.3601175579415830       -4.7292740650603163E-009
   2.3663944663403638       -3.2757437715387476E-009
   2.3726713747391446       -2.2447825609856358E-009
   2.3789482831379254       -1.5223400796225098E-009
   2.3852251915367062       -1.0219030672083864E-009
   2.3915020999354870       -6.7921116319757085E-010
   2.3977790083342678       -4.4704872550302180E-010
   2.4040559167330486       -2.9149632820383610E-010
   2.4103328251318294       -1.8829161385722200E-010
   2.4166097335306103       -1.2056528948914694E-010
   2.4228866419293911       -7.6495663203931743E-011
   2.4291635503281719       -4.8150545086996143E-011
   2.4354404587269527       -3.0027862654845150E-011
   2.4417173671257335       -1.8604156937799418E-011
   2.4479942755245143       -1.1406611445563559E-011
   2.4542711839232951       -6.9693491284431889E-012
   2.4605480923220759       -4.1968024836724207E-012
   2.4668250007208568       -2.5384124220195783E-012
   2.4731019091196376       -1.4945996745168933E-012
   2.4793788175184184       -9.0379467658649364E-013
   2.4856557259171992       -5.1297522269570339E-013
   2.4919326343159800       -3.1909731584314807E-013
   2.4982095427147608       -1.6590195390439826E-013
   2.5044864511135416       -1.1503425504189741E-013
   2.5107633595123224       -4.6555784872245732E-014
   2.5170402679111032       -4.6185133022351675E-014
   2.5233171763098841       -6.7385569379401163E-015
   2.5295940847086644       -2.3034784398093580E-014
   2.5358709931074452        7.6554511037219065E-015
   2.5421479015062260       -1.6067918922120219E-014
   2.5484248099050069        1.0992895599271785E-014
   2.5547017183037877       -1.4246494547209860E-014
   2.5609786267025685        1.2973328875078657E-014
   2.5672555351013493       -1.3890458262228044E-014
   2.5735324435001301        1.2845890105986942E-014
   2.5798093518989109       -1.4381751880172601E-014
   2.5860862602976917        1.3359266988253499E-014
   2.5923631686964725       -1.4173075317464542E-014
   2.5986400770952534        1.3664475328993596E-014
   2.6049169854940342       -1.4646282960755896E-014
   2.6111938938928150        1.3799861072122290E-014
   2.6174708022915958       -1.4541946226099962E-014
   2.6237477106903766        1.4529162143283029E-014
   2.6300246190891574       -1.4613392350081840E-014
   2.6363015274879382        1.4721182602526319E-014
   2.6425784358867190       -1.4642511528208622E-014
   2.6488553442854998        1.5622057835080918E-014
   2.6551322526842807       -1.4735637747433347E-014
   2.6614091610830615        1.5391251203202813E-014
   2.6676860694818423       -1.5407892195638876E-014
   2.6739629778806231        1.5486704693612706E-014
   2.6802398862794039       -1.5543110448283302E-014
   2.6865167946781847        1.6184436344358661E-014
   2.6927937030769655       -1.5554404197962571E-014
   2.6990706114757463        1.6398027882475326E-014
   2.7053475198745272       -1.5925263679609428E-014
   2.7116244282733080        1.7043440319446300E-014
   2.7179013366720888       -1.5979717245635688E-014
   2.7241782450708696        1.6642002029829499E-014
   2.7304551534696504       -1.7059241759746201E-014
   2.7367320618684312        1.7116629874480061E-014
   2.7430089702672120       -1.6643587209113824E-014
   2.7492858786659928        1.7479541186366630E-014
   2.7555627870647736       -1.7675341752465182E-014
   2.7618396954635545        1.7595124265121628E-014
   2.7681166038623353       -1.7791153914077371E-014
   2.7743935122611161        1.7631927581904039E-014
   2.7806704206598969       -1.8344358396599194E-014
   2.7869473290586777        1.8141906554249084E-014
   2.7932242374574585       -1.8442246492334302E-014
   2.7995011458562393        1.8556174695235863E-014
   2.8057780542550201       -1.8982058486408192E-014
   2.8120549626538009        1.8816806536051047E-014
   2.8183318710525818       -1.9158843506538670E-014
   2.8246087794513626        1.9308074064308422E-014
   2.8308856878501434       -1.9523160368150300E-014
   2.8371625962489242        1.9740988664201475E-014
   2.8434395046477050       -1.9797462697520232E-014
   2.8497164130464858        1.9908263477776808E-014
   2.8559933214452666       -2.0207007943052095E-014
   2.8622702298440474        2.0460857358586379E-014
   2.8685471382428283       -2.0753431016712006E-014
   2.8748240466416091        2.0630904691757174E-014
   2.8811009550403899       -2.0933036280316240E-014
   2.8873778634391707        2.1453595834819805E-014
   2.8936547718379515       -2.1195075223687878E-014
   2.8999316802367323        2.1524106287032403E-014
   2.9062085886355131       -2.1730970078878191E-014
   2.9124854970342939        2.1990989087528748E-014
   2.9187624054330747       -2.2135073978683111E-014
   2.9250393138318556        2.2344296866376238E-014
   2.9313162222306364       -2.2897108886055270E-014
   2.9375931306294172        2.2578432271900180E-014
   2.9438700390281980       -2.3091396093993879E-014
   2.9501469474269788        2.3240434307532036E-014
   2.9564238558257596       -2.3470974176877308E-014
   2.9627007642245404        2.3430671138964150E-014
   2.9689776726233212       -2.3943247247934930E-014
   2.9752545810221021        2.4254705113071352E-014
   2.9815314894208829       -2.4632046322151996E-014
   2.9878083978196632        2.4381290452956930E-014
   2.9940853062184440       -2.5088885084643121E-014
   3.0003622146172249        2.5248794898224746E-014
   3.0066391230160057       -2.5263104596614017E-014
   3.0129160314147865        2.5690054181672188E-014
   3.0191929398135673       -2.5825416027956966E-014
   3.0254698482123481        2.6599516347580603E-014
   3.0317467566111289       -2.6259562171065238E-014
   3.0380236650099097        2.6727314858982856E-014
   3.0443005734086905       -2.7149679262367524E-014
   3.0505774818074713        2.7375013868415143E-014
   3.0568543902062522       -2.7449108491361079E-014
   3.0631312986050330        2.7939874962657378E-014
   3.0694082070038138       -2.8141330996973596E-014
   3.0756851154025946        2.8498845978772104E-014
   3.0819620238013754       -2.8617003919947341E-014
   3.0882389322001562        2.9506885636722016E-014
   3.0945158405989370       -2.9132066177208299E-014
   3.1007927489977178        2.9617403599929947E-014
   3.1070696573964987       -2.9923250052759884E-014
   3.1133465657952795        3.0323119614921276E-014
   3.1196234741940603       -3.0659148385660384E-014
   3.1259003825928411        3.0740649404143280E-014
   3.1321772909916219       -3.1671702733212116E-014
   3.1384541993904027        3.1372802545682620E-014
   3.1447311077891835       -3.2027034069236884E-014
   3.1510080161879643        3.2381387135325024E-014
   3.1572849245867451       -3.2765484589667930E-014
   3.1635618329855260        3.3247552177406111E-014
   3.1698387413843068       -3.3378480000704971E-014
   3.1761156497830876        3.3995393059051720E-014
   3.1823925581818684       -3.4054245887048848E-014
   3.1886694665806492        3.4705807555819721E-014
   3.1949463749794300       -3.4988051062583657E-014
   3.2012232833782108        3.5282948364794736E-014
   3.2075001917769916       -3.5737034186974819E-014
   3.2137771001757724        3.6136874680667969E-014
   3.2200540085745533       -3.6642438315972700E-014
   3.2263309169733341        3.6826081622088608E-014
   3.2326078253721149       -3.7804145787246295E-014
   3.2388847337708957        3.7898393571295352E-014
   3.2451616421696765       -3.8464174850112295E-014
   3.2514385505684573        3.8734934484106814E-014
   3.2577154589672381       -3.9290139268146648E-014
   3.2639923673660189        3.9842187917839999E-014
   3.2702692757647998       -4.0258991417145458E-014
   3.2765461841635806        4.0909365937268317E-014
   3.2828230925623614       -4.1562347096459067E-014
   3.2891000009611422        4.1683795477021738E-014
   3.2953769093599230       -4.2256160167019403E-014
   3.3016538177587038        4.3118518277550188E-014
   3.3079307261574846       -4.3123300882297632E-014
   3.3142076345562654        4.3925042954203846E-014
   3.3204845429550462       -4.4686837701204163E-014
   3.3267614513538271        4.4996573780986782E-014
   3.3330383597526079       -4.5542499902788834E-014
   3.3393152681513887        4.6340225059609238E-014
   3.3455921765501695       -4.6727920992096020E-014
   3.3518690849489503        4.7224570348585331E-014
   3.3581459933477311       -4.8385734383949243E-014
   3.3644229017465119        4.8850321338504178E-014
   3.3706998101452927       -4.9362567466582747E-014
   3.3769767185440736        5.0019168237106328E-014
   3.3832536269428544       -5.0902658267490929E-014
   3.3895305353416352        5.1475692605413357E-014
   3.3958074437404160       -5.2298218864528968E-014
   3.4020843521391968        5.3020482920143439E-014
   3.4083612605379776       -5.3620031947083845E-014
   3.4146381689367584        5.4684547970088567E-014
   3.4209150773355392       -5.5178998770321660E-014
   3.4271919857343200        5.6262817599495175E-014
   3.4334688941331009       -5.6927027020895312E-014
   3.4397458025318817        5.7828643919618478E-014
   3.4460227109306620       -5.8634230506229569E-014
   3.4522996193294428        5.9439399313511522E-014
   3.4585765277282237       -6.0357099626904725E-014
   3.4648534361270045        6.1427970505170213E-014
   3.4711303445257853       -6.2511801815932732E-014
   3.4774072529245661        6.3311550145656220E-014
   3.4836841613233469       -6.4127698257071655E-014
   3.4899610697221277        6.5522030171970575E-014
   3.4962379781209085       -6.6204117464675331E-014
   3.5025148865196893        6.8048279798093164E-014
   3.5087917949184702       -6.8595542695940475E-014
   3.5150687033172510        6.9721035553282895E-014
   3.5213456117160318       -7.1093089437436229E-014
   3.5276225201148126        7.1973225024097178E-014
   3.5338994285135934       -7.3264415193229284E-014
   3.5401763369123742        7.4610356756142422E-014
   3.5464532453111550       -7.6483592806445867E-014
   3.5527301537099358        7.7234998349748360E-014
   3.5590070621087166       -7.8901474308142243E-014
   3.5652839705074975        8.0192772837837495E-014
   3.5715608789062783       -8.2459781308706129E-014
   3.5778377873050591        8.2353089182216043E-014
   3.5841146957038399       -8.6359662128406835E-014
   3.5903916041026207        8.3766901181443286E-014
   3.5966685125014015       -9.3766151035030857E-014
   3.6029454209001823        7.9562806727078004E-014
   3.6092223292989631       -1.1216254125748929E-013
   3.6154992376977440        5.6043024551500533E-014
   3.6217761460965248       -1.6728241751008519E-013
   3.6280530544953056       -3.6033592791841767E-014
   3.6343299628940864       -3.4998783661849292E-013
   3.6406068712928672       -3.6220316125597652E-013
   3.6468837796916480       -9.6323773441824952E-013
   3.6531606880904288       -1.4743473065434027E-012
   3.6594375964892096       -3.0111699545283247E-012
   3.6657145048879904       -5.1881078531206764E-012
   3.6719914132867713       -9.7545958645654523E-012
   3.6782683216855521       -1.7336264599263697E-011
   3.6845452300843329       -3.1581614445391520E-011
   3.6908221384831137       -5.6324522728870512E-011
   3.6970990468818945       -1.0093816730013024E-010
   3.7033759552806753       -1.7905590345664275E-010
   3.7096528636794561       -3.1709760508921588E-010
   3.7159297720782369       -5.5779857259159596E-010
   3.7222066804770177       -9.7737148914239127E-010
   3.7284835888757986       -1.7028200444398656E-009
   3.7347604972745794       -2.9525554555530986E-009
   3.7410374056733602       -5.0915903049949089E-009
   3.7473143140721410       -8.7346755264942800E-009
   3.7535912224709218       -1.4902047970190401E-008
   3.7598681308697026       -2.5285033543410525E-008
   3.7661450392684834       -4.2660198612649517E-008
   3.7724219476672642       -7.1564819230715533E-008
   3.7786988560660451       -1.1935348953901256E-007
   3.7849757644648259       -1.9787446787292507E-007
   3.7912526728636067       -3.2606913862172330E-007
   3.7975295812623875       -5.3400749241625185E-007
   3.8038064896611683       -8.6905743249767636E-007
   3.8100833980599491       -1.4052711403062217E-006
   3.8163603064587299       -2.2574875531338325E-006
   3.8226372148575107       -3.6023544023978048E-006
   3.8289141232562915       -5.7092949053589439E-006
   3.8351910316550724       -8.9856754040630620E-006
   3.8414679400538532       -1.4041885473852500E-005
   3.8477448484526340       -2.1784029616289669E-005
   3.8540217568514148       -3.3544204369439858E-005
   3.8602986652501956       -5.1261158805905420E-005
   3.8665755736489764       -7.7727094932637743E-005
   3.8728524820477572       -1.1691953418621812E-004
   3.8791293904465380       -1.7443976310277951E-004
   3.8854062988453189       -2.5808102792243955E-004
   3.8916832072440997       -3.7854895124761506E-004
   3.8979601156428805       -5.5035325654373044E-004
   3.9042370240416608       -7.9288171574064031E-004
   3.9105139324404417       -1.1316508572337570E-003
   3.9167908408392225       -1.5997027614080223E-003
   3.9230677492380033       -2.2390811834302870E-003
   3.9293446576367841       -3.1022709013409150E-003
   3.9356215660355649       -4.2534221773115550E-003
   3.9418984744343457       -5.7691085772925144E-003
   3.9481753828331265       -7.7382868732234879E-003
   3.9544522912319073       -1.0261050224391527E-002
   3.9607291996306881       -1.3445705101174826E-002
   3.9670061080294690       -1.7403675785972756E-002
   3.9732830164282498       -2.2241772478119173E-002
   3.9795599248270306       -2.8051473685672800E-002
   3.9858368332258114       -3.4895097991188583E-002
   3.9921137416245922       -4.2789089788161344E-002
   3.9983906500233730       -5.1685128612111081E-002
   4.0046675584221543       -6.1450370871792045E-002
   4.0109444668209351       -7.1848810674625049E-002
   4.0172213752197159       -8.2526349289828285E-002
   4.0234982836184967       -9.3002590169301486E-002
   4.0297751920172775      -0.10267291192051355     
   4.0360521004160583      -0.11082437759799664     
   4.0423290088148391      -0.11666842711927163     
   4.0486059172136200      -0.11939208139984368     
   4.0548828256124008      -0.11822745836766922     
   4.0611597340111816      -0.11253680518869637     
   4.0674366424099624      -0.10190716350038929     
   4.0737135508087432       -8.6245541642003418E-002
   4.0799904592075240       -6.5862551178900788E-002
   4.0862673676063048       -4.1530474457330060E-002
   4.0925442760050856       -1.4501303252881346E-002
   4.0988211844038664        1.3527999704818954E-002
   4.1050980928026473        4.0511541991997253E-002
   4.1113750012014281        6.4213600627101408E-002
   4.1176519096002089        8.2423634020638084E-002
   4.1239288179989897        9.3209964131090728E-002
   4.1302057263977705        9.5185006811104061E-002
   4.1364826347965504        8.7747025907684129E-002
   4.1427595431953312        7.1259457282960598E-002
   4.1490364515941121        4.7130517468248083E-002
   4.1553133599928929        1.7763899359135308E-002
   4.1615902683916737       -1.3633988283646994E-002
   4.1678671767904545       -4.3384721220538464E-002
   4.1741440851892353       -6.7777981791617301E-002
   4.1804209935880161       -8.3570172430398312E-002
   4.1866979019867969       -8.8472930775809658E-002
   4.1929748103855777       -8.1554137491658532E-002
   4.1992517187843585       -6.3477219363151982E-002
   4.2055286271831394       -3.6521261437608053E-002
   4.2118055355819202       -4.3537844185070514E-003
   4.2180824439807010        2.8433444609649663E-002
   4.2243593523794818        5.6973323109368826E-002
   4.2306362607782626        7.6866925601136421E-002
   4.2369131691770434        8.4905300676255624E-002
   4.2431900775758242        7.9645192376144966E-002
   4.2494669859746050        6.1728190316025937E-002
   4.2557438943733858        3.3868499619456524E-002
   4.2620208027721667        4.8779187180439051E-004
   4.2682977111709475       -3.2962219975491570E-002
   4.2745746195697283       -6.0889178668275146E-002
   4.2808515279685091       -7.8515471446286997E-002
   4.2871284363672899       -8.2731949141774369E-002
   4.2934053447660707       -7.2690762245140539E-002
   4.2996822531648515       -5.0017278796571557E-002
   4.3059591615636323       -1.8585476198641246E-002
   4.3122360699624132        1.6120048795955771E-002
   4.3185129783611940        4.7953751756484309E-002
   4.3247898867599748        7.1205822453296402E-002
   4.3310667951587556        8.1646976354488768E-002
   4.3373437035575364        7.7325068194589605E-002
   4.3436206119563172        5.8957810339900232E-002
   4.3498975203550980        2.9837960282089789E-002
   4.3561744287538788       -4.7420878085535434E-003
   4.3624513371526596       -3.8447528024254933E-002
   4.3687282455514405       -6.5066317304001364E-002
   4.3750051539502213       -7.9665372489845010E-002
   4.3812820623490021       -7.9519115624485909E-002
   4.3875589707477829       -6.4631773877303220E-002
   4.3938358791465637       -3.7749794414752208E-002
   4.4001127875453445       -3.8574858999097369E-003
   4.4063896959441253        3.0751446731027192E-002
   4.4126666043429061        5.9651291749894780E-002
   4.4189435127416870        7.7486609695532657E-002
   4.4252204211404678        8.0970219112758091E-002
   4.4314973295392486        6.9487503693199240E-002
   4.4377742379380294        4.5194503147612655E-002
   4.4440511463368102        1.2595700897120414E-002
   4.4503280547355910       -2.2312322803136057E-002
   4.4566049631343718       -5.3163147736457465E-002
   4.4628818715331526       -7.4392659559144078E-002
   4.4691587799319334       -8.2240336459344962E-002
   4.4754356883307143       -7.5397158066023318E-002
   4.4817125967294951       -5.5189975623365632E-002
   4.4879895051282759       -2.5283245626037072E-002
   4.4942664135270567        9.0298471142233900E-003
   4.5005433219258375        4.1801493926001909E-002
   4.5068202303246183        6.7481028728307191E-002
   4.5130971387233991        8.1851828005445396E-002
   4.5193740471221799        8.2692632498484714E-002
   4.5256509555209607        7.0064683344925313E-002
   4.5319278639197416        4.6200963723554922E-002
   4.5382047723185224        1.5045383917165818E-002
   4.5444816807173032       -1.8454521900256638E-002
   4.5507585891160840       -4.9166233072157541E-002
   4.5570354975148648       -7.2562249920795810E-002
   4.5633124059136456       -8.5360815263740508E-002
   4.5695893143124264       -8.5933449439019857E-002
   4.5758662227112072       -7.4440893826541274E-002
   4.5821431311099881       -5.2704455468370263E-002
   4.5884200395087689       -2.3857740939888249E-002
   4.5946969479075497        8.1504444246262454E-003
   4.6009738563063305        3.9119590902722774E-002
   4.6072507647051113        6.5146711209359137E-002
   4.6135276731038921        8.3093195141928311E-002
   4.6198045815026729        9.0920776343761237E-002
   4.6260814899014537        8.7870669932701637E-002
   4.6323583983002345        7.4481930937521895E-002
   4.6386353066990154        5.2463758366260403E-002
   4.6449122150977962        2.4450344827596220E-002
   4.6511891234965770       -6.3255277065494614E-003
   4.6574660318953578       -3.6402387404832696E-002
   4.6637429402941386       -6.2465220455322774E-002
   4.6700198486929194       -8.1689960681479684E-002
   4.6762967570917002       -9.2026623874585795E-002
   4.6825736654904810       -9.2397398641998099E-002
   4.6888505738892619       -8.2794242918076563E-002
   4.6951274822880427       -6.4269415719949777E-002
   4.7014043906868235       -3.8821419010166648E-002
   4.7076812990856043       -9.1875346066476564E-003
   4.7139582074843851        2.1437941181573602E-002
   4.7202351158831659        4.9734024647802522E-002
   4.7265120242819467        7.2601300463877957E-002
   4.7327889326807275        8.7494790211392226E-002
   4.7390658410795083        9.2708036922989415E-002
   4.7453427494782892        8.7577825643430210E-002
   4.7516196578770700        7.2584784792805945E-002
   4.7578965662758508        4.9333825201483668E-002
   4.7641734746746316        2.0409544812212844E-002
   4.7704503830734124       -1.0885399430051158E-002
   4.7767272914721932       -4.0887475137317518E-002
   4.7830041998709740       -6.5990842385354492E-002
   4.7892811082697548       -8.3082799704392515E-002
   4.7955580166685357       -8.9945223697237994E-002
   4.8018349250673165       -8.5570114167180300E-002
   4.8081118334660973       -7.0342716827129767E-002
   4.8143887418648781       -4.6057743941899744E-002
   4.8206656502636589       -1.5752406321982527E-002
   4.8269425586624397        1.6637219400666745E-002
   4.8332194670612205        4.6765030084027603E-002
   4.8394963754600013        7.0453778806276957E-002
   4.8457732838587821        8.4290018877659148E-002
   4.8520501922575630        8.6150362975624561E-002
   4.8583271006563438        7.5575002768247676E-002
   4.8646040090551246        5.3918570970854396E-002
   4.8708809174539054        2.4235688701008420E-002
   4.8771578258526862       -9.1036731866325528E-003
   4.8834347342514670       -4.1030491872832260E-002
   4.8897116426502478       -6.6543885353510066E-002
   4.8959885510490286       -8.1515033663127651E-002
   4.9022654594478094       -8.3396345657758025E-002
   4.9085423678465903       -7.1708471116190220E-002
   4.9148192762453711       -4.8205237003207800E-002
   4.9210961846441519       -1.6665184145675579E-002
   4.9273730930429327        1.7678642103400626E-002
   4.9336500014417135        4.8992137473454656E-002
   4.9399269098404943        7.1840159553379621E-002
   4.9462038182392751        8.2159359544973012E-002
   4.9524807266380559        7.8023403183000786E-002
   4.9587576350368368        6.0048102059767641E-002
   4.9650345434356176        3.1343763136448780E-002
   4.9713114518343984       -2.9956096026084698E-003
   4.9775883602331792       -3.6786397268042906E-002
   4.9838652686319600       -6.3875201697277104E-002
   4.9901421770307408       -7.9277868921852082E-002
   4.9964190854295216       -8.0121047385929914E-002
   5.0026959938283024       -6.6202152062720288E-002
   5.0089729022270832       -4.0053541760772547E-002
   5.0152498106258641       -6.4909353392426277E-003
   5.0215267190246449        2.8273911350305554E-002
   5.0278036274234257        5.7790545243832904E-002
   5.0340805358222065        7.6577516982049565E-002
   5.0403574442209873        8.1149766774596455E-002
   5.0466343526197681        7.0669363548395203E-002
   5.0529112610185480        4.7096169197340172E-002
   5.0591881694173289        1.4811838446160084E-002
   5.0654650778161097       -2.0208057796520733E-002
   5.0717419862148905       -5.1513184694626943E-002
   5.0780188946136713       -7.3374727838988796E-002
   5.0842958030124521       -8.1833327719348925E-002
   5.0905727114112329       -7.5405446403652238E-002
   5.0968496198100137       -5.5323285475032055E-002
   5.1031265282087945       -2.5273171844897118E-002
   5.1094034366075753        9.3083306620775335E-003
   5.1156803450063562        4.2240680972542723E-002
   5.1219572534051370        6.7716299633310606E-002
   5.1282341618039178        8.1322365349747891E-002
   5.1345110702026986        8.0786384247720305E-002
   5.1407879786014794        6.6321705161026145E-002
   5.1470648870002602        4.0526662602399191E-002
   5.1533417953990410        7.8732705431519973E-003
   5.1596187037978218       -2.6107182821058134E-002
   5.1658956121966026       -5.5786254832526569E-002
   5.1721725205953835       -7.6375521188579487E-002
   5.1784494289941643       -8.4680728485766105E-002
   5.1847263373929451       -7.9556398057175182E-002
   5.1910032457917259       -6.2003342848349026E-002
   5.1972801541905067       -3.4916050789388219E-002
   5.2035570625892875       -2.5449749162711859E-003
   5.2098339709880683        3.0219209782542129E-002
   5.2161108793868491        5.8612154073447005E-002
   5.2223877877856300        7.8688920460176046E-002
   5.2286646961844108        8.7842906526882245E-002
   5.2349416045831916        8.5087766720361988E-002
   5.2412185129819724        7.1083181786310026E-002
   5.2474954213807532        4.7926836310575704E-002
   5.2537723297795340        1.8767748617513163E-002
   5.2600492381783148       -1.2684019867115660E-002
   5.2663261465770956       -4.2670644772352280E-002
   5.2726030549758764       -6.7849636511154027E-002
   5.2788799633746573       -8.5650924076977386E-002
   5.2851568717734381       -9.4495041504172109E-002
   5.2914337801722189       -9.3863636784092208E-002
   5.2977106885709997       -8.4234925053791654E-002
   5.3039875969697805       -6.6912679123996593E-002
   5.3102645053685613       -4.3786516594839162E-002
   5.3165414137673421       -1.7063545550504718E-002
   5.3228183221661229        1.0992135406598052E-002
   5.3290952305649038        3.8283342784842495E-002
   5.3353721389636846        6.3048417298424544E-002
   5.3416490473624654        8.3966328282689726E-002
   5.3479259557612462       0.10019923096240277     
   5.3542028641600270       0.11138039072479981     
   5.3604797725588078       0.11755991047598027     
   5.3667566809575886       0.11912271594084513     
   5.3730335893563694       0.11669308224297563     
   5.3793104977551502       0.11103817269294035     
   5.3855874061539311       0.10298023550959237     
   5.3918643145527119        9.3323868108645860E-002
   5.3981412229514927        8.2801610574605208E-002
   5.4044181313502735        7.2038425832875008E-002
   5.4106950397490543        6.1533567467251124E-002
   5.4169719481478351        5.1656993385344775E-002
   5.4232488565466159        4.2656813462111663E-002
   5.4295257649453967        3.4674149564502051E-002
   5.4358026733441775        2.7762088692547846E-002
   5.4420795817429584        2.1905969832262246E-002
   5.4483564901417392        1.7042924320411289E-002
   5.4546333985405200        1.3079270216085740E-002
   5.4609103069393008        9.9049468027738591E-003
   5.4671872153380816        7.4047354908300623E-003
   5.4734641237368624        5.4664484558510692E-003
   5.4797410321356432        3.9863959213811521E-003
   5.4860179405344240        2.8725602088683325E-003
   5.4922948489332049        2.0459709789271592E-003
   5.4985717573319857        1.4407691435568957E-003
   5.5048486657307665        1.0033964980586685E-003
   5.5111255741295473        6.9127201154405786E-004
   5.5174024825283281        4.7123267568961968E-004
   5.5236793909271089        3.1793694771057245E-004
   5.5299562993258897        2.1235998039956201E-004
   5.5362332077246705        1.4045441890178349E-004
   5.5425101161234513        9.2009481990875251E-005
   5.5487870245222322        5.9712639774267086E-005
   5.5550639329210130        3.8400549136084605E-005
   5.5613408413197938        2.4476320224081715E-005
   5.5676177497185746        1.5466483934289821E-005
   5.5738946581173554        9.6910805436693099E-006
   5.5801715665161362        6.0226129352964113E-006
   5.5864484749149170        3.7129927264084075E-006
   5.5927253833136978        2.2713282150799935E-006
   5.5990022917124787        1.3789185971349879E-006
   5.6052792001112595        8.3096523847815938E-007
   5.6115561085100403        4.9715506876504539E-007
   5.6178330169088211        2.9535311179750965E-007
   5.6241099253076019        1.7426307406359341E-007
   5.6303868337063827        1.0212994739696210E-007
   5.6366637421051635        5.9463958223349051E-008
   5.6429406505039443        3.4400983104492402E-008
   5.6492175589027251        1.9777499324591055E-008
   5.6554944673015060        1.1300811032839968E-008
   5.6617713757002868        6.4188536960915079E-009
   5.6680482840990676        3.6245126080043612E-009
   5.6743251924978484        2.0350857030394228E-009
   5.6806021008966292        1.1361519466965674E-009
   5.6868790092954100        6.3095462446983989E-010
   5.6931559176941908        3.4839691073522904E-010
   5.6994328260929716        1.9149750065791774E-010
   5.7057097344917524        1.0459094774147822E-010
   5.7119866428905333        5.6965202638302438E-011
   5.7182635512893141        3.0746276026133601E-011
   5.7245404596880949        1.6641369276361319E-011
   5.7308173680868757        8.8391836519981202E-012
   5.7370942764856565        4.7991482460073745E-012
   5.7433711848844373        2.4679793778893421E-012
   5.7496480932832181        1.3856359985650065E-012
   5.7559250016819989        6.4867668096237240E-013
   5.7622019100807798        4.2018057558922913E-013
   5.7684788184795606        1.4048847378637392E-013
   5.7747557268783414        1.5201928371634715E-013
   5.7810326352771222        7.5780914193456515E-016
   5.7873095436759030        7.7825344177319271E-014
   5.7935864520746838       -3.6780491002082828E-014
   5.7998633604734646        5.6733085068224763E-014
   5.8061402688722454       -4.6772179757974456E-014
   5.8124171772710262        5.0378193394994412E-014
   5.8186940856698071       -4.9071587229341073E-014
   5.8249709940685879        4.8779166531354593E-014
   5.8312479024673687       -4.8007369653298531E-014
   5.8375248108661495        4.7890617707476701E-014
   5.8438017192649303       -4.6866212278276699E-014
   5.8500786276637111        4.7333705254859584E-014
   5.8563555360624919       -4.6461331569616794E-014
   5.8626324444612727        4.6011812303893618E-014
   5.8689093528600536       -4.5983051243633433E-014
   5.8751862612588344        4.4402457467647370E-014
   5.8814631696576152       -4.5444423569929050E-014
   5.8877400780563960        4.4296329442552012E-014
   5.8940169864551768       -4.4159986485793117E-014
   5.9002938948539576        4.2973899591788353E-014
   5.9065708032527384       -4.3875955977683119E-014
   5.9128477116515192        4.2155837893983827E-014
   5.9191246200503000       -4.2150107214095009E-014
   5.9254015284490809        4.2372276656842010E-014
   5.9316784368478617       -4.0593878946195429E-014
   5.9379553452466425        4.1368768761560492E-014
   5.9442322536454233       -4.0825292393273064E-014
   5.9505091620442041        3.9024423606119736E-014
   5.9567860704429849       -4.0667908957400416E-014
   5.9630629788417657        3.9318279063363489E-014
   5.9693398872405457       -3.8218345534395817E-014
   5.9756167956393265        3.9208069982886405E-014
   5.9818937040381073       -3.8046180731679123E-014
   5.9881706124368881        3.7234565111386410E-014
   5.9944475208356689       -3.8072746637741964E-014
   6.0007244292344497        3.6496562147915007E-014
   6.0070013376332305       -3.6812483417193562E-014
   6.0132782460320113        3.6578768538795805E-014
   6.0195551544307921       -3.5125140838279528E-014
   6.0258320628295730        3.6226221490785779E-014
   6.0321089712283538       -3.4930548452039720E-014
   6.0383858796271346        3.4773226709194606E-014
   6.0446627880259154       -3.4596567428535944E-014
   6.0509396964246962        3.4519504024244884E-014
   6.0572166048234770       -3.3233315781926342E-014
   6.0634935132222578        3.4266311237945279E-014
   6.0697704216210386       -3.2777860355137165E-014
   6.0760473300198194        3.3230228894123296E-014
   6.0823242384186003       -3.2324965907002119E-014
   6.0886011468173811        3.1990570492625065E-014
   6.0948780552161619       -3.2147761646578891E-014
   6.1011549636149427        3.1154127440302670E-014
   6.1074318720137235       -3.1633239969004043E-014
   6.1137087804125043        3.0648057870270149E-014
   6.1199856888112851       -3.0870531548803771E-014
   6.1262625972100659        3.0093175552568662E-014
   6.1325395056088468       -2.9761938186147434E-014
   6.1388164140076276        3.0419999761660374E-014
   6.1450933224064084       -2.8867832575894518E-014
   6.1513702308051892        2.9605000857089564E-014
   6.1576471392039700       -2.8888930785302417E-014
   6.1639240476027508        2.8495331783488188E-014
   6.1702009560015316       -2.8786529620412075E-014
   6.1764778644003124        2.7764614559266431E-014
   6.1827547727990932       -2.7906321532042852E-014
   6.1890316811978741        2.7674427476949022E-014
   6.1953085895966549       -2.7147185122235652E-014
   6.2015854979954357        2.7159114763224213E-014
   6.2078624063942165       -2.7041559335227642E-014
   6.2141393147929973        2.6101587284590775E-014
   6.2204162231917781       -2.6401174370827270E-014
   6.2266931315905589        2.6335917267317664E-014
   6.2329700399893397       -2.5085574462799284E-014
   6.2392469483881206        2.6168679426052224E-014
   6.2455238567869014       -2.4889780535044048E-014
   6.2518007651856822        2.5396939263009122E-014
   6.2580776735844630       -2.4716136919183976E-014
   6.2643545819832438        2.4723985009544810E-014
   6.2706314903820246       -2.4253047573530332E-014
   6.2769083987808054        2.4569224721402665E-014
   6.2831853071795862       -2.3385354606225140E-014
