   6.2769083987808056E-003  -1.7339908947662089E-002
   1.2553816797561611E-002   7.0128405165828279E-003
   1.8830725196342418E-002   2.9222256296162749E-002
   2.5107633595123222E-002   4.2507053713137975E-002
   3.1384541993904030E-002   4.2827615905347900E-002
   3.7661450392684835E-002   3.0105699926148952E-002
   4.3938358791465640E-002   8.2291237704284238E-003
   5.0215267190246445E-002  -1.6147414374632782E-002
   5.6492175589027249E-002  -3.5630041641977105E-002
   6.2769083987808061E-002  -4.4323193465883141E-002
   6.9045992386588859E-002  -3.9604529279237091E-002
   7.5322900785369670E-002  -2.2908458095582857E-002
   8.1599809184150468E-002   7.1329478878527706E-004
   8.7876717582931280E-002   2.4119592386076104E-002
   9.4153625981712077E-002   4.0235996887803764E-002
  0.10043053438049289        4.4190452651523340E-002
  0.10670744277927370        3.4785421533534346E-002
  0.11298435117805450        1.4861858802559500E-002
  0.11926125957683531       -9.5566636079373532E-003
  0.12553816797561612       -3.1083415630998538E-002
  0.13181507637439691       -4.3203066882718605E-002
  0.13809198477317772       -4.2245329200126441E-002
  0.14436889317195853       -2.8498650923271533E-002
  0.15064580157073934       -6.1243665128179721E-003
  0.15692270996952015        1.8103996479498934E-002
  0.16319961836830094        3.6853352551786317E-002
  0.16947652676708175        4.4452066476803040E-002
  0.17575343516586256        3.8605457107457358E-002
  0.18203034356464337        2.1086554165142251E-002
  0.18830725196342415       -2.8051531060331075E-003
  0.19458416036220497       -2.5850346048058994E-002
  0.20086106876098578       -4.1093242497449466E-002
  0.20713797715976659       -4.3940329633893743E-002
  0.21341488555854740       -3.3541172196349757E-002
  0.21969179395732819       -1.3037252019436306E-002
  0.22596870235610900        1.1392167498529960E-002
  0.23224561075488981        3.2395570037600449E-002
  0.23852251915367062        4.3661743716235213E-002
  0.24479942755245140        4.1813411906341504E-002
  0.25107633595123224        2.7414640126222144E-002
  0.25735324435001306        4.7929746995238748E-003
  0.26363015274879381       -1.9266055537234709E-002
  0.26990706114757462       -3.7556794029792243E-002
  0.27618396954635543       -4.4610833677779370E-002
  0.28246087794513625       -3.8328078442611421E-002
  0.28873778634391706       -2.0596001003654191E-002
  0.29501469474269787        3.2837883873018609E-003
  0.30129160314147868        2.6185592284143470E-002
  0.30756851154025949        4.1287840857161667E-002
  0.31384541993904030        4.4103077352838888E-002
  0.32012232833782106        3.3805955830664758E-002
  0.32639923673660187        1.3467665222825938E-002
  0.33267614513538268       -1.0867495236401518E-002
  0.33895305353416350       -3.1983443095600458E-002
  0.34522996193294431       -4.3632995615784369E-002
  0.35150687033172512       -4.2382347407314371E-002
  0.35778377873050593       -2.8615677085720322E-002
  0.36406068712928674       -6.4081353380782457E-003
  0.37033759552806755        1.7688530803290629E-002
  0.37661450392684831        3.6583348453030150E-002
  0.38289141232562912        4.4732086405561429E-002
  0.38916832072440993        3.9758187117741851E-002
  0.39544522912319074        2.3136356984999610E-002
  0.40172213752197156       -2.5499178865136273E-004
  0.40799904592075237       -2.3573677795810166E-002
  0.41427595431953318       -4.0018552657637471E-002
  0.42055286271831399       -4.4810594430349508E-002
  0.42682977111709480       -3.6573796707940767E-002
  0.43310667951587556       -1.7719051165614307E-002
  0.43938358791465637        6.2726820874583504E-003
  0.44566049631343718        2.8451589050302605E-002
  0.45193740471221799        4.2414400748862317E-002
  0.45821431311099881        4.4148692542606935E-002
  0.46449122150977962        3.3175964046737019E-002
  0.47076812990856043        1.2670642424017262E-002
  0.47704503830734124       -1.1470200932323897E-002
  0.48332194670612205       -3.2330375190052010E-002
  0.48959885510490281       -4.3956893702500499E-002
  0.49587576350368362       -4.3052452560859968E-002
  0.50215267190246449       -2.9898503371442894E-002
  0.50842958030124530       -8.2539321171228829E-003
  0.51470648870002611        1.5731613112324593E-002
  0.52098339709880681        3.5271960720268655E-002
  0.52726030549758762        4.4863668791903268E-002
  0.53353721389636843        4.1827572897819201E-002
  0.53981412229514925        2.7043193204886469E-002
  0.54609103069393006        4.6787767796758429E-003
  0.55236793909271087       -1.8996348733898622E-002
  0.55864484749149168       -3.7375208883689219E-002
  0.56492175589027249       -4.5354668461706667E-002
  0.57119866428905330       -4.0742356345780953E-002
  0.57747557268783412       -2.4844019177014055E-002
  0.58375248108661493       -2.0783837794963191E-003
  0.59002938948539574        2.1262894152234629E-002
  0.59630629788417655        3.8758970464610472E-002
  0.60258320628295736        4.5622671511962531E-002
  0.60886011468173817        3.9999502291675523E-002
  0.61513702308051899        2.3453418258480019E-002
  0.62141393147929980        5.1660191591155666E-004
  0.62769083987808061       -2.2563272403255407E-002
  0.63396774827686131       -3.9529044157903245E-002
  0.64024465667564212       -4.5806455892832464E-002
  0.64652156507442293       -3.9726391900346096E-002
  0.65279847347320374       -2.2953540757248328E-002
  0.65907538187198456       -1.5807670608271272E-005
  0.66535229027076537        2.2928777014352454E-002
  0.67162919866954618        3.9749081876636082E-002
  0.67790610706832699        4.5975040870565358E-002
  0.68418301546710780        3.9974656791227872E-002
  0.69045992386588861        2.3367155783078748E-002
  0.69673683226466943        5.7209729968175156E-004
  0.70301374066345024       -2.2376444091395737E-002
  0.70929064906223105       -3.9430057441632048E-002
  0.71556755746101186       -4.6115772115476822E-002
  0.72184446585979267       -4.0699226304248264E-002
  0.72812137425857348       -2.4621935515117630E-002
  0.73439828265735430       -2.1062469315316014E-003
  0.74067519105613511        2.0960908290655101E-002
  0.74695209945491581        3.8568786561367203E-002
  0.75322900785369662        4.6145061994403588E-002
  0.75950591625247743        4.1735387249350067E-002
  0.76578282465125824        2.6498960099579874E-002
  0.77205973305003905        4.3964969339893821E-003
  0.77833664144881987       -1.8844837044639670E-002
  0.78461354984760068       -3.7218609663294225E-002
  0.79089045824638149       -4.5991623037934186E-002
  0.79716736664516230       -4.2919708383355355E-002
  0.80344427504394311       -2.8814070725619437E-002
  0.80972118344272392       -7.3158343324135717E-003
  0.81599809184150474        1.6056901868157083E-002
  0.82227500024028555        3.5336677893466652E-002
  0.82855190863906636        4.5635368617596407E-002
  0.83482881703784717        4.4378644000680562E-002
  0.84110572543662798        3.1932966708802107E-002
  0.84738263383540879        1.1474411679065294E-002
  0.85365954223418961       -1.1851476121729885E-002
  0.85993645063297042       -3.2244723658954928E-002
  0.86621335903175112       -4.4695371434611102E-002
  0.87249026743053193       -4.6196542304394357E-002
  0.87876717582931274       -3.6439644725489842E-002
  0.88504408422809355       -1.7843745778184383E-002
  0.89132099262687436        5.0646823867924210E-003
  0.89759790102565518        2.6755935294365776E-002
  0.90387480942443599        4.2016854667394674E-002
  0.91015171782321680        4.7180322857909851E-002
  0.91642862622199761        4.0988392021409546E-002
  0.92270553462077842        2.4898928990571414E-002
  0.92898244301955923        2.7672768754997581E-003
  0.93525935141834005       -2.0033133578274149E-002
  0.94153625981712086       -3.7870673188514163E-002
  0.94781316821590167       -4.6228532817837828E-002
  0.95409007661468248       -4.2872279106881364E-002
  0.96036698501346329       -2.8508801265659706E-002
  0.96664389341224410       -6.7282729370615104E-003
  0.97292080181102492        1.6815828597604630E-002
  0.97919771020980562        3.5833220425388251E-002
  0.98547461860858643        4.5088180284789919E-002
  0.99175152700736724        4.1900548600080412E-002
  0.99802843540614805        2.7008317123248402E-002
   1.0043053438049290        4.4894638311403449E-003
   1.0105822522037098       -1.9300716161790264E-002
   1.0168591606024906       -3.7518689302170435E-002
   1.0231360690012714       -4.4839879463965421E-002
   1.0294129774000522       -3.9070185509559936E-002
   1.0356898857988328       -2.1848933591660628E-002
   1.0419667941976136        1.7935978467266058E-003
   1.0482437025963944        2.4906170743876806E-002
   1.0545206109951752        4.0675435874409700E-002
   1.0607975193939561        4.4451085075418624E-002
   1.0670744277927369        3.5125543090193723E-002
   1.0733513361915177        1.5455978571862154E-002
   1.0796282445902985       -8.7608299791439997E-003
   1.0859051529890793       -3.0406163676293112E-002
   1.0921820613878601       -4.3134148015653684E-002
   1.0984589697866409       -4.3225764182571361E-002
   1.1047358781854217       -3.0664749881952169E-002
   1.1110127865842025       -9.1319542647093285E-003
   1.1172896949829834        1.5072257519332444E-002
   1.1235666033817642        3.4865083878639097E-002
   1.1298435117805450        4.4447636325376176E-002
   1.1361204201793258        4.1002174398802292E-002
   1.1423973285781066        2.5525307451360037E-002
   1.1486742369768874        2.5492670323582207E-003
   1.1549511453756682       -2.1175064765235001E-002
   1.1612280537744490       -3.8655476412978944E-002
   1.1675049621732299       -4.4720191295653536E-002
   1.1737818705720107       -3.7556399195589375E-002
   1.1800587789707915       -1.9265006192949439E-002
   1.1863356873695723        4.7427911315899305E-003
   1.1926125957683531        2.7338680424276892E-002
   1.1988895041671339        4.1793543296106087E-002
   1.2051664125659147        4.3787531287588118E-002
   1.2114433209646955        3.2710522595910820E-002
   1.2177202293634763        1.1858377232562650E-002
   1.2239971377622572       -1.2540454445574611E-002
   1.2302740461610380       -3.3182140577762045E-002
   1.2365509545598188       -4.3875053663484730E-002
   1.2428278629585996       -4.1401727168244064E-002
   1.2491047713573804       -2.6493697530878334E-002
   1.2553816797561612       -3.6220360250260632E-003
   1.2616585881549420        2.0338328291567606E-002
   1.2679354965537226        3.8172772842264606E-002
   1.2742124049525034        4.4500485489926724E-002
   1.2804893133512842        3.7402334012707011E-002
   1.2867662217500651        1.9009681760765940E-002
   1.2930431301488459       -5.1282417066997798E-003
   1.2993200385476267       -2.7713085680918733E-002
   1.3055969469464075       -4.1902373654363084E-002
   1.3118738553451883       -4.3385326873344475E-002
   1.3181507637439691       -3.1699055548277878E-002
   1.3244276721427499       -1.0381278173111345E-002
   1.3307045805415307        1.4093128317888877E-002
   1.3369814889403115        3.4274518416348800E-002
   1.3432583973390924        4.4006439337750482E-002
   1.3495353057378732        4.0308592953601570E-002
   1.3558122141366540        2.4297321594310518E-002
   1.3620891225354348        8.5685208983632009E-004
   1.3683660309342156       -2.2844621618209597E-002
   1.3746429393329964       -3.9545006043325170E-002
   1.3809198477317772       -4.4115830542229124E-002
   1.3871967561305580       -3.5143043656712294E-002
   1.3934736645293389       -1.5371941356262983E-002
   1.3997505729281197        9.1259719209263093E-003
   1.4060274813269005        3.0813390487502083E-002
   1.4123043897256813        4.3005970405093380E-002
   1.4185812981244621        4.1936077758453531E-002
   1.4248582065232429        2.7923200330270945E-002
   1.4311351149220237        5.2855451678187086E-003
   1.4374120233208045       -1.8985126223445819E-002
   1.4436889317195853       -3.7380417939699831E-002
   1.4499658401183662       -4.4199300532103497E-002
   1.4562427485171470       -3.7319471384242416E-002
   1.4625196569159278       -1.8864323214367481E-002
   1.4687965653147086        5.4460225196835436E-003
   1.4750734737134894        2.8063303458570048E-002
   1.4813503821122702        4.1953852427174310E-002
   1.4876272905110510        4.2788654512215057E-002
   1.4939041989098316        3.0297953535306260E-002
   1.5001811073086124        8.3648229211360173E-003
   1.5064580157073932       -1.6176456829142399E-002
   1.5127349241061741       -3.5667102313188474E-002
   1.5190118325049549       -4.4014676832724899E-002
   1.5252887409037357       -3.8601464924219960E-002
   1.5315656493025165       -2.1111315719851202E-002
   1.5378425577012973        2.9880775755722140E-003
   1.5441194661000781        2.6150219955023941E-002
   1.5503963744988589        4.1111779830867744E-002
   1.5566732828976397        4.3172509619638220E-002
   1.5629501912964205        3.1676703187748546E-002
   1.5692270996952014        1.0227696417476784E-002
   1.5755040080939822       -1.4436507351686084E-002
   1.5817809164927630       -3.4557223936411648E-002
   1.5880578248915438       -4.3796231774766235E-002
   1.5943347332903246       -3.9235781942460038E-002
   1.6006116416891054       -2.2305240342862555E-002
   1.6068885500878862        1.6615825104472361E-003
   1.6131654584866670        2.5103030467104562E-002
   1.6194423668854478        4.0614257845408466E-002
   1.6257192752842287        4.3288174191941413E-002
   1.6319961836830095        3.2271948372896285E-002
   1.6382730920817903        1.1044002040899533E-002
   1.6445500004805711       -1.3680004885346181E-002
   1.6508269088793519       -3.4069444900889902E-002
   1.6571038172781327       -4.3659220132260396E-002
   1.6633807256769135       -3.9402533529350275E-002
   1.6696576340756943       -2.2643182269126847E-002
   1.6759345424744752        1.3042863222653364E-003
   1.6822114508732560        2.4836784067903545E-002
   1.6884883592720368        4.0475707347237655E-002
   1.6947652676708176        4.3245137597958734E-002
   1.7010421760695984        3.2258383223357771E-002
   1.7073190844683792        1.1005893886988966E-002
   1.7135959928671600       -1.3750192275636765E-002
   1.7198729012659408       -3.4125826186636489E-002
   1.7261498096647214       -4.3626206107643881E-002
   1.7324267180635022       -3.9218290644123951E-002
   1.7387036264622830       -2.2302520052346935E-002
   1.7449805348610639        1.7286929461020719E-003
   1.7512574432598447        2.5207607519732497E-002
   1.7575343516586255        4.0637139111476095E-002
   1.7638112600574063        4.3086017053569584E-002
   1.7700881684561871        3.1767416069318551E-002
   1.7763650768549679        1.0294802925562408E-002
   1.7826419852537487       -1.4469157857286386E-002
   1.7889188936525295       -3.4604710554241670E-002
   1.7951958020513104       -4.3668207525778636E-002
   1.8014727104500912       -3.8755902073499000E-002
   1.8077496188488720       -2.1436685097041022E-002
   1.8140265272476528        2.7466700528011988E-003
   1.8203034356464336        2.6049921293792494E-002
   1.8265803440452144        4.1007053111599183E-002
   1.8328572524439952        4.2823225808896213E-002
   1.8391341608427760        3.0913602760450000E-002
   1.8454110692415568        9.0935769123524912E-003
   1.8516879776403377       -1.5642076825415643E-002
   1.8579648860391185       -3.5360890372941094E-002
   1.8642417944378993       -4.3736913756528890E-002
   1.8705187028366801       -3.8081219029215484E-002
   1.8767956112354609       -2.0206518843663764E-002
   1.8830725196342417        4.1525930900185573E-003
   1.8893494280330225        2.7178725479324300E-002
   1.8956263364318033        4.1480454748400654E-002
   1.9019032448305841        4.2465568560199646E-002
   1.9081801532293650        2.9816511161986324E-002
   1.9144570616281458        7.5936329692773887E-003
   1.9207339700269266       -1.7067610833202105E-002
   1.9270108784257074       -3.6247632968725248E-002
   1.9332877868244882       -4.3786251060247340E-002
   1.9395646952232690       -3.7261692602633102E-002
   1.9458416036220498       -1.8769061161490835E-002
   1.9521185120208304        5.7521542844323039E-003
   1.9583954204196112        2.8425731488806883E-002
   1.9646723288183920        4.1968753468997151E-002
   1.9709492372171729        4.2031160527676227E-002
   1.9772261456159537        2.8593095734710309E-002
   1.9835030540147345        5.9710951871019746E-003
   1.9897799624135153       -1.8568766758598948E-002
   1.9960568708122961       -3.7145044285095810E-002
   2.0023337792110771       -4.3792364002805340E-002
   2.0086106876098579       -3.6376911252970122E-002
   2.0148875960086388       -1.7280864311203306E-002
   2.0211645044074196        7.3636233364945151E-003
   2.0274414128062004        2.9644299749971258E-002
   2.0337183212049812        4.2409441352116412E-002
   2.0399952296037620        4.1563208465532193E-002
   2.0462721380025428        2.7379000796431088E-002
   2.0525490464013236        4.4098848217435571E-003
   2.0588259548001044       -1.9974172947438609E-002
   2.0651028631988853       -3.7951857246614810E-002
   2.0713797715976656       -4.3759200123519339E-002
   2.0776566799964464       -3.5536643279026066E-002
   2.0839335883952272       -1.5922801982294017E-002
   2.0902104967940081        8.7941394334926058E-003
   2.0964874051927889        3.0693838286644175E-002
   2.1027643135915697        4.2762224684523356E-002
   2.1090412219903505        4.1137152620725155E-002
   2.1153181303891313        2.6342467531530727E-002
   2.1215950387879121        3.1167357790732996E-003
   2.1278719471866929       -2.1106604349237400E-002
   2.1341488555854737       -3.8579444026495616E-002
   2.1404257639842545       -4.3716960762692679E-002
   2.1467026723830354       -3.4880867685002773E-002
   2.1529795807818162       -1.4899080722952256E-002
   2.1592564891805970        9.8421562745098206E-003
   2.1655333975793778        3.1441295258407463E-002
   2.1718103059781586        4.3005381773267765E-002
   2.1780872143769394        4.0848428104614462E-002
   2.1843641227757202        2.5663486430121060E-002
   2.1906410311745010        2.2965731099890631E-003
   2.1969179395732819       -2.1802760385098232E-002
   2.2031948479720627       -3.8957826828390392E-002
   2.2094717563708435       -4.3709551524141174E-002
   2.2157486647696243       -3.4551090324332491E-002
   2.2220255731684051       -1.4401877764554153E-002
   2.2283024815671859        1.0326833286706397E-002
   2.2345793899659667        3.1774590182318548E-002
   2.2408562983647475        4.3130813057479719E-002
   2.2471332067635283        4.0795508787106291E-002
   2.2534101151623092        2.5516623040807675E-002
   2.2596870235610900        2.1458913679771423E-003
   2.2659639319598708       -2.1905686556180196E-002
   2.2722408403586516       -3.9019751903258057E-002
   2.2785177487574324       -4.3782797369435196E-002
   2.2847946571562132       -3.4695090309567571E-002
   2.2910715655549940       -1.4637881460641357E-002
   2.2973484739537748        1.0045038537162340E-002
   2.3036253823525557        3.1557073248039427E-002
   2.3099022907513365        4.3112037987993568E-002
   2.3161791991501173        4.1072397915162456E-002
   2.3224561075488981        2.6089531200837839E-002
   2.3287330159476789        2.8900920871881238E-003
   2.3350099243464597       -2.1219766510276433E-002
   2.3412868327452405       -3.8657460851975786E-002
   2.3475637411440213       -4.3947614815611505E-002
   2.3538406495428021       -3.5437231426609289E-002
   2.3601175579415830       -1.5806353028134625E-002
   2.3663944663403638        8.7816889298817421E-003
   2.3726713747391446        3.0619198969741676E-002
   2.3789482831379254        4.2870982100433747E-002
   2.3852251915367062        4.1711009457774485E-002
   2.3915020999354870        2.7511771768725417E-002
   2.3977790083342678        4.7182830615095407E-003
   2.4040559167330486       -1.9548866871130485E-002
   2.4103328251318294       -3.7720656226956362E-002
   2.4166097335306103       -4.4139466071718710E-002
   2.4228866419293911       -3.6816097327844369E-002
   2.4291635503281719       -1.8039645773194151E-002
   2.4354404587269527        6.3446772195170434E-003
   2.4417173671257335        2.8759881718003390E-002
   2.4479942755245143        4.2252795738014749E-002
   2.4542711839232951        4.2648152511440413E-002
   2.4605480923220759        2.9834629903277701E-002
   2.4668250007208568        7.7885475614440734E-003
   2.4731019091196376       -1.6666505968837543E-002
   2.4793788175184184       -3.5975184752498161E-002
   2.4856557259171992       -4.4184016424691316E-002
   2.4919326343159800       -3.8772465254470180E-002
   2.4982095427147608       -2.1419622932307147E-002
   2.5044864511135416        2.5244344020723107E-003
   2.5107633595123224        2.5693878514152172E-002
   2.5170402679111032        4.0975035446972861E-002
   2.5233171763098841        4.3688006423287587E-002
   2.5295940847086644        3.3013642252019013E-002
   2.5358709931074452        1.2232662887954946E-002
   2.5421479015062260       -1.2290205810357882E-002
   2.5484248099050069       -3.3060209153884162E-002
   2.5547017183037877       -4.3743321787534276E-002
   2.5609786267025685       -4.1093502982823160E-002
   2.5672555351013493       -2.5931336106741913E-002
   2.5735324435001301       -2.8813572217535207E-003
   2.5798093518989109        2.1045403341617881E-002
   2.5860862602976917        3.8587071868662379E-002
   2.5923631686964725        4.4433229886486278E-002
   2.5986400770952534        3.6826448539197407E-002
   2.6049169854940342        1.8081892145551288E-002
   2.6111938938928150       -6.1259326807976818E-003
   2.6174708022915958       -2.8486990068718531E-002
   2.6237477106903766       -4.2264595506521702E-002
   2.6300246190891574       -4.3321409559117091E-002
   2.6363015274879382       -3.1354270763246143E-002
   2.6425784358867190       -9.9715948791377646E-003
   2.6488553442854998        1.4402984595724420E-002
   2.6551322526842807        3.4465135892989385E-002
   2.6614091610830615        4.4218439156175578E-002
   2.6676860694818423        4.0761332877728533E-002
   2.6739629778806231        2.5141435137900976E-002
   2.6802398862794039        2.0283748185364278E-003
   2.6865167946781847       -2.1689969722811359E-002
   2.6927937030769655       -3.8963510515899170E-002
   2.6990706114757463       -4.4673468738757320E-002
   2.7053475198745272       -3.7142245900115764E-002
   2.7116244282733080       -1.8616324967734122E-002
   2.7179013366720888        5.4137566066540391E-003
   2.7241782450708696        2.7847644420838959E-002
   2.7304551534696504        4.2075080483518885E-002
   2.7367320618684312        4.3919800028655739E-002
   2.7430089702672120        3.2856819101529537E-002
   2.7492858786659928        1.2150805349656848E-002
   2.7555627870647736       -1.2117271406571029E-002
   2.7618396954635545       -3.2842111002413334E-002
   2.7681166038623353       -4.3974735763472404E-002
   2.7743935122611161       -4.2282286544924823E-002
   2.7806704206598969       -2.8276634116673492E-002
   2.7869473290586777       -6.0482530050153934E-003
   2.7932242374574585        1.7937744691589964E-002
   2.7995011458562393        3.6726281510465697E-002
   2.8057780542550201        4.4887103358579775E-002
   2.8120549626538009        4.0076819123535383E-002
   2.8183318710525818        2.3701346444857094E-002
   2.8246087794513626        4.9489552812767481E-004
   2.8308856878501434       -2.2855548863975794E-002
   2.8371625962489242       -3.9638786979004040E-002
   2.8434395046477050       -4.5044716121881115E-002
   2.8497164130464858       -3.7535649131187003E-002
   2.8559933214452666       -1.9275398599221425E-002
   2.8622702298440474        4.5009481748995135E-003
   2.8685471382428283        2.6991943268477089E-002
   2.8748240466416091        4.1776416875364021E-002
   2.8811009550403899        4.4644611602739186E-002
   2.8873778634391707        3.4791816588250521E-002
   2.8936547718379515        1.5036685337134714E-002
   2.8999316802367323       -8.9935537091082127E-003
   2.9062085886355131       -3.0473465415224676E-002
   2.9124854970342939       -4.3321989795896639E-002
   2.9187624054330747       -4.3922061236991883E-002
   2.9250393138318556       -3.2129902511141388E-002
   2.9313162222306364       -1.1293437237892079E-002
   2.9375931306294172        1.2715686117612994E-002
   2.9438700390281980        3.3171170583986012E-002
   2.9501469474269788        4.4380716318847387E-002
   2.9564238558257596        4.3259912647635783E-002
   2.9627007642245404        3.0159524140755175E-002
   2.9689776726233212        8.7330611000341861E-003
   2.9752545810221021       -1.5099384057467665E-002
   2.9815314894208829       -3.4791049618829638E-002
   2.9878083978196632       -4.4957646783054764E-002
   2.9940853062184440       -4.2832724057935256E-002
   3.0003622146172249       -2.9005458014093086E-002
   3.0066391230160057       -7.2529254286091017E-003
   3.0129160314147865        1.6481922794174254E-002
   3.0191929398135673        3.5694097026831621E-002
   3.0254698482123481        4.5080386733344281E-002
   3.0317467566111289        4.1999759314435621E-002
   3.0380236650099097        2.7238780618429149E-002
   3.0443005734086905        4.8555852789975620E-003
   3.0505774818074713       -1.8888737039774537E-002
   3.0568543902062522       -3.7251360472669769E-002
   3.0631312986050330       -4.4923742305784782E-002
   3.0694082070038138       -3.9601252885382326E-002
   3.0756851154025946       -2.2732427586538886E-002
   3.0819620238013754        8.1287953026783970E-004
   3.0882389322001562        2.4107955431433906E-002
   3.0945158405989370        4.0199559735712438E-002
   3.1007927489977178        4.4210224985924078E-002
   3.1070696573964987        3.4864184924093836E-002
   3.1133465657952795        1.4939046844810839E-002
   3.1196234741940603       -9.5329886569636875E-003
   3.1259003825928411       -3.1090997352286449E-002
   3.1321772909916219       -4.3136443325048367E-002
   3.1384541993904027       -4.1972894389069502E-002
   3.1447311077891835       -2.7953126772412507E-002
   3.1510080161879643       -5.3731954991998194E-003
   3.1572849245867451        1.8852075243253583E-002
   3.1635618329855260        3.7316651755547561E-002
   3.1698387413843068        4.4391963884840339E-002
   3.1761156497830876        3.7938176836158480E-002
   3.1823925581818684        1.9939610225612123E-002
   3.1886694665806492       -4.1183315530338768E-003
   3.1949463749794300       -2.6928643032011767E-002
   3.2012232833782108       -4.1580862975612698E-002
   3.2075001917769916       -4.3646637188965609E-002
   3.2137771001757724       -3.2509281370389866E-002
   3.2200540085745533       -1.1542255160968989E-002
   3.2263309169733341        1.2913902400475408E-002
   3.2326078253721149        3.3467021581125515E-002
   3.2388847337708957        4.3904767725294405E-002
   3.2451616421696765        4.1070625902675580E-002
   3.2514385505684573        2.5818848172287284E-002
   3.2577154589672381        2.7589627958573585E-003
   3.2639923673660189       -2.1135191867493582E-002
   3.2702692757647998       -3.8633622551749340E-002
   3.2765461841635806       -4.4438812465724863E-002
   3.2828230925623614       -3.6791650587505886E-002
   3.2891000009611422       -1.8006287745404533E-002
   3.2953769093599230        6.2301638768343147E-003
   3.3016538177587038        2.8581060264786337E-002
   3.3079307261574846        4.2283082053168039E-002
   3.3142076345562654        4.3193594335648185E-002
   3.3204845429550462        3.1041925470517807E-002
   3.3267614513538271        9.5067818815837320E-003
   3.3330383597526079       -1.4901167398940610E-002
   3.3393152681513887       -3.4810546640374231E-002
   3.3455921765501695       -4.4216142864719414E-002
   3.3518690849489503       -4.0288072460596687E-002
   3.3581459933477311       -2.4218709471894626E-002
   3.3644229017465119       -8.5536842128500093E-004
   3.3706998101452927        2.2766293238373092E-002
   3.3769767185440736        3.9542860246409149E-002
   3.3832536269428544        4.4437949519062783E-002
   3.3895305353416352        3.5990101276072425E-002
   3.3958074437404160        1.6743504174882459E-002
   3.4020843521391968       -7.5237349803658586E-003
   3.4083612605379776       -2.9538086074573911E-002
   3.4146381689367584       -4.2711603578777221E-002
   3.4209150773355392       -4.3111072396100798E-002
   3.4271919857343200       -3.0627269750638016E-002
   3.4334688941331009       -8.9981469750760375E-003
   3.4397458025318817        1.5316310788609094E-002
   3.4460227109306620        3.5067085124456471E-002
   3.4522996193294428        4.4377359432563095E-002
   3.4585765277282237        4.0487399011617707E-002
   3.4648534361270045        2.4565899911217663E-002
   3.4711303445257853        1.3511433091491318E-003
   3.4774072529245661       -2.2265630225983671E-002
   3.4836841613233469       -3.9288988810182772E-002
   3.4899610697221277       -4.4689949255705977E-002
   3.4962379781209085       -3.6885777180366341E-002
   3.5025148865196893       -1.8195097476967192E-002
   3.5087917949184702        5.8599192123850686E-003
   3.5150687033172510        2.8191615732659447E-002
   3.5213456117160318        4.2237158599826206E-002
   3.5276225201148126        4.3883823616620868E-002
   3.5338994285135934        3.2665270372645418E-002
   3.5401763369123742        1.1883117539664714E-002
   3.5464532453111550       -1.2374346348948075E-002
   3.5527301537099358       -3.3021797771707211E-002
   3.5590070621087166       -4.4046895524276479E-002
   3.5652839705074975       -4.2255605985350886E-002
   3.5715608789062783       -2.8187613855633505E-002
   3.5778377873050591       -5.9423107625094906E-003
   3.5841146957038399        1.8025699955693603E-002
   3.5903916041026207        3.6784737326732139E-002
   3.5966685125014015        4.4929624447300448E-002
   3.6029454209001823        4.0131707357258822E-002
   3.6092223292989631        2.3792813250675459E-002
   3.6154992376977440        6.2293449683750734E-004
   3.6217761460965248       -2.2727670344617441E-002
   3.6280530544953056       -3.9581680390148963E-002
   3.6343299628940864       -4.5141347682852377E-002
   3.6406068712928672       -3.7844730755422433E-002
   3.6468837796916480       -1.9790729090672962E-002
   3.6531606880904288        3.8785887764449414E-003
   3.6594375964892096        2.6452692487432330E-002
   3.6657145048879904        4.1558380847270864E-002
   3.6719914132867713        4.4954330403653035E-002
   3.6782683216855521        3.5710353930566902E-002
   3.6845452300843329        1.6446807908758517E-002
   3.6908221384831137       -7.4226023378943561E-003
   3.6970990468818945       -2.9221839952714376E-002
   3.7033759552806753       -4.2881672485256594E-002
   3.7096528636794561       -4.4623046508281694E-002
   3.7159297720782369       -3.3989614255169866E-002
   3.7222066804770177       -1.3951056140758126E-002
   3.7284835888757986        9.9405327147303688E-003
   3.7347604972745794        3.1097707801617778E-002
   3.7410374056733602        4.3714766234408821E-002
   3.7473143140721410        4.4353493734293030E-002
   3.7535912224709218        3.2866576487371700E-002
   3.7598681308697026        1.2414556040171455E-002
   3.7661450392684834       -1.1417554915057538E-002
   3.7724219476672642       -3.2153467576195055E-002
   3.7786988560660451       -4.4185643605385537E-002
   3.7849757644648259       -4.4283925765364163E-002
   3.7912526728636067       -3.2449152679595417E-002
   3.7975295812623875       -1.1890042229433510E-002
   3.8038064896611683        1.1860033678480812E-002
   3.8100833980599491        3.2439857960037448E-002
   3.8163603064587299        4.4363962239749269E-002
   3.8226372148575107        4.4476923565068813E-002
   3.8289141232562915        3.2775121677033545E-002
   3.8351910316550724        1.2385862547081282E-002
   3.8414679400538532       -1.1280645294149240E-002
   3.8477448484526340       -3.1973359772468284E-002
   3.8540217568514148       -4.4250684595699148E-002
   3.8602986652501956       -4.4903938238808276E-002
   3.8665755736489764       -3.3784163456400090E-002
   3.8728524820477572       -1.3822840934737662E-002
   3.8791293904465380        9.7506337500031029E-003
   3.8854062988453189        3.0783484141118075E-002
   3.8916832072440997        4.3804098065356074E-002
   3.8979601156428805        4.5439228518437257E-002
   3.9042370240416608        3.5279372987666313E-002
   3.9105139324404417        1.5973114169104803E-002
   3.9167908408392225       -7.4697987692980226E-003
   3.9230677492380033       -2.8982810894323099E-002
   3.9293446576367841       -4.3014245838510760E-002
   3.9356215660355649       -4.5958425646433244E-002
   3.9418984744343457       -3.7076633149692950E-002
   3.9481753828331265       -1.8672651355436602E-002
   3.9544522912319073        4.5173303144128629E-003
   3.9607291996306881        2.6556221704737894E-002
   3.9670061080294690        4.1834763186883714E-002
   3.9732830164282498        4.6499672837459351E-002
   3.9795599248270306        3.9414813258904856E-002
   3.9858368332258114        2.2415733488601004E-002
   3.9921137416245922       -1.9477887405223613E-004
   3.9983906500233730       -2.2762733974439828E-002
   4.0046675584221543       -3.9709098851722059E-002
   4.0109444668209351       -4.6900892739152322E-002
   4.0172213752197159       -4.2633565144824206E-002
   4.0234982836184967       -2.8001617661785390E-002
   4.0297751920172775       -6.5910053458602342E-003
   4.0360521004160583        1.6411602279368397E-002
   4.0423290088148391        3.5468314612482704E-002
   4.0486059172136200        4.6002536416276781E-002
   4.0548828256124008        4.5475514960191706E-002
   4.0611597340111816        3.3987944063864427E-002
   4.0674366424099624        1.4274322098448736E-002
   4.0737135508087432       -8.9118688419045824E-003
   4.0799904592075240       -2.9896420925051879E-002
   4.0862673676063048       -4.3438685162651654E-002
   4.0925442760050856       -4.6042544010844982E-002
   4.0988211844038664       -3.6903455215587189E-002
   4.1050980928026473       -1.8226075333871827E-002
   4.1113750012014281        5.2213190324124099E-003
   4.1176519096002089        2.7262157996258248E-002
   4.1239288179989897        4.1922677670820717E-002
   4.1302057263977705        4.5087781422507689E-002
   4.1364826347965504        3.5732900867309889E-002
   4.1427595431953312        1.6339854722309300E-002
   4.1490364515941121       -7.6870107917328427E-003
   4.1553133599928929       -2.9496968305641066E-002
   4.1615902683916737       -4.2765534149493654E-002
   4.1678671767904545       -4.3579294248918730E-002
   4.1741440851892353       -3.1643077874920260E-002
   4.1804209935880161       -1.0418189840213263E-002
   4.1866979019867969        1.3870746743861996E-002
   4.1929748103855777        3.4070716889503687E-002
   4.1992517187843585        4.4224273901906072E-002
   4.2055286271831394        4.1339870202124915E-002
   4.2118055355819202        2.6275855710639857E-002
   4.2180824439807010        3.4777963057092713E-003
   4.2243593523794818       -2.0344101881366743E-002
   4.2306362607782626       -3.8196325106979012E-002
   4.2369131691770434       -4.4852852715620783E-002
   4.2431900775758242       -3.8375556102152757E-002
   4.2494669859746050       -2.0668449193549859E-002
   4.2557438943733858        3.0852003989419374E-003
   4.2620208027721667        2.5935775444701600E-002
   4.2682977111709475        4.1193576169149843E-002
   4.2745746195697283        4.4382868136409917E-002
   4.2808515279685091        3.4556247915084271E-002
   4.2871284363672899        1.4583487592523240E-002
   4.2934053447660707       -9.6760709260571547E-003
   4.2996822531648515       -3.1083666884962176E-002
   4.3059591615636323       -4.3318941936921804E-002
   4.3122360699624132       -4.2750824741651393E-002
   4.3185129783611940       -2.9526308594928049E-002
   4.3247898867599748       -7.5466468774318413E-003
   4.3310667951587556        1.6672872380512758E-002
   4.3373437035575364        3.5930209146482733E-002
   4.3436206119563172        4.4481488665260215E-002
   4.3498975203550980        3.9762421658077911E-002
   4.3561744287538788        2.3167195373529414E-002
   4.3624513371526596       -3.5463327061331179E-004
   4.3687282455514405       -2.3769001208908250E-002
   4.3750051539502213       -4.0059855124469475E-002
   4.3812820623490021       -4.4334604924695098E-002
   4.3875589707477829       -3.5299453419705855E-002
   4.3938358791465637       -1.5657970917477181E-002
   4.4001127875453445        8.6916389342224735E-003
   4.4063896959441253        3.0423811715349847E-002
   4.4126666043429061        4.2988878901000685E-002
   4.4189435127416870        4.2589869709561315E-002
   4.4252204211404678        2.9335662604854568E-002
   4.4314973295392486        7.2189497385194094E-003
   4.4377742379380294       -1.7079798484384651E-002
   4.4440511463368102       -3.6206404158130416E-002
   4.4503280547355910       -4.4359289845889188E-002
   4.4566049631343718       -3.9054088660198258E-002
   4.4628818715331526       -2.1888431447237438E-002
   4.4691587799319334        1.9308841805685129E-003
   4.4754356883307143        2.5161134329643023E-002
   4.4817125967294951        4.0723960246423760E-002
   4.4879895051282759        4.3864940065155483E-002
   4.4942664135270567        3.3612684412046734E-002
   4.5005433219258375        1.3087554490171977E-002
   4.5068202303246183       -1.1440628819948709E-002
   4.5130971387233991       -3.2463680349566641E-002
   4.5193740471221799       -4.3533596638478118E-002
   4.5256509555209607       -4.1244588429472887E-002
   4.5319278639197416       -2.6287886008705470E-002
   4.5382047723185224       -3.2504912269351329E-003
   4.5444816807173032        2.0785936061633432E-002
   4.5507585891160840        3.8419728469932989E-002
   4.5570354975148648        4.4210176105873536E-002
   4.5633124059136456        3.6361262549508229E-002
   4.5695893143124264        1.7285518750096103E-002
   4.5758662227112072       -7.1310481820999654E-003
   4.5821431311099881       -2.9340957120742767E-002
   4.5884200395087689       -4.2467595731908121E-002
   4.5946969479075497       -4.2437323664020601E-002
   4.6009738563063305       -2.9249352673369630E-002
   4.6072507647051113       -6.9858190762957795E-003
   4.6135276731038921        1.7446188352611979E-002
   4.6198045815026729        3.6454734664389463E-002
   4.6260814899014537        4.4123032615970052E-002
   4.6323583983002345        3.8055405174588809E-002
   4.6386353066990154        2.0131958221242106E-002
   4.6449122150977962       -4.0676969720084451E-003
   4.6511891234965770       -2.6997036964030122E-002
   4.6574660318953578       -4.1494870341724936E-002
   4.6637429402941386       -4.3024344624533847E-002
   4.6700198486929194       -3.1097860909476409E-002
   4.6762967570917002       -9.4387198515124178E-003
   4.6825736654904810        1.5175885980390980E-002
   4.6888505738892619        3.5032670483052211E-002
   4.6951274822880427        4.3899884374497523E-002
   4.7014043906868235        3.8986756634599287E-002
   4.7076812990856043        2.1827429117216655E-002
   4.7139582074843851       -2.1923534296911500E-003
   4.7202351158831659       -2.5521607029582866E-002
   4.7265120242819467       -4.0816729325345663E-002
   4.7327889326807275       -4.3255158273116739E-002
   4.7390658410795083       -3.2060419719594280E-002
   4.7453427494782892       -1.0754835668344873E-002
   4.7516196578770700        1.3944009979533779E-002
   4.7578965662758508        3.4238786270720550E-002
   4.7641734746746316        4.3714414475750092E-002
   4.7704503830734124        3.9368960162784655E-002
   4.7767272914721932        2.2569416115717486E-002
   4.7830041998709740       -1.3734622295889893E-003
   4.7892811082697548       -2.4880588268533933E-002
   4.7955580166685357       -4.0502704984912083E-002
   4.8018349250673165       -4.3282676931787271E-002
   4.8081118334660973       -3.2332172901566911E-002
   4.8143887418648781       -1.1120027451283787E-002
   4.8206656502636589        1.3622714838170406E-002
   4.8269425586624397        3.4036641922991828E-002
   4.8332194670612205        4.3630817990494737E-002
   4.8394963754600013        3.9349211305618192E-002
   4.8457732838587821        2.2547970349545667E-002
   4.8520501922575630       -1.4302158805148803E-003
   4.8583271006563438       -2.4952329197458718E-002
   4.8646040090551246       -4.0524097888859911E-002
   4.8708809174539054       -4.3179081886032179E-002
   4.8771578258526862       -3.2065633180046238E-002
   4.8834347342514670       -1.0723633572019010E-002
   4.8897116426502478        1.4040033659050629E-002
   4.8959885510490286        3.4320969120823414E-002
   4.9022654594478094        4.3640647077406794E-002
   4.9085423678465903        3.9017931055172012E-002
   4.9148192762453711        2.1925614659884646E-002
   4.9210961846441519       -2.1759130447289955E-003
   4.9273730930429327       -2.5581142957358558E-002
   4.9336500014417135       -4.0802563371104744E-002
   4.9399269098404943       -4.2967093849095590E-002
   4.9462038182392751       -3.1378372377667184E-002
   4.9524807266380559       -9.7432599526835768E-003
   4.9587576350368368        1.5011898531342847E-002
   4.9650345434356176        3.4957817998702956E-002
   4.9713114518343984        4.3702471758991272E-002
   4.9775883602331792        3.8440941800137414E-002
   4.9838652686319600        2.0857019936771061E-002
   4.9901421770307408       -3.4138872628316718E-003
   4.9964190854295216       -2.6589764287444376E-002
   5.0026959938283024       -4.1237027765393182E-002
   5.0089729022270832       -4.2655586714595052E-002
   5.0152498106258641       -3.0388338329940024E-002
   5.0215267190246449       -8.3698315457454708E-003
   5.0278036274234257        1.6334683690031774E-002
   5.0340805358222065        3.5795978785551824E-002
   5.0403574442209873        4.3766144225481363E-002
   5.0466343526197681        3.7685225588652213E-002
   5.0529112610185480        1.9504400961705151E-002
   5.0591881694173289       -4.9393342551207822E-003
   5.0654650778161097       -2.7796795655362260E-002
   5.0717419862148905       -4.1727175309588374E-002
   5.0780188946136713       -4.2256002666257210E-002
   5.0842958030124521       -2.9212868714733341E-002
   5.0905727114112329       -6.7867260523954446E-003
   5.0968496198100137        1.7819307590784161E-002
   5.1031265282087945        3.6701652090884024E-002
   5.1094034366075753        4.3795166668187141E-002
   5.1156803450063562        3.6821492718866741E-002
   5.1219572534051370        1.8020823856918087E-002
   5.1282341618039178       -6.5679557029849501E-003
   5.1345110702026986       -2.9047344760612905E-002
   5.1407879786014794       -4.2198047600827314E-002
   5.1470648870002602       -4.1797477799451553E-002
   5.1533417953990410       -2.7975243851807129E-002
   5.1596187037978218       -5.1705469098171112E-003
   5.1658956121966026        1.9294301237906125E-002
   5.1721725205953835        3.7565551940409586E-002
   5.1784494289941643        4.3779324860675248E-002
   5.1847263373929451        3.5942986062178099E-002
   5.1910032457917259        1.6573061929911162E-002
   5.1972801541905067       -8.1142142312912793E-003
   5.2035570625892875       -3.0198906761975196E-002
   5.2098339709880683       -4.2598588920565547E-002
   5.2161108793868491       -4.1339127129030637E-002
   5.2223877877856300       -2.6827027847116675E-002
   5.2286646961844108       -3.7163832777047587E-003
   5.2349416045831916        2.0585444648317675E-002
   5.2412185129819724        3.8292988428779998E-002
   5.2474954213807532        4.3736673940834886E-002
   5.2537723297795340        3.5176683085769309E-002
   5.2600492381783148        1.5356754056052448E-002
   5.2663261465770956       -9.3776504445661907E-003
   5.2726030549758764       -3.1112588461585471E-002
   5.2788799633746573       -4.2898164486359983E-002
   5.2851568717734381       -4.0969678973905035E-002
   5.2914337801722189       -2.5947814595746820E-002
   5.2977106885709997       -2.6359665291538336E-003
   5.3039875969697805        2.1518192999282624E-002
   5.3102645053685613        3.8803339179845561E-002
   5.3165414137673421        4.3705871179631914E-002
   5.3228183221661229        3.4666458859964049E-002
   5.3290952305649038        1.4572772787879478E-002
   5.3353721389636846       -1.0166281441501506E-002
   5.3416490473624654       -3.1666959791564954E-002
   5.3479259557612462       -4.3083479703494403E-002
   5.3542028641600270       -4.0786065512098436E-002
   5.3604797725588078       -2.5511697071866356E-002
   5.3667566809575886       -2.1237365502399536E-003
   5.3730335893563694        2.1939946084687717E-002
   5.3793104977551502        3.9034016443558812E-002
   5.3855874061539311        4.3733959268922817E-002
   5.3918643145527119        3.4554444806971486E-002
   5.3981412229514927        1.4414311192522514E-002
   5.4044181313502735       -1.0295980544043190E-002
   5.4106950397490543       -3.1745029935029666E-002
   5.4169719481478351       -4.3142988125855139E-002
   5.4232488565466159       -4.0888660538794648E-002
   5.4295257649453967       -2.5702895640240007E-002
   5.4358026733441775       -2.3929247110112532E-003
   5.4420795817429584        2.1673724123436156E-002
   5.4483564901417392        3.8899853414215313E-002
   5.4546333985405200        4.3855784971865458E-002
   5.4609103069393008        3.4986961184578606E-002
   5.4671872153380816        1.5096096781182788E-002
   5.4734641237368624       -9.5478992250260953E-003
   5.4797410321356432       -3.1189222793579153E-002
   5.4860179405344240       -4.3026596051919566E-002
   5.4922948489332049       -4.1348038967906252E-002
   5.4985717573319857       -2.6689716907211416E-002
   5.5048486657307665       -3.6586816224011116E-003
   5.5111255741295473        2.0520137991723014E-002
   5.5174024825283281        3.8272824379061002E-002
   5.5236793909271089        4.4047908609174444E-002
   5.5299562993258897        3.6048106893587332E-002
   5.5362332077246705        1.6783444482207754E-002
   5.5425101161234513       -7.7224933476931629E-003
   5.5487870245222322       -2.9820244090704502E-002
   5.5550639329210130       -4.2623138460843583E-002
   5.5613408413197938       -4.2150698299126363E-002
   5.5676177497185746       -2.8560461401859832E-002
   5.5738946581173554       -6.0887839414937852E-003
   5.5801715665161362        1.8275641365963862E-002
   5.5864484749149170        3.6968338158556574E-002
   5.5927253833136978        4.4196786814223565E-002
   5.5990022917124787        3.7730878419407761E-002
   5.6052792001112595        1.9584015239182320E-002
   5.6115561085100403       -4.6209913081319033E-003
   5.6178330169088211       -2.7399335760373823E-002
   5.6241099253076019       -4.1720248317470079E-002
   5.6303868337063827       -4.3174439999784431E-002
   5.6366637421051635       -3.1325541709464902E-002
   5.6429406505039443       -9.8331918492681226E-003
   5.6492175589027251        1.4684261130306917E-002
   5.6554944673015060        3.4691843064755319E-002
   5.6617713757002868        4.4053439080480303E-002
   5.6680482840990676        3.9909139019460506E-002
   5.6743251924978484        2.3541415196308473E-002
   5.6806021008966292       -2.9885644364625570E-005
   5.6868790092954100       -2.3593424042250986E-002
   5.6931559176941908       -3.9955092777611889E-002
   5.6994328260929716       -4.4132260287380397E-002
   5.7057097344917524       -3.4864883135213263E-002
   5.7119866428905333       -1.4987091899930749E-002
   5.7182635512893141        9.4476306698026355E-003
   5.7245404596880949        3.1015200372492516E-002
   5.7308173680868757        4.3177363676889111E-002
   5.7370942764856565        4.2259729385639280E-002
   5.7433711848844373        2.8554178060632745E-002
   5.7496480932832181        6.2172330456586834E-003
   5.7559250016819989       -1.7998101268469124E-002
   5.7622019100807798       -3.6787820314613064E-002
   5.7684788184795606       -4.4498930323909093E-002
   5.7747557268783414       -3.8824398029494056E-002
   5.7810326352771222       -2.1484547692108353E-002
   5.7873095436759030        2.3036498920657568E-003
   5.7935864520746838        2.5403006466101587E-002
   5.7998633604734646        4.0899840272365456E-002
   5.8061402688722454        4.4170346213304054E-002
   5.8124171772710262        3.4252826363539900E-002
   5.8186940856698071        1.4120723194811684E-002
   5.8249709940685879       -1.0217969755629426E-002
   5.8312479024673687       -3.1519471742448221E-002
   5.8375248108661495       -4.3460843947340830E-002
   5.8438017192649303       -4.2512129778429740E-002
   5.8500786276637111       -2.8971024621680438E-002
   5.8563555360624919       -6.8594128368022929E-003
   5.8626324444612727        1.7279993153793312E-002
   5.8689093528600536        3.6324256162915736E-002
   5.8751862612588344        4.4671027321118641E-002
   5.8814631696576152        3.9880167336730749E-002
   5.8877400780563960        2.3376981127884274E-002
   5.8940169864551768        1.7418316709523209E-005
   5.9002938948539576       -2.3349110044952603E-002
   5.9065708032527384       -3.9891459554003070E-002
   5.9128477116515192       -4.4791046347124934E-002
   5.9191246200503000       -3.6637170806436616E-002
   5.9254015284490809       -1.7821832678560641E-002
   5.9316784368478617        6.1727871759766784E-003
   5.9379553452466425        2.8378729889750601E-002
   5.9442322536454233        4.2366942743236068E-002
   5.9505091620442041        4.4103729629583907E-002
   5.9567860704429849        3.3104609978385789E-002
   5.9630629788417657        1.2558573414304521E-002
   5.9693398872405457       -1.1605318574214712E-002
   5.9756167956393265       -3.2433302786335716E-002
   5.9818937040381073       -4.3946996597141408E-002
   5.9881706124368881       -4.2853709050644076E-002
   5.9944475208356689       -2.9479939756561487E-002
   6.0007244292344497       -7.6662980034952529E-003
   6.0070013376332305        1.6340873511046464E-002
   6.0132782460320113        3.5680702178928665E-002
   6.0195551544307921        4.4837969048558232E-002
   6.0258320628295730        4.1212280472114879E-002
   6.0321089712283538        2.5850151386372072E-002
   6.0383858796271346        3.1348543041200840E-003
   6.0446627880259154       -2.0472508290460725E-002
   6.0509396964246962       -3.8276804817673982E-002
   6.0572166048234770       -4.5248857987033514E-002
   6.0634935132222578       -3.9440604170926243E-002
   6.0697704216210386       -2.2517109694524726E-002
   6.0760473300198194        7.3743449410893197E-004
   6.0823242384186003        2.3788980893252723E-002
   6.0886011468173811        4.0199801350963384E-002
   6.0948780552161619        4.5423492623717185E-002
   6.1011549636149427        3.8047919939778921E-002
   6.1074318720137235        2.0152755142484272E-002
   6.1137087804125043       -3.2985224161441507E-003
   6.1199856888112851       -2.5846515150470515E-002
   6.1262625972100659       -4.1312183310459563E-002
   6.1325395056088468       -4.5476042130456647E-002
   6.1388164140076276       -3.7212185696230235E-002
   6.1450933224064084       -1.8782152318355855E-002
   6.1513702308051892        4.7813090373617119E-003
   6.1576471392039700        2.7032793691782363E-002
   6.1639240476027508        4.1856164159083262E-002
   6.1702009560015316        4.5132541152635507E-002
   6.1764778644003124        3.5893841552648596E-002
   6.1827547727990932        1.6642216567908066E-002
   6.1890316811978741       -7.2795093480954188E-003
   6.1953085895966549       -2.9129663788245896E-002
   6.2015854979954357       -4.2652052196636508E-002
   6.2078624063942165       -4.3885927199231088E-002
   6.2141393147929973       -3.2374394849807364E-002
   6.2204162231917781       -1.1387745337215389E-002
   6.2266931315905589        1.2951624616285688E-002
   6.2329700399893397        3.3429907143206358E-002
   6.2392469483881206        4.3890570230429547E-002
   6.2455238567869014        4.1124838977646516E-002
   6.2518007651856822        2.5905791575286007E-002
   6.2580776735844630        2.8122690854396788E-003
   6.2643545819832438       -2.1135791102794864E-002
   6.2706314903820246       -3.8620928392033724E-002
   6.2769083987808054       -4.4283902961194867E-002
   6.2831853071795862       -3.6383734261585997E-002
