   6.2769083987808056E-003   2.5351197774591473E-002
   1.2553816797561611E-002   3.1406730049328035E-002
   1.8830725196342418E-002   3.5709104501753852E-002
   2.5107633595123222E-002   3.8032266417899037E-002
   3.1384541993904030E-002   3.8265045593229699E-002
   3.7661450392684835E-002   3.6413739794552764E-002
   4.3938358791465640E-002   3.2597528996347429E-002
   5.0215267190246445E-002   2.7037904410444791E-002
   5.6492175589027249E-002   2.0043567814598897E-002
   6.2769083987808061E-002   1.1992430963596631E-002
   6.9045992386588859E-002   3.3120006517046606E-003
   7.5322900785369670E-002  -5.5417530525250832E-003
   8.1599809184150468E-002  -1.4106634311699043E-002
   8.7876717582931280E-002  -2.1936750557205707E-002
   9.4153625981712077E-002  -2.8624437797141928E-002
  0.10043053438049289       -3.3820627257565315E-002
  0.10670744277927370       -3.7252686875773162E-002
  0.11298435117805450       -3.8738795893745542E-002
  0.11926125957683531       -3.8198002832151828E-002
  0.12553816797561612       -3.5655266547042090E-002
  0.13181507637439691       -3.1241002135510430E-002
  0.13809198477317772       -2.5184929399704705E-002
  0.14436889317195853       -1.7804347418888852E-002
  0.15064580157073934       -9.4872817586072224E-003
  0.15692270996952015       -6.7140191657895560E-004
  0.16319961836830094        8.1798422823570940E-003
  0.16947652676708175        1.6602373657735172E-002
  0.17575343516586256        2.4156465958490296E-002
  0.18203034356464337        3.0450124185081757E-002
  0.18830725196342415        3.5159575083183743E-002
  0.19458416036220497        3.8045776578149053E-002
  0.20086106876098578        3.8966117768630550E-002
  0.20713797715976659        3.7880779374736190E-002
  0.21341488555854740        3.4853543499716387E-002
  0.21969179395732819        3.0047155635066519E-002
  0.22596870235610900        2.3713636513885059E-002
  0.23224561075488981        1.6180198142795272E-002
  0.23852251915367062        7.8316325805455351E-003
  0.24479942755245140       -9.0984426784175955E-004
  0.25107633595123224       -9.6062746165813569E-003
  0.25735324435001306       -1.7826058821553116E-002
  0.26363015274879381       -2.5165350608155997E-002
  0.26990706114757462       -3.1267685765139094E-002
  0.27618396954635543       -3.5840894621064025E-002
  0.28246087794513625       -3.8670508446037172E-002
  0.28873778634391706       -3.9629065083352483E-002
  0.29501469474269787       -3.8680941237672850E-002
  0.30129160314147868       -3.5882573691257524E-002
  0.30756851154025949       -3.1378168577185846E-002
  0.31384541993904030       -2.5391222777825902E-002
  0.32012232833782106       -1.8212383788981972E-002
  0.32639923673660187       -1.0184341313709835E-002
  0.33267614513538268       -1.6845849296582313E-003
  0.33895305353416350        6.8930422327727926E-003
  0.34522996193294431        1.5157048872154792E-002
  0.35150687033172512        2.2736344135388650E-002
  0.35778377873050593        2.9296783604800487E-002
  0.36406068712928674        3.4555477390807290E-002
  0.37033759552806755        3.8292266949760366E-002
  0.37661450392684831        4.0357942452591250E-002
  0.38289141232562912        4.0678950193539225E-002
  0.38916832072440993        3.9258520576189081E-002
  0.39544522912319074        3.6174321412527202E-002
  0.40172213752197156        3.1572900723577720E-002
  0.40799904592075237        2.5661320767159670E-002
  0.41427595431953318        1.8696496781402682E-002
  0.42055286271831399        1.0972825631242557E-002
  0.42682977111709480        2.8087277028383899E-003
  0.43310667951587556       -5.4672548142285322E-003
  0.43938358791465637       -1.3530174304778757E-002
  0.44566049631343718       -2.1071624492483815E-002
  0.45193740471221799       -2.7811401906839749E-002
  0.45821431311099881       -3.3507454666803355E-002
  0.46449122150977962       -3.7963793125225478E-002
  0.47076812990856043       -4.1036147092433389E-002
  0.47704503830734124       -4.2635266677883525E-002
  0.48332194670612205       -4.2727872961671534E-002
  0.48959885510490281       -4.1335365985208011E-002
  0.49587576350368362       -3.8530484225076336E-002
  0.50215267190246449       -3.4432173467688128E-002
  0.50842958030124530       -2.9198996828398223E-002
  0.51470648870002611       -2.3021477142487055E-002
  0.52098339709880681       -1.6113765163816757E-002
  0.52726030549758762       -8.7050175462774840E-003
  0.53353721389636843       -1.0308466698583818E-003
  0.53981412229514925        6.6748323494101383E-003
  0.54609103069393006        1.4187279331461175E-002
  0.55236793909271087        2.1297508111844995E-002
  0.55864484749149168        2.7817802445126116E-002
  0.56492175589027249        3.3586063702468319E-002
  0.57119866428905330        3.8468942775590674E-002
  0.57747557268783412        4.2363761455473908E-002
  0.58375248108661493        4.5199276538677793E-002
  0.59002938948539574        4.6935385007752926E-002
  0.59630629788417655        4.7561892483283436E-002
  0.60258320628295736        4.7096478324191692E-002
  0.60886011468173817        4.5582007454702256E-002
  0.61513702308051899        4.3083346150561870E-002
  0.62141393147929980        3.9683838011124614E-002
  0.62769083987808061        3.5481589806258838E-002
  0.63396774827686131        3.0585705418695409E-002
  0.64024465667564212        2.5112591126349448E-002
  0.64652156507442293        1.9182437797135674E-002
  0.65279847347320374        1.2915966556414108E-002
  0.65907538187198456        6.4315047154480795E-003
  0.66535229027076537       -1.5756048163962155E-004
  0.67162919866954618       -6.7449206421359162E-003
  0.67790610706832699       -1.3233054162657219E-002
  0.68418301546710780       -1.9534478959590578E-002
  0.69045992386588861       -2.5572556116368099E-002
  0.69673683226466943       -3.1281876604682700E-002
  0.70301374066345024       -3.6608274473755788E-002
  0.70929064906223105       -4.1508517574956875E-002
  0.71556755746101186       -4.5949730325861131E-002
  0.72184446585979267       -4.9908605185452370E-002
  0.72812137425857348       -5.3370457177758839E-002
  0.73439828265735430       -5.6328174816647751E-002
  0.74067519105613511       -5.8781113280750523E-002
  0.74695209945491581       -6.0733976091089645E-002
  0.75322900785369662       -6.2195717259187919E-002
  0.75950591625247743       -6.3178615323584472E-002
  0.76578282465125824       -6.3697975751269773E-002
  0.77205973305003905       -6.3772317172565748E-002
  0.77833664144881987       -6.3423673148197829E-002
  0.78461354984760068       -6.2677905613620716E-002
  0.79089045824638149       -6.1564977376102628E-002
  0.79716736664516230       -6.0119134239429627E-002
  0.80344427504394311       -5.8378962475092971E-002
  0.80972118344272392       -5.6387296452806032E-002
  0.81599809184150474       -5.4190972362623664E-002
  0.82227500024028555       -5.1840432536232335E-002
  0.82855190863906636       -4.9389215289831909E-002
  0.83482881703784717       -4.6893363186385213E-002
  0.84110572543662798       -4.4410822275868185E-002
  0.84738263383540879       -4.2000492129427157E-002
  0.85365954223418961       -3.9719958094761990E-002
  0.85993645063297042       -3.7623049164938811E-002
  0.86621335903175112       -3.5758196530656046E-002
  0.87249026743053193       -3.4167575874321759E-002
  0.87876717582931274       -3.2886860063468713E-002
  0.88504408422809355       -3.1945362674321007E-002
  0.89132099262687436       -3.1366321647044323E-002
  0.89759790102565518       -3.1167055121167474E-002
  0.90387480942443599       -3.1358706447059327E-002
  0.91015171782321680       -3.1945301910692663E-002
  0.91642862622199761       -3.2921833636078299E-002
  0.92270553462077842       -3.4271129253295146E-002
  0.92898244301955923       -3.5959307344542772E-002
  0.93525935141834005       -3.7930569347174106E-002
  0.94153625981712086       -4.0103644730515649E-002
  0.94781316821590167       -4.2369515970356021E-002
  0.95409007661468248       -4.4590264850073974E-002
  0.96036698501346329       -4.6599940779203222E-002
  0.96664389341224410       -4.8208388084524899E-002
  0.97292080181102492       -4.9208794404249419E-002
  0.97919771020980562       -4.9389356769020176E-002
  0.98547461860858643       -4.8548916760399838E-002
  0.99175152700736724       -4.6515714181337639E-002
  0.99802843540614805       -4.3167623470411753E-002
   1.0043053438049290       -3.8451524155853484E-002
   1.0105822522037098       -3.2398938491010110E-002
   1.0168591606024906       -2.5134939432889993E-002
   1.0231360690012714       -1.6877250797971796E-002
   1.0294129774000522       -7.9242523410114566E-003
   1.0356898857988328        1.3646082009702405E-003
   1.0419667941976136        1.0593011358784097E-002
   1.0482437025963944        1.9354212209057916E-002
   1.0545206109951752        2.7257273316483283E-002
   1.0607975193939561        3.3950858607453768E-002
   1.0670744277927369        3.9142811173867934E-002
   1.0733513361915177        4.2614392009366744E-002
   1.0796282445902985        4.4228739405892656E-002
   1.0859051529890793        4.3933775302858968E-002
   1.0921820613878601        4.1760303751968091E-002
   1.0984589697866409        3.7816414102468617E-002
   1.1047358781854217        3.2279484548993938E-002
   1.1110127865842025        2.5387416543346482E-002
   1.1172896949829834        1.7430089924652569E-002
   1.1235666033817642        8.7398891542068320E-003
   1.1298435117805450       -3.1925397918474308E-004
   1.1361204201793258       -9.3643229250804736E-003
   1.1423973285781066       -1.8007100246777354E-002
   1.1486742369768874       -2.5869221771534955E-002
   1.1549511453756682       -3.2597993186565755E-002
   1.1612280537744490       -3.7882377501506824E-002
   1.1675049621732299       -4.1468408673355620E-002
   1.1737818705720107       -4.3173154541434555E-002
   1.1800587789707915       -4.2896285897755106E-002
   1.1863356873695723       -4.0628306163449528E-002
   1.1926125957683531       -3.6454571495721753E-002
   1.1988895041671339       -3.0554280830420055E-002
   1.2051664125659147       -2.3194057119663245E-002
   1.2114433209646955       -1.4716610799926127E-002
   1.2177202293634763       -5.5250981978062766E-003
   1.2239971377622572        3.9360693226587204E-003
   1.2302740461610380        1.3202994810665719E-002
   1.2365509545598188        2.1815525695290990E-002
   1.2428278629585996        2.9340731630998713E-002
   1.2491047713573804        3.5395397497475091E-002
   1.2553816797561612        3.9666340008326861E-002
   1.2616585881549420        4.1927464827542740E-002
   1.2679354965537226        4.2052641320029227E-002
   1.2742124049525034        4.0023680141793971E-002
   1.2804893133512842        3.5932945561983502E-002
   1.2867662217500651        2.9980437445065629E-002
   1.2930431301488459        2.2465372723483010E-002
   1.2993200385476267        1.3772422680710524E-002
   1.3055969469464075        4.3531044111038593E-003
   1.3118738553451883       -5.2968664043340470E-003
   1.3181507637439691       -1.4663200900447586E-002
   1.3244276721427499       -2.3240364770209031E-002
   1.3307045805415307       -3.0559178581304639E-002
   1.3369814889403115       -3.6213176276651722E-002
   1.3432583973390924       -3.9882206804166771E-002
   1.3495353057378732       -4.1351849958779913E-002
   1.3558122141366540       -4.0527394229030289E-002
   1.3620891225354348       -3.7441385374742432E-002
   1.3683660309342156       -3.2254087092627955E-002
   1.3746429393329964       -2.5246575744603289E-002
   1.3809198477317772       -1.6806658826426873E-002
   1.3871967561305580       -7.4082861455807862E-003
   1.3934736645293389        2.4144910667040428E-003
   1.3997505729281197        1.2097609784567680E-002
   1.4060274813269005        2.1079447311900756E-002
   1.4123043897256813        2.8833762222435985E-002
   1.4185812981244621        3.4901170211230924E-002
   1.4248582065232429        3.8917238254901752E-002
   1.4311351149220237        4.0635435017682901E-002
   1.4374120233208045        3.9943442528354758E-002
   1.4436889317195853        3.6871699637099555E-002
   1.4499658401183662        3.1593492752481696E-002
   1.4562427485171470        2.4416409337350193E-002
   1.4625196569159278        1.5765496079550911E-002
   1.4687965653147086        6.1589662380021780E-003
   1.4750734737134894       -3.8222262293221825E-003
   1.4813503821122702       -1.3569204762797776E-002
   1.4876272905110510       -2.2482317329969942E-002
   1.4939041989098316       -3.0008349477147572E-002
   1.5001811073086124       -3.5675476683887146E-002
   1.5064580157073932       -3.9123712198211889E-002
   1.5127349241061741       -4.0128834644916324E-002
   1.5190118325049549       -3.8618144127217105E-002
   1.5252887409037357       -3.4676876697264838E-002
   1.5315656493025165       -2.8544678144490139E-002
   1.5378425577012973       -2.0602164179539598E-002
   1.5441194661000781       -1.1348236390935540E-002
   1.5503963744988589       -1.3694397627669504E-003
   1.5566732828976397        8.6968019587224075E-003
   1.5629501912964205        1.8202794232419963E-002
   1.5692270996952014        2.6532441478857662E-002
   1.5755040080939822        3.3141657362270864E-002
   1.5817809164927630        3.7594631826835277E-002
   1.5880578248915438        3.9593488963894023E-002
   1.5943347332903246        3.8999258000644368E-002
   1.6006116416891054        3.5842617149615043E-002
   1.6068885500878862        3.0323523955007810E-002
   1.6131654584866670        2.2799575083294249E-002
   1.6194423668854478        1.3763695022778593E-002
   1.6257192752842287        3.8124861040700667E-003
   1.6319961836830095       -6.3927696945205838E-003
   1.6382730920817903       -1.6169929782529721E-002
   1.6445500004805711       -2.4861728309152318E-002
   1.6508269088793519       -3.1880348819365856E-002
   1.6571038172781327       -3.6747777971653017E-002
   1.6633807256769135       -3.9129125471881403E-002
   1.6696576340756943       -3.8856534197191990E-002
   1.6759345424744752       -3.5941916059528289E-002
   1.6822114508732560       -3.0577494532932185E-002
   1.6884883592720368       -2.3123964112919695E-002
   1.6947652676708176       -1.4086933949043453E-002
   1.7010421760695984       -4.0831474786087356E-003
   1.7073190844683792        6.2012964150490405E-003
   1.7135959928671600        1.6057906082271239E-002
   1.7198729012659408        2.4804728743714758E-002
   1.7261498096647214        3.1833857212551941E-002
   1.7324267180635022        3.6654174103733984E-002
   1.7387036264622830        3.8926287572815903E-002
   1.7449805348610639        3.8487125253910473E-002
   1.7512574432598447        3.5362353353674970E-002
   1.7575343516586255        2.9765628229976755E-002
   1.7638112600574063        2.2084610415767196E-002
   1.7700881684561871        1.2854610744818442E-002
   1.7763650768549679        2.7216278124008704E-003
   1.7826419852537487       -7.6026895278818946E-003
   1.7889188936525295       -1.7391018951398034E-002
   1.7951958020513104       -2.5951761522370328E-002
   1.8014727104500912       -3.2678204877565085E-002
   1.8077496188488720       -3.7091925711052798E-002
   1.8140265272476528       -3.8877286410347212E-002
   1.8203034356464336       -3.7904498490659223E-002
   1.8265803440452144       -3.4239530858218264E-002
   1.8328572524439952       -2.8140075654560313E-002
   1.8391341608427760       -2.0037783643892471E-002
   1.8454110692415568       -1.0507972521830576E-002
   1.8516879776403377       -2.2892262992317352E-004
   1.8579648860391185        1.0066361574180701E-002
   1.8642417944378993        1.9642486194234542E-002
   1.8705187028366801        2.7814347122245411E-002
   1.8767956112354609        3.3996359480853021E-002
   1.8830725196342417        3.7744675636218736E-002
   1.8893494280330225        3.8789322839447596E-002
   1.8956263364318033        3.7053910112603013E-002
   1.9019032448305841        3.2661446210135024E-002
   1.9081801532293650        2.5925808597381098E-002
   1.9144570616281458        1.7329441597869862E-002
   1.9207339700269266        7.4888627405793762E-003
   1.9270108784257074       -2.8895548360512854E-003
   1.9332877868244882       -1.3060344380642731E-002
   1.9395646952232690       -2.2292590431003931E-002
   1.9458416036220498       -2.9922578951726453E-002
   1.9521185120208304       -3.5401641081605026E-002
   1.9583954204196112       -3.8335723001788363E-002
   1.9646723288183920       -3.8513811865532689E-002
   1.9709492372171729       -3.5923155144248708E-002
   1.9772261456159537       -3.0750169112902726E-002
   1.9835030540147345       -2.3366971623672017E-002
   1.9897799624135153       -1.4304518102327793E-002
   1.9960568708122961       -4.2142911468167179E-003
   2.0023337792110771        6.1786760478900072E-003
   2.0086106876098579        1.6128035676999813E-002
   2.0148875960086388        2.4919836734648884E-002
   2.0211645044074196        3.1923826906787141E-002
   2.0274414128062004        3.6638642329366845E-002
   2.0337183212049812        3.8727634075871917E-002
   2.0399952296037620        3.8042767221367159E-002
   2.0462721380025428        3.4634899726013711E-002
   2.0525490464013236        2.8749739910214685E-002
   2.0588259548001044        2.0809819928226163E-002
   2.0651028631988853        1.1383832331547628E-002
   2.0713797715976656        1.1455839093332931E-003
   2.0776566799964464       -9.1744381371536617E-003
   2.0839335883952272       -1.8841373419324767E-002
   2.0902104967940081       -2.7168397609421583E-002
   2.0964874051927889       -3.3565478913163180E-002
   2.1027643135915697       -3.7581013802681397E-002
   2.1090412219903505       -3.8933408695803862E-002
   2.1153181303891313       -3.7530415556105388E-002
   2.1215950387879121       -3.3474921827236305E-002
   2.1278719471866929       -2.7056872666070233E-002
   2.1341488555854737       -1.8731994853038895E-002
   2.1404257639842545       -9.0889255391765414E-003
   2.1467026723830354        1.1928411829808944E-003
   2.1529795807818162        1.1391147593358414E-002
   2.1592564891805970        2.0792058126777941E-002
   2.1655333975793778        2.8739835704001664E-002
   2.1718103059781586        3.4682504404208440E-002
   2.1780872143769394        3.8209836980251773E-002
   2.1843641227757202        3.9081169711214316E-002
   2.1906410311745010        3.7241188361280111E-002
   2.1969179395732819        3.2822692351960003E-002
   2.2031948479720627        2.6136267013760536E-002
   2.2094717563708435        1.7647709882028888E-002
   2.2157486647696243        7.9449019154458102E-003
   2.2220255731684051       -2.3034703084586277E-003
   2.2283024815671859       -1.2394398288049530E-002
   2.2345793899659667       -2.1638974093871291E-002
   2.2408562983647475       -2.9409392753259378E-002
   2.2471332067635283       -3.5181316646014982E-002
   2.2534101151623092       -3.8568748302737640E-002
   2.2596870235610900       -3.9349121715421854E-002
   2.2659639319598708       -3.7477030622501517E-002
   2.2722408403586516       -3.3085814872662919E-002
   2.2785177487574324       -2.6477066877069643E-002
   2.2847946571562132       -1.8098940186475971E-002
   2.2910715655549940       -8.5148855290585381E-003
   2.2973484739537748        1.6349429385188767E-003
   2.3036253823525557        1.1676916025012207E-002
   2.3099022907513365        2.0948836740414957E-002
   2.3161791991501173        2.8843514554183124E-002
   2.3224561075488981        3.4848141937129394E-002
   2.3287330159476789        3.8576943938350955E-002
   2.3350099243464597        3.9795069103211518E-002
   2.3412868327452405        3.8432306527374185E-002
   2.3475637411440213        3.4585905669472096E-002
   2.3538406495428021        2.8512503509887113E-002
   2.3601175579415830        2.0609874074184169E-002
   2.3663944663403638        1.1389861567432255E-002
   2.3726713747391446        1.4444001705211521E-003
   2.3789482831379254       -8.5930716729165982E-003
   2.3852251915367062       -1.8088249436993255E-002
   2.3915020999354870       -2.6446025822607203E-002
   2.3977790083342678       -3.3147448376878698E-002
   2.4040559167330486       -3.7781296625955946E-002
   2.4103328251318294       -4.0068398276571895E-002
   2.4166097335306103       -3.9877307122593374E-002
   2.4228866419293911       -3.7230541625626334E-002
   2.4291635503281719       -3.2301194259405648E-002
   2.4354404587269527       -2.5400327366498405E-002
   2.4417173671257335       -1.6956132799962460E-002
   2.4479942755245143       -7.4863166922724007E-003
   2.4542711839232951        2.4344505582426655E-003
   2.4605480923220759        1.2209925599560960E-002
   2.4668250007208568        2.1258314719684333E-002
   2.4731019091196376        2.9046740371183363E-002
   2.4793788175184184        3.5122119861095230E-002
   2.4856557259171992        3.9136698500500847E-002
   2.4919326343159800        4.0866850980013358E-002
   2.4982095427147608        4.0224207312955118E-002
   2.5044864511135416        3.7258643569509198E-002
   2.5107633595123224        3.2153171868132206E-002
   2.5170402679111032        2.5211241704326516E-002
   2.5233171763098841        1.6837393806483466E-002
   2.5295940847086644        7.5125638137629180E-003
   2.5358709931074452       -2.2343996853914682E-003
   2.5421479015062260       -1.1857272095110331E-002
   2.5484248099050069       -2.0823254777333031E-002
   2.5547017183037877       -2.8642298245403305E-002
   2.5609786267025685       -3.4893347185440432E-002
   2.5672555351013493       -3.9246137626918504E-002
   2.5735324435001301       -4.1477474640974746E-002
   2.5798093518989109       -4.1481265025901597E-002
   2.5860862602976917       -3.9271951662690034E-002
   2.5923631686964725       -3.4981372815809160E-002
   2.5986400770952534       -2.8849428985601340E-002
   2.6049169854940342       -2.1209257294238976E-002
   2.6111938938928150       -1.2467881961242620E-002
   2.6174708022915958       -3.0835159527906695E-003
   2.6237477106903766        6.4591782257022029E-003
   2.6300246190891574        1.5674504370419538E-002
   2.6363015274879382        2.4100479940704585E-002
   2.6425784358867190        3.1321659780839901E-002
   2.6488553442854998        3.6988933027150069E-002
   2.6551322526842807        4.0835393063880635E-002
   2.6614091610830615        4.2687620583362673E-002
   2.6676860694818423        4.2471982915003280E-002
   2.6739629778806231        4.0215823211840085E-002
   2.6802398862794039        3.6043677195063406E-002
   2.6865167946781847        3.0168898546704598E-002
   2.6927937030769655        2.2881283061001657E-002
   2.6990706114757463        1.4531452061889558E-002
   2.7053475198745272        5.5128803307203647E-003
   2.7116244282733080       -3.7574732256627419E-003
   2.7179013366720888       -1.2858951964150151E-002
   2.7241782450708696       -2.1386452877828109E-002
   2.7304551534696504       -2.8968263511085873E-002
   2.7367320618684312       -3.5281717218720414E-002
   2.7430089702672120       -4.0066041712475936E-002
   2.7492858786659928       -4.3131941137325283E-002
   2.7555627870647736       -4.4367628006437641E-002
   2.7618396954635545       -4.3741201793111986E-002
   2.7681166038623353       -4.1299426508710289E-002
   2.7743935122611161       -3.7163108953090662E-002
   2.7806704206598969       -3.1519512529590392E-002
   2.7869473290586777       -2.4612350754188609E-002
   2.7932242374574585       -1.6729951439142916E-002
   2.7995011458562393       -8.1922149137502245E-003
   2.8057780542550201        6.6301226609164995E-004
   2.8120549626538009        9.4935557773179555E-003
   2.8183318710525818        1.7965987840164951E-002
   2.8246087794513626        2.5767692628725237E-002
   2.8308856878501434        3.2617545328703278E-002
   2.8371625962489242        3.8274916568409138E-002
   2.8434395046477050        4.2546809625154641E-002
   2.8497164130464858        4.5293028309472676E-002
   2.8559933214452666        4.6429463509796029E-002
   2.8622702298440474        4.5929723774345475E-002
   2.8685471382428283        4.3824952144464129E-002
   2.8748240466416091        4.0201701172555664E-002
   2.8811009550403899        3.5197875658300605E-002
   2.8873778634391707        2.8996826957618529E-002
   2.8936547718379515        2.1819770338502416E-002
   2.8999316802367323        1.3916780801659877E-002
   2.9062085886355131        5.5567104564225676E-003
   2.9124854970342939       -2.9835593602896161E-003
   2.9187624054330747       -1.1430057883771360E-002
   2.9250393138318556       -1.9522357211177881E-002
   2.9313162222306364       -2.7023389046870398E-002
   2.9375931306294172       -3.3727950783796826E-002
   2.9438700390281980       -3.9469073789374351E-002
   2.9501469474269788       -4.4121150603333242E-002
   2.9564238558257596       -4.7599989435150647E-002
   2.9627007642245404       -4.9860402437383412E-002
   2.9689776726233212       -5.0891978506651864E-002
   2.9752545810221021       -5.0713765182229205E-002
   2.9815314894208829       -4.9368577772811111E-002
   2.9878083978196632       -4.6917601891242548E-002
   2.9940853062184440       -4.3435858091266148E-002
   3.0003622146172249       -3.9008982243910126E-002
   3.0066391230160057       -3.3731645148399193E-002
   3.0129160314147865       -2.7707803398198710E-002
   3.0191929398135673       -2.1052824619280840E-002
   3.0254698482123481       -1.3897426298742436E-002
   3.0317467566111289       -6.3933480965988332E-003
   3.0380236650099097        1.2806205275029327E-003
   3.0443005734086905        8.9148374076394084E-003
   3.0505774818074713        1.6268615392376840E-002
   3.0568543902062522        2.3074477548335831E-002
   3.0631312986050330        2.9047415938907223E-002
   3.0694082070038138        3.3899241315809826E-002
   3.0756851154025946        3.7357515611415926E-002
   3.0819620238013754        3.9187846038683388E-002
   3.0882389322001562        3.9217593884807569E-002
   3.0945158405989370        3.7358420229094892E-002
   3.1007927489977178        3.3624694441802772E-002
   3.1070696573964987        2.8144776929555911E-002
   3.1133465657952795        2.1162525394181397E-002
   3.1196234741940603        1.3026985449412377E-002
   3.1259003825928411        4.1710311700532835E-003
   3.1321772909916219       -4.9175442024897596E-003
   3.1384541993904027       -1.3729335828924135E-002
   3.1447311077891835       -2.1767926466146652E-002
   3.1510080161879643       -2.8582715498573212E-002
   3.1572849245867451       -3.3797337714047061E-002
   3.1635618329855260       -3.7131680101645255E-002
   3.1698387413843068       -3.8416307298351007E-002
   3.1761156497830876       -3.7598925685741406E-002
   3.1823925581818684       -3.4743260228407936E-002
   3.1886694665806492       -3.0021306511198276E-002
   3.1949463749794300       -2.3700296964556371E-002
   3.2012232833782108       -1.6125940189517105E-002
   3.2075001917769916       -7.7035376363818082E-003
   3.2137771001757724        1.1223979610770721E-003
   3.2200540085745533        9.8899163395498382E-003
   3.2263309169733341        1.8142125185601786E-002
   3.2326078253721149        2.5449535377353300E-002
   3.2388847337708957        3.1431330406631715E-002
   3.2451616421696765        3.5774592819131319E-002
   3.2514385505684573        3.8250527373561542E-002
   3.2577154589672381        3.8726776995658664E-002
   3.2639923673660189        3.7175048150295112E-002
   3.2702692757647998        3.3673448517021511E-002
   3.2765461841635806        2.8403189021381007E-002
   3.2828230925623614        2.1639609140801555E-002
   3.2891000009611422        1.3737809530062980E-002
   3.2953769093599230        5.1135260437400560E-003
   3.3016538177587038       -3.7795357903948525E-003
   3.3079307261574846       -1.2474395881588538E-002
   3.3142076345562654       -2.0516050084224999E-002
   3.3204845429550462       -2.7485823704858157E-002
   3.3267614513538271       -3.3023459773559256E-002
   3.3330383597526079       -3.6845742074524027E-002
   3.3393152681513887       -3.8760686946160708E-002
   3.3455921765501695       -3.8676620920787191E-002
   3.3518690849489503       -3.6605772702301698E-002
   3.3581459933477311       -3.2662326748942830E-002
   3.3644229017465119       -2.7055192838565965E-002
   3.3706998101452927       -2.0076022178121006E-002
   3.3769767185440736       -1.2083238633422594E-002
   3.3832536269428544       -3.4830296011247718E-003
   3.3895305353416352        5.2917091633118861E-003
   3.3958074437404160        1.3803408374740677E-002
   3.4020843521391968        2.1631713025483924E-002
   3.4083612605379776        2.8394123434946822E-002
   3.4146381689367584        3.3764377446219108E-002
   3.4209150773355392        3.7487698747432720E-002
   3.4271919857343200        3.9392214973008301E-002
   3.4334688941331009        3.9396059462561243E-002
   3.4397458025318817        3.7509900511727000E-002
   3.4460227109306620        3.3834879531522311E-002
   3.4522996193294428        2.8556171761617660E-002
   3.4585765277282237        2.1932598666454230E-002
   3.4648534361270045        1.4282906470484779E-002
   3.4711303445257853        5.9694765093248978E-003
   3.4774072529245661       -2.6196394183312117E-003
   3.4836841613233469       -1.1089414136295083E-002
   3.4899610697221277       -1.9056335198527511E-002
   3.4962379781209085       -2.6165803698468975E-002
   3.5025148865196893       -3.2107646643118548E-002
   3.5087917949184702       -3.6629075024738757E-002
   3.5150687033172510       -3.9544574544512379E-002
   3.5213456117160318       -4.0742388596321510E-002
   3.5276225201148126       -4.0187433774226143E-002
   3.5338994285135934       -3.7920666875968033E-002
   3.5401763369123742       -3.4055090315354974E-002
   3.5464532453111550       -2.8768731851158965E-002
   3.5527301537099358       -2.2295059967759927E-002
   3.5590070621087166       -1.4911390575718662E-002
   3.5652839705074975       -6.9258909242714047E-003
   3.5715608789062783        1.3361821157689183E-003
   3.5778377873050591        9.5463690390423656E-003
   3.5841146957038399        1.7386409991525326E-002
   3.5903916041026207        2.4560609529321511E-002
   3.5966685125014015        3.0806690209558764E-002
   3.6029454209001823        3.5904757141749691E-002
   3.6092223292989631        3.9684102509225994E-002
   3.6154992376977440        4.2027690921699862E-002
   3.6217761460965248        4.2874278053034821E-002
   3.6280530544953056        4.2218220510384825E-002
   3.6343299628940864        4.0107130447735624E-002
   3.6406068712928672        3.6637603628528886E-002
   3.6468837796916480        3.1949310806299674E-002
   3.6531606880904288        2.6217823693290853E-002
   3.6594375964892096        1.9646570574729950E-002
   3.6657145048879904        1.2458311410165583E-002
   3.6719914132867713        4.8865075474895329E-003
   3.6782683216855521       -2.8330687266902299E-003
   3.6845452300843329       -1.0470181834056009E-002
   3.6908221384831137       -1.7807186341388972E-002
   3.6970990468818945       -2.4645091922121300E-002
   3.7033759552806753       -3.0808505139038569E-002
   3.7096528636794561       -3.6149372118873084E-002
   3.7159297720782369       -4.0549501710603515E-002
   3.7222066804770177       -4.3921898796562005E-002
   3.7284835888757986       -4.6210984122659414E-002
   3.7347604972745794       -4.7391815492132491E-002
   3.7410374056733602       -4.7468436388864096E-002
   3.7473143140721410       -4.6471494692784332E-002
   3.7535912224709218       -4.4455286393308771E-002
   3.7598681308697026       -4.1494381828320374E-002
   3.7661450392684834       -3.7679988064920476E-002
   3.7724219476672642       -3.3116191962150113E-002
   3.7786988560660451       -2.7916214990887190E-002
   3.7849757644648259       -2.2198794555032292E-002
   3.7912526728636067       -1.6084787936907905E-002
   3.7975295812623875       -9.6940756447271188E-003
   3.8038064896611683       -3.1428212003638024E-003
   3.8100833980599491        3.4588744590531039E-003
   3.8163603064587299        1.0008899963834693E-002
   3.8226372148575107        1.6414615652689594E-002
   3.8289141232562915        2.2593879035538413E-002
   3.8351910316550724        2.8475635046020378E-002
   3.8414679400538532        3.4000110127155501E-002
   3.8477448484526340        3.9118657365573406E-002
   3.8540217568514148        4.3793306306401658E-002
   3.8602986652501956        4.7996072804824035E-002
   3.8665755736489764        5.1708085398419520E-002
   3.8728524820477572        5.4918581322668726E-002
   3.8791293904465380        5.7623823193961664E-002
   3.8854062988453189        5.9825980748952783E-002
   3.8916832072440997        6.1532017367927148E-002
   3.8979601156428805        6.2752640715258767E-002
   3.9042370240416608        6.3501637467706318E-002
   3.9105139324404417        6.3795886938466509E-002
   3.9167908408392225        6.3655628648790458E-002
   3.9230677492380033        6.3104775212530717E-002
   3.9293446576367841        6.2171212906479277E-002
   3.9356215660355649        6.0887033754143130E-002
   3.9418984744343457        5.9288659304066432E-002
   3.9481753828331265        5.7416825021989769E-002
   3.9544522912319073        5.5316410759877914E-002
   3.9607291996306881        5.3036117634379584E-002
   3.9670061080294690        5.0628010227762657E-002
   3.9732830164282498        4.8146958534143636E-002
   3.9795599248270306        4.5650042425735830E-002
   3.9858368332258114        4.3195874908535617E-002
   3.9921137416245922        4.0843040731540776E-002
   3.9983906500233730        3.8647512218370227E-002
   4.0046675584221543        3.6660573032241073E-002
   4.0109444668209351        3.4927592788129583E-002
   4.0172213752197159        3.3487496493744939E-002
   4.0234982836184967        3.2372743769631875E-002
   4.0297751920172775        3.1609574530519338E-002
   4.0360521004160583        3.1218263813155143E-002
   4.0423290088148391        3.1213107562800137E-002
   4.0486059172136200        3.1601859688463095E-002
   4.0548828256124008        3.2384336372637157E-002
   4.0611597340111816        3.3549924290221064E-002
   4.0674366424099624        3.5073741041569684E-002
   4.0737135508087432        3.6911539246599574E-002
   4.0799904592075240        3.8995128587707172E-002
   4.0862673676063048        4.1229600924366130E-002
   4.0925442760050856        4.3491542656012877E-002
   4.0988211844038664        4.5628761237446053E-002
   4.1050980928026473        4.7462526263468370E-002
   4.1113750012014281        4.8793177653387525E-002
   4.1176519096002089        4.9409713259259552E-002
   4.1239288179989897        4.9103496010359356E-002
   4.1302057263977705        4.7685602352128154E-002
   4.1364826347965504        4.5006565580682292E-002
   4.1427595431953312        4.0976512784291930E-002
   4.1490364515941121        3.5583036525746375E-002
   4.1553133599928929        2.8903854286943365E-002
   4.1615902683916737        2.1111190017599497E-002
   4.1678671767904545        1.2465122737464788E-002
   4.1741440851892353        3.2973214245779758E-003
   4.1804209935880161       -6.0111499306707249E-003
   4.1866979019867969       -1.5055453745822430E-002
   4.1929748103855777       -2.3433616455554883E-002
   4.1992517187843585       -3.0771794867289749E-002
   4.2055286271831394       -3.6746143509371269E-002
   4.2118055355819202       -4.1099819692317512E-002
   4.2180824439807010       -4.3654342249210033E-002
   4.2243593523794818       -4.4315210681465864E-002
   4.2306362607782626       -4.3072285183166900E-002
   4.2369131691770434       -3.9995888825250188E-002
   4.2431900775758242       -3.5229830339449278E-002
   4.2494669859746050       -2.8982795890237854E-002
   4.2557438943733858       -2.1519752918103142E-002
   4.2620208027721667       -1.3153074695658904E-002
   4.2682977111709475       -4.2323470849965307E-003
   4.2745746195697283        4.8673447946777767E-003
   4.2808515279685091        1.3758608882814731E-002
   4.2871284363672899        2.2056254102244498E-002
   4.2934053447660707        2.9392786925973118E-002
   4.2996822531648515        3.5434395346369843E-002
   4.3059591615636323        3.9896750467394125E-002
   4.3122360699624132        4.2559807898686089E-002
   4.3185129783611940        4.3280693114861914E-002
   4.3247898867599748        4.2003712926587465E-002
   4.3310667951587556        3.8766585346006556E-002
   4.3373437035575364        3.3702043327402037E-002
   4.3436206119563172        2.7034096100680794E-002
   4.3498975203550980        1.9069078451800135E-002
   4.3561744287538788        1.0182080981645169E-002
   4.3624513371526596        7.9942667919674637E-004
   4.3687282455514405       -8.6219386827442630E-003
   4.3750051539502213       -1.7617091294108007E-002
   4.3812820623490021       -2.5736634939130604E-002
   4.3875589707477829       -3.2569837231434841E-002
   4.3938358791465637       -3.7766175531549463E-002
   4.4001127875453445       -4.1054148657483816E-002
   4.4063896959441253       -4.2256344225615250E-002
   4.4126666043429061       -4.1299939267933551E-002
   4.4189435127416870       -3.8222035203320584E-002
   4.4252204211404678       -3.3169506046413624E-002
   4.4314973295392486       -2.6393326446446697E-002
   4.4377742379380294       -1.8237441940658062E-002
   4.4440511463368102       -9.1225018391258815E-003
   4.4503280547355910        4.7488376110515156E-004
   4.4566049631343718        1.0046425023645604E-002
   4.4628818715331526        1.9078796594182063E-002
   4.4691587799319334        2.7081284613522792E-002
   4.4754356883307143        3.3612954516369052E-002
   4.4817125967294951        3.8307814661146466E-002
   4.4879895051282759        4.0896492361840286E-002
   4.4942664135270567        4.1223071285130322E-002
   4.5005433219258375        3.9255957946961698E-002
   4.5068202303246183        3.5091945611858612E-002
   4.5130971387233991        2.8953001343034149E-002
   4.5193740471221799        2.1175716899475238E-002
   4.5256509555209607        1.2193866955334158E-002
   4.5319278639197416        2.5149421758745003E-003
   4.5382047723185224       -7.3081081604942401E-003
   4.5444816807173032       -1.6708368472026093E-002
   4.5507585891160840       -2.5137891859123844E-002
   4.5570354975148648       -3.2100149732853439E-002
   4.5633124059136456       -3.7180046398528656E-002
   4.5695893143124264       -4.0069644744339696E-002
   4.5758662227112072       -4.0587961509103869E-002
   4.5821431311099881       -3.8693508588783961E-002
   4.5884200395087689       -3.4488665214223467E-002
   4.5946969479075497       -2.8215441024463751E-002
   4.6009738563063305       -2.0242708002992559E-002
   4.6072507647051113       -1.1045500254691580E-002
   4.6135276731038921       -1.1774645887311947E-003
   4.6198045815026729        8.7619983691805542E-003
   4.6260814899014537        1.8163986298771199E-002
   4.6323583983002345        2.6447561555746374E-002
   4.6386353066990154        3.3096119167043386E-002
   4.6449122150977962        3.7690353126954873E-002
   4.6511891234965770        3.9935673542956622E-002
   4.6574660318953578        3.9682225373637449E-002
   4.6637429402941386        3.6936085031945620E-002
   4.6700198486929194        3.1860741206079450E-002
   4.6762967570917002        2.4768569325227748E-002
   4.6825736654904810        1.6102648496840160E-002
   4.6888505738892619        6.4099041116807949E-003
   4.6951274822880427       -3.6928521537020606E-003
   4.7014043906868235       -1.3557911777655474E-002
   4.7076812990856043       -2.2548239286581170E-002
   4.7139582074843851       -3.0078950004118934E-002
   4.7202351158831659       -3.5655970744381295E-002
   4.7265120242819467       -3.8909286704493479E-002
   4.7327889326807275       -3.9618482690430529E-002
   4.7390658410795083       -3.7728753062326349E-002
   4.7453427494782892       -3.3356154992802894E-002
   4.7516196578770700       -2.6781576867467249E-002
   4.7578965662758508       -1.8433642695349233E-002
   4.7641734746746316       -8.8615245789354282E-003
   4.7704503830734124        1.3006631383322047E-003
   4.7767272914721932        1.1375611556896443E-002
   4.7830041998709740        2.0687969528132150E-002
   4.7892811082697548        2.8609882430289002E-002
   4.7955580166685357        3.4603822652992298E-002
   4.8018349250673165        3.8259751547009543E-002
   4.8081118334660973        3.9323994095334040E-002
   4.8143887418648781        3.7717736818480375E-002
   4.8206656502636589        3.3543743480551447E-002
   4.8269425586624397        2.7080677117892891E-002
   4.8332194670612205        1.8765267387226680E-002
   4.8394963754600013        9.1634103890405657E-003
   4.8457732838587821       -1.0679256659878716E-003
   4.8520501922575630       -1.1225448086892603E-002
   4.8583271006563438       -2.0607900210613251E-002
   4.8646040090551246       -2.8564701761907074E-002
   4.8708809174539054       -3.4541474086011367E-002
   4.8771578258526862       -3.8119229789676440E-002
   4.8834347342514670       -3.9044411500490081E-002
   4.8897116426502478       -3.7247576021321206E-002
   4.8959885510490286       -3.2849297020296861E-002
   4.9022654594478094       -2.6152748628796071E-002
   4.9085423678465903       -1.7623371738402938E-002
   4.9148192762453711       -7.8569477350542566E-003
   4.9210961846441519        2.4617559280095533E-003
   4.9273730930429327        1.2606909177753764E-002
   4.9336500014417135        2.1862755116227418E-002
   4.9399269098404943        2.9574339698554126E-002
   4.9462038182392751        3.5194212649698547E-002
   4.9524807266380559        3.8321732820441594E-002
   4.9587576350368368        3.8732114779042134E-002
   4.9650345434356176        3.6393072443707535E-002
   4.9713114518343984        3.1467792873077494E-002
   4.9775883602331792        2.4303948927486184E-002
   4.9838652686319600        1.5409463962848563E-002
   4.9901421770307408        5.4167016758421369E-003
   4.9964190854295216       -4.9624005019720408E-003
   5.0026959938283024       -1.4987068067556753E-002
   5.0089729022270832       -2.3940668941852494E-002
   5.0152498106258641       -3.1182128628185962E-002
   5.0215267190246449       -3.6192069491307599E-002
   5.0278036274234257       -3.8610328421609733E-002
   5.0340805358222065       -3.8262118071727171E-002
   5.0403574442209873       -3.5170909942067841E-002
   5.0466343526197681       -2.9557071109968046E-002
   5.0529112610185480       -2.1822313218149585E-002
   5.0591881694173289       -1.2521041717613668E-002
   5.0654650778161097       -2.3206468989795518E-003
   5.0717419862148905        8.0464141441553543E-003
   5.0780188946136713        1.7835293069429950E-002
   5.0842958030124521        2.6342379458932835E-002
   5.0905727114112329        3.2956003853093642E-002
   5.0968496198100137        3.7200541789782722E-002
   5.1031265282087945        3.8770721024590935E-002
   5.1094034366075753        3.7553642947390165E-002
   5.1156803450063562        3.3636920161703290E-002
   5.1219572534051370        2.7302340253858432E-002
   5.1282341618039178        1.9005517092321813E-002
   5.1345110702026986        9.3430076465637630E-003
   5.1407879786014794       -9.9071881103588648E-004
   5.1470648870002602       -1.1253337259130069E-002
   5.1533417953990410       -2.0708120947042323E-002
   5.1596187037978218       -2.8676923361179333E-002
   5.1658956121966026       -3.4588859747104773E-002
   5.1721725205953835       -3.8021179679453856E-002
   5.1784494289941643       -3.8729396716342165E-002
   5.1847263373929451       -3.6664527582150809E-002
   5.1910032457917259       -3.1976233398682746E-002
   5.1972801541905067       -2.5001679884059130E-002
   5.2035570625892875       -1.6240967024278290E-002
   5.2098339709880683       -6.3209457499913855E-003
   5.2161108793868491        4.0499298037875451E-003
   5.2223877877856300        1.4132429082139382E-002
   5.2286646961844108        2.3209374663270152E-002
   5.2349416045831916        3.0636677479997588E-002
   5.2412185129819724        3.5888933844924552E-002
   5.2474954213807532        3.8596355175760051E-002
   5.2537723297795340        3.8570445339214450E-002
   5.2600492381783148        3.5816665012592418E-002
   5.2663261465770956        3.0533266057844042E-002
   5.2726030549758764        2.3096472326720123E-002
   5.2788799633746573        1.4033154546173149E-002
   5.2851568717734381        3.9830264292415362E-003
   5.2914337801722189       -6.3468850331023013E-003
   5.2977106885709997       -1.6232220420428295E-002
   5.3039875969697805       -2.4982163599956843E-002
   5.3102645053685613       -3.1987628527535089E-002
   5.3165414137673421       -3.6763394829360717E-002
   5.3228183221661229       -3.8981287717621708E-002
   5.3290952305649038       -3.8492156665070998E-002
   5.3353721389636846       -3.5335216925271792E-002
   5.3416490473624654       -2.9734219090730232E-002
   5.3479259557612462       -2.2080839500142068E-002
   5.3542028641600270       -1.2906572498267710E-002
   5.3604797725588078       -2.8451923139729243E-003
   5.3667566809575886        7.4115163718991590E-003
   5.3730335893563694        1.7161626125196738E-002
   5.3793104977551502        2.5741190617598348E-002
   5.3855874061539311        3.2569308065765169E-002
   5.3918643145527119        3.7187061470259943E-002
   5.3981412229514927        3.9287742561915362E-002
   5.4044181313502735        3.8736408983800041E-002
   5.4106950397490543        3.5577586139178614E-002
   5.4169719481478351        3.0030754227839278E-002
   5.4232488565466159        2.2474098621888858E-002
   5.4295257649453967        1.3417789996957126E-002
   5.4358026733441775        3.4687464724419202E-003
   5.4420795817429584       -6.7106309312083131E-003
   5.4483564901417392       -1.6446899266206245E-002
   5.4546333985405200       -2.5100181713368707E-002
   5.4609103069393008       -3.2105980036506221E-002
   5.4671872153380816       -3.7011472496546273E-002
   5.4734641237368624       -3.9503998898675091E-002
   5.4797410321356432       -3.9429998001223848E-002
   5.4860179405344240       -3.6803320466688147E-002
   5.4922948489332049       -3.1802556921565375E-002
   5.4985717573319857       -2.4757746169487088E-002
   5.5048486657307665       -1.6127512214938418E-002
   5.5111255741295473       -6.4682773993034407E-003
   5.5174024825283281        3.6023243791984167E-003
   5.5236793909271089        1.3445383237578641E-002
   5.5299562993258897        2.2441386150026429E-002
   5.5362332077246705        3.0029027330268732E-002
   5.5425101161234513        3.5739734783751899E-002
   5.5487870245222322        3.9225819979901488E-002
   5.5550639329210130        4.0280610438530547E-002
   5.5613408413197938        3.8849469333657440E-002
   5.5676177497185746        3.5031204803889597E-002
   5.5738946581173554        2.9069985085261055E-002
   5.5801715665161362        2.1338463613780913E-002
   5.5864484749149170        1.2313344827686697E-002
   5.5927253833136978        2.5450558428037860E-003
   5.5990022917124787       -7.3764928482990006E-003
   5.6052792001112595       -1.6857888641478799E-002
   5.6115561085100403       -2.5337724411183607E-002
   5.6178330169088211       -3.2319507174431342E-002
   5.6241099253076019       -3.7400059671277873E-002
   5.6303868337063827       -4.0291832396602223E-002
   5.6366637421051635       -4.0837954173637711E-002
   5.6429406505039443       -3.9019316389364150E-002
   5.6492175589027251       -3.4953478786595681E-002
   5.6554944673015060       -2.8885673828444907E-002
   5.6617713757002868       -2.1172644296872833E-002
   5.6680482840990676       -1.2260443335037226E-002
   5.6743251924978484       -2.6576397326948929E-003
   5.6806021008966292        7.0944109740139179E-003
   5.6868790092954100        1.6452456023180920E-002
   5.6931559176941908        2.4901616032675336E-002
   5.6994328260929716        3.1983353647179420E-002
   5.7057097344917524        3.7319646173976130E-002
   5.7119866428905333        4.0632134319674759E-002
   5.7182635512893141        4.1755343903541062E-002
   5.7245404596880949        4.0643439260512504E-002
   5.7308173680868757        3.7370344122204011E-002
   5.7370942764856565        3.2123436566441725E-002
   5.7433711848844373        2.5191365518201329E-002
   5.7496480932832181        1.6946829376830466E-002
   5.7559250016819989        7.8253973432985333E-003
   5.7622019100807798       -1.6983756841084181E-003
   5.7684788184795606       -1.1136195077129788E-002
   5.7747557268783414       -2.0011269586082646E-002
   5.7810326352771222       -2.7882243160533053E-002
   5.7873095436759030       -3.4364629355093497E-002
   5.7935864520746838       -3.9148741160317538E-002
   5.7998633604734646       -4.2013332577513621E-002
   5.8061402688722454       -4.2834421653627504E-002
   5.8124171772710262       -4.1589033405083457E-002
   5.8186940856698071       -3.8353869880252391E-002
   5.8249709940685879       -3.3299170312343647E-002
   5.8312479024673687       -2.6678251625974352E-002
   5.8375248108661495       -1.8813409682913465E-002
   5.8438017192649303       -1.0079010255794085E-002
   5.8500786276637111       -8.8269794153544726E-004
   5.8563555360624919        8.3543015845902839E-003
   5.8626324444612727        1.7216813880953419E-002
   5.8689093528600536        2.5314361742678679E-002
   5.8751862612588344        3.2297997194966024E-002
   5.8814631696576152        3.7874620172406281E-002
   5.8877400780563960        4.1818239330443235E-002
   5.8940169864551768        4.3977802319720011E-002
   5.9002938948539576        4.4281403023936329E-002
   5.9065708032527384        4.2736844866830416E-002
   5.9128477116515192        3.9428679539236074E-002
   5.9191246200503000        3.4512039084056860E-002
   5.9254015284490809        2.8203769155046896E-002
   5.9316784368478617        2.0771432543260023E-002
   5.9379553452466425        1.2520793006476143E-002
   5.9442322536454233        3.7824061465039005E-003
   5.9505091620442041       -5.1020726680466328E-003
   5.9567860704429849       -1.3793296231145138E-002
   5.9630629788417657       -2.1966846944728710E-002
   5.9693398872405457       -2.9324649606408168E-002
   5.9756167956393265       -3.5604842028824607E-002
   5.9818937040381073       -4.0589864169304150E-002
   5.9881706124368881       -4.4112613930488244E-002
   5.9944475208356689       -4.6060644836332036E-002
   6.0007244292344497       -4.6378617853896360E-002
   6.0070013376332305       -4.5069052325997366E-002
   6.0132782460320113       -4.2191178089433810E-002
   6.0195551544307921       -3.7857838269217452E-002
   6.0258320628295730       -3.2230492738602477E-002
   6.0321089712283538       -2.5512447863898460E-002
   6.0383858796271346       -1.7940526474539420E-002
   6.0446627880259154       -9.7754778317636053E-003
   6.0509396964246962       -1.2915075458777724E-003
   6.0572166048234770        7.2346264099708898E-003
   6.0634935132222578        1.5534462816276719E-002
   6.0697704216210386        2.3358120900799584E-002
   6.0760473300198194        3.0483531113182191E-002
   6.0823242384186003        3.6724020573751931E-002
   6.0886011468173811        4.1933129750738166E-002
   6.0948780552161619        4.6006132205322361E-002
   6.1011549636149427        4.8878776476601389E-002
   6.1074318720137235        5.0523880824472865E-002
   6.1137087804125043        5.0946468714260632E-002
   6.1199856888112851        5.0178177819910900E-002
   6.1262625972100659        4.8271637860352094E-002
   6.1325395056088468        4.5295441112372443E-002
   6.1388164140076276        4.1330215452654244E-002
   6.1450933224064084        3.6466193628373347E-002
   6.1513702308051892        3.0802530926758248E-002
   6.1576471392039700        2.4448500680308117E-002
   6.1639240476027508        1.7526531219892529E-002
   6.1702009560015316        1.0177034985352211E-002
   6.1764778644003124        2.5646014241491734E-003
   6.1827547727990932       -5.1168471087946962E-003
   6.1890316811978741       -1.2641935335478208E-002
   6.1953085895966549       -1.9755773861645756E-002
   6.2015854979954357       -2.6180673017798070E-002
   6.2078624063942165       -3.1627967285548106E-002
   6.2141393147929973       -3.5814762062968644E-002
   6.2204162231917781       -3.8484741866000351E-002
   6.2266931315905589       -3.9431457393089231E-002
   6.2329700399893397       -3.8521802066224964E-002
   6.2392469483881206       -3.5716873230091949E-002
   6.2455238567869014       -3.1087169334489288E-002
   6.2518007651856822       -2.4819288766512300E-002
   6.2580776735844630       -1.7211711972642544E-002
   6.2643545819832438       -8.6585746722982488E-003
   6.2706314903820246        3.7588007331337288E-004
   6.2769083987808054        9.3887874206754780E-003
   6.2831853071795862        1.7873007543231529E-002
