   6.2769083987808056E-003  -1.6978598039902402E-002
   1.2553816797561611E-002  -3.3556567958859439E-002
   1.8830725196342418E-002  -4.2920004924449869E-002
   2.5107633595123222E-002  -4.3071784580789869E-002
   3.1384541993904030E-002  -3.3998159106784741E-002
   3.7661450392684835E-002  -1.7658421198753060E-002
   4.3938358791465640E-002   2.4475291137281011E-003
   5.0215267190246445E-002   2.2034385342718000E-002
   5.6492175589027249E-002   3.6944222010854684E-002
   6.2769083987808061E-002   4.4023214284512328E-002
   6.9045992386588859E-002   4.1781336139988037E-002
   7.5322900785369670E-002   3.0700418158427806E-002
   8.1599809184150468E-002   1.3128072771237443E-002
   8.7876717582931280E-002  -7.2193867381431772E-003
   9.4153625981712077E-002  -2.6040871398911231E-002
  0.10043053438049289       -3.9357370163482779E-002
  0.10670744277927370       -4.4351743052214211E-002
  0.11298435117805450       -3.9964776589748383E-002
  0.11926125957683531       -2.7121178339311831E-002
  0.12553816797561612       -8.5364974131636445E-003
  0.13181507637439691        1.1855708035881493E-002
  0.13809198477317772        2.9736329444891751E-002
  0.14436889317195853        4.1316707059841175E-002
  0.15064580157073934        4.4143177451126975E-002
  0.15692270996952015        3.7618022605555544E-002
  0.16319961836830094        2.3125560351286455E-002
  0.16947652676708175        3.7369294114952606E-003
  0.17575343516586256       -1.6442853776947510E-002
  0.18203034356464337       -3.3145887880776520E-002
  0.18830725196342415       -4.2844818842222729E-002
  0.19458416036220497       -4.3496989287170003E-002
  0.20086106876098578       -3.4972320420554891E-002
  0.20713797715976659       -1.9075805641309104E-002
  0.21341488555854740        8.3822439394858539E-004
  0.21969179395732819        2.0576677602817978E-002
  0.22596870235610900        3.5991800413177517E-002
  0.23224561075488981        4.3852007859696278E-002
  0.23852251915367062        4.2516783474498943E-002
  0.24479942755245140        3.2275360641142392E-002
  0.25107633595123224        1.5280059523454764E-002
  0.25735324435001306       -4.9096767947105864E-003
  0.26363015274879381       -2.4075223202071224E-002
  0.26990706114757462       -3.8220999245611828E-002
  0.27618396954635543       -4.4406274109071116E-002
  0.28246087794513625       -4.1353549827177018E-002
  0.28873778634391706       -2.9708193147889653E-002
  0.29501469474269787       -1.1897385533319220E-002
  0.30129160314147868        8.3799159538490171E-003
  0.30756851154025949        2.6923952237243740E-002
  0.31384541993904030        3.9904719076209405E-002
  0.32012232833782106        4.4651371696295315E-002
  0.32639923673660187        4.0197951655508747E-002
  0.33267614513538268        2.7474592327006695E-002
  0.33895305353416350        9.1074904955525306E-003
  0.34522996193294431       -1.1128175551322398E-002
  0.35150687033172512       -2.9087302194514043E-002
  0.35778377873050593       -4.1104358724251180E-002
  0.36406068712928674       -4.4739013656009533E-002
  0.37033759552806755       -3.9266627534846867E-002
  0.37661450392684831       -2.5816018344086533E-002
  0.38289141232562912       -7.1297860175212613E-003
  0.38916832072440993        1.3000563463630564E-002
  0.39544522912319074        3.0507140437032038E-002
  0.40172213752197156        4.1867688028883035E-002
  0.40799904592075237        4.4810885135825082E-002
  0.41427595431953318        3.8764315743124646E-002
  0.42055286271831399        2.4957977248303807E-002
  0.42682977111709480        6.1663623595782611E-003
  0.43310667951587556       -1.3855336257959745E-002
  0.43938358791465637       -3.1125052572374790E-002
  0.44566049631343718       -4.2225616242009878E-002
  0.45193740471221799       -4.4976975070902030E-002
  0.45821431311099881       -3.8857328952685476E-002
  0.46449122150977962       -2.5093188440469823E-002
  0.47076812990856043       -6.4048370453013165E-003
  0.47704503830734124        1.3538362423793105E-002
  0.48332194670612205        3.0842333244632189E-002
  0.48959885510490281        4.2148473046788239E-002
  0.49587576350368362        4.5281185694482501E-002
  0.50215267190246449        3.9658660313141546E-002
  0.50842958030124530        2.6390856885533082E-002
  0.51470648870002611        8.0505092198882924E-003
  0.52098339709880681       -1.1833805922705536E-002
  0.52726030549758762       -2.9461064512216972E-002
  0.53353721389636843       -4.1484373451960772E-002
  0.53981412229514925       -4.5641805711233975E-002
  0.54609103069393006       -4.1173483398191241E-002
  0.55236793909271087       -2.8949696467755193E-002
  0.55864484749149168       -1.1290831603375979E-002
  0.56492175589027249        8.4818511287981530E-003
  0.57119866428905330        2.6676018754607320E-002
  0.57747557268783412        3.9918274070309581E-002
  0.58375248108661493        4.5775373551513031E-002
  0.59002938948539574        4.3193130769879746E-002
  0.59630629788417655        3.2675485778416620E-002
  0.60258320628295736        1.6175541674350681E-002
  0.60886011468173817       -3.2763716123771552E-003
  0.61513702308051899       -2.2135193026612612E-002
  0.62141393147929980       -3.6988767348167043E-002
  0.62769083987808061       -4.5172108274432882E-002
  0.63396774827686131       -4.5238366881092548E-002
  0.64024465667564212       -3.7204691586985791E-002
  0.64652156507442293       -2.2533182620933220E-002
  0.65279847347320374       -3.8551708490046138E-003
  0.65907538187198456        1.5507617227060658E-002
  0.66535229027076537        3.2136749011703901E-002
  0.67162919866954618        4.3119097688081066E-002
  0.67790610706832699        4.6551499457873124E-002
  0.68418301546710780        4.1861752129244728E-002
  0.69045992386588861        2.9893617714500147E-002
  0.69673683226466943        1.2745534380085822E-002
  0.70301374066345024       -6.6046191228968827E-003
  0.70929064906223105       -2.4820432210282305E-002
  0.71556755746101186       -3.8781947344192894E-002
  0.72184446585979267       -4.6115953212113550E-002
  0.72812137425857348       -4.5592496734781877E-002
  0.73439828265735430       -3.7322909144074316E-002
  0.74067519105613511       -2.2729225639405427E-002
  0.74695209945491581       -4.2936326961553585E-003
  0.75322900785369662        1.4867000772341658E-002
  0.75950591625247743        3.1528318347047488E-002
  0.76578282465125824        4.2898926902076355E-002
  0.77205973305003905        4.7084715422511962E-002
  0.77833664144881987        4.3400369257625207E-002
  0.78461354984760068        3.2476930168058443E-002
  0.79089045824638149        1.6148551979475737E-002
  0.79716736664516230       -2.8611883662093929E-003
  0.80344427504394311       -2.1399262449522432E-002
  0.80972118344272392       -3.6410738487356376E-002
  0.81599809184150474       -4.5444242741890899E-002
  0.82227500024028555       -4.7050266466024879E-002
  0.82855190863906636       -4.1006620206014539E-002
  0.83482881703784717       -2.8335976515116813E-002
  0.84110572543662798       -1.1116827660560175E-002
  0.84738263383540879        7.8753210443503439E-003
  0.85365954223418961        2.5630406062118520E-002
  0.85993645063297042        3.9386580295769580E-002
  0.86621335903175112        4.7053208688656596E-002
  0.87249026743053193        4.7511311956533978E-002
  0.87876717582931274        4.0753662839057313E-002
  0.88504408422809355        2.7854531153314082E-002
  0.89132099262687436        1.0784683715678200E-002
  0.89759790102565518       -7.8929491423615147E-003
  0.90387480942443599       -2.5399332233067111E-002
  0.91015171782321680       -3.9135062432796811E-002
  0.91642862622199761       -4.7045814270369378E-002
  0.92270553462077842       -4.7914383719628369E-002
  0.92898244301955923       -4.1545812126383752E-002
  0.93525935141834005       -2.8823787511099572E-002
  0.94153625981712086       -1.1626907654536400E-002
  0.94781316821590167        7.4020611606250633E-003
  0.95409007661468248        2.5223125549066062E-002
  0.96036698501346329        3.8865467816157101E-002
  0.96664389341224410        4.5930765727430413E-002
  0.97292080181102492        4.5050228654253358E-002
  0.97919771020980562        3.6203712327970407E-002
  0.98547461860858643        2.0819205328430485E-002
  0.99175152700736724        1.6022892320613704E-003
  0.99802843540614805       -1.7904434311953519E-002
   1.0043053438049290       -3.3971109395714051E-002
   1.0105822522037098       -4.3421384875633018E-002
   1.0168591606024906       -4.4308648315214645E-002
   1.0231360690012714       -3.6368111538198356E-002
   1.0294129774000522       -2.1123938785419953E-002
   1.0356898857988328       -1.6129824719658620E-003
   1.0419667941976136        1.8223011013858533E-002
   1.0482437025963944        3.4348393442283416E-002
   1.0545206109951752        4.3472316067687887E-002
   1.0607975193939561        4.3733441229063530E-002
   1.0670744277927369        3.5084252287767827E-002
   1.0733513361915177        1.9295891107344688E-002
   1.0796282445902985       -4.1279072643456740E-004
   1.0859051529890793       -2.0039219096499038E-002
   1.0921820613878601       -3.5612956436463027E-002
   1.0984589697866409       -4.3995596719579602E-002
   1.1047358781854217       -4.3505346736373421E-002
   1.1110127865842025       -3.4246898735367938E-002
   1.1172896949829834       -1.8086927631613247E-002
   1.1235666033817642        1.7192550841987496E-003
   1.1298435117805450        2.1177663911537296E-002
   1.1361204201793258        3.6355395955059565E-002
   1.1423973285781066        4.4172735281476860E-002
   1.1486742369768874        4.3029617284007053E-002
   1.1549511453756682        3.3138980539991605E-002
   1.1612280537744490        1.6496019742786090E-002
   1.1675049621732299       -3.5155298466280358E-003
   1.1737818705720107       -2.2805176883557571E-002
   1.1800587789707915       -3.7410140435942110E-002
   1.1863356873695723       -4.4312835101673935E-002
   1.1926125957683531       -4.2071700719181808E-002
   1.1988895041671339       -3.1131088445988792E-002
   1.2051664125659147       -1.3741033137814315E-002
   1.2114433209646955        6.5002415088044642E-003
   1.2177202293634763        2.5388661530082578E-002
   1.2239971377622572        3.8988316256781883E-002
   1.2302740461610380        4.4454878518404725E-002
   1.2365509545598188        4.0635278784781008E-002
   1.2428278629585996        2.8316207446158776E-002
   1.2491047713573804        1.0066994947739863E-002
   1.2553816797561612       -1.0292585094362634E-002
   1.2616585881549420       -2.8489890609187083E-002
   1.2679354965537226       -4.0696096291532188E-002
   1.2742124049525034       -4.4333806731201825E-002
   1.2804893133512842       -3.8624996790805659E-002
   1.2867662217500651       -2.4762323225242962E-002
   1.2930431301488459       -5.6652962771225508E-003
   1.2993200385476267        1.4630161048446109E-002
   1.3055969469464075        3.1822263377373525E-002
   1.3118738553451883        4.2255439529428653E-002
   1.3181507637439691        4.3700603728141232E-002
   1.3244276721427499        3.5836481983805582E-002
   1.3307045805415307        2.0326971917773721E-002
   1.3369814889403115        4.7478681059723565E-004
   1.3432583973390924       -1.9477862032436625E-002
   1.3495353057378732       -3.5254397566015630E-002
   1.3558122141366540       -4.3462011684527888E-002
   1.3620891225354348       -4.2325318936408500E-002
   1.3683660309342156       -3.2075935005077591E-002
   1.3746429393329964       -1.4911214481241676E-002
   1.3809198477317772        5.4720954524444766E-003
   1.3871967561305580        2.4671266711188886E-002
   1.3934736645293389        3.8528284986191701E-002
   1.3997505729281197        4.4032519411587964E-002
   1.4060274813269005        3.9978881862221170E-002
   1.4123043897256813        2.7236702608722341E-002
   1.4185812981244621        8.5682925421756394E-003
   1.4248582065232429       -1.1966042338989536E-002
   1.4311351149220237       -2.9889172636054503E-002
   1.4374120233208045       -4.1283645131922224E-002
   1.4436889317195853       -4.3650422072908174E-002
   1.4499658401183662       -3.6461066976164760E-002
   1.4562427485171470       -2.1280500523944125E-002
   1.4625196569159278       -1.4308820546279082E-003
   1.4687965653147086        1.8732200312239718E-002
   1.4750734737134894        3.4774255145444424E-002
   1.4813503821122702        4.3158210853502452E-002
   1.4876272905110510        4.2027344794561022E-002
   1.4939041989098316        3.1620837290611895E-002
   1.5001811073086124        1.4227990838088919E-002
   1.5064580157073932       -6.3113737288783096E-003
   1.5127349241061741       -2.5452212181211516E-002
   1.5190118325049549       -3.8949686398895067E-002
   1.5252887409037357       -4.3802361406839928E-002
   1.5315656493025165       -3.8923163220924047E-002
   1.5378425577012973       -2.5387308412751938E-002
   1.5441194661000781       -6.1997005565848830E-003
   1.5503963744988589        1.4368886171052220E-002
   1.5566732828976397        3.1730905376908869E-002
   1.5629501912964205        4.2005799697563941E-002
   1.5692270996952014        4.2889795823468198E-002
   1.5755040080939822        3.4176194437122748E-002
   1.5817809164927630        1.7807800347184665E-002
   1.5880578248915438       -2.5525643845005488E-003
   1.5943347332903246       -2.2339344536422823E-002
   1.6006116416891054       -3.7107471922656017E-002
   1.6068885500878862       -4.3532278085362308E-002
   1.6131654584866670       -4.0160823529851224E-002
   1.6194423668854478       -2.7744175301379043E-002
   1.6257192752842287       -9.0738082396297440E-003
   1.6319961836830095        1.1643104021280881E-002
   1.6382730920817903        2.9730324434820279E-002
   1.6445500004805711        4.1098383171608667E-002
   1.6508269088793519        4.3171085065553214E-002
   1.6571038172781327        3.5472311533934653E-002
   1.6633807256769135        1.9738756656344805E-002
   1.6696576340756943       -4.6881563844393317E-004
   1.6759345424744752       -2.0569449841239595E-002
   1.6822114508732560       -3.5999937487040591E-002
   1.6884883592720368       -4.3251711889330462E-002
   1.6947652676708176       -4.0670814451991971E-002
   1.7010421760695984       -2.8838001615014878E-002
   1.7073190844683792       -1.0440975022646850E-002
   1.7135959928671600        1.0333837901433557E-002
   1.7198729012659408        2.8752801717756921E-002
   1.7261498096647214        4.0613836311441220E-002
   1.7324267180635022        4.3206488307045834E-002
   1.7387036264622830        3.5933585417953329E-002
   1.7449805348610639        2.0451344270917861E-002
   1.7512574432598447        2.9448541821633877E-004
   1.7575343516586255       -1.9929298139408566E-002
   1.7638112600574063       -3.5592240563072634E-002
   1.7700881684561871       -4.3106201261801785E-002
   1.7763650768549679       -4.0746272850945238E-002
   1.7826419852537487       -2.9048829726412449E-002
   1.7889188936525295       -1.0691662293945456E-002
   1.7951958020513104        1.0117496296991773E-002
   1.8014727104500912        2.8604738019957662E-002
   1.8077496188488720        4.0525395942650054E-002
   1.8140265272476528        4.3139631237541165E-002
   1.8203034356464336        3.5843666033029402E-002
   1.8265803440452144        2.0310848782873574E-002
   1.8328572524439952        1.0922592497529121E-004
   1.8391341608427760       -2.0117265958346245E-002
   1.8454110692415568       -3.5716217093770444E-002
   1.8516879776403377       -4.3097385982134459E-002
   1.8579648860391185       -4.0560000824630439E-002
   1.8642417944378993       -2.8685815261492071E-002
   1.8705187028366801       -1.0206796291293421E-002
   1.8767956112354609        1.0622700962910127E-002
   1.8830725196342417        2.9005123640462985E-002
   1.8893494280330225        4.0704910945710299E-002
   1.8956263364318033        4.3024981497972778E-002
   1.9019032448305841        3.5429216714608691E-002
   1.9081801532293650        1.9667068823467398E-002
   1.9144570616281458       -6.2884138971835968E-004
   1.9207339700269266       -2.0779680230068525E-002
   1.9270108784257074       -3.6139085169348099E-002
   1.9332877868244882       -4.3164816764076269E-002
   1.9395646952232690       -4.0236080844202084E-002
   1.9458416036220498       -2.8027796932268426E-002
   1.9521185120208304       -9.3552826257389254E-003
   1.9583954204196112        1.1474947156283199E-002
   1.9646723288183920        2.9658534602318775E-002
   1.9709492372171729        4.1001571615265825E-002
   1.9772261456159537        4.2888054724086612E-002
   1.9835030540147345        3.4883235157239754E-002
   1.9897799624135153        1.8833665226104471E-002
   1.9960568708122961       -1.5590577472703480E-003
   2.0023337792110771       -2.1592363671979257E-002
   2.0086106876098579       -3.6647406590945397E-002
   2.0148875960086388       -4.3254058973772831E-002
   2.0211645044074196       -3.9890556136882166E-002
   2.0274414128062004       -2.7333518763295799E-002
   2.0337183212049812       -8.4779344267526275E-003
   2.0399952296037620        1.2331005800844539E-002
   2.0462721380025428        3.0299794373119714E-002
   2.0525490464013236        4.1291016978004184E-002
   2.0588259548001044        4.2775716099405572E-002
   2.0651028631988853        3.4414493810539952E-002
   2.0713797715976656        1.8133965933210008E-002
   2.0776566799964464       -2.3183936743512729E-003
   2.0839335883952272       -2.2237848458470738E-002
   2.0902104967940081       -3.7045130816402060E-002
   2.0964874051927889       -4.3338951565825512E-002
   2.1027643135915697       -3.9676359670483753E-002
   2.1090412219903505       -2.6902082745141928E-002
   2.1153181303891313       -7.9520064356345937E-003
   2.1215950387879121        1.2823088431700809E-002
   2.1278719471866929        3.0657368137936607E-002
   2.1341488555854737        4.1463321878803430E-002
   2.1404257639842545        4.2767748155201943E-002
   2.1467026723830354        3.4276168986347506E-002
   2.1529795807818162        1.7937217607917336E-002
   2.1592564891805970       -2.5065687983700617E-003
   2.1655333975793778       -2.2377513555510344E-002
   2.1718103059781586       -3.7133687191862760E-002
   2.1780872143769394       -4.3406559813184593E-002
   2.1843641227757202       -3.9768412240314036E-002
   2.1906410311745010       -2.7054984230149272E-002
   2.1969179395732819       -8.1709527519487225E-003
   2.2031948479720627        1.2575915031051219E-002
   2.2094717563708435        3.0458764963042263E-002
   2.2157486647696243        4.1408682975320646E-002
   2.2220255731684051        4.2939252938176041E-002
   2.2283024815671859        3.4708783266017271E-002
   2.2345793899659667        1.8593571224730564E-002
   2.2408562983647475       -1.7427790961869695E-003
   2.2471332067635283       -2.1684442147275555E-002
   2.2534101151623092       -3.6711946070502481E-002
   2.2596870235610900       -4.3425748390303741E-002
   2.2659639319598708       -4.0313080839749084E-002
   2.2722408403586516       -2.8085542141571343E-002
   2.2785177487574324       -9.5128415271677983E-003
   2.2847946571562132        1.1207670855632601E-002
   2.2910715655549940        2.9401436633517724E-002
   2.2973484739537748        4.0971399219779533E-002
   2.3036253823525557        4.3318934425854612E-002
   2.3099022907513365        3.5924334977262648E-002
   2.3161791991501173        2.0457880021350665E-002
   2.3224561075488981        3.9871209753480273E-004
   2.3287330159476789       -1.9750642396978619E-002
   2.3350099243464597       -3.5476100073262913E-002
   2.3412868327452405       -4.3262512356124182E-002
   2.3475637411440213       -4.1376764085796207E-002
   2.3538406495428021       -3.0249587457082422E-002
   2.3601175579415830       -1.2372859240249091E-002
   2.3663944663403638        8.2622499461885296E-003
   2.3726713747391446        2.7058732750221373E-002
   2.3789482831379254        3.9838236344322854E-002
   2.3852251915367062        4.3768141231957068E-002
   2.3915020999354870        3.7985881691231432E-002
   2.3977790083342678        2.3783673380632871E-002
   2.4040559167330486        4.3151450705617390E-003
   2.4103328251318294       -1.6108527717862621E-002
   2.4166097335306103       -3.2975072566224096E-002
   2.4228866419293911       -4.2567531805175182E-002
   2.4291635503281719       -4.2780673793880786E-002
   2.4354404587269527       -3.3578650453172793E-002
   2.4417173671257335       -1.6995372235356014E-002
   2.4479942755245143        3.3197091908427588E-003
   2.4542711839232951        2.2907950414927523E-002
   2.4605480923220759        3.7481098825695176E-002
   2.4668250007208568        4.3858624651651745E-002
   2.4731019091196376        4.0658198489981527E-002
   2.4793788175184184        2.8590194623649135E-002
   2.4856557259171992        1.0294618587422319E-002
   2.4919326343159800       -1.0241004268284896E-002
   2.4982095427147608       -2.8553419226311279E-002
   2.5044864511135416       -4.0673890587507984E-002
   2.5107633595123224       -4.3985905555001384E-002
   2.5170402679111032       -3.7785461836856257E-002
   2.5233171763098841       -2.3424944057807751E-002
   2.5295940847086644       -4.0125224850489170E-003
   2.5358709931074452        1.6264924343180196E-002
   2.5421479015062260        3.3046916238947274E-002
   2.5484248099050069        4.2736365403365520E-002
   2.5547017183037877        4.3267230851266304E-002
   2.5609786267025685        3.4539711963947242E-002
   2.5672555351013493        1.8432473572507158E-002
   2.5735324435001301       -1.6074312808918593E-003
   2.5798093518989109       -2.1306233091303566E-002
   2.5860862602976917       -3.6476270261123121E-002
   2.5923631686964725       -4.3904679712867052E-002
   2.5986400770952534       -4.2029670177400280E-002
   2.6049169854940342       -3.1262913765253995E-002
   2.6111938938928150       -1.3892805281088773E-002
   2.6174708022915958        6.4075322655750017E-003
   2.6237477106903766        2.5360550838915016E-002
   2.6300246190891574        3.8986358312142963E-002
   2.6363015274879382        4.4436158292044316E-002
   2.6425784358867190        4.0582974146756046E-002
   2.6488553442854998        2.8248186425555290E-002
   2.6551322526842807        1.0019773595055554E-002
   2.6614091610830615       -1.0296235360681499E-002
   2.6676860694818423       -2.8473675067458147E-002
   2.6739629778806231       -4.0745554639336330E-002
   2.6802398862794039       -4.4581747199232802E-002
   2.6865167946781847       -3.9205097850689805E-002
   2.6927937030769655       -2.5741819908045596E-002
   2.6990706114757463       -6.9786409970727147E-003
   2.7053475198745272        1.3219581248682628E-002
   2.7116244282733080        3.0708921822184557E-002
   2.7179013366720888        4.1916284469541661E-002
   2.7241782450708696        4.4565842437873648E-002
   2.7304551534696504        3.8135028451794430E-002
   2.7367320618684312        2.3949971875188797E-002
   2.7430089702672120        4.9047091620094043E-003
   2.7492858786659928       -1.5134962823584482E-002
   2.7555627870647736       -3.2119027047095405E-002
   2.7618396954635545       -4.2631126273970719E-002
   2.7681166038623353       -4.4571677232690704E-002
   2.7743935122611161       -3.7570375894710767E-002
   2.7806704206598969       -2.3048518872476907E-002
   2.7869473290586777       -3.9228228083410810E-003
   2.7932242374574585        1.5985966149094574E-002
   2.7995011458562393        3.2718624294186309E-002
   2.8057780542550201        4.2963374034305488E-002
   2.8120549626538009        4.4706609125246079E-002
   2.8183318710525818        3.7621731902274400E-002
   2.8246087794513626        2.3122654889879843E-002
   2.8308856878501434        4.0752148785670834E-003
   2.8371625962489242       -1.5773355350884765E-002
   2.8434395046477050       -3.2532643880322898E-002
   2.8497164130464858       -4.2929598757250075E-002
   2.8559933214452666       -4.4943579581661293E-002
   2.8622702298440474       -3.8194116906430882E-002
   2.8685471382428283       -2.4007862627897603E-002
   2.8748240466416091       -5.1534835506508517E-003
   2.8811009550403899        1.4702257567103673E-002
   2.8873778634391707        3.1710028981784308E-002
   2.8936547718379515        4.2584954618496894E-002
   2.8999316802367323        4.5239613970998911E-002
   2.9062085886355131        3.9180628875242721E-002
   2.9124854970342939        2.5593510501155031E-002
   2.9187624054330747        7.1020491418905315E-003
   2.9250393138318556       -1.2747643423538048E-002
   2.9313162222306364       -3.0174994854542947E-002
   2.9375931306294172       -4.1889025289974423E-002
   2.9438700390281980       -4.5707453700701423E-002
   2.9501469474269788       -4.0952686770014152E-002
   2.9564238558257596       -2.8555314410479114E-002
   2.9627007642245404       -1.0855230284616178E-002
   2.9689776726233212        8.8525362458647689E-003
   2.9752545810221021        2.6935617711849078E-002
   2.9815314894208829        4.0089064812414782E-002
   2.9878083978196632        4.5927657193451078E-002
   2.9940853062184440        4.3404343360689490E-002
   3.0003622146172249        3.2987155764364229E-002
   3.0066391230160057        1.6569619123190393E-002
   3.0129160314147865       -2.8660966146325942E-003
   3.0191929398135673       -2.1774901023103678E-002
   3.0254698482123481       -3.6676081092403369E-002
   3.0317467566111289       -4.4780249731539795E-002
   3.0380236650099097       -4.4513231163349626E-002
   3.0443005734086905       -3.5841729491205308E-002
   3.0505774818074713       -2.0329566451459460E-002
   3.0568543902062522       -8.9506232566489605E-004
   3.0631312986050330        1.8706260841925736E-002
   3.0694082070038138        3.4592832974744588E-002
   3.0756851154025946        4.3533219430369814E-002
   3.0819620238013754        4.3631489271127692E-002
   3.0882389322001562        3.4769841493237155E-002
   3.0945158405989370        1.8695597371978841E-002
   3.1007927489977178       -1.2903026303640423E-003
   3.1070696573964987       -2.0998123312251465E-002
   3.1133465657952795       -3.6236194422973114E-002
   3.1196234741940603       -4.3725873210143207E-002
   3.1259003825928411       -4.1832643755074783E-002
   3.1321772909916219       -3.0941294198021968E-002
   3.1384541993904027       -1.3385532728364468E-002
   3.1447311077891835        7.0547338446170721E-003
   3.1510080161879643        2.5975918197501460E-002
   3.1572849245867451        3.9308467616518461E-002
   3.1635618329855260        4.4196759367771156E-002
   3.1698387413843068        3.9608766171380261E-002
   3.1761156497830876        2.6546282713457547E-002
   3.1823925581818684        7.8163923462874919E-003
   3.1886694665806492       -1.2579641867026847E-002
   3.1949463749794300       -3.0303772599802693E-002
   3.2012232833782108       -4.1600265289666732E-002
   3.2075001917769916       -4.4084293026262752E-002
   3.2137771001757724       -3.7238652176423227E-002
   3.2200540085745533       -2.2517322339986587E-002
   3.2263309169733341       -3.0356122525396693E-003
   3.2326078253721149        1.7087768726283464E-002
   3.2388847337708957        3.3599113841855932E-002
   3.2451616421696765        4.3006894176063626E-002
   3.2514385505684573        4.3319405059004605E-002
   3.2577154589672381        3.4467215650926870E-002
   3.2639923673660189        1.8320276489876081E-002
   3.2702692757647998       -1.7053977053495823E-003
   3.2765461841635806       -2.1369645567587834E-002
   3.2828230925623614       -3.6506543542062543E-002
   3.2891000009611422       -4.3908604802239168E-002
   3.2953769093599230       -4.2008013767628777E-002
   3.3016538177587038       -3.1209099766441137E-002
   3.3079307261574846       -1.3801347287628553E-002
   3.3142076345562654        6.5279275998201105E-003
   3.3204845429550462        2.5476735658192654E-002
   3.3267614513538271        3.9040200067198508E-002
   3.3330383597526079        4.4357048691415699E-002
   3.3393152681513887        4.0311642567186237E-002
   3.3455921765501695        2.7765135098593227E-002
   3.3518690849489503        9.3685904658948969E-003
   3.3581459933477311       -1.1000464443403744E-002
   3.3644229017465119       -2.9057394282347417E-002
   3.3706998101452927       -4.1011966799830997E-002
   3.3769767185440736       -4.4362221489002457E-002
   3.3832536269428544       -3.8414870662294050E-002
   3.3895305353416352       -2.4424750783475665E-002
   3.3958074437404160       -5.3261177445161536E-003
   3.4020843521391968        1.4885910305373912E-002
   3.4083612605379776        3.1992720595477336E-002
   3.4146381689367584        4.2432493601048081E-002
   3.4209150773355392        4.4039698021988670E-002
   3.4271919857343200        3.6490616352364169E-002
   3.4334688941331009        2.1363935295774798E-002
   3.4397458025318817        1.8060937248283605E-003
   3.4460227109306620       -1.8126761084532431E-002
   3.4522996193294428       -3.4311795898259861E-002
   3.4585765277282237       -4.3411796266889395E-002
   3.4648534361270045       -4.3560502889920916E-002
   3.4711303445257853       -3.4740655874509557E-002
   3.4774072529245661       -1.8779074404681097E-002
   3.4836841613233469        1.0372760475845322E-003
   3.4899610697221277        2.0642354474807556E-002
   3.4962379781209085        3.6027163941880040E-002
   3.5025148865196893        4.4058475749098852E-002
   3.5087917949184702        4.3113051168907478E-002
   3.5150687033172510        3.3399697592748682E-002
   3.5213456117160318        1.6906497721416697E-002
   3.5276225201148126       -3.0125259078992292E-003
   3.5338994285135934       -2.2324044427375126E-002
   3.5401763369123742       -3.7133775436944072E-002
   3.5464532453111550       -4.4470072379952520E-002
   3.5527301537099358       -4.2875337994316018E-002
   3.5590070621087166       -3.2688499344340649E-002
   3.5652839705074975       -1.5965267723059236E-002
   3.5715608789062783        3.9438769302598403E-003
   3.5778377873050591        2.3069916489190850E-002
   3.5841146957038399        3.7618202536691632E-002
   3.5903916041026207        4.4719212464832438E-002
   3.5966685125014015        4.2988941666765812E-002
   3.6029454209001823        3.2790541589872206E-002
   3.6092223292989631        1.6149391769442741E-002
   3.6154992376977440       -3.6572497778360816E-003
   3.6217761460965248       -2.2751302769976309E-002
   3.6280530544953056       -3.7415118599881711E-002
   3.6343299628940864       -4.4813018983601842E-002
   3.6406068712928672       -4.3533417227244936E-002
   3.6468837796916480       -3.3849020736678788E-002
   3.6531606880904288       -1.7649027330529483E-002
   3.6594375964892096        1.9386335034722838E-003
   3.6657145048879904        2.1157709885644416E-002
   3.6719914132867713        3.6346272446062845E-002
   3.6782683216855521        4.4632070077496304E-002
   3.6845452300843329        4.4468990972078890E-002
   3.6908221384831137        3.5915750855584176E-002
   3.6970990468818945        2.0608595446217553E-002
   3.7033759552806753        1.4383503363168649E-003
   3.7096528636794561       -1.8002652003208407E-002
   3.7159297720782369       -3.4096640321013637E-002
   3.7222066804770177       -4.3871719635505201E-002
   3.7284835888757986       -4.5544281647605545E-002
   3.7347604972745794       -3.8834805630092992E-002
   3.7410374056733602       -2.5003079080737026E-002
   3.7473143140721410       -6.6014045224739764E-003
   3.7535912224709218        1.3004151815253842E-002
   3.7598681308697026        3.0253330903768094E-002
   3.7661450392684834        4.2037410097984937E-002
   3.7724219476672642        4.6254207437595410E-002
   3.7786988560660451        4.2174335608051741E-002
   3.7849757644648259        3.0556617947521049E-002
   3.7912526728636067        1.3496676276408562E-002
   3.7975295812623875       -5.9595444979393033E-003
   3.8038064896611683       -2.4364648177442407E-002
   3.8100833980599491       -3.8481358556513967E-002
   3.8163603064587299       -4.5848257422652569E-002
   3.8226372148575107       -4.5201548504869779E-002
   3.8289141232562915       -3.6682073404545275E-002
   3.8351910316550724       -2.1795711839205908E-002
   3.8414679400538532       -3.1385918931835094E-003
   3.8477448484526340        1.6061326958830426E-002
   3.8540217568514148        3.2504500965185208E-002
   3.8602986652501956        4.3384565112857772E-002
   3.8665755736489764        4.6861647822518913E-002
   3.8728524820477572        4.2365737335212816E-002
   3.8791293904465380        3.0681764753424389E-002
   3.8854062988453189        1.3805549482123239E-002
   3.8916832072440997       -5.4018626394118380E-003
   3.8979601156428805       -2.3700977108336782E-002
   3.9042370240416608       -3.8019113041518691E-002
   3.9105139324404417       -4.5963489348236151E-002
   3.9167908408392225       -4.6217394497766379E-002
   3.9230677492380033       -3.8754111629629287E-002
   3.9293446576367841       -2.4833847925716322E-002
   3.9356215660355649       -6.7854535233534945E-003
   3.9418984744343457        1.2388993181046094E-002
   3.9481753828331265        2.9518824308827334E-002
   3.9544522912319073        4.1792577430630674E-002
   3.9607291996306881        4.7219618301524234E-002
   3.9670061080294690        4.4948524580900179E-002
   3.9732830164282498        3.5390746127744711E-002
   3.9795599248270306        2.0132375464130894E-002
   3.9858368332258114        1.6535948978155649E-003
   3.9921137416245922       -1.7091718212524039E-002
   3.9983906500233730       -3.3159274718552276E-002
   4.0046675584221543       -4.4076424300244256E-002
   4.0109444668209351       -4.8210284078137253E-002
   4.0172213752197159       -4.4990997618105454E-002
   4.0234982836184967       -3.4966199092447005E-002
   4.0297751920172775       -1.9690026490334453E-002
   4.0360521004160583       -1.4730742016732749E-003
   4.0423290088148391        1.6964207108792914E-002
   4.0486059172136200        3.2883919946609816E-002
   4.0548828256124008        4.3917214507897456E-002
   4.0611597340111816        4.8397871439542731E-002
   4.0674366424099624        4.5604371830862994E-002
   4.0737135508087432        3.5882602656490334E-002
   4.0799904592075240        2.0633356802694975E-002
   4.0862673676063048        2.1552266267195093E-003
   4.0925442760050856       -1.6657150489600214E-002
   4.0988211844038664       -3.2736026390649209E-002
   4.1050980928026473       -4.3334705268362694E-002
   4.1113750012014281       -4.6519014572128758E-002
   4.1176519096002089       -4.1566694746269478E-002
   4.1239288179989897       -2.9185456457347402E-002
   4.1302057263977705       -1.1480977859091423E-002
   4.1364826347965504        8.3523503001196823E-003
   4.1427595431953312        2.6588058032185932E-002
   4.1490364515941121        3.9680612512723062E-002
   4.1553133599928929        4.4994513419554592E-002
   4.1615902683916737        4.1387103006306221E-002
   4.1678671767904545        2.9498832139176069E-002
   4.1741440851892353        1.1667682566506420E-002
   4.1804209935880161       -8.5246308611370489E-003
   4.1866979019867969       -2.6981907086265185E-002
   4.1929748103855777       -3.9941653301341973E-002
   4.1992517187843585       -4.4758202578197827E-002
   4.2055286271831394       -4.0451899048058362E-002
   4.2118055355819202       -2.7908519559725363E-002
   4.2180824439807010       -9.6905094303824987E-003
   4.2243593523794818        1.0495131641272271E-002
   4.2306362607782626        2.8556907337935943E-002
   4.2369131691770434        4.0847967788028593E-002
   4.2431900775758242        4.4896410505271857E-002
   4.2494669859746050        3.9893953113082067E-002
   4.2557438943733858        2.6852088980935707E-002
   4.2620208027721667        8.3982017598493164E-003
   4.2682977111709475       -1.1748980936348475E-002
   4.2745746195697283       -2.9522672644792868E-002
   4.2808515279685091       -4.1324417487166996E-002
   4.2871284363672899       -4.4751911849512639E-002
   4.2934053447660707       -3.9091824631252714E-002
   4.2996822531648515       -2.5475678363837791E-002
   4.3059591615636323       -6.6627256818058882E-003
   4.3122360699624132        1.3511424099952490E-002
   4.3185129783611940        3.0912735491781362E-002
   4.3247898867599748        4.1956782402266614E-002
   4.3310667951587556        4.4352695210769726E-002
   4.3373437035575364        3.7586827602440177E-002
   4.3436206119563172        2.3041272543520550E-002
   4.3498975203550980        3.7181579077047006E-003
   4.3561744287538788       -1.6376235212722891E-002
   4.3624513371526596       -3.3061470050182722E-002
   4.3687282455514405       -4.2854801800632558E-002
   4.3750051539502213       -4.3702293496525477E-002
   4.3812820623490021       -3.5414752441523346E-002
   4.3875589707477829       -1.9714990915593412E-002
   4.3938358791465637        1.1594601863012562E-004
   4.4001127875453445        1.9921615895188642E-002
   4.4063896959441253        3.5540370121014658E-002
   4.4126666043429061        4.3680853311682116E-002
   4.4189435127416870        4.2618499842593319E-002
   4.4252204211404678        3.2565277523692170E-002
   4.4314973295392486        1.5632804519459687E-002
   4.4377742379380294       -4.6061526478309491E-003
   4.4440511463368102       -2.3868017654471812E-002
   4.4503280547355910       -3.8063921140741003E-002
   4.4566049631343718       -4.4169346356648251E-002
   4.4628818715331526       -4.0872662772045001E-002
   4.4691587799319334       -2.8862616382458704E-002
   4.4754356883307143       -1.0690536159156473E-002
   4.4817125967294951        9.7666702589616974E-003
   4.4879895051282759        2.8130867707165698E-002
   4.4942664135270567        4.0459745163902126E-002
   4.5005433219258375        4.4095978084042350E-002
   4.5068202303246183        3.8244912533790434E-002
   4.5130971387233991        2.4154029483181742E-002
   4.5193740471221799        4.8523977387232142E-003
   4.5256509555209607       -1.5496637255514759E-002
   4.5319278639197416       -3.2491937783617052E-002
   4.5382047723185224       -4.2447438894107306E-002
   4.5444816807173032       -4.3194811551802242E-002
   4.5507585891160840       -3.4560409467943705E-002
   4.5570354975148648       -1.8410589892497223E-002
   4.5633124059136456        1.7471757559726036E-003
   4.5695893143124264        2.1523107541921799E-002
   4.5758662227112072        3.6600276660309711E-002
   4.5821431311099881        4.3678424786753454E-002
   4.5884200395087689        4.1199755721985656E-002
   4.5946969479075497        2.9696353886058836E-002
   4.6009738563063305        1.1680801028439167E-002
   4.6072507647051113       -8.8986430922866743E-003
   4.6135276731038921       -2.7521052590672092E-002
   4.6198045815026729       -4.0085910468424343E-002
   4.6260814899014537       -4.3818118378271986E-002
   4.6323583983002345       -3.7884725912640610E-002
   4.6386353066990154       -2.3585474922574894E-002
   4.6449122150977962       -4.0725858758257731E-003
   4.6511891234965770        1.6340829493629912E-002
   4.6574660318953578        3.3132727884391824E-002
   4.6637429402941386        4.2574650958200823E-002
   4.6700198486929194        4.2562347784894206E-002
   4.6762967570917002        3.3088823545177490E-002
   4.6825736654904810        1.6252556933382942E-002
   4.6888505738892619       -4.2034289025469742E-003
   4.6951274822880427       -2.3721272884365142E-002
   4.7014043906868235       -3.7943360061969286E-002
   4.7076812990856043       -4.3686780787675378E-002
   4.7139582074843851       -3.9658868211197032E-002
   4.7202351158831659       -2.6752217024651737E-002
   4.7265120242819467       -7.8509497946353569E-003
   4.7327889326807275        1.2810662913676808E-002
   4.7390658410795083        3.0595275175986529E-002
   4.7453427494782892        4.1503696005895582E-002
   4.7516196578770700        4.3076347935725623E-002
   4.7578965662758508        3.4951226254681375E-002
   4.7641734746746316        1.8951001807586427E-002
   4.7704503830734124       -1.3224703895055130E-003
   4.7767272914721932       -2.1296783448843171E-002
   4.7830041998709740       -3.6459664720109281E-002
   4.7892811082697548       -4.3379453699860113E-002
   4.7955580166685357       -4.0484273934113094E-002
   4.8018349250673165       -2.8422379134115921E-002
   4.8081118334660973       -9.9203187342778876E-003
   4.8143887418648781        1.0830819018208235E-002
   4.8206656502636589        2.9123481266424722E-002
   4.8269425586624397        4.0801820003026443E-002
   4.8332194670612205        4.3207476827851782E-002
   4.8394963754600013        3.5787324562001205E-002
   4.8457732838587821        2.0223607282477695E-002
   4.8520501922575630        5.5212215327361572E-005
   4.8583271006563438       -2.0125254823191024E-002
   4.8646040090551246       -3.5716776955665254E-002
   4.8708809174539054       -4.3159758238725004E-002
   4.8771578258526862       -4.0750593651535875E-002
   4.8834347342514670       -2.9034095370765522E-002
   4.8897116426502478       -1.0682793083151633E-002
   4.8959885510490286        1.0110743260248967E-002
   4.9022654594478094        2.8590797252770597E-002
   4.9085423678465903        4.0526383456097062E-002
   4.9148192762453711        4.3181147627086094E-002
   4.9210961846441519        3.5942613965511183E-002
   4.9273730930429327        2.0465602557173987E-002
   4.9336500014417135        2.9575148078585006E-004
   4.9399269098404943       -1.9941611002070730E-002
   4.9462038182392751       -3.5601898263158967E-002
   4.9524807266380559       -4.3087866067215964E-002
   4.9587576350368368       -4.0677223031853449E-002
   4.9650345434356176       -2.8920491849836472E-002
   4.9713114518343984       -1.0516822811885620E-002
   4.9775883602331792        1.0304575998160362E-002
   4.9838652686319600        2.8755846751154533E-002
   4.9901421770307408        4.0591652346684680E-002
   4.9964190854295216        4.3086733768811419E-002
   5.0026959938283024        3.5664521458881160E-002
   5.0089729022270832        2.0031517314313678E-002
   5.0152498106258641       -2.1413644423380705E-004
   5.0215267190246449       -2.0410304098239122E-002
   5.0278036274234257       -3.5904412112117479E-002
   5.0340805358222065       -4.3125652215093881E-002
   5.0403574442209873       -4.0408592141572865E-002
   5.0466343526197681       -2.8378030919095003E-002
   5.0529112610185480       -9.8059694684574841E-003
   5.0591881694173289        1.1026705000225911E-002
   5.0654650778161097        2.9316890711431020E-002
   5.0717419862148905        4.0846852887886559E-002
   5.0780188946136713        4.2957203478600860E-002
   5.0842958030124521        3.5160685468249374E-002
   5.0905727114112329        1.9254974181890715E-002
   5.0968496198100137       -1.0916946044323603E-003
   5.1031265282087945       -2.1186562095495277E-002
   5.1094034366075753       -3.6394860470606867E-002
   5.1156803450063562       -4.3208989583697621E-002
   5.1219572534051370       -4.0057605501304584E-002
   5.1282341618039178       -2.7667918756765109E-002
   5.1345110702026986       -8.8976581664697851E-003
   5.1407879786014794        1.1924413163156148E-002
   5.1470648870002602        2.9997124473755868E-002
   5.1533417953990410        4.1154151441116317E-002
   5.1596187037978218        4.2824427611316447E-002
   5.1658956121966026        3.4624273071664130E-002
   5.1721725205953835        1.8444912849392096E-002
   5.1784494289941643       -1.9844428204602526E-003
   5.1847263373929451       -2.1956821735669652E-002
   5.1910032457917259       -3.6872379078124434E-002
   5.1972801541905067       -4.3297740538945105E-002
   5.2035570625892875       -3.9755772591421649E-002
   5.2098339709880683       -2.7064181981665793E-002
   5.2161108793868491       -8.1455285518250622E-003
   5.2223877877856300        1.2646916426842944E-002
   5.2286646961844108        3.0531649548474205E-002
   5.2349416045831916        4.1398653989381091E-002
   5.2412185129819724        4.2753324024071095E-002
   5.2474954213807532        3.4287886281585259E-002
   5.2537723297795340        1.7949680415305883E-002
   5.2600492381783148       -2.5084535277169234E-003
   5.2663261465770956       -2.2391462611370292E-002
   5.2726030549758764       -3.7140112258580923E-002
   5.2788799633746573       -4.3376049237372712E-002
   5.2851568717734381       -3.9674379739825322E-002
   5.2914337801722189       -2.6887340424605208E-002
   5.2977106885709997       -7.9459707140563853E-003
   5.3039875969697805        1.2813571616368770E-002
   5.3102645053685613        3.0643762511117677E-002
   5.3165414137673421        4.1471488017742045E-002
   5.3228183221661229        4.2827451292073000E-002
   5.3290952305649038        3.4407322668390236E-002
   5.3353721389636846        1.8137528223554140E-002
   5.3416490473624654       -2.2679417612482917E-003
   5.3479259557612462       -2.2157171489901633E-002
   5.3542028641600270       -3.7001572940648819E-002
   5.3604797725588078       -4.3426413216623154E-002
   5.3667566809575886       -3.9976173718411910E-002
   5.3730335893563694       -2.7441532416688341E-002
   5.3793104977551502       -8.6751212781303166E-003
   5.3855874061539311        1.2060334067445623E-002
   5.3918643145527119        3.0061889974818325E-002
   5.3981412229514927        4.1253162889186651E-002
   5.4044181313502735        4.3105927388422366E-002
   5.4106950397490543        3.5208457319900660E-002
   5.4169719481478351        1.9353461733175207E-002
   5.4232488565466159       -8.7229724551348775E-004
   5.4295257649453967       -2.0901963148248937E-002
   5.4358026733441775       -3.6220780341698997E-002
   5.4420795817429584       -4.3382940619865695E-002
   5.4483564901417392       -4.0784188252406789E-002
   5.4546333985405200       -2.9017486161037141E-002
   5.4609103069393008       -1.0733726084654839E-002
   5.4671872153380816        9.9589375661582862E-003
   5.4734641237368624        2.8420225634410056E-002
   5.4797410321356432        4.0518504590453912E-002
   5.4860179405344240        4.3553673578134708E-002
   5.4922948489332049        3.6856384807527912E-002
   5.4985717573319857        2.1931357018268489E-002
   5.5048486657307665        2.1151042980798694E-003
   5.5111255741295473       -1.8173138630450683E-002
   5.5174024825283281       -3.4418386257140991E-002
   5.5236793909271089       -4.3013984270423307E-002
   5.5299562993258897       -4.2059620087339072E-002
   5.5362332077246705       -3.1777267191907800E-002
   5.5425101161234513       -1.4454947416394973E-002
   5.5487870245222322        6.0666130388099537E-003
   5.5550639329210130        2.5248320382733579E-002
   5.5613408413197938        3.8857359389925558E-002
   5.5676177497185746        4.3899600508226368E-002
   5.5738946581173554        3.9274701359081149E-002
   5.5801715665161362        2.6011352376337137E-002
   5.5864484749149170        7.0334784889425333E-003
   5.5927253833136978       -1.3488406213184038E-002
   5.5990022917124787       -3.1055886566280208E-002
   5.6052792001112595       -4.1828490153434185E-002
   5.6115561085100403       -4.3460640823539946E-002
   5.6178330169088211       -3.5607866871546504E-002
   5.6241099253076019       -1.9993997578132208E-002
   5.6303868337063827       -2.7606553453098820E-005
   5.6366637421051635        1.9945848800315569E-002
   5.6429406505039443        3.5591266561281421E-002
   5.6492175589027251        4.3523670305689793E-002
   5.6554944673015060        4.2036991326888637E-002
   5.6617713757002868        3.1465711435618195E-002
   5.6680482840990676        1.4103874483443633E-002
   5.6743251924978484       -6.2978761178636997E-003
   5.6806021008966292       -2.5345852129854140E-002
   5.6868790092954100       -3.8950259765402437E-002
   5.6931559176941908       -4.4201248835946345E-002
   5.6994328260929716       -3.9986838668828482E-002
   5.7057097344917524       -2.7222454787051077E-002
   5.7119866428905333       -8.6460271563862864E-003
   5.7182635512893141        1.1774259871346948E-002
   5.7245404596880949        2.9690390996250586E-002
   5.7308173680868757        4.1300252554946335E-002
   5.7370942764856565        4.4151571696772210E-002
   5.7433711848844373        3.7654686086810780E-002
   5.7496480932832181        2.3198037211708364E-002
   5.7559250016819989        3.8452620180581230E-003
   5.7622019100807798       -1.6318775448197726E-002
   5.7684788184795606       -3.3052417337716890E-002
   5.7747557268783414       -4.2848690949432618E-002
   5.7810326352771222       -4.3666609204368781E-002
   5.7873095436759030       -3.5350553018667123E-002
   5.7935864520746838       -1.9652802945526092E-002
   5.7998633604734646        1.4197934679288068E-004
   5.8061402688722454        1.9908566418689967E-002
   5.8124171772710262        3.5542617119615677E-002
   5.8186940856698071        4.3811481127122638E-002
   5.8249709940685879        4.3018257728452726E-002
   5.8312479024673687        3.3343586585184722E-002
   5.8375248108661495        1.6797688562463879E-002
   5.8438017192649303       -3.2037602905560124E-003
   5.8500786276637111       -2.2549140866098660E-002
   5.8563555360624919       -3.7277490234590899E-002
   5.8626324444612727       -4.4387549923828866E-002
   5.8689093528600536       -4.2444375280087578E-002
   5.8751862612588344       -3.1861898042877035E-002
   5.8814631696576152       -1.4807283688135952E-002
   5.8877400780563960        5.2495744021305787E-003
   5.8940169864551768        2.4246436751782792E-002
   5.9002938948539576        3.8352625057782697E-002
   5.9065708032527384        4.4739065611343984E-002
   5.9128477116515192        4.2140077422194978E-002
   5.9191246200503000        3.1096460918196196E-002
   5.9254015284490809        1.3834963975959720E-002
   5.9316784368478617       -6.1875033199127747E-003
   5.9379553452466425       -2.4980204036451133E-002
   5.9442322536454233       -3.8814401185715573E-002
   5.9505091620442041       -4.4959994973243905E-002
   5.9567860704429849       -4.2218272281765140E-002
   5.9630629788417657       -3.1148251942323787E-002
   5.9693398872405457       -1.3945648025229159E-002
   5.9756167956393265        5.9980274646975968E-003
   5.9818937040381073        2.4766695873523176E-002
   5.9881706124368881        3.8688114624106880E-002
   5.9944475208356689        4.5049140749419549E-002
   6.0007244292344497        4.2619774538036594E-002
   6.0070013376332305        3.1886017183223356E-002
   6.0132782460320113        1.4948063379399816E-002
   6.0195551544307921       -4.8946278437539924E-003
   6.0258320628295730       -2.3789107354592564E-002
   6.0321089712283538       -3.8078749345415289E-002
   6.0383858796271346       -4.5010649033641457E-002
   6.0446627880259154       -4.3263242453521610E-002
   6.0509396964246962       -3.3192791554185822E-002
   6.0572166048234770       -1.6753124556322840E-002
   6.0634935132222578        2.8926346672635203E-003
   6.0697704216210386        2.1989513107841429E-002
   6.0760473300198194        3.6914611029112698E-002
   6.0823242384186003        4.4865565119241474E-002
   6.0886011468173811        4.4380288060407641E-002
   6.0948780552161619        3.5591728892297884E-002
   6.1011549636149427        2.0177667811052843E-002
   6.1074318720137235        1.0251249342078800E-003
   6.1137087804125043       -1.8319159447242894E-002
   6.1199856888112851       -3.4305281031406364E-002
   6.1262625972100659       -4.4022948428231665E-002
   6.1325395056088468       -4.5717719599607166E-002
   6.1388164140076276       -3.9094588026076647E-002
   6.1450933224064084       -2.5361950711203063E-002
   6.1513702308051892       -7.0133469355962638E-003
   6.1576471392039700        1.2613229292162563E-002
   6.1639240476027508        2.9924038498680160E-002
   6.1702009560015316        4.1709746053496775E-002
   6.1764778644003124        4.5733444906714861E-002
   6.1827547727990932        4.1166291935093309E-002
   6.1890316811978741        2.8785111709241328E-002
   6.1953085895966549        1.0879718609282328E-002
   6.2015854979954357       -9.1336586204845555E-003
   6.2078624063942165       -2.7340055474890546E-002
   6.2141393147929973       -4.0087857806973194E-002
   6.2204162231917781       -4.4739620247102659E-002
   6.2266931315905589       -4.0253430137251210E-002
   6.2329700399893397       -2.7458066432396368E-002
   6.2392469483881206       -8.9408104131212321E-003
   6.2455238567869014        1.1452046125531317E-002
   6.2518007651856822        2.9412161963186002E-002
   6.2580776735844630        4.1096738557872652E-002
   6.2643545819832438        4.3976834090851853E-002
   6.2706314903820246        3.7407595354739094E-002
   6.2769083987808054        2.2785642086501048E-002
   6.2831853071795862        3.2542743089538817E-003
