   6.2769083987808056E-003  -2.1577512968946288E-002
   1.2553816797561611E-002  -3.1858328591221834E-002
   1.8830725196342418E-002  -3.9189982645571206E-002
   2.5107633595123222E-002  -4.2909040821250320E-002
   3.1384541993904030E-002  -4.2692271345524106E-002
   3.7661450392684835E-002  -3.8580589637106082E-002
   4.3938358791465640E-002  -3.0968289488318090E-002
   5.0215267190246445E-002  -2.0560610884556310E-002
   5.6492175589027249E-002  -8.3054006201425112E-003
   6.2769083987808061E-002   4.6936338147748665E-003
   6.9045992386588859E-002   1.7274345948606849E-002
   7.5322900785369670E-002   2.8317162135693817E-002
   8.1599809184150468E-002   3.6841902654194909E-002
   8.7876717582931280E-002   4.2092550642295536E-002
   9.4153625981712077E-002   4.3602939505237942E-002
  0.10043053438049289        4.1237722085011912E-002
  0.10670744277927370        3.5204892415962620E-002
  0.11298435117805450        2.6038417605469932E-002
  0.11926125957683531        1.4552058877770663E-002
  0.12553816797561612        1.7680047789955290E-003
  0.13181507637439691       -1.1173715426292752E-002
  0.13809198477317772       -2.3117159629969342E-002
  0.14436889317195853       -3.2994600616855850E-002
  0.15064580157073934       -3.9923179051389653E-002
  0.15692270996952015       -4.3284752298072375E-002
  0.16319961836830094       -4.2781415698357028E-002
  0.16947652676708175       -3.8461669749538283E-002
  0.17575343516586256       -3.0714994671336579E-002
  0.18203034356464337       -2.0235561104714216E-002
  0.18830725196342415       -7.9586609285304671E-003
  0.19458416036220497        5.0240877474324770E-003
  0.20086106876098578        1.7562849053168083E-002
  0.20713797715976659        2.8551990961160626E-002
  0.21341488555854740        3.7027583211099134E-002
  0.21969179395732819        4.2251345535140580E-002
  0.22596870235610900        4.3773796845318305E-002
  0.23224561075488981        4.1471349615392235E-002
  0.23852251915367062        3.5554526902193129E-002
  0.24479942755245140        2.6547045309838709E-002
  0.25107633595123224        1.5237909102811404E-002
  0.25735324435001306        2.6109855498059084E-003
  0.26363015274879381       -1.0241552993307323E-002
  0.26990706114757462       -2.2214225451196334E-002
  0.27618396954635543       -3.2283360851778464E-002
  0.28246087794513625       -3.9594136063466831E-002
  0.28873778634391706       -4.3532150650302505E-002
  0.29501469474269787       -4.3773605765047102E-002
  0.30129160314147868       -4.0310091448447480E-002
  0.30756851154025949       -3.3446235946201684E-002
  0.31384541993904030       -2.3770829747125605E-002
  0.32012232833782106       -1.2104298265942946E-002
  0.32639923673660187        5.7263351075508158E-004
  0.33267614513538268        1.3202710986664970E-002
  0.33895305353416350        2.4741040046781997E-002
  0.34522996193294431        3.4241528077472654E-002
  0.35150687033172512        4.0933697277732307E-002
  0.35778377873050593        4.4283676162826927E-002
  0.36406068712928674        4.4034655776136182E-002
  0.37033759552806755        4.0223930315699534E-002
  0.37661450392684831        3.3175660552184495E-002
  0.38289141232562912        2.3470525043300172E-002
  0.38916832072440993        1.1895288297495815E-002
  0.39544522912319074       -6.2313352303278310E-004
  0.40172213752197156       -1.3093407094764638E-002
  0.40799904592075237       -2.4538998958935979E-002
  0.41427595431953318       -3.4074481693767589E-002
  0.42055286271831399       -4.0972980550610973E-002
  0.42682977111709480       -4.4719703073905381E-002
  0.43310667951587556       -4.5047757565307628E-002
  0.43938358791465637       -4.1953987852431825E-002
  0.44566049631343718       -3.5694195271658472E-002
  0.45193740471221799       -2.6758746755268237E-002
  0.45821431311099881       -1.5831051726314625E-002
  0.46449122150977962       -3.7326186115253473E-003
  0.47076812990856043        8.6407105805543869E-003
  0.47704503830734124        2.0386256135724982E-002
  0.48332194670612205        3.0660555994565932E-002
  0.48959885510490281        3.8739130159932626E-002
  0.49587576350368362        4.4065775971680057E-002
  0.50215267190246449        4.6288161573507451E-002
  0.50842958030124530        4.5277650340237285E-002
  0.51470648870002611        4.1132579335173787E-002
  0.52098339709880681        3.4165460004087787E-002
  0.52726030549758762        2.4875705423500725E-002
  0.53353721389636843        1.3910441151700434E-002
  0.53981412229514925        2.0166651729078963E-003
  0.54609103069393006       -1.0011548785377095E-002
  0.55236793909271087       -2.1386971981538931E-002
  0.55864484749149168       -3.1380574524609468E-002
  0.56492175589027249       -3.9367010991036296E-002
  0.57119866428905330       -4.4861528295632384E-002
  0.57747557268783412       -4.7546321691822623E-002
  0.58375248108661493       -4.7285184151226990E-002
  0.59002938948539574       -4.4126135747268445E-002
  0.59630629788417655       -3.8292504746135124E-002
  0.60258320628295736       -3.0163624467175996E-002
  0.60886011468173817       -2.0246894173152979E-002
  0.61513702308051899       -9.1433792370214460E-003
  0.62141393147929980        2.4906165389719575E-003
  0.62769083987808061        1.3983487915106847E-002
  0.63396774827686131        2.4687331281373553E-002
  0.64024465667564212        3.4013790543723645E-002
  0.64652156507442293        4.1464858403678320E-002
  0.65279847347320374        4.6657169567668001E-002
  0.65907538187198456        4.9338797175077054E-002
  0.66535229027076537        4.9398061088405443E-002
  0.67162919866954618        4.6864330280402829E-002
  0.67790610706832699        4.1901223698478075E-002
  0.68418301546710780        3.4793066258806980E-002
  0.69045992386588861        2.5925804176441889E-002
  0.69673683226466943        1.5763758511108186E-002
  0.70301374066345024        4.8236929556191620E-003
  0.70929064906223105       -6.3523202376773160E-003
  0.71556755746101186       -1.7223823352607213E-002
  0.72184446585979267       -2.7277414073506250E-002
  0.72812137425857348       -3.6049619702502242E-002
  0.73439828265735430       -4.3146345780055176E-002
  0.74067519105613511       -4.8258273296256836E-002
  0.74695209945491581       -5.1171824258791555E-002
  0.75322900785369662       -5.1775532006716973E-002
  0.75950591625247743       -5.0061962436912390E-002
  0.76578282465125824       -4.6125712059403731E-002
  0.77205973305003905       -4.0157497967789578E-002
  0.77833664144881987       -3.2434205477611333E-002
  0.78461354984760068       -2.3305152438918005E-002
  0.79089045824638149       -1.3175072891663819E-002
  0.79716736664516230       -2.4845418007560260E-003
  0.80344427504394311        8.3112406953065338E-003
  0.80972118344272392        1.8764217566130177E-002
  0.81599809184150474        2.8454614598977385E-002
  0.82227500024028555        3.7010235071122277E-002
  0.82855190863906636        4.4122776838256661E-002
  0.83482881703784717        4.9560172012791746E-002
  0.84110572543662798        5.3174225076385230E-002
  0.84738263383540879        5.4902591874263211E-002
  0.85365954223418961        5.4763487975635683E-002
  0.85993645063297042        5.2844602616569154E-002
  0.86621335903175112        4.9288951147786163E-002
  0.87249026743053193        4.4279722750865752E-002
  0.87876717582931274        3.8025880553878906E-002
  0.88504408422809355        3.0749913385228943E-002
  0.89132099262687436        2.2678718929393989E-002
  0.89759790102565518        1.4038147358052887E-002
  0.90387480942443599        5.0513336554889677E-003
  0.91015171782321680       -4.0594377028523154E-003
  0.91642862622199761       -1.3067906176819043E-002
  0.92270553462077842       -2.1736968184482359E-002
  0.92898244301955923       -2.9811010028264834E-002
  0.93525935141834005       -3.7009861586576862E-002
  0.94153625981712086       -4.3029090534910767E-002
  0.94781316821590167       -4.7549203858970136E-002
  0.95409007661468248       -5.0254114019996840E-002
  0.96036698501346329       -5.0858484274735355E-002
  0.96664389341224410       -4.9142334084147914E-002
  0.97292080181102492       -4.4989757880844562E-002
  0.97919771020980562       -3.8427023750737088E-002
  0.98547461860858643       -2.9654024231389506E-002
  0.99175152700736724       -1.9062402994852855E-002
  0.99802843540614805       -7.2341112545146885E-003
   1.0043053438049290        5.0841331797414867E-003
   1.0105822522037098        1.7031893058281899E-002
   1.0168591606024906        2.7708833994263379E-002
   1.0231360690012714        3.6263185167556916E-002
   1.0294129774000522        4.1981030298414074E-002
   1.0356898857988328        4.4363569929182750E-002
   1.0419667941976136        4.3182919584868085E-002
   1.0482437025963944        3.8510026742776995E-002
   1.0545206109951752        3.0711995146128872E-002
   1.0607975193939561        2.0419974928894257E-002
   1.0670744277927369        8.4722056377963522E-003
   1.0733513361915177       -4.1607072734375378E-003
   1.0796282445902985       -1.6459865940581284E-002
   1.0859051529890793       -2.7442978500652023E-002
   1.0921820613878601       -3.6242465839314952E-002
   1.0984589697866409       -4.2170833061885397E-002
   1.1047358781854217       -4.4769411314870305E-002
   1.1110127865842025       -4.3839200713827617E-002
   1.1172896949829834       -3.9454259927395055E-002
   1.1235666033817642       -3.1956498564355548E-002
   1.1298435117805450       -2.1931460983222573E-002
   1.1361204201793258       -1.0166134819509471E-002
   1.1423973285781066        2.4089812628385423E-003
   1.1486742369768874        1.4790069178463034E-002
   1.1549511453756682        2.5977821774002464E-002
   1.1612280537744490        3.5057329367267423E-002
   1.1675049621732299        4.1273824972805122E-002
   1.1737818705720107        4.4097914624391173E-002
   1.1800587789707915        4.3274302942512222E-002
   1.1863356873695723        3.8848997260590046E-002
   1.1926125957683531        3.1171524132919650E-002
   1.1988895041671339        2.0870657801654147E-002
   1.2051664125659147        8.8048386914857668E-003
   1.2114433209646955       -4.0085458187108418E-003
   1.2177202293634763       -1.6479008472733925E-002
   1.2239971377622572       -2.7536561671861731E-002
   1.2302740461610380       -3.6224868921813716E-002
   1.2365509545598188       -4.1785675396443685E-002
   1.2428278629585996       -4.3726913587927352E-002
   1.2491047713573804       -4.1868249491309080E-002
   1.2553816797561612       -3.6359769941919091E-002
   1.2616585881549420       -2.7671849027539337E-002
   1.2679354965537226       -1.6556755529040065E-002
   1.2742124049525034       -3.9850564792302161E-003
   1.2804893133512842        8.9378878914490763E-003
   1.2867662217500651        2.1068273043352730E-002
   1.2930431301488459        3.1324861407927167E-002
   1.2993200385476267        3.8785892928659499E-002
   1.3055969469464075        4.2773210941538603E-002
   1.3118738553451883        4.2915827773642563E-002
   1.3181507637439691        3.9186804319469019E-002
   1.3244276721427499        3.1909570854909884E-002
   1.3307045805415307        2.1732495149670343E-002
   1.3369814889403115        9.5733764277817213E-003
   1.3432583973390924       -3.4616456014301051E-003
   1.3495353057378732       -1.6177795288421913E-002
   1.3558122141366540       -2.7401097880479789E-002
   1.3620891225354348       -3.6087534462352140E-002
   1.3683660309342156       -4.1421676255814194E-002
   1.3746429393329964       -4.2895285036054255E-002
   1.3809198477317772       -4.0358065078825306E-002
   1.3871967561305580       -3.4035308618365290E-002
   1.3934736645293389       -2.4510237818938959E-002
   1.3997505729281197       -1.2672176116478917E-002
   1.4060274813269005        3.6502498896393590E-004
   1.4123043897256813        1.3366945280865714E-002
   1.4185812981244621        2.5095303529923143E-002
   1.4248582065232429        3.4426384285667383E-002
   1.4311351149220237        4.0459805466476241E-002
   1.4374120233208045        4.2606996469562307E-002
   1.4436889317195853        4.0650551955237223E-002
   1.4499658401183662        3.4768313728821477E-002
   1.4562427485171470        2.5519369958130776E-002
   1.4625196569159278        1.3792831741437705E-002
   1.4687965653147086        7.2387923332452287E-004
   1.4750734737134894       -1.2415162856288846E-002
   1.4813503821122702       -2.4338370677833756E-002
   1.4876272905110510       -3.3872425506926755E-002
   1.4939041989098316       -4.0073057615653065E-002
   1.5001811073086124       -4.2320077729274333E-002
   1.5064580157073932       -4.0381285455167837E-002
   1.5127349241061741       -3.4438491436608897E-002
   1.5190118325049549       -2.5072568526529393E-002
   1.5252887409037357       -1.3208503164252892E-002
   1.5315656493025165       -2.5449506743314868E-005
   1.5378425577012973        1.3159611806676354E-002
   1.5441194661000781        2.5023215507738016E-002
   1.5503963744988589        3.4368672101641212E-002
   1.5566732828976397        4.0247779015935119E-002
   1.5629501912964205        4.2058496620477066E-002
   1.5692270996952014        3.9608376484522936E-002
   1.5755040080939822        3.3136884217093758E-002
   1.5817809164927630        2.3293872166218584E-002
   1.5880578248915438        1.1075917511677916E-002
   1.5943347332903246       -2.2734049743394101E-003
   1.6006116416891054       -1.5389452213184567E-002
   1.6068885500878862       -2.6925949406929519E-002
   1.6131654584866670       -3.5693681815377132E-002
   1.6194423668854478       -4.0784089580594610E-002
   1.6257192752842287       -4.1664806120278793E-002
   1.6319961836830095       -3.8236943742179987E-002
   1.6382730920817903       -3.0847796915379845E-002
   1.6445500004805711       -2.0257219508909508E-002
   1.6508269088793519       -7.5607604329608969E-003
   1.6571038172781327        5.9227949000480416E-003
   1.6633807256769135        1.8788013276452322E-002
   1.6696576340756943        2.9689412771183671E-002
   1.6759345424744752        3.7482754248018078E-002
   1.6822114508732560        4.1346113676767056E-002
   1.6884883592720368        4.0867812326000522E-002
   1.6947652676708176        3.6091662456551522E-002
   1.7010421760695984        2.7514416205200756E-002
   1.7073190844683792        1.6035326460894311E-002
   1.7135959928671600        2.8628119220025817E-003
   1.7198729012659408       -1.0612177544633958E-002
   1.7261498096647214       -2.2962873651264464E-002
   1.7324267180635022       -3.2878009750290600E-002
   1.7387036264622830       -3.9301657325471188E-002
   1.7449805348610639       -4.1546584793759396E-002
   1.7512574432598447       -3.9368860018600772E-002
   1.7575343516586255       -3.2995476057698522E-002
   1.7638112600574063       -2.3101757297606693E-002
   1.7700881684561871       -1.0740672190209188E-002
   1.7763650768549679        2.7686363608394266E-003
   1.7826419852537487        1.5981353871754277E-002
   1.7889188936525295        2.7481576885764671E-002
   1.7951958020513104        3.6034409242613863E-002
   1.8014727104500912        4.0719173485915972E-002
   1.8077496188488720        4.1029282357522817E-002
   1.8140265272476528        3.6927838021947726E-002
   1.8203034356464336        2.8852764193665188E-002
   1.8265803440452144        1.7670712034010272E-002
   1.8328572524439952        4.5845265716040456E-003
   1.8391341608427760       -8.9958840568288394E-003
   1.8454110692415568       -2.1605422824827032E-002
   1.8516879776403377       -3.1882043814298766E-002
   1.8579648860391185       -3.8714226528644730E-002
   1.8642417944378993       -4.1361660626080154E-002
   1.8705187028366801       -3.9535973634546674E-002
   1.8767956112354609       -3.3432635636273814E-002
   1.8830725196342417       -2.3710457346878724E-002
   1.8893494280330225       -1.1420788583891573E-002
   1.8956263364318033        2.1059975261780205E-003
   1.9019032448305841        1.5404483284795283E-002
   1.9081801532293650        2.7033054782943280E-002
   1.9144570616281458        3.5730372618088431E-002
   1.9207339700269266        4.0552441865802251E-002
   1.9270108784257074        4.0975341339728182E-002
   1.9332877868244882        3.6952390502190527E-002
   1.9395646952232690        2.8919482468401689E-002
   1.9458416036220498        1.7747954303762047E-002
   1.9521185120208304        4.6500846804527129E-003
   1.9583954204196112       -8.9525216547632486E-003
   1.9646723288183920       -2.1583349908339065E-002
   1.9709492372171729       -3.1871386436756813E-002
   1.9772261456159537       -3.8700061834339550E-002
   1.9835030540147345       -4.1328512101342620E-002
   1.9897799624135153       -3.9471964363906584E-002
   1.9960568708122961       -3.3332512518865001E-002
   2.0023337792110771       -2.3576959569687396E-002
   2.0086106876098579       -1.1264174384510377E-002
   2.0148875960086388        2.2700907176380425E-003
   2.0211645044074196        1.5558350093070611E-002
   2.0274414128062004        2.7160684123656235E-002
   2.0337183212049812        3.5820853258181531E-002
   2.0399952296037620        4.0602269316906622E-002
   2.0462721380025428        4.0989091695059821E-002
   2.0525490464013236        3.6941541226737859E-002
   2.0588259548001044        2.8899527726652028E-002
   2.0651028631988853        1.7734318574251246E-002
   2.0713797715976656        4.6536188009423116E-003
   2.0776566799964464       -8.9295249508386451E-003
   2.0839335883952272       -2.1549693054289748E-002
   2.0902104967940081       -3.1847315803908517E-002
   2.0964874051927889       -3.8715030878119026E-002
   2.1027643135915697       -4.1416412105078841E-002
   2.1090412219903505       -3.9664363190807087E-002
   2.1153181303891313       -3.3650885567531638E-002
   2.1215950387879121       -2.4025216247862091E-002
   2.1278719471866929       -1.1822911593255429E-002
   2.1341488555854737        1.6462794470670820E-003
   2.1404257639842545        1.4939520266872345E-002
   2.1467026723830354        2.6635694537347373E-002
   2.1529795807818162        3.5487262480489258E-002
   2.1592564891805970        4.0552931585639815E-002
   2.1655333975793778        4.1297064991187182E-002
   2.1718103059781586        3.7645391611164515E-002
   2.1780872143769394        2.9991316012537489E-002
   2.1843641227757202        1.9152436122227695E-002
   2.1906410311745010        6.2821874766033322E-003
   2.1969179395732819       -7.2537235320594270E-003
   2.2031948479720627       -2.0022760121475781E-002
   2.2094717563708435       -3.0677307995188696E-002
   2.2157486647696243       -3.8096629546925047E-002
   2.2220255731684051       -4.1504074444124989E-002
   2.2283024815671859       -4.0547342313189967E-002
   2.2345793899659667       -3.5333600550475817E-002
   2.2408562983647475       -2.6416095000599944E-002
   2.2471332067635283       -1.4734031363488673E-002
   2.2534101151623092       -1.5124113672431432E-003
   2.2596870235610900        1.1867344878349010E-002
   2.2659639319598708        2.4012209729401778E-002
   2.2722408403586516        3.3662542211232459E-002
   2.2785177487574324        3.9822160010005068E-002
   2.2847946571562132        4.1860104536063598E-002
   2.2910715655549940        3.9573807933405564E-002
   2.2973484739537748        3.3207493959421061E-002
   2.3036253823525557        2.3424351621954415E-002
   2.3099022907513365        1.1235813443450784E-002
   2.3161791991501173       -2.1043491333634298E-003
   2.3224561075488981       -1.5229878231448826E-002
   2.3287330159476789       -2.6802280069379871E-002
   2.3350099243464597       -3.5647035181988931E-002
   2.3412868327452405       -4.0871931624874971E-002
   2.3475637411440213       -4.1955682874431140E-002
   2.3538406495428021       -3.8798167400418249E-002
   2.3601175579415830       -3.1727635392419982E-002
   2.3663944663403638       -2.1464646416723781E-002
   2.3726713747391446       -9.0468739564471320E-003
   2.3789482831379254        4.2772027683505619E-003
   2.3852251915367062        1.7174686259842503E-002
   2.3915020999354870        2.8361839560442425E-002
   2.3977790083342678        3.6731437408704062E-002
   2.4040559167330486        4.1461290589194205E-002
   2.4103328251318294        4.2093407134150267E-002
   2.4166097335306103        3.8576328954826114E-002
   2.4228866419293911        3.1266943335200248E-002
   2.4291635503281719        2.0892128389388104E-002
   2.4354404587269527        8.4745413672585139E-003
   2.4417173671257335       -4.7696902192784722E-003
   2.4479942755245143       -1.7550990810488758E-002
   2.4542711839232951       -2.8632132157546966E-002
   2.4605480923220759       -3.6947501585698830E-002
   2.4668250007208568       -4.1704388039428407E-002
   2.4731019091196376       -4.2456771143791691E-002
   2.4793788175184184       -3.9144920783739164E-002
   2.4856557259171992       -3.2097524589501325E-002
   2.4919326343159800       -2.1996715282546934E-002
   2.4982095427147608       -9.8099109046101939E-003
   2.5044864511135416        3.3045284467147435E-003
   2.5107633595123224        1.6108468155266360E-002
   2.5170402679111032        2.7401216925753438E-002
   2.5233171763098841        3.6131662046270649E-002
   2.5295940847086644        4.1494890252163907E-002
   2.5358709931074452        4.3004528148193402E-002
   2.5421479015062260        4.0534484129699552E-002
   2.5484248099050069        3.4326753498792363E-002
   2.5547017183037877        2.4965166312068281E-002
   2.5609786267025685        1.3318107446285341E-002
   2.5672555351013493        4.5602947372938297E-004
   2.5735324435001301       -1.2448236175952644E-002
   2.5798093518989109       -2.4226969923852561E-002
   2.5860862602976917       -3.3822957172245489E-002
   2.5923631686964725       -4.0383299924894582E-002
   2.5986400770952534       -4.3333428311882936E-002
   2.6049169854940342       -4.2425062512685630E-002
   2.6111938938928150       -3.7754352171605325E-002
   2.6174708022915958       -2.9749171282058506E-002
   2.6237477106903766       -1.9127313449885983E-002
   2.6300246190891574       -6.8298680541960342E-003
   2.6363015274879382        6.0638568576276246E-003
   2.6425784358867190        1.8432034203910860E-002
   2.6488553442854998        2.9208074981199511E-002
   2.6551322526842807        3.7471914391971083E-002
   2.6614091610830615        4.2527078136235331E-002
   2.6676860694818423        4.3957209228307002E-002
   2.6739629778806231        4.1657668967534006E-002
   2.6802398862794039        3.5840078063320152E-002
   2.6865167946781847        2.7010030135187907E-002
   2.6927937030769655        1.5920478781513391E-002
   2.6990706114757463        3.5052872742922930E-003
   2.7053475198745272       -9.2010245653031640E-003
   2.7116244282733080       -2.1150315002788172E-002
   2.7179013366720888       -3.1367250677513871E-002
   2.7241782450708696       -3.9028011239080188E-002
   2.7304551534696504       -4.3524995837168540E-002
   2.7367320618684312       -4.4512598247024013E-002
   2.7430089702672120       -4.1930817693257967E-002
   2.7492858786659928       -3.6005378232648509E-002
   2.7555627870647736       -2.7224976146214122E-002
   2.7618396954635545       -1.6298099973016494E-002
   2.7681166038623353       -4.0934250861274276E-003
   2.7743935122611161        8.4310100050773631E-003
   2.7806704206598969        2.0303868530648889E-002
   2.7869473290586777        3.0615697146791986E-002
   2.7932242374574585        3.8587444802779695E-002
   2.7995011458562393        4.3627299120806484E-002
   2.8057780542550201        4.5371926363677900E-002
   2.8120549626538009        4.3709546023503319E-002
   2.8183318710525818        3.8783734939345831E-002
   2.8246087794513626        3.0978322920204509E-002
   2.8308856878501434        2.0885100140384239E-002
   2.8371625962489242        9.2572190106306584E-003
   2.8434395046477050       -3.0479354972549832E-003
   2.8497164130464858       -1.5132049628137613E-002
   2.8559933214452666       -2.6120804824621358E-002
   2.8622702298440474       -3.5226102810902549E-002
   2.8685471382428283       -4.1801485641287134E-002
   2.8748240466416091       -4.5386911830976526E-002
   2.8811009550403899       -4.5739730072665533E-002
   2.8873778634391707       -4.2849657930082795E-002
   2.8936547718379515       -3.6936733928773051E-002
   2.8999316802367323       -2.8432481018226183E-002
   2.9062085886355131       -1.7945809077018125E-002
   2.9124854970342939       -6.2163737140033034E-003
   2.9187624054330747        5.9408923870052305E-003
   2.9250393138318556        1.7695667759171654E-002
   2.9313162222306364        2.8261802413273366E-002
   2.9375931306294172        3.6951862883025460E-002
   2.9438700390281980        4.3222023723709271E-002
   2.9501469474269788        4.6703178237489512E-002
   2.9564238558257596        4.7216915653702458E-002
   2.9627007642245404        4.4777004801497822E-002
   2.9689776726233212        3.9578195232922629E-002
   2.9752545810221021        3.1974967922107835E-002
   2.9815314894208829        2.2453211353082043E-002
   2.9878083978196632        1.1597740491479621E-002
   2.9940853062184440        5.8165970959834496E-005
   3.0003622146172249       -1.1484992570499461E-002
   3.0066391230160057       -2.2352787007047428E-002
   3.0129160314147865       -3.1898449155968678E-002
   3.0191929398135673       -3.9536258462827920E-002
   3.0254698482123481       -4.4769282730965837E-002
   3.0317467566111289       -4.7217792026755794E-002
   3.0380236650099097       -4.6649762632741204E-002
   3.0443005734086905       -4.3010429560068904E-002
   3.0505774818074713       -3.6446481061641972E-002
   3.0568543902062522       -2.7320030494164985E-002
   3.0631312986050330       -1.6207333040806932E-002
   3.0694082070038138       -3.8779558419943672E-003
   3.0756851154025946        8.7482170239629228E-003
   3.0819620238013754        2.0666120807354482E-002
   3.0882389322001562        3.0869432290953115E-002
   3.0945158405989370        3.8446306625875955E-002
   3.1007927489977178        4.2676704266237854E-002
   3.1070696573964987        4.3118900810082905E-002
   3.1133465657952795        3.9672153018098386E-002
   3.1196234741940603        3.2603412183567423E-002
   3.1259003825928411        2.2531707527504614E-002
   3.1321772909916219        1.0372575286686836E-002
   3.1384541993904027       -2.7505915177485881E-003
   3.1447311077891835       -1.5617764937959513E-002
   3.1510080161879643       -2.7033075192773297E-002
   3.1572849245867451       -3.5941580335499747E-002
   3.1635618329855260       -4.1529559035267005E-002
   3.1698387413843068       -4.3298489143967320E-002
   3.1761156497830876       -4.1106422913007624E-002
   3.1823925581818684       -3.5174396907123970E-002
   3.1886694665806492       -2.6059261110027165E-002
   3.1949463749794300       -1.4597437102755757E-002
   3.2012232833782108       -1.8263775139700431E-003
   3.2075001917769916        1.1108417543047897E-002
   3.2137771001757724        2.3053538379787002E-002
   3.2200540085745533        3.2947585009077698E-002
   3.2263309169733341        3.9912908078986779E-002
   3.2326078253721149        4.3331640753935557E-002
   3.2388847337708957        4.2899622804520331E-002
   3.2451616421696765        3.8653476465313211E-002
   3.2514385505684573        3.0968209045903389E-002
   3.2577154589672381        2.0525143559394578E-002
   3.2639923673660189        8.2525391127122472E-003
   3.2702692757647998       -4.7562637998684295E-003
   3.2765461841635806       -1.7340180958740781E-002
   3.2828230925623614       -2.8374605202189585E-002
   3.2891000009611422       -3.6873010778827264E-002
   3.2953769093599230       -4.2076290449165839E-002
   3.3016538177587038       -4.3521230577942223E-002
   3.3079307261574846       -4.1081815740676347E-002
   3.3142076345562654       -3.4979695200884744E-002
   3.3204845429550462       -2.5763049827033709E-002
   3.3267614513538271       -1.4256048718336715E-002
   3.3330383597526079       -1.4837777984528192E-003
   3.3393152681513887        1.1420288138809338E-002
   3.3455921765501695        2.3315710319233875E-002
   3.3518690849489503        3.3156181226041928E-002
   3.3581459933477311        4.0081255980526392E-002
   3.3644229017465119        4.3490695050877277E-002
   3.3706998101452927        4.3095098397959185E-002
   3.3769767185440736        3.8938750813806634E-002
   3.3832536269428544        3.1393152494976394E-002
   3.3895305353416352        2.1122188487947800E-002
   3.3958074437404160        9.0222723244057831E-003
   3.4020843521391968       -3.8570404544552819E-003
   3.4083612605379776       -1.6404846898680291E-002
   3.4146381689367584       -2.7545003668455342E-002
   3.4209150773355392       -3.6328195102437462E-002
   3.4271919857343200       -4.2012084709474443E-002
   3.4334688941331009       -4.4122821908126289E-002
   3.4397458025318817       -4.2492888775020020E-002
   3.4460227109306620       -3.7272389225406564E-002
   3.4522996193294428       -2.8913212929344817E-002
   3.4585765277282237       -1.8127842483081486E-002
   3.4648534361270045       -5.8267094951444517E-003
   3.4711303445257853        6.9602296533909595E-003
   3.4774072529245661        1.9170769444805998E-002
   3.4836841613233469        2.9799057007689870E-002
   3.4899610697221277        3.7978067917486397E-002
   3.4962379781209085        4.3049200166389717E-002
   3.5025148865196893        4.4613478796769045E-002
   3.5087917949184702        4.2560540235353217E-002
   3.5150687033172510        3.7073513296017900E-002
   3.5213456117160318        2.8609958518431934E-002
   3.5276225201148126        1.7860993280838577E-002
   3.5338994285135934        5.6924548574559817E-003
   3.5401763369123742       -6.9266976530975022E-003
   3.5464532453111550       -1.9002666158320688E-002
   3.5527301537099358       -2.9595357846849999E-002
   3.5590070621087166       -3.7890958912065890E-002
   3.5652839705074975       -4.3262983279652445E-002
   3.5715608789062783       -4.5317330042670523E-002
   3.5778377873050591       -4.3918292415453489E-002
   3.5841146957038399       -3.9194060815912167E-002
   3.5903916041026207       -3.1521915317659771E-002
   3.5966685125014015       -2.1494873740875477E-002
   3.6029454209001823       -9.8729301732157822E-003
   3.6092223292989631        2.4769148128296553E-003
   3.6154992376977440        1.4646935832725085E-002
   3.6217761460965248        2.5756093595649135E-002
   3.6280530544953056        3.5013516276769206E-002
   3.6343299628940864        4.1773497725949682E-002
   3.6406068712928672        4.5578278112372098E-002
   3.6468837796916480        4.6185930352092210E-002
   3.6531606880904288        4.3581928826767501E-002
   3.6594375964892096        3.7974255791859077E-002
   3.6657145048879904        2.9773099823389701E-002
   3.6719914132867713        1.9557254554409702E-002
   3.6782683216855521        8.0301620991587788E-003
   3.6845452300843329       -4.0308825718226296E-003
   3.6908221384831137       -1.5828566886690255E-002
   3.6970990468818945       -2.6598640219092851E-002
   3.7033759552806753       -3.5658713330991680E-002
   3.7096528636794561       -4.2449750245964007E-002
   3.7159297720782369       -4.6567896828320500E-002
   3.7222066804770177       -4.7785074706250610E-002
   3.7284835888757986       -4.6057607993299693E-002
   3.7347604972745794       -4.1522974221674856E-002
   3.7410374056733602       -3.4485507719503782E-002
   3.7473143140721410       -2.5392529014296981E-002
   3.7535912224709218       -1.4802883206757222E-002
   3.7598681308697026       -3.3502125729292084E-003
   3.7661450392684834        8.2965394848491907E-003
   3.7724219476672642        1.9472893301716525E-002
   3.7786988560660451        2.9556516572077866E-002
   3.7849757644648259        3.8000758989553324E-002
   3.7912526728636067        4.4362353252228329E-002
   3.7975295812623875        4.8322052424979098E-002
   3.8038064896611683        4.9697462561698658E-002
   3.8100833980599491        4.8447822455972039E-002
   3.8163603064587299        4.4670928456718412E-002
   3.8226372148575107        3.8592827339990046E-002
   3.8289141232562915        3.0551338188266473E-002
   3.8351910316550724        2.0974706602535628E-002
   3.8414679400538532        1.0356827834525458E-002
   3.8477448484526340       -7.6946897728404247E-004
   3.8540217568514148       -1.1859618854535460E-002
   3.8602986652501956       -2.2383650817111352E-002
   3.8665755736489764       -3.1850467745162092E-002
   3.8728524820477572       -3.9829100166744270E-002
   3.8791293904465380       -4.5966192362149542E-002
   3.8854062988453189       -4.9999216354345573E-002
   3.8916832072440997       -5.1765145278562331E-002
   3.8979601156428805       -5.1204554122299420E-002
   3.9042370240416608       -4.8361514714571743E-002
   3.9105139324404417       -4.3379681900829414E-002
   3.9167908408392225       -3.6494351451316423E-002
   3.9230677492380033       -2.8020564321270900E-002
   3.9293446576367841       -1.8337655401047377E-002
   3.9356215660355649       -7.8708534609091569E-003
   3.9418984744343457        2.9292400027317212E-003
   3.9481753828331265        1.3608287132694201E-002
   3.9544522912319073        2.3729818424227639E-002
   3.9607291996306881        3.2895600063713809E-002
   3.9670061080294690        4.0763573436568758E-002
   3.9732830164282498        4.7062293863020327E-002
   3.9795599248270306        5.1601002833294177E-002
   3.9858368332258114        5.4274611611543476E-002
   3.9921137416245922        5.5062159303090288E-002
   3.9983906500233730        5.4018235945449619E-002
   4.0046675584221543        5.1260072449572931E-002
   4.0109444668209351        4.6952661293318994E-002
   4.0172213752197159        4.1293776205699274E-002
   4.0234982836184967        3.4500500859136189E-002
   4.0297751920172775        2.6798450293143081E-002
   4.0360521004160583        1.8414445579216721E-002
   4.0423290088148391        9.5729591701509634E-003
   4.0486059172136200        4.9626719128220600E-004
   4.0548828256124008       -8.5921137996545910E-003
   4.0611597340111816       -1.7461445662214688E-002
   4.0674366424099624       -2.5866308432800030E-002
   4.0737135508087432       -3.3539294565408259E-002
   4.0799904592075240       -4.0187531179757346E-002
   4.0862673676063048       -4.5497331361221367E-002
   4.0925442760050856       -4.9148028071215336E-002
   4.0988211844038664       -5.0834987929982728E-002
   4.1050980928026473       -5.0300883460026369E-002
   4.1113750012014281       -4.7372847124076467E-002
   4.1176519096002089       -4.2001564651616669E-002
   4.1239288179989897       -3.4296862533437514E-002
   4.1302057263977705       -2.4553334289679804E-002
   4.1364826347965504       -1.3259386951216392E-002
   4.1427595431953312       -1.0841515991960528E-003
   4.1490364515941121        1.1160872625511077E-002
   4.1553133599928929        2.2584897092979558E-002
   4.1615902683916737        3.2300402758849489E-002
   4.1678671767904545        3.9513881772747894E-002
   4.1741440851892353        4.3610472788104718E-002
   4.1804209935880161        4.4221491286869426E-002
   4.1866979019867969        4.1266875362226944E-002
   4.1929748103855777        3.4967897136609707E-002
   4.1992517187843585        2.5829395515765245E-002
   4.2055286271831394        1.4594486849890457E-002
   4.2118055355819202        2.1777273283250056E-003
   4.2180824439807010       -1.0415372302705415E-002
   4.2243593523794818       -2.2173863676488114E-002
   4.2306362607782626       -3.2163723491124667E-002
   4.2369131691770434       -3.9600218187162611E-002
   4.2431900775758242       -4.3905295714777075E-002
   4.2494669859746050       -4.4747351299806774E-002
   4.2557438943733858       -4.2063381217539393E-002
   4.2620208027721667       -3.6063221449410210E-002
   4.2682977111709475       -2.7214792769069625E-002
   4.2745746195697283       -1.6210690621383066E-002
   4.2808515279685091       -3.9177657604339252E-003
   4.2871284363672899        8.6874477588386647E-003
   4.2934053447660707        2.0593387569791087E-002
   4.2996822531648515        3.0833067019282647E-002
   4.3059591615636323        3.8562688792450443E-002
   4.3122360699624132        4.3132918747636431E-002
   4.3185129783611940        4.4146566499267174E-002
   4.3247898867599748        4.1497091168470938E-002
   4.3310667951587556        3.5383631359954669E-002
   4.3373437035575364        2.6300026031260110E-002
   4.3436206119563172        1.4997526527042468E-002
   4.3498975203550980        2.4239944499677584E-003
   4.3561744287538788       -1.0355228041487363E-002
   4.3624513371526596       -2.2248032000870967E-002
   4.3687282455514405       -3.2229964617573707E-002
   4.3750051539502213       -3.9434030123922770E-002
   4.3812820623490021       -4.3227837925343314E-002
   4.3875589707477829       -4.3271098582219052E-002
   4.3938358791465637       -3.9548138803866671E-002
   4.4001127875453445       -3.2372267630275224E-002
   4.4063896959441253       -2.2361283601935098E-002
   4.4126666043429061       -1.0385949808929597E-002
   4.4189435127416870        2.5043434438028912E-003
   4.4252204211404678        1.5172474729071501E-002
   4.4314973295392486        2.6493341329620407E-002
   4.4377742379380294        3.5453930579277121E-002
   4.4440511463368102        4.1244885832771909E-002
   4.4503280547355910        4.3335236928107590E-002
   4.4566049631343718        4.1523260098780990E-002
   4.4628818715331526        3.5958402200630006E-002
   4.4691587799319334        2.7131696414087431E-002
   4.4754356883307143        1.5834903018209161E-002
   4.4817125967294951        3.0914836485385158E-003
   4.4879895051282759       -9.9348035367387618E-003
   4.4942664135270567       -2.2045676027229365E-002
   4.5005433219258375       -3.2118911027723546E-002
   4.5068202303246183       -3.9213497010649474E-002
   4.5130971387233991       -4.2659358202259350E-002
   4.5193740471221799       -4.2122862809893392E-002
   4.5256509555209607       -3.7641497141808561E-002
   4.5319278639197416       -2.9623928850262243E-002
   4.5382047723185224       -1.8814911249690657E-002
   4.5444816807173032       -6.2278336288585359E-003
   4.5507585891160840        6.9491259659516906E-003
   4.5570354975148648        1.9464649275318005E-002
   4.5633124059136456        3.0123271468073112E-002
   4.5695893143124264        3.7900379800441135E-002
   4.5758662227112072        4.2042076559426420E-002
   4.5821431311099881        4.2140050039156642E-002
   4.5884200395087689        3.8173864303420416E-002
   4.5946969479075497        3.0516125434243813E-002
   4.6009738563063305        1.9899529320718128E-002
   4.6072507647051113        7.3484955730960776E-003
   4.6135276731038921       -5.9184237855958209E-003
   4.6198045815026729       -1.8606199619277800E-002
   4.6260814899014537       -2.9469753080834497E-002
   4.6323583983002345       -3.7436813222081221E-002
   4.6386353066990154       -4.1715016246795272E-002
   4.6449122150977962       -4.1872426202554762E-002
   4.6511891234965770       -3.7883129285848839E-002
   4.6574660318953578       -3.0132907012747033E-002
   4.6637429402941386       -1.9383908728549316E-002
   4.6700198486929194       -6.7013392189655945E-003
   4.6762967570917002        6.6509576960607315E-003
   4.6825736654904810        1.9335899566257260E-002
   4.6888505738892619        3.0077158160455603E-002
   4.6951274822880427        3.7788299576175903E-002
   4.7014043906868235        4.1683925315663999E-002
   4.7076812990856043        4.1361313738675992E-002
   4.7139582074843851        3.6843909335881483E-002
   4.7202351158831659        2.8581787932629839E-002
   4.7265120242819467        1.7408567670996574E-002
   4.7327889326807275        4.4587003807795098E-003
   4.7390658410795083       -8.9467935136210465E-003
   4.7453427494782892       -2.1434725133293114E-002
   4.7516196578770700       -3.1720624823128450E-002
   4.7578965662758508       -3.8741627207746800E-002
   4.7641734746746316       -4.1767515146880020E-002
   4.7704503830734124       -4.0478186877237643E-002
   4.7767272914721932       -3.4999167053540066E-002
   4.7830041998709740       -2.5891063077638689E-002
   4.7892811082697548       -1.4093638824161035E-002
   4.7955580166685357       -8.2993584308492833E-004
   4.8018349250673165        1.2519880842087125E-002
   4.8081118334660973        2.4561993527450289E-002
   4.8143887418648781        3.4034805132073527E-002
   4.8206656502636589        3.9941896932134575E-002
   4.8269425586624397        4.1657963705252453E-002
   4.8332194670612205        3.8996337748436014E-002
   4.8394963754600013        3.2230669624101010E-002
   4.8457732838587821        2.2068121989644227E-002
   4.8520501922575630        9.5765534208771957E-003
   4.8583271006563438       -3.9269208325927157E-003
   4.8646040090551246       -1.7014432078168756E-002
   4.8708809174539054       -2.8298387709387467E-002
   4.8771578258526862       -3.6579032829412869E-002
   4.8834347342514670       -4.0972788534461811E-002
   4.8897116426502478       -4.1007541464957359E-002
   4.8959885510490286       -3.6674490635060307E-002
   4.9022654594478094       -2.8430736043227486E-002
   4.9085423678465903       -1.7152037350787835E-002
   4.9148192762453711       -4.0405204746511809E-003
   4.9210961846441519        9.5030116094374228E-003
   4.9273730930429327        2.2028632366180977E-002
   4.9336500014417135        3.2192734575288935E-002
   4.9399269098404943        3.8902653337607618E-002
   4.9462038182392751        4.1434828358441089E-002
   4.9524807266380559        3.9513633421049972E-002
   4.9587576350368368        3.3342186774775635E-002
   4.9650345434356176        2.3581614242497832E-002
   4.9713114518343984        1.1280802823141537E-002
   4.9775883602331792       -2.2359429004449589E-003
   4.9838652686319600       -1.5511332049230615E-002
   4.9901421770307408       -2.7112282880406721E-002
   4.9964190854295216       -3.5784896038907707E-002
   5.0026959938283024       -4.0590397500350373E-002
   5.0089729022270832       -4.1007251643905292E-002
   5.0152498106258641       -3.6988272797336505E-002
   5.0215267190246449       -2.8966421713499422E-002
   5.0278036274234257       -1.7808536054509442E-002
   5.0340805358222065       -4.7219063263848303E-003
   5.0403574442209873        8.8762479278424386E-003
   5.0466343526197681        2.1512287366205692E-002
   5.0529112610185480        3.1815999669923219E-002
   5.0591881694173289        3.8669410134502855E-002
   5.0654650778161097        4.1328351461820463E-002
   5.0717419862148905        3.9503528898952055E-002
   5.0780188946136713        3.3392211228560682E-002
   5.0842958030124521        2.3657048278113536E-002
   5.0905727114112329        1.1354275730770672E-002
   5.0968496198100137       -2.1809117536827397E-003
   5.1031265282087945       -1.5479362214404857E-002
   5.1094034366075753       -2.7097567161431229E-002
   5.1156803450063562       -3.5774488282645220E-002
   5.1219572534051370       -4.0568536714712257E-002
   5.1282341618039178       -4.0959796349647540E-002
   5.1345110702026986       -3.6906374484107905E-002
   5.1407879786014794       -2.8848767020834037E-002
   5.1470648870002602       -1.7661794887511770E-002
   5.1533417953990410       -4.5593818553369926E-003
   5.1596187037978218        9.0374236014707440E-003
   5.1658956121966026        2.1654788995124855E-002
   5.1721725205953835        3.1925993215451302E-002
   5.1784494289941643        3.8739491847889898E-002
   5.1847263373929451        4.1359087417532352E-002
   5.1910032457917259        3.9503207434113514E-002
   5.1972801541905067        3.3374769310551528E-002
   5.2035570625892875        2.3638503053493812E-002
   5.2098339709880683        1.1348318371989805E-002
   5.2161108793868491       -2.1672810037390829E-003
   5.2223877877856300       -1.5449203231598378E-002
   5.2286646961844108       -2.7065517282561107E-002
   5.2349416045831916       -3.5765841633569335E-002
   5.2412185129819724       -4.0615704101040657E-002
   5.2474954213807532       -4.1096442809907513E-002
   5.2537723297795340       -3.7160007434668831E-002
   5.2600492381783148       -2.9232938974653674E-002
   5.2663261465770956       -1.8169315248936089E-002
   5.2726030549758764       -5.1579479335751716E-003
   5.2788799633746573        8.4059888423267098E-003
   5.2851568717734381        2.1070952521381060E-002
   5.2914337801722189        3.1484462806831835E-002
   5.2977106885709997        3.8537298745429237E-002
   5.3039875969697805        4.1481101882065295E-002
   5.3102645053685613        4.0006964769027500E-002
   5.3165414137673421        3.4276829181031657E-002
   5.3228183221661229        2.4904610452978222E-002
   5.3290952305649038        1.2889347568829847E-002
   5.3353721389636846       -4.9222595021810667E-004
   5.3416490473624654       -1.3822029650577078E-002
   5.3479259557612462       -2.5691253497899198E-002
   5.3542028641600270       -3.4849192484182417E-002
   5.3604797725588078       -4.0334560538701970E-002
   5.3667566809575886       -4.1575527955751736E-002
   5.3730335893563694       -3.8448148129480685E-002
   5.3793104977551502       -3.1287321931999339E-002
   5.3855874061539311       -2.0849503424038671E-002
   5.3918643145527119       -8.2314400308399083E-003
   5.3981412229514927        5.2461687242736687E-003
   5.4044181313502735        1.8177617364228398E-002
   5.4106950397490543        2.9219033013558486E-002
   5.4169719481478351        3.7227725082931581E-002
   5.4232488565466159        4.1379612917653866E-002
   5.4295257649453967        4.1252740365821640E-002
   5.4358026733441775        3.6868544941403389E-002
   5.4420795817429584        2.8687024433824062E-002
   5.4483564901417392        1.7556757352808483E-002
   5.4546333985405200        4.6253805974557499E-003
   5.4609103069393008       -8.7798700554299180E-003
   5.4671872153380816       -2.1288996212723798E-002
   5.4734641237368624       -3.1629269495065324E-002
   5.4797410321356432       -3.8754139339327490E-002
   5.4860179405344240       -4.1948014506788388E-002
   5.4922948489332049       -4.0896539453146093E-002
   5.4985717573319857       -3.5715627754181724E-002
   5.5048486657307665       -2.6936784248086661E-002
   5.5111255741295473       -1.5450699974104891E-002
   5.5174024825283281       -2.4152849017135105E-003
   5.5236793909271089        1.0862205113502037E-002
   5.5299562993258897        2.3056828180944490E-002
   5.5362332077246705        3.2958079100739987E-002
   5.5425101161234513        3.9589300602157748E-002
   5.5487870245222322        4.2302671750733455E-002
   5.5550639329210130        4.0840666584236171E-002
   5.5613408413197938        3.5358339460447086E-002
   5.5676177497185746        2.6404754457948695E-002
   5.5738946581173554        1.4865931906820304E-002
   5.5801715665161362        1.8754311033834790E-003
   5.5864484749149170       -1.1298238022133837E-002
   5.5927253833136978       -2.3376067969029642E-002
   5.5990022917124787       -3.3192598227392234E-002
   5.6052792001112595       -3.9807527181198378E-002
   5.6115561085100403       -4.2594280568211046E-002
   5.6178330169088211       -4.1297339445806533E-002
   5.6241099253076019       -3.6053287285790714E-002
   5.6303868337063827       -2.7374112752318613E-002
   5.6366637421051635       -1.6094946770064757E-002
   5.6429406505039443       -3.2917679308185396E-003
   5.6492175589027251        9.8226355639666058E-003
   5.6554944673015060        2.2014253609475946E-002
   5.6617713757002868        3.2143903223059926E-002
   5.6680482840990676        3.9272827785155125E-002
   5.6743251924978484        4.2748136478960773E-002
   5.6806021008966292        4.2260458367296201E-002
   5.6868790092954100        3.7868934152930363E-002
   5.6931559176941908        2.9991805611630985E-002
   5.6994328260929716        1.9364084616460161E-002
   5.7057097344917524        6.9667883942689766E-003
   5.7119866428905333       -6.0652568874111782E-003
   5.7182635512893141       -1.8548234212862346E-002
   5.7245404596880949       -2.9357010661782045E-002
   5.7308173680868757       -3.7525865217861221E-002
   5.7370942764856565       -4.2333319204691959E-002
   5.7433711848844373       -4.3363759027656705E-002
   5.7496480932832181       -4.0540789978967554E-002
   5.7559250016819989       -3.4129905490069438E-002
   5.7622019100807798       -2.4710847195642396E-002
   5.7684788184795606       -1.3122712081651415E-002
   5.7747557268783414       -3.8719813173126078E-004
   5.7810326352771222        1.2382827181925455E-002
   5.7873095436759030        2.4081142162305967E-002
   5.7935864520746838        3.3703726854723177E-002
   5.7998633604734646        4.0433832614321284E-002
   5.8061402688722454        4.3709457765754516E-002
   5.8124171772710262        4.3267824229994992E-002
   5.8186940856698071        3.9163567501288736E-002
   5.8249709940685879        3.1759688308306465E-002
   5.8312479024673687        2.1692657059246622E-002
   5.8375248108661495        9.8152120969075829E-003
   5.8438017192649303       -2.8778225872874534E-003
   5.8500786276637111       -1.5334097065031011E-002
   5.8563555360624919       -2.6531389532138627E-002
   5.8626324444612727       -3.5561024021824546E-002
   5.8689093528600536       -4.1700286697766396E-002
   5.8751862612588344       -4.4468183873823813E-002
   5.8814631696576152       -4.3660422858262764E-002
   5.8877400780563960       -3.9361320148338881E-002
   5.8940169864551768       -3.1932288292215914E-002
   5.9002938948539576       -2.1978458677318791E-002
   5.9065708032527384       -1.0296704368286834E-002
   5.9128477116515192        2.1902875022681133E-003
   5.9191246200503000        1.4508230266235156E-002
   5.9254015284490809        2.5707615722730549E-002
   5.9316784368478617        3.4936248815015836E-002
   5.9379553452466425        4.1502490753930345E-002
   5.9442322536454233        4.4924706638584534E-002
   5.9505091620442041        4.4963653673044751E-002
   5.9567860704429849        4.1635965455528647E-002
   5.9630629788417657        3.5208367675259263E-002
   5.9693398872405457        2.6173685994659860E-002
   5.9756167956393265        1.5210977175244130E-002
   5.9818937040381073        3.1331488953494991E-003
   5.9881706124368881       -9.1738247757565186E-003
   5.9944475208356689       -2.0815580820910055E-002
   6.0007244292344497       -3.0953460793708386E-002
   6.0070013376332305       -3.8863840092386553E-002
   6.0132782460320113       -4.3988671963475036E-002
   6.0195551544307921       -4.5973701915560029E-002
   6.0258320628295730       -4.4691649006760419E-002
   6.0321089712283538       -4.0248722136483235E-002
   6.0383858796271346       -3.2974066206497538E-002
   6.0446627880259154       -2.3393026095901534E-002
   6.0509396964246962       -1.2186368784285466E-002
   6.0572166048234770       -1.3871273103666890E-004
   6.0634935132222578        1.1919733133475963E-002
   6.0697704216210386        2.3173489758563499E-002
   6.0760473300198194        3.2879438907304437E-002
   6.0823242384186003        4.0417130791652434E-002
   6.0886011468173811        4.5327154470674556E-002
   6.0948780552161619        4.7334693496516568E-002
   6.1011549636149427        4.6358092779887970E-002
   6.1074318720137235        4.2503713368045773E-002
   6.1137087804125043        3.6049346673535251E-002
   6.1199856888112851        2.7419049692054748E-002
   6.1262625972100659        1.7152396758866206E-002
   6.1325395056088468        5.8708934522123477E-003
   6.1388164140076276       -5.7562234897322951E-003
   6.1450933224064084       -1.7045272126924017E-002
   6.1513702308051892       -2.7329683544855769E-002
   6.1576471392039700       -3.5989701861103889E-002
   6.1639240476027508       -4.2480559381107813E-002
   6.1702009560015316       -4.6360218169280529E-002
   6.1764778644003124       -4.7318959716574072E-002
   6.1827547727990932       -4.5209927909682653E-002
   6.1890316811978741       -4.0076584517646632E-002
   6.1953085895966549       -3.2172428047905530E-002
   6.2015854979954357       -2.1967941549845171E-002
   6.2078624063942165       -1.0139992285600367E-002
   6.2141393147929973        2.4598992387259919E-003
   6.2204162231917781        1.4859821713574689E-002
   6.2266931315905589        2.6042649460894081E-002
   6.2329700399893397        3.5036959659838808E-002
   6.2392469483881206        4.1015016907178584E-002
   6.2455238567869014        4.3386310422961295E-002
   6.2518007651856822        4.1873755612691146E-002
   6.2580776735844630        3.6559750024938081E-002
   6.2643545819832438        2.7891847230349522E-002
   6.2706314903820246        1.6646550811653966E-002
   6.2769083987808054        3.8561052016548580E-003
   6.2831853071795862       -9.2929542488509494E-003
