   6.2769083987808056E-003   3.4529430425704478E-002
   1.2553816797561611E-002   2.4581387510470506E-002
   1.8830725196342418E-002   1.2087205016661195E-002
   2.5107633595123222E-002  -1.6548402375862661E-003
   3.1384541993904030E-002  -1.5228077489579370E-002
   3.7661450392684835E-002  -2.7246185780518128E-002
   4.3938358791465640E-002  -3.6494510949488419E-002
   5.0215267190246445E-002  -4.2049708525373805E-002
   5.6492175589027249E-002  -4.3366856285041458E-002
   6.2769083987808061E-002  -4.0327624003982182E-002
   6.9045992386588859E-002  -3.3247480220266926E-002
   7.5322900785369670E-002  -2.2841825288361060E-002
   8.1599809184150468E-002  -1.0154084075909385E-002
   8.7876717582931280E-002   3.5475340363998434E-003
   9.4153625981712077E-002   1.6894982348097703E-002
  0.10043053438049289        2.8555275103032934E-002
  0.10670744277927370        3.7362459535972802E-002
  0.11298435117805450        4.2433813694635017E-002
  0.11926125957683531        4.3258683516786828E-002
  0.12553816797561612        3.9750805225860296E-002
  0.13181507637439691        3.2258399965422957E-002
  0.13809198477317772        2.1530474395830310E-002
  0.14436889317195853        8.6422221451130914E-003
  0.15064580157073934       -5.1132638527126529E-003
  0.15692270996952015       -1.8355891497141973E-002
  0.16319961836830094       -2.9758273305687189E-002
  0.16947652676708175       -3.8179710358458602E-002
  0.17575343516586256       -4.2780712158318482E-002
  0.18203034356464337       -4.3106442075327718E-002
  0.18830725196342415       -3.9130805411827278E-002
  0.19458416036220497       -3.1257035627142805E-002
  0.20086106876098578       -2.0275138196093990E-002
  0.20713797715976659       -7.2809376871420840E-003
  0.21341488555854740        6.4347080245436188E-003
  0.21969179395732819        1.9515092167178422E-002
  0.22596870235610900        3.0672153594324108E-002
  0.23224561075488981        3.8812889677149992E-002
  0.23852251915367062        4.3145363276645830E-002
  0.24479942755245140        4.3254228926891652E-002
  0.25107633595123224        3.9138735361210555E-002
  0.25735324435001306        3.1209891219315531E-002
  0.26363015274879381        2.0247522309251184E-002
  0.26990706114757462        7.3218564483726071E-003
  0.27618396954635543       -6.3123283644822515E-003
  0.28246087794513625       -1.9338391864210852E-002
  0.28873778634391706       -3.0505261593493847E-002
  0.29501469474269787       -3.8747219900130477E-002
  0.30129160314147868       -4.3284581124591007E-002
  0.30756851154025949       -4.3695811526860764E-002
  0.31384541993904030       -3.9954547423310109E-002
  0.32012232833782106       -3.2428454215613585E-002
  0.32639923673660187       -2.1840585346235151E-002
  0.33267614513538268       -9.1975063455725370E-003
  0.33895305353416350        4.3084143811875355E-003
  0.34522996193294431        1.7412839303191881E-002
  0.35150687033172512        2.8898388121439567E-002
  0.35778377873050593        3.7707381616958170E-002
  0.36406068712928674        4.3037964286698524E-002
  0.37033759552806755        4.4414969470538017E-002
  0.37661450392684831        4.1729459343205849E-002
  0.38289141232562912        3.5243938173557615E-002
  0.38916832072440993        2.5563495982641894E-002
  0.39544522912319074        1.3576277361063651E-002
  0.40172213752197156        3.6939794508110548E-004
  0.40799904592075237       -1.2871491797994631E-002
  0.41427595431953318       -2.4969540409721356E-002
  0.42055286271831399       -3.4861125592618121E-002
  0.42682977111709480       -4.1688121020046466E-002
  0.43310667951587556       -4.4870096088741714E-002
  0.43938358791465637       -4.4150571238427597E-002
  0.44566049631343718       -3.9613936727007797E-002
  0.45193740471221799       -3.1672342873942445E-002
  0.45821431311099881       -2.1024534605620100E-002
  0.46449122150977962       -8.5909944994144380E-003
  0.47076812990856043        4.5683243295895470E-003
  0.47704503830734124        1.7346102331753144E-002
  0.48332194670612205        2.8681440776091173E-002
  0.48959885510490281        3.7647329634129610E-002
  0.49587576350368362        4.3524626639165793E-002
  0.50215267190246449        4.5856780776288547E-002
  0.50842958030124530        4.4481390267163717E-002
  0.51470648870002611        3.9536822144523982E-002
  0.52098339709880681        3.1444271456359051E-002
  0.52726030549758762        2.0867644541669318E-002
  0.53353721389636843        8.6553551902333152E-003
  0.53981412229514925       -4.2306017635331010E-003
  0.54609103069393006       -1.6792168381575073E-002
  0.55236793909271087       -2.8072974828494968E-002
  0.55864484749149168       -3.7230262783268825E-002
  0.56492175589027249       -4.3595681342655589E-002
  0.57119866428905330       -4.6720790629969193E-002
  0.57747557268783412       -4.6404498742586418E-002
  0.58375248108661493       -4.2701179893898066E-002
  0.59002938948539574       -3.5909746871604434E-002
  0.59630629788417655       -2.6545342916996159E-002
  0.60258320628295736       -1.5296496073858256E-002
  0.60886011468173817       -2.9714906254137978E-003
  0.61513702308051899        9.5617156928647536E-003
  0.62141393147929980        2.1437477674331833E-002
  0.62769083987808061        3.1851921806246089E-002
  0.63396774827686131        4.0115876244906749E-002
  0.64024465667564212        4.5697952976479217E-002
  0.64652156507442293        4.8255332014282379E-002
  0.65279847347320374        4.7650779330967029E-002
  0.65907538187198456        4.3955443664488281E-002
  0.66535229027076537        3.7437955455032923E-002
  0.67162919866954618        2.8541217289667145E-002
  0.67790610706832699        1.7848989936662910E-002
  0.68418301546710780        6.0449769305252086E-003
  0.69045992386588861       -6.1325624056217136E-003
  0.69673683226466943       -1.7937599249968565E-002
  0.70301374066345024       -2.8661583556318159E-002
  0.70929064906223105       -3.7674523509556447E-002
  0.71556755746101186       -4.4459704127754858E-002
  0.72184446585979267       -4.8640388703521643E-002
  0.72812137425857348       -4.9997426650779164E-002
  0.73439828265735430       -4.8477285340445160E-002
  0.74067519105613511       -4.4190581910580326E-002
  0.74695209945491581       -3.7401702119644845E-002
  0.75322900785369662       -2.8510512175741132E-002
  0.75950591625247743       -1.8027553250680266E-002
  0.76578282465125824       -6.5443134919475716E-003
  0.77205973305003905        5.3002139504617091E-003
  0.77833664144881987        1.6855256589770558E-002
  0.78461354984760068        2.7494392268282979E-002
  0.79089045824638149        3.6650051156401055E-002
  0.79716736664516230        4.3844346081693006E-002
  0.80344427504394311        4.8714327405008667E-002
  0.80972118344272392        5.1030037606118864E-002
  0.81599809184150474        5.0704180448163702E-002
  0.82227500024028555        4.7792762416132208E-002
  0.82855190863906636        4.2486713154167022E-002
  0.83482881703784717        3.5095137391318088E-002
  0.84110572543662798        2.6021502138781304E-002
  0.84738263383540879        1.5734389033637958E-002
  0.85365954223418961        4.7350958292725603E-003
  0.85993645063297042       -6.4733855126584694E-003
  0.86621335903175112       -1.7412559448600110E-002
  0.87249026743053193       -2.7648191459905901E-002
  0.87876717582931274       -3.6803134685317852E-002
  0.88504408422809355       -4.4563632018182898E-002
  0.89132099262687436       -5.0680201517413009E-002
  0.89759790102565518       -5.4964713760533940E-002
  0.90387480942443599       -5.7285502435632532E-002
  0.91015171782321680       -5.7562432510203751E-002
  0.91642862622199761       -5.5763707545172882E-002
  0.92270553462077842       -5.1906001451529897E-002
  0.92898244301955923       -4.6059094411000472E-002
  0.93525935141834005       -3.8356614883308160E-002
  0.94153625981712086       -2.9013819123614018E-002
  0.94781316821590167       -1.8346192667086630E-002
  0.95409007661468248       -6.7825696870583542E-003
  0.96036698501346329        5.1319768590267524E-003
  0.96664389341224410        1.6747802046824849E-002
  0.97292080181102492        2.7340088766193343E-002
  0.97919771020980562        3.6157141527225017E-002
  0.98547461860858643        4.2485779213611102E-002
  0.99175152700736724        4.5728530514031814E-002
  0.99802843540614805        4.5483748384108520E-002
   1.0043053438049290        4.1616954587933359E-002
   1.0105822522037098        3.4310457311240834E-002
   1.0168591606024906        2.4079343135580897E-002
   1.0231360690012714        1.1745268363676271E-002
   1.0294129774000522       -1.6328583903997174E-003
   1.0356898857988328       -1.4860937419054327E-002
   1.0419667941976136       -2.6730627540772066E-002
   1.0482437025963944       -3.6144032594266254E-002
   1.0545206109951752       -4.2226854244749937E-002
   1.0607975193939561       -4.4416854382197883E-002
   1.0670744277927369       -4.2518232532540619E-002
   1.0733513361915177       -3.6717288859925805E-002
   1.0796282445902985       -2.7559626585236804E-002
   1.0859051529890793       -1.5893460581858976E-002
   1.0921820613878601       -2.7867848017906994E-003
   1.0984589697866409        1.0572044722078709E-002
   1.1047358781854217        2.2980335959557480E-002
   1.1110127865842025        3.3324858196893209E-002
   1.1172896949829834        4.0676889352579661E-002
   1.1235666033817642        4.4372286142825297E-002
   1.1298435117805450        4.4070281022915533E-002
   1.1361204201793258        3.9785858740820398E-002
   1.1423973285781066        3.1892317762195151E-002
   1.1486742369768874        2.1092792837503985E-002
   1.1549511453756682        8.3620080647056720E-003
   1.1612280537744490       -5.1378310669649334E-003
   1.1675049621732299       -1.8160539851722030E-002
   1.1737818705720107       -2.9490172768281267E-002
   1.1800587789707915       -3.8055695441180294E-002
   1.1863356873695723       -4.3035139770089381E-002
   1.1926125957683531       -4.3938614689481313E-002
   1.1988895041671339       -4.0660889624436355E-002
   1.2051664125659147       -3.3497032595220667E-002
   1.2114433209646955       -2.3118905924335076E-002
   1.2177202293634763       -1.0514254063053311E-002
   1.2239971377622572        3.1061538904769291E-003
   1.2302740461610380        1.6424554572980504E-002
   1.2365509545598188        2.8144171897807151E-002
   1.2428278629585996        3.7116583527999715E-002
   1.2491047713573804        4.2455821569800524E-002
   1.2553816797561612        4.3627741007710497E-002
   1.2616585881549420        4.0505532080611376E-002
   1.2679354965537226        3.3385521594233199E-002
   1.2742124049525034        2.2961280941190366E-002
   1.2804893133512842        1.0258159880423100E-002
   1.2867662217500651       -3.4657175982040372E-003
   1.2930431301488459       -1.6842705516112052E-002
   1.2993200385476267       -2.8531372192326258E-002
   1.3055969469464075       -3.7351389438159223E-002
   1.3118738553451883       -4.2404014881511756E-002
   1.3181507637439691       -4.3165760354731797E-002
   1.3244276721427499       -3.9545276763029304E-002
   1.3307045805415307       -3.1897006379332779E-002
   1.3369814889403115       -2.0989432025275954E-002
   1.3432583973390924       -7.9303736717016033E-003
   1.3495353057378732        5.9437213846391685E-003
   1.3558122141366540        1.9203653102285289E-002
   1.3620891225354348        3.0474800059270651E-002
   1.3683660309342156        3.8580697084860005E-002
   1.3746429393329964        4.2667696739188292E-002
   1.3809198477317772        4.2297248572352682E-002
   1.3871967561305580        3.7495576070995053E-002
   1.3934736645293389        2.8754891513980883E-002
   1.3997505729281197        1.6985345112341999E-002
   1.4060274813269005        3.4221441005746075E-003
   1.4123043897256813       -1.0502864870335736E-002
   1.4185812981244621       -2.3311909421754359E-002
   1.4248582065232429       -3.3638468914633936E-002
   1.4311351149220237       -4.0374151751918524E-002
   1.4374120233208045       -4.2789369945293490E-002
   1.4436889317195853       -4.0614501690329041E-002
   1.4499658401183662       -3.4072308858653096E-002
   1.4562427485171470       -2.3857520250112275E-002
   1.4625196569159278       -1.1065162534171436E-002
   1.4687965653147086        2.9252097697479345E-003
   1.4750734737134894        1.6597339961936554E-002
   1.4813503821122702        2.8462420325805021E-002
   1.4876272905110510        3.7221818905656304E-002
   1.4939041989098316        4.1910530316547227E-002
   1.5001811073086124        4.2005361077143005E-002
   1.5064580157073932        3.7485519382344207E-002
   1.5127349241061741        2.8838364228844001E-002
   1.5190118325049549        1.7009042391635931E-002
   1.5252887409037357        3.2989545503184729E-003
   1.5315656493025165       -1.0776244762488126E-002
   1.5378425577012973       -2.3653749026639831E-002
   1.5441194661000781       -3.3897425417900043E-002
   1.5503963744988589       -4.0358987792420947E-002
   1.5566732828976397       -4.2308307214932277E-002
   1.5629501912964205       -3.9517890154289678E-002
   1.5692270996952014       -3.2291532698321287E-002
   1.5755040080939822       -2.1433341728707398E-002
   1.5817809164927630       -8.1600182998059368E-003
   1.5880578248915438        6.0342299337292132E-003
   1.5943347332903246        1.9545284294277480E-002
   1.6006116416891054        3.0840478667840752E-002
   1.6068885500878862        3.8633203313050056E-002
   1.6131654584866670        4.2030759762249098E-002
   1.6194423668854478        4.0638316878012191E-002
   1.6257192752842287        3.4606665000246041E-002
   1.6319961836830095        2.4617790137354378E-002
   1.6382730920817903        1.1809383789000488E-002
   1.6445500004805711       -2.3535404451930459E-003
   1.6508269088793519       -1.6245561423431098E-002
   1.6571038172781327       -2.8267337900787656E-002
   1.6633807256769135       -3.7030261299785441E-002
   1.6696576340756943       -4.1517876795533239E-002
   1.6759345424744752       -4.1205176189859027E-002
   1.6822114508732560       -3.6121594566103629E-002
   1.6884883592720368       -2.6849973578445648E-002
   1.6947652676708176       -1.4461154183233880E-002
   1.7010421760695984       -3.9137492040435619E-004
   1.7073190844683792        1.3723602300013956E-002
   1.7135959928671600        2.6238539030133574E-002
   1.7198729012659408        3.5690856465037578E-002
   1.7261498096647214        4.0972363144126542E-002
   1.7324267180635022        4.1460302472530783E-002
   1.7387036264622830        3.7092079736081578E-002
   1.7449805348610639        2.8374545867723335E-002
   1.7512574432598447        1.6326364994768704E-002
   1.7575343516586255        2.3598795600422193E-003
   1.7638112600574063       -1.1883922680740604E-002
   1.7700881684561871       -2.4728100640299813E-002
   1.7763650768549679       -3.4657476085100981E-002
   1.7826419852537487       -4.0498005369419408E-002
   1.7889188936525295       -4.1556475647196625E-002
   1.7951958020513104       -3.7703782412813802E-002
   1.8014727104500912       -2.9391656360292728E-002
   1.8077496188488720       -1.7600566882406334E-002
   1.8140265272476528       -3.7247091017065682E-003
   1.8203034356464336        1.0592492530058622E-002
   1.8265803440452144        2.3652974005534594E-002
   1.8328572524439952        3.3905655357289982E-002
   1.8391341608427760        4.0131105556641671E-002
   1.8454110692415568        4.1587187375117830E-002
   1.8516879776403377        3.8098198850673282E-002
   1.8579648860391185        3.0076716896695981E-002
   1.8642417944378993        1.8475355377333094E-002
   1.8705187028366801        4.6740200336715249E-003
   1.8767956112354609       -9.6840272478477540E-003
   1.8830725196342417       -2.2887822132364302E-002
   1.8893494280330225       -3.3362751822604120E-002
   1.8956263364318033       -3.9858631469435163E-002
   1.9019032448305841       -4.1599285534207553E-002
   1.9081801532293650       -3.8375677629738002E-002
   1.9144570616281458       -3.0571358023429682E-002
   1.9207339700269266       -1.9117087312438014E-002
   1.9270108784257074       -5.3799775562784766E-003
   1.9332877868244882        8.9996510246115758E-003
   1.9395646952232690        2.2304214583363801E-002
   1.9458416036220498        3.2944173793760939E-002
   1.9521185120208304        3.9648123179524139E-002
   1.9583954204196112        4.1614885584667964E-002
   1.9646723288183920        3.8609378858532384E-002
   1.9709492372171729        3.0990757600274945E-002
   1.9772261456159537        1.9669451902582180E-002
   1.9835030540147345        5.9982514713351103E-003
   1.9897799624135153       -8.3895091562184495E-003
   1.9960568708122961       -2.1775270829276151E-002
   2.0023337792110771       -3.2560673928898110E-002
   2.0086106876098579       -3.9458488570573803E-002
   2.0148875960086388       -4.1646210467982892E-002
   2.0211645044074196       -3.8863978650555416E-002
   2.0274414128062004       -3.1445163218328465E-002
   2.0337183212049812       -2.0276050917229362E-002
   2.0399952296037620       -6.6895505621122984E-003
   2.0462721380025428        7.6942720863406883E-003
   2.0525490464013236        2.1161684953974164E-002
   2.0588259548001044        3.2109634108882290E-002
   2.0651028631988853        3.9236528803589348E-002
   2.0713797715976656        4.1696736760043589E-002
   2.0776566799964464        3.9200457131977139E-002
   2.0839335883952272        3.2047219497066418E-002
   2.0902104967940081        2.1089213811807974E-002
   2.0964874051927889        7.6290313934680937E-003
   2.1027643135915697       -6.7358109621111729E-003
   2.1090412219903505       -2.0302910249479965E-002
   2.1153181303891313       -3.1466897048137377E-002
   2.1215950387879121       -3.8909242731573195E-002
   2.1278719471866929       -4.1753509670831128E-002
   2.1341488555854737       -3.9667805172445621E-002
   2.1404257639842545       -3.2902544537230516E-002
   2.1467026723830354       -2.2259344637337780E-002
   2.1529795807818162       -8.9950323827620859E-003
   2.1592564891805970        5.3276086478809244E-003
   2.1655333975793778        1.9024518680448167E-002
   2.1718103059781586        3.0488566340600352E-002
   2.1780872143769394        3.8377907629565666E-002
   2.1843641227757202        4.1772427194223985E-002
   2.1906410311745010        4.0280076585541440E-002
   2.1969179395732819        3.4080920775733263E-002
   2.2031948479720627        2.3904087427590932E-002
   2.2094717563708435        1.0940703699505457E-002
   2.2157486647696243       -3.2966285127110097E-003
   2.2220255731684051       -1.7151097841662372E-002
   2.2283024815671859       -2.9014805130789075E-002
   2.2345793899659667       -3.7515169293618408E-002
   2.2408562983647475       -4.1673004402183030E-002
   2.2471332067635283       -4.1014120484223301E-002
   2.2534101151623092       -3.5621850308499459E-002
   2.2596870235610900       -2.6124871264690687E-002
   2.2659639319598708       -1.3622229257969716E-002
   2.2722408403586516        4.4529518722982503E-004
   2.2785177487574324        1.4462241495397023E-002
   2.2847946571562132        2.6824437673056228E-002
   2.2910715655549940        3.6122402039970691E-002
   2.2973484739537748        4.1301214136718604E-002
   2.3036253823525557        4.1778804732241034E-002
   2.3099022907513365        3.7509557362449875E-002
   2.3161791991501173        2.8986489581724350E-002
   2.3224561075488981        1.7182341914387046E-002
   2.3287330159476789        3.4368315176611583E-003
   2.3350099243464597       -1.0696660746599179E-002
   2.3412868327452405       -2.3627277246217784E-002
   2.3475637411440213       -3.3905681638143378E-002
   2.3538406495428021       -4.0385724800499456E-002
   2.3601175579415830       -4.2350824221731746E-002
   2.3663944663403638       -3.9591277103459430E-002
   2.3726713747391446       -3.2424386330486284E-002
   2.3789482831379254       -2.1655763478472520E-002
   2.3852251915367062       -8.4867449614008245E-003
   2.3915020999354870        5.6212182815174776E-003
   2.3977790083342678        1.9109709376800926E-002
   2.4040559167330486        3.0495704354254343E-002
   2.4103328251318294        3.8534044941260281E-002
   2.4166097335306103        4.2352280015503209E-002
   2.4228866419293911        4.1543413370075048E-002
   2.4291635503281719        3.6206913730166650E-002
   2.4354404587269527        2.6934138643120102E-002
   2.4417173671257335        1.4740442164897088E-002
   2.4479942755245143        9.5200281342424807E-004
   2.4542711839232951       -1.2939799179375742E-002
   2.4605480923220759       -2.5440309481954478E-002
   2.4668250007208568       -3.5212175786902535E-002
   2.4731019091196376       -4.1217338214754692E-002
   2.4793788175184184       -4.2825469340313185E-002
   2.4856557259171992       -3.9877732847166142E-002
   2.4919326343159800       -3.2699683010523714E-002
   2.4982095427147608       -2.2062645155082872E-002
   2.5044864511135416       -9.0983985426446607E-003
   2.5107633595123224        4.8231548120298961E-003
   2.5170402679111032        1.8239909849336711E-002
   2.5233171763098841        2.9751395059763427E-002
   2.5295940847086644        3.8164304781853946E-002
   2.5358709931074452        4.2614668838590594E-002
   2.5421479015062260        4.2654313395877941E-002
   2.5484248099050069        3.8293207763625117E-002
   2.5547017183037877        2.9994019783964439E-002
   2.5609786267025685        1.8620207011208957E-002
   2.5672555351013493        5.3437264175990968E-003
   2.5735324435001301       -8.4775320995106960E-003
   2.5798093518989109       -2.1439588817176086E-002
   2.5860862602976917       -3.2234994749943340E-002
   2.5923631686964725       -3.9783743052311929E-002
   2.5986400770952534       -4.3339467471468426E-002
   2.6049169854940342       -4.2560681315265560E-002
   2.6111938938928150       -3.7540531176985657E-002
   2.6174708022915958       -2.8792828662149373E-002
   2.6237477106903766       -1.7196531542578629E-002
   2.6300246190891574       -3.9049289388724318E-003
   2.6363015274879382        9.7708552194513878E-003
   2.6425784358867190        2.2492102903436322E-002
   2.6488553442854998        3.3023463309726643E-002
   2.6551322526842807        4.0351833190197903E-002
   2.6614091610830615        4.3781824850384135E-002
   2.6676860694818423        4.2999027248037093E-002
   2.6739629778806231        3.8095589762320366E-002
   2.6802398862794039        2.9556421994195073E-002
   2.6865167946781847        1.8208128061635347E-002
   2.6927937030769655        5.1363056630588811E-003
   2.6990706114757463       -8.4202820275167036E-003
   2.7053475198745272       -2.1188167863745413E-002
   2.7116244282733080       -3.1978850120824319E-002
   2.7179013366720888       -3.9798421350003589E-002
   2.7241782450708696       -4.3937139786290449E-002
   2.7304551534696504       -4.4031062011608578E-002
   2.7367320618684312       -4.0090662688080911E-002
   2.7430089702672120       -3.2494561029749465E-002
   2.7492858786659928       -2.1949741460356741E-002
   2.7555627870647736       -9.4226928528122807E-003
   2.7618396954635545        3.9515778800632735E-003
   2.7681166038623353        1.6973883691460964E-002
   2.7743935122611161        2.8488784795265683E-002
   2.7806704206598969        3.7486304672687862E-002
   2.7869473290586777        4.3188569826937112E-002
   2.7932242374574585        4.5114178199844687E-002
   2.7995011458562393        4.3115319317361768E-002
   2.8057780542550201        3.7385220798981184E-002
   2.8120549626538009        2.8436141653143805E-002
   2.8183318710525818        1.7050635355601598E-002
   2.8246087794513626        4.2109643477061618E-003
   2.8308856878501434       -8.9868055078400847E-003
   2.8371625962489242       -2.1426466276977557E-002
   2.8434395046477050       -3.2065156219259532E-002
   2.8497164130464858       -4.0019034570578975E-002
   2.8559933214452666       -4.4634490726534401E-002
   2.8622702298440474       -4.5539705041314847E-002
   2.8685471382428283       -4.2672629250917117E-002
   2.8748240466416091       -3.6283205405956073E-002
   2.8811009550403899       -2.6909772112557958E-002
   2.8873778634391707       -1.5331751521496019E-002
   2.8936547718379515       -2.5027239203815948E-003
   2.8999316802367323        1.0530316330125439E-002
   2.9062085886355131        2.2714518896025774E-002
   2.9124854970342939        3.3077956197740711E-002
   2.9187624054330747        4.0808118075118083E-002
   2.9250393138318556        4.5315415891940151E-002
   2.9313162222306364        4.6276408622279247E-002
   2.9375931306294172        4.3653360452460252E-002
   2.9438700390281980        3.7688572917786309E-002
   2.9501469474269788        2.8874653869506866E-002
   2.9564238558257596        1.7906037672742278E-002
   2.9627007642245404        5.6181037548459290E-003
   2.9689776726233212       -7.0797784237697598E-003
   2.9752545810221021       -1.9271396100614228E-002
   2.9815314894208829       -3.0096176662764998E-002
   2.9878083978196632       -3.8803461602531925E-002
   2.9940853062184440       -4.4796421502110204E-002
   3.0003622146172249       -4.7664705635314920E-002
   3.0066391230160057       -4.7205884752666898E-002
   3.0129160314147865       -4.3436323883149462E-002
   3.0191929398135673       -3.6592293205724387E-002
   3.0254698482123481       -2.7122017152072561E-002
   3.0317467566111289       -1.5669265628967532E-002
   3.0380236650099097       -3.0466870936232174E-003
   3.0443005734086905        9.8055711646860885E-003
   3.0505774818074713        2.1877837661040130E-002
   3.0568543902062522        3.2164594392570849E-002
   3.0631312986050330        3.9750177077451439E-002
   3.0694082070038138        4.3899717909170050E-002
   3.0756851154025946        4.4145750888896308E-002
   3.0819620238013754        4.0358963708755358E-002
   3.0882389322001562        3.2791167078403148E-002
   3.0945158405989370        2.2080135287130345E-002
   3.1007927489977178        9.2097458709978052E-003
   3.1070696573964987       -4.5754035821608252E-003
   3.1133465657952795       -1.7894703387361887E-002
   3.1196234741940603       -2.9381570371071496E-002
   3.1259003825928411       -3.7837998971979731E-002
   3.1321772909916219       -4.2372294258212456E-002
   3.1384541993904027       -4.2502146098417119E-002
   3.1447311077891835       -3.8210259609488123E-002
   3.1510080161879643       -2.9946294395607444E-002
   3.1572849245867451       -1.8575958577410328E-002
   3.1635618329855260       -5.2846702114145248E-003
   3.1698387413843068        8.5516609803829614E-003
   3.1761156497830876        2.1513040696729033E-002
   3.1823925581818684        3.2282368447894304E-002
   3.1886694665806492        3.9777513476679974E-002
   3.1949463749794300        4.3255791339296912E-002
   3.2012232833782108        4.2382099784260795E-002
   3.2075001917769916        3.7256700901716025E-002
   3.2137771001757724        2.8401758831617181E-002
   3.2200540085745533        1.6707831085385125E-002
   3.2263309169733341        3.3452539662814054E-003
   3.2326078253721149       -1.0351307353162217E-002
   3.2388847337708957       -2.3014347749150121E-002
   3.2451616421696765       -3.3378593379020889E-002
   3.2514385505684573       -4.0406642832212347E-002
   3.2577154589672381       -4.3392806944253834E-002
   3.2639923673660189       -4.2034638337751618E-002
   3.2702692757647998       -3.6464607400854748E-002
   3.2765461841635806       -2.7238218362370652E-002
   3.2828230925623614       -1.5279220906383976E-002
   3.2891000009611422       -1.7870116603823231E-003
   3.2953769093599230        1.1884561875011071E-002
   3.3016538177587038        2.4364314208248885E-002
   3.3079307261574846        3.4402365133230077E-002
   3.3142076345562654        4.0996007788778120E-002
   3.3204845429550462        4.3489958767615272E-002
   3.3267614513538271        4.1640915778980755E-002
   3.3330383597526079        3.5640134197359792E-002
   3.3393152681513887        2.6092114666478913E-002
   3.3455921765501695        1.3951998270938400E-002
   3.3518690849489503        4.2842104756825100E-004
   3.3581459933477311       -1.3138034830344522E-002
   3.3644229017465119       -2.5408368342401032E-002
   3.3706998101452927       -3.5177252223372167E-002
   3.3769767185440736       -4.1490665733864000E-002
   3.3832536269428544       -4.3737748136449782E-002
   3.3895305353416352       -4.1708223487453962E-002
   3.3958074437404160       -3.5610147999574612E-002
   3.4020843521391968       -2.6046678276005156E-002
   3.4083612605379776       -1.3954584054758344E-002
   3.4146381689367584       -5.1092677439140081E-004
   3.4209150773355392        1.2982656246260823E-002
   3.4271919857343200        2.5226569929988417E-002
   3.4334688941331009        3.5048388630759139E-002
   3.4397458025318817        4.1514419256854840E-002
   3.4460227109306620        4.4017116992013626E-002
   3.4522996193294428        4.2330264049446314E-002
   3.4585765277282237        3.6627059131909445E-002
   3.4648534361270045        2.7459912429729547E-002
   3.4711303445257853        1.5704441019152568E-002
   3.4774072529245661        2.4735850528949345E-003
   3.4836841613233469       -1.0989484966051576E-002
   3.4899610697221277       -2.3429168676991057E-002
   3.4962379781209085       -3.3694652803898564E-002
   3.5025148865196893       -4.0845557465484926E-002
   3.5087917949184702       -4.4236364188209150E-002
   3.5150687033172510       -4.3572193434324648E-002
   3.5213456117160318       -3.8931353377151465E-002
   3.5276225201148126       -3.0753283421838189E-002
   3.5338994285135934       -1.9793752522362366E-002
   3.5401763369123742       -7.0521386617489693E-003
   3.5464532453111550        6.3219556079486296E-003
   3.5527301537099358        1.9133813688303615E-002
   3.5590070621087166        3.0250698586301864E-002
   3.5652839705074975        3.8701292189484676E-002
   3.5715608789062783        4.3758803383509674E-002
   3.5778377873050591        4.5000782857359929E-002
   3.5841146957038399        4.2340967294808067E-002
   3.5903916041026207        3.6031099789461167E-002
   3.5966685125014015        2.6633386782135032E-002
   3.6029454209001823        1.4966807909002228E-002
   3.6092223292989631        2.0326715877866676E-003
   3.6154992376977440       -1.1073571159034411E-002
   3.6217761460965248       -2.3256299473013043E-002
   3.6280530544953056       -3.3511313577836828E-002
   3.6343299628940864       -4.1007378604646177E-002
   3.6406068712928672       -4.5151190540813943E-002
   3.6468837796916480       -4.5630874555484043E-002
   3.6531606880904288       -4.2435159142483220E-002
   3.6594375964892096       -3.5847537206226424E-002
   3.6657145048879904       -2.6416823424558054E-002
   3.6719914132867713       -1.4907391446562371E-002
   3.6782683216855521       -2.2338772516697350E-003
   3.6845452300843329        1.0613836694275770E-002
   3.6908221384831137        2.2649044364748332E-002
   3.6970990468818945        3.2963773674158516E-002
   3.7033759552806753        4.0795745243923751E-002
   3.7096528636794561        4.5581960290373306E-002
   3.7159297720782369        4.6995423989373487E-002
   3.7222066804770177        4.4962982462081212E-002
   3.7284835888757986        3.9663791630355175E-002
   3.7347604972745794        3.1509412083974932E-002
   3.7410374056733602        2.1107811931485608E-002
   3.7473143140721410        9.2146156900909798E-003
   3.7535912224709218       -3.3243150041511542E-003
   3.7598681308697026       -1.5634485220893800E-002
   3.7661450392684834       -2.6874023190862639E-002
   3.7724219476672642       -3.6290337813492904E-002
   3.7786988560660451       -4.3268488695104086E-002
   3.7849757644648259       -4.7368365830490540E-002
   3.7912526728636067       -4.8348710413384885E-002
   3.7975295812623875       -4.6177015957374098E-002
   3.8038064896611683       -4.1025352714681898E-002
   3.8100833980599491       -3.3253089889003121E-002
   3.8163603064587299       -2.3378280724058276E-002
   3.8226372148575107       -1.2040129617246261E-002
   3.8289141232562915        4.4545337869760938E-005
   3.8351910316550724        1.2127778804591033E-002
   3.8414679400538532        2.3476827551211908E-002
   3.8477448484526340        3.3417638369543277E-002
   3.8540217568514148        4.1372989386005872E-002
   3.8602986652501956        4.6893371237976170E-002
   3.8665755736489764        4.9679238785534173E-002
   3.8728524820477572        4.9593854781884210E-002
   3.8791293904465380        4.6666528445453728E-002
   3.8854062988453189        4.1086588559281538E-002
   3.8916832072440997        3.3188898015327824E-002
   3.8979601156428805        2.3432111422911874E-002
   3.9042370240416608        1.2371222326015690E-002
   3.9105139324404417        6.2583846559885058E-004
   3.9167908408392225       -1.1154616929926042E-002
   3.9230677492380033       -2.2327083072641949E-002
   3.9293446576367841       -3.2290434441657676E-002
   3.9356215660355649       -4.0518397609888186E-002
   3.9418984744343457       -4.6587817416120038E-002
   3.9481753828331265       -5.0200490618938866E-002
   3.9544522912319073       -5.1197143912631166E-002
   3.9607291996306881       -4.9562630276717451E-002
   3.9670061080294690       -4.5422018264638403E-002
   3.9732830164282498       -3.9027903120760973E-002
   3.9795599248270306       -3.0739935590176411E-002
   3.9858368332258114       -2.0998076600860859E-002
   3.9921137416245922       -1.0291345639777983E-002
   3.9983906500233730        8.7447715489719622E-004
   4.0046675584221543        1.2005750223949707E-002
   4.0109444668209351        2.2644069121273012E-002
   4.0172213752197159        3.2382566852854754E-002
   4.0234982836184967        4.0875376832551880E-002
   4.0297751920172775        4.7841052046552153E-002
   4.0360521004160583        5.3061325128817373E-002
   4.0423290088148391        5.6376962895623765E-002
   4.0486059172136200        5.7682620263023822E-002
   4.0548828256124008        5.6922563601280465E-002
   4.0611597340111816        5.4088969936450931E-002
   4.0674366424099624        4.9224156785875224E-002
   4.0737135508087432        4.2428004607505516E-002
   4.0799904592075240        3.3872510317864875E-002
   4.0862673676063048        2.3820944300083007E-002
   4.0925442760050856        1.2644361201424262E-002
   4.0988211844038664        8.3016826847276696E-004
   4.1050980928026473       -1.1021768607263718E-002
   4.1113750012014281       -2.2219366411082572E-002
   4.1176519096002089       -3.2017191161083286E-002
   4.1239288179989897       -3.9673735032496896E-002
   4.1302057263977705       -4.4523603166801658E-002
   4.1364826347965504       -4.6057479601996590E-002
   4.1427595431953312       -4.3999445571642051E-002
   4.1490364515941121       -3.8369065726885351E-002
   4.1553133599928929       -2.9515536807184845E-002
   4.1615902683916737       -1.8113334622597021E-002
   4.1678671767904545       -5.1137524365742334E-003
   4.1741440851892353        8.3424288482218077E-003
   4.1804209935880161        2.1038273813659816E-002
   4.1866979019867969        3.1805459747266292E-002
   4.1929748103855777        3.9645021035294735E-002
   4.1992517187843585        4.3829598246321273E-002
   4.2055286271831394        4.3975747399296120E-002
   4.2118055355819202        4.0079227952110531E-002
   4.2180824439807010        3.2511112697697929E-002
   4.2243593523794818        2.1977242839015431E-002
   4.2306362607782626        9.4473499197877519E-003
   4.2369131691770434       -3.9373216816652404E-003
   4.2431900775758242       -1.6967952900517405E-002
   4.2494669859746050       -2.8474024076378130E-002
   4.2557438943733858       -3.7423463989185328E-002
   4.2620208027721667       -4.3011026834152706E-002
   4.2682977111709475       -4.4728461807002656E-002
   4.2745746195697283       -4.2410642084618588E-002
   4.2808515279685091       -3.6253331949162845E-002
   4.2871284363672899       -2.6800230766807029E-002
   4.2934053447660707       -1.4899288273805414E-002
   4.2996822531648515       -1.6308736132025592E-003
   4.3059591615636323        1.1786987535353195E-002
   4.3122360699624132        2.4108674338830127E-002
   4.3185129783611940        3.4176766344016715E-002
   4.3247898867599748        4.1032830532747408E-002
   4.3310667951587556        4.4012271466272949E-002
   4.3373437035575364        4.2813165588125798E-002
   4.3436206119563172        3.7530920708495064E-002
   4.3498975203550980        2.8654364211706768E-002
   4.3561744287538788        1.7023079971390385E-002
   4.3624513371526596        3.7496179509236270E-003
   4.3687282455514405       -9.8862226395296585E-003
   4.3750051539502213       -2.2560914211445217E-002
   4.3812820623490021       -3.3036480710882388E-002
   4.3875589707477829       -4.0282767307161196E-002
   4.3938358791465637       -4.3580486330735677E-002
   4.4001127875453445       -4.2594611964846908E-002
   4.4063896959441253       -3.7410536373060493E-002
   4.4126666043429061       -2.8529016670252798E-002
   4.4189435127416870       -1.6819976434407056E-002
   4.4252204211404678       -3.4392911180073033E-003
   4.4314973295392486        1.0283669949840164E-002
   4.4377742379380294        2.2977135075209591E-002
   4.4440511463368102        3.3363956225578285E-002
   4.4503280547355910        4.0390948800088283E-002
   4.4566049631343718        4.3337393647314482E-002
   4.4628818715331526        4.1891361569206524E-002
   4.4691587799319334        3.6185533726489215E-002
   4.4754356883307143        2.6788137467691358E-002
   4.4817125967294951        1.4649123405048392E-002
   4.4879895051282759        1.0063278474314297E-003
   4.4942664135270567       -1.2739382139952800E-002
   4.5005433219258375       -2.5167553576059432E-002
   4.5068202303246183       -3.4985537509888254E-002
   4.5130971387233991       -4.1164437500824817E-002
   4.5193740471221799       -4.3049091102004777E-002
   4.5256509555209607       -4.0430074410729377E-002
   4.5319278639197416       -3.3569575126059958E-002
   4.5382047723185224       -2.3177745248310150E-002
   4.5444816807173032       -1.0341361908681970E-002
   4.5507585891160840        3.5882570946226332E-003
   4.5570354975148648        1.7136671737033524E-002
   4.5633124059136456        2.8862343604876894E-002
   4.5695893143124264        3.7510746803477289E-002
   4.5758662227112072        4.2150007897225276E-002
   4.5821431311099881        4.2273263734156720E-002
   4.5884200395087689        3.7856303284377640E-002
   4.5946969479075497        2.9363730074220613E-002
   4.6009738563063305        1.7702363606317086E-002
   4.6072507647051113        4.1262987088807124E-003
   4.6135276731038921       -9.8966626073178979E-003
   4.6198045815026729       -2.2843134648959575E-002
   4.6260814899014537       -3.3299858183290364E-002
   4.6323583983002345       -4.0118949105603867E-002
   4.6386353066990154       -4.2545524933997853E-002
   4.6449122150977962       -4.0303343540743462E-002
   4.6511891234965770       -3.3628518539403282E-002
   4.6574660318953578       -2.3246980738218678E-002
   4.6637429402941386       -1.0297533586913668E-002
   4.6700198486929194        3.7915756124958701E-003
   4.6762967570917002        1.7459358992759758E-002
   4.6825736654904810        2.9184961228557373E-002
   4.6888505738892619        3.7657558574193561E-002
   4.6951274822880427        4.1924219841343840E-002
   4.7014043906868235        4.1498896128998042E-002
   4.7076812990856043        3.6419870432285603E-002
   4.7139582074843851        2.7248656227710111E-002
   4.7202351158831659        1.5009869307649092E-002
   4.7265120242819467        1.0782807020285074E-003
   4.7327889326807275       -1.2974669053983333E-002
   4.7390658410795083       -2.5557856249361247E-002
   4.7453427494782892       -3.5241045163841488E-002
   4.7516196578770700       -4.0918490104105150E-002
   4.7578965662758508       -4.1936723510240019E-002
   4.7641734746746316       -3.8171580743804778E-002
   4.7704503830734124       -3.0045177255312069E-002
   4.7767272914721932       -1.8480359902241717E-002
   4.7830041998709740       -4.7973327539130410E-003
   4.7892811082697548        9.4361187133255482E-003
   4.7955580166685357        2.2583906263806287E-002
   4.8018349250673165        3.3129943330409292E-002
   4.8081118334660973        3.9853756702952457E-002
   4.8143887418648781        4.1972957204606143E-002
   4.8206656502636589        3.9235785778687700E-002
   4.8269425586624397        3.1952611466938986E-002
   4.8332194670612205        2.0962274639394100E-002
   4.8394963754600013        7.5367364188383482E-003
   4.8457732838587821       -6.7652677213630224E-003
   4.8520501922575630       -2.0278819089780173E-002
   4.8583271006563438       -3.1426755785654403E-002
   4.8646040090551246       -3.8904338007606988E-002
   4.8708809174539054       -4.1832931736293495E-002
   4.8771578258526862       -3.9864480136838958E-002
   4.8834347342514670       -3.3224188008733078E-002
   4.8897116426502478       -2.2686033665750661E-002
   4.8959885510490286       -9.4836077160062714E-003
   4.9022654594478094        4.8335685411596855E-003
   4.9085423678465903        1.8581581028096764E-002
   4.9148192762453711        3.0140267021267021E-002
   4.9210961846441519        3.8144616531699899E-002
   4.9273730930429327        4.1646740842224139E-002
   4.9336500014417135        4.0229078589326062E-002
   4.9399269098404943        3.4055192492898380E-002
   4.9462038182392751        2.3851853984562691E-002
   4.9524807266380559        1.0824253695468761E-002
   4.9587576350368368       -3.4858504308587150E-003
   4.9650345434356176       -1.7382389068976035E-002
   4.9713114518343984       -2.9216095806113316E-002
   4.9775883602331792       -3.7580595733032518E-002
   4.9838652686319600       -4.1480089019062465E-002
   4.9901421770307408       -4.0448552851829842E-002
   4.9964190854295216       -3.4606103477327226E-002
   5.0026959938283024       -2.4645619616626070E-002
   5.0089729022270832       -1.1751042139082438E-002
   5.0152498106258641        2.5430614417897325E-003
   5.0215267190246449        1.6534026772719545E-002
   5.0278036274234257        2.8553995607610922E-002
   5.0340805358222065        3.7168979287829355E-002
   5.0403574442209873        4.1350275631897825E-002
   5.0466343526197681        4.0597691411197630E-002
   5.0529112610185480        3.4999750823633387E-002
   5.0591881694173289        2.5223591367592130E-002
   5.0654650778161097        1.2435661783869748E-002
   5.0717419862148905       -1.8373678511753640E-003
   5.0780188946136713       -1.5890893782613345E-002
   5.0842958030124521       -2.8046074968113708E-002
   5.0905727114112329       -3.6850559835857548E-002
   5.0968496198100137       -4.1252200476186364E-002
   5.1031265282087945       -4.0724934537178827E-002
   5.1094034366075753       -3.5331741079201062E-002
   5.1156803450063562       -2.5717118194485817E-002
   5.1219572534051370       -1.3029981006583213E-002
   5.1282341618039178        1.2137779320164463E-003
   5.1345110702026986        1.5312592044556565E-002
   5.1407879786014794        2.7582661742566746E-002
   5.1470648870002602        3.6559164671975557E-002
   5.1533417953990410        4.1171152050469964E-002
   5.1596187037978218        4.0869223448428048E-002
   5.1658956121966026        3.5690753086906959E-002
   5.1721725205953835        2.6254940370643985E-002
   5.1784494289941643        1.3688371835174988E-002
   5.1847263373929451       -5.0990165003754169E-004
   5.1910032457917259       -1.4647548224902530E-002
   5.1972801541905067       -2.7040914847922461E-002
   5.2035570625892875       -3.6215606021175469E-002
   5.2098339709880683       -4.1081749282895957E-002
   5.2161108793868491       -4.1063102549284865E-002
   5.2223877877856300       -3.6164733649856680E-002
   5.2286646961844108       -2.6971384268592691E-002
   5.2349416045831916       -1.4576921315034692E-002
   5.2412185129819724       -4.5348573312885103E-004
   5.2474954213807532        1.3723907814112838E-002
   5.2537723297795340        2.6276334360282528E-002
   5.2600492381783148        3.5719790524748316E-002
   5.2663261465770956        4.0940323533776690E-002
   5.2726030549758764        4.1324808988644886E-002
   5.2788799633746573        3.6832086095165598E-002
   5.2851568717734381        2.7996297648424325E-002
   5.2914337801722189        1.5862342663777243E-002
   5.2977106885709997        1.8613702628906095E-003
   5.3039875969697805       -1.2358727146818353E-002
   5.3102645053685613       -2.5127650124276549E-002
   5.3165414137673421       -3.4948878189106268E-002
   5.3228183221661229       -4.0674642401547764E-002
   5.3290952305649038       -4.1639255608747767E-002
   5.3353721389636846       -3.7735389979353877E-002
   5.3416490473624654       -2.9424683810334511E-002
   5.3479259557612462       -1.7681812126792540E-002
   5.3542028641600270       -3.8789489957636379E-003
   5.3604797725588078        1.0375531195449213E-002
   5.3667566809575886        2.3425024424824380E-002
   5.3730335893563694        3.3757284023764038E-002
   5.3793104977551502        4.0179202110447711E-002
   5.3855874061539311        4.1953612497932655E-002
   5.3918643145527119        3.8882517626299601E-002
   5.3981412229514927        3.1327499139545280E-002
   5.4044181313502735        2.0165433419768664E-002
   5.4106950397490543        6.6851277871257612E-003
   5.4169719481478351       -7.5627443329024848E-003
   5.4232488565466159       -2.0944773891674807E-002
   5.4295257649453967       -3.1932212649653811E-002
   5.4358026733441775       -3.9275100877849724E-002
   5.4420795817429584       -4.2143336703601188E-002
   5.4483564901417392       -4.0218887364283452E-002
   5.4546333985405200       -3.3729087659838571E-002
   5.4609103069393008       -2.3417788692603709E-002
   5.4671872153380816       -1.0458216545668839E-002
   5.4734641237368624        3.6820359415666248E-003
   5.4797410321356432        1.7408170476382601E-002
   5.4860179405344240        2.9178343247014332E-002
   5.4922948489332049        3.7676428936878899E-002
   5.4985717573319857        4.1958068312421881E-002
   5.5048486657307665        4.1553910997225045E-002
   5.5111255741295473        3.6518955837311837E-002
   5.5174024825283281        2.7423052561417569E-002
   5.5236793909271089        1.5284250952352843E-002
   5.5299562993258897        1.4530202150376886E-003
   5.5362332077246705       -1.2539290058031283E-002
   5.5425101161234513       -2.5150592668253053E-002
   5.5487870245222322       -3.4997829644329313E-002
   5.5550639329210130       -4.1007683786263259E-002
   5.5613408413197938       -4.2531910017737082E-002
   5.5676177497185746       -3.9415073111110664E-002
   5.5738946581173554       -3.2007863002977636E-002
   5.5801715665161362       -2.1125200628261089E-002
   5.5864484749149170       -7.9543724170875827E-003
   5.5927253833136978        6.0762172259112004E-003
   5.5990022917124787        1.9452978382001947E-002
   5.6052792001112595        3.0740613299371687E-002
   5.6115561085100403        3.8735452814924104E-002
   5.6178330169088211        4.2592334589519804E-002
   5.6241099253076019        4.1911804326161810E-002
   5.6303868337063827        3.6778878471199344E-002
   5.6366637421051635        2.7749916190458648E-002
   5.6429406505039443        1.5789723676448118E-002
   5.6492175589027251        2.1662544396422435E-003
   5.6554944673015060       -1.1685372920908405E-002
   5.6617713757002868       -2.4314786856067128E-002
   5.6680482840990676       -3.4408041192822356E-002
   5.6743251924978484       -4.0923212005277106E-002
   5.6806021008966292       -4.3196033788800277E-002
   5.6868790092954100       -4.1005071049050816E-002
   5.6931559176941908       -3.4590316469470410E-002
   5.6994328260929716       -2.4624039227621661E-002
   5.7057097344917524       -1.2137651340055823E-002
   5.7119866428905333        1.5871949852983118E-003
   5.7182635512893141        1.5151565563551841E-002
   5.7245404596880949        2.7182323268462583E-002
   5.7308173680868757        3.6470644935548718E-002
   5.7370942764856565        4.2092055864140339E-002
   5.7433711848844373        4.3496215032621743E-002
   5.7496480932832181        4.0557967083321815E-002
   5.7559250016819989        3.3585236463308195E-002
   5.7622019100807798        2.3283744509796478E-002
   5.7684788184795606        1.0682829647019609E-002
   5.7747557268783414       -2.9695825542058515E-003
   5.7810326352771222       -1.6331938492224109E-002
   5.7873095436759030       -2.8101302129594847E-002
   5.7935864520746838       -3.7139811643200085E-002
   5.7998633604734646       -4.2583133426452646E-002
   5.8061402688722454       -4.3920732593313888E-002
   5.8124171772710262       -4.1040749712402270E-002
   5.8186940856698071       -3.4235863538500860E-002
   5.8249709940685879       -2.4170362163345980E-002
   5.8312479024673687       -1.1812357644253441E-002
   5.8375248108661495        1.6616895282545235E-003
   5.8438017192649303        1.4980511102459028E-002
   5.8500786276637111        2.6898539416930843E-002
   5.8563555360624919        3.6311908888631172E-002
   5.8626324444612727        4.2359193365275473E-002
   5.8689093528600536        4.4497830244760270E-002
   5.8751862612588344        4.2549686488278136E-002
   5.8814631696576152        3.6712260307787230E-002
   5.8877400780563960        2.7535282374686821E-002
   5.8940169864551768        1.5865669558651308E-002
   5.9002938948539576        2.7665995420932108E-003
   5.9065708032527384       -1.0581330149868303E-002
   5.9128477116515192       -2.2987482209791410E-002
   5.9191246200503000       -3.3357187548365579E-002
   5.9254015284490809       -4.0786941761467986E-002
   5.9316784368478617       -4.4640680284213370E-002
   5.9379553452466425       -4.4600990046394555E-002
   5.9442322536454233       -4.0691529554321718E-002
   5.9505091620442041       -3.3269558602745310E-002
   5.9567860704429849       -2.2990080515816896E-002
   5.9630629788417657       -1.0745454114987200E-002
   5.9693398872405457        2.4137481787288775E-003
   5.9756167956393265        1.5369507821666684E-002
   5.9818937040381073        2.7030923635534724E-002
   5.9881706124368881        3.6424702737271740E-002
   5.9944475208356689        4.2774344639903338E-002
   6.0007244292344497        4.5562093330369667E-002
   6.0070013376332305        4.4569105696776162E-002
   6.0132782460320113        3.9890693591205499E-002
   6.0195551544307921        3.1925506864570422E-002
   6.0258320628295730        2.1339686787064566E-002
   6.0321089712283538        9.0091184519747441E-003
   6.0383858796271346       -4.0552173282361785E-003
   6.0446627880259154       -1.6792322612699705E-002
   6.0509396964246962       -2.8179311472219994E-002
   6.0572166048234770       -3.7314949684363448E-002
   6.0634935132222578       -4.3491418984812243E-002
   6.0697704216210386       -4.6248227707454632E-002
   6.0760473300198194       -4.5403908269650808E-002
   6.0823242384186003       -4.1063049081786929E-002
   6.0886011468173811       -3.3598142134278870E-002
   6.0948780552161619       -2.3609698147573410E-002
   6.1011549636149427       -1.1870763634605066E-002
   6.1074318720137235        7.3777560617187981E-004
   6.1137087804125043        1.3294926402881499E-002
   6.1199856888112851        2.4904933714700508E-002
   6.1262625972100659        3.4756013406445248E-002
   6.1325395056088468        4.2169633452412335E-002
   6.1388164140076276        4.6638839144331902E-002
   6.1450933224064084        4.7855248226504048E-002
   6.1513702308051892        4.5725104075854110E-002
   6.1576471392039700        4.0375177039665811E-002
   6.1639240476027508        3.2149255888898144E-002
   6.1702009560015316        2.1595918831639985E-002
   6.1764778644003124        9.4475514973593796E-003
   6.1827547727990932       -3.4132500669141743E-003
   6.1890316811978741       -1.6003302833411445E-002
   6.1953085895966549       -2.7304935241907462E-002
   6.2015854979954357       -3.6346330265868754E-002
   6.2078624063942165       -4.2290879968227404E-002
   6.2141393147929973       -4.4527306308801654E-002
   6.2204162231917781       -4.2749845484685613E-002
   6.2266931315905589       -3.7016551769556025E-002
   6.2329700399893397       -2.7774310238616703E-002
   6.2392469483881206       -1.5841829749655544E-002
   6.2455238567869014       -2.3467070078789626E-003
   6.2518007651856822        1.1380865727543829E-002
   6.2580776735844630        2.3947729034714819E-002
   6.2643545819832438        3.4052857714425684E-002
   6.2706314903820246        4.0635986768590586E-002
   6.2769083987808054        4.2999966603990844E-002
   6.2831853071795862        4.0891333260334554E-002
