   6.2769083987808056E-003  -1.8241774112143581E-002
   1.2553816797561611E-002  -2.0531798448532649E-002
   1.8830725196342418E-002  -2.3031357153767522E-002
   2.5107633595123222E-002  -2.5745996119766770E-002
   3.1384541993904030E-002  -2.8678831341855823E-002
   3.7661450392684835E-002  -3.1830041805633993E-002
   4.3938358791465640E-002  -3.5196336166588307E-002
   5.0215267190246445E-002  -3.8770402869882890E-002
   5.6492175589027249E-002  -4.2540355689569445E-002
   6.2769083987808061E-002  -4.6489189387093045E-002
   6.9045992386588859E-002  -5.0594262750837830E-002
   7.5322900785369670E-002  -5.4826828922234450E-002
   8.1599809184150468E-002  -5.9151635282845498E-002
   8.7876717582931280E-002  -6.3526617329759033E-002
   9.4153625981712077E-002  -6.7902712610876936E-002
  0.10043053438049289       -7.2223821890587223E-002
  0.10670744277927370       -7.6426945004968064E-002
  0.11298435117805450       -8.0442518260423715E-002
  0.11926125957683531       -8.4194978494904038E-002
  0.12553816797561612       -8.7603575968914701E-002
  0.13181507637439691       -9.0583453900813932E-002
  0.13809198477317772       -9.3047006661780590E-002
  0.14436889317195853       -9.4905521304780818E-002
  0.15064580157073934       -9.6071098264513766E-002
  0.15692270996952015       -9.6458836765986350E-002
  0.16319961836830094       -9.5989258901372512E-002
  0.16947652676708175       -9.4590933681892919E-002
  0.17575343516586256       -9.2203248993409259E-002
  0.18203034356464337       -8.8779265698051738E-002
  0.18830725196342415       -8.4288574449676468E-002
  0.19458416036220497       -7.8720062019636161E-002
  0.20086106876098578       -7.2084483847358105E-002
  0.20713797715976659       -6.4416733058551112E-002
  0.21341488555854740       -5.5777688725546754E-002
  0.21969179395732819       -4.6255523155417470E-002
  0.22596870235610900       -3.5966349966824789E-002
  0.23224561075488981       -2.5054101637123335E-002
  0.23852251915367062       -1.3689537713368997E-002
  0.24479942755245140       -2.0683032635348637E-003
  0.25107633595123224        9.5920184004273934E-003
  0.25735324435001306        2.1055884316845776E-002
  0.26363015274879381        3.2074791443674651E-002
  0.26990706114757462        4.2393246132070628E-002
  0.27618396954635543        5.1755607958473733E-002
  0.28246087794513625        5.9913665589922623E-002
  0.28873778634391706        6.6634755012501865E-002
  0.29501469474269787        7.1710184618344538E-002
  0.30129160314147868        7.4963689612480719E-002
  0.30756851154025949        7.6259602457709574E-002
  0.31384541993904030        7.5510399152429797E-002
  0.32012232833782106        7.2683265544645687E-002
  0.32639923673660187        6.7805325914416445E-002
  0.33267614513538268        6.0967189701632549E-002
  0.33895305353416350        5.2324502972049942E-002
  0.34522996193294431        4.2097239880080559E-002
  0.35150687033172512        3.0566536008993381E-002
  0.35778377873050593        1.8068949288770963E-002
  0.36406068712928674        4.9881331621586091E-003
  0.37033759552806755       -8.2559812976548130E-003
  0.37661450392684831       -2.1220274508297141E-002
  0.38289141232562912       -3.3453456334629171E-002
  0.38916832072440993       -4.4512552040042244E-002
  0.39544522912319074       -5.3980283518034494E-002
  0.40172213752197156       -6.1482675723880741E-002
  0.40799904592075237       -6.6706142336562607E-002
  0.41427595431953318       -6.9413256560729220E-002
  0.42055286271831399       -6.9456398286362589E-002
  0.42682977111709480       -6.6788492137662636E-002
  0.43310667951587556       -6.1470115389868747E-002
  0.43938358791465637       -5.3672361608303104E-002
  0.44566049631343718       -4.3674994350036529E-002
  0.45193740471221799       -3.1859612173795869E-002
  0.45821431311099881       -1.8697765890078575E-002
  0.46449122150977962       -4.7342133160805967E-003
  0.47076812990856043        9.4342446237839928E-003
  0.47704503830734124        2.3183642242907299E-002
  0.48332194670612205        3.5890489430295942E-002
  0.48959885510490281        4.6961000306830550E-002
  0.49587576350368362        5.5860557273003431E-002
  0.50215267190246449        6.2141934588642082E-002
  0.50842958030124530        6.5470751552147918E-002
  0.51470648870002611        6.5646650285279995E-002
  0.52098339709880681        6.2618803420885466E-002
  0.52726030549758762        5.6494555093372756E-002
  0.53353721389636843        4.7540281385896589E-002
  0.53981412229514925        3.6173917435320210E-002
  0.54609103069393006        2.2949021820682081E-002
  0.55236793909271087        8.5307031454705182E-003
  0.55864484749149168       -6.3357772534012348E-003
  0.56492175589027249       -2.0862421995214455E-002
  0.57119866428905330       -3.4260179176728384E-002
  0.57747557268783412       -4.5782752394515278E-002
  0.58375248108661493       -5.4770119390410918E-002
  0.59002938948539574       -6.0689181440749959E-002
  0.59630629788417655       -6.3168955164584331E-002
  0.60258320628295736       -6.2027869900931482E-002
  0.60886011468173817       -5.7291052310853095E-002
  0.61513702308051899       -4.9195959647320181E-002
  0.62141393147929980       -3.8185346986658451E-002
  0.62769083987808061       -2.4887292743492877E-002
  0.63396774827686131       -1.0082821370822323E-002
  0.64024465667564212        5.3374965209239686E-003
  0.64652156507442293        2.0425773626939113E-002
  0.65279847347320374        3.4234946397624907E-002
  0.65907538187198456        4.5879327302861546E-002
  0.66535229027076537        5.4593687027599376E-002
  0.67162919866954618        5.9786843206155911E-002
  0.67790610706832699        6.1085861708187583E-002
  0.68418301546710780        5.8367389247183626E-002
  0.69045992386588861        5.1773324792128081E-002
  0.69673683226466943        4.1708973263423203E-002
  0.70301374066345024        2.8822958608977774E-002
  0.70929064906223105        1.3969435672235651E-002
  0.71556755746101186       -1.8455532090024935E-003
  0.72184446585979267       -1.7530475633823036E-002
  0.72812137425857348       -3.1983253915539772E-002
  0.73439828265735430       -4.4169688294858109E-002
  0.74067519105613511       -5.3199756257601635E-002
  0.74695209945491581       -5.8396045960468608E-002
  0.75322900785369662       -5.9348874033082477E-002
  0.75950591625247743       -5.5953369163555283E-002
  0.76578282465125824       -4.8424944978864737E-002
  0.77205973305003905       -3.7291075513282188E-002
  0.77833664144881987       -2.3359027611839129E-002
  0.78461354984760068       -7.6610728493567174E-003
  0.79089045824638149        8.6194466570521620E-003
  0.79716736664516230        2.4236141283938546E-002
  0.80344427504394311        3.7975263667888066E-002
  0.80972118344272392        4.8751728900413599E-002
  0.81599809184150474        5.5697768924772281E-002
  0.82227500024028555        5.8236782571293208E-002
  0.82855190863906636        5.6135832565627861E-002
  0.83482881703784717        4.9531724090061909E-002
  0.84110572543662798        3.8927583313161228E-002
  0.84738263383540879        2.5159196472659542E-002
  0.85365954223418961        9.3328881567693554E-003
  0.85993645063297042       -7.2607977426688173E-003
  0.86621335903175112       -2.3251118025940133E-002
  0.87249026743053193       -3.7300583018905833E-002
  0.87876717582931274       -4.8218443627589140E-002
  0.88504408422809355       -5.5064457451208096E-002
  0.89132099262687436       -5.7233665733768362E-002
  0.89759790102565518       -5.4514242067289304E-002
  0.90387480942443599       -4.7112568653530848E-002
  0.91015171782321680       -3.5642396495192019E-002
  0.91642862622199761       -2.1078035642647493E-002
  0.92270553462077842       -4.6747370845478800E-003
  0.92898244301955923        1.2137520566396481E-002
  0.93525935141834005        2.7878026744059616E-002
  0.94153625981712086        4.1146415716763883E-002
  0.94781316821590167        5.0749150762889189E-002
  0.95409007661468248        5.5809813011118724E-002
  0.96036698501346329        5.5852741183417931E-002
  0.96664389341224410        5.0851728975099285E-002
  0.97292080181102492        4.1238493107216299E-002
  0.97919771020980562        2.7869223647572966E-002
  0.98547461860858643        1.1951398276603051E-002
  0.99175152700736724       -5.0631758421353142E-003
  0.99802843540614805       -2.1609800066337101E-002
   1.0043053438049290       -3.6154968735392763E-002
   1.0105822522037098       -4.7339784209138432E-002
   1.0168591606024906       -5.4109139423609516E-002
   1.0231360690012714       -5.5814155032022299E-002
   1.0294129774000522       -5.2277642372154154E-002
   1.0356898857988328       -4.3815694792561116E-002
   1.0419667941976136       -3.1212591948019244E-002
   1.0482437025963944       -1.5650654590411216E-002
   1.0545206109951752        1.3989170606241638E-003
   1.0607975193939561        1.8314285146809852E-002
   1.0670744277927369        3.3477346847265860E-002
   1.0733513361915177        4.5429485427151507E-002
   1.0796282445902985        5.3013565371166103E-002
   1.0859051529890793        5.5488144147468443E-002
   1.0921820613878601        5.2602387232566467E-002
   1.0984589697866409        4.4623872529659096E-002
   1.1047358781854217        3.2316008194987450E-002
   1.1110127865842025        1.6866724732672270E-002
   1.1172896949829834       -2.2505069931056591E-004
   1.1235666033817642       -1.7294361606860546E-002
   1.1298435117805450       -3.2672604909082512E-002
   1.1361204201793258       -4.4851414592597720E-002
   1.1423973285781066       -5.2631815662368291E-002
   1.1486742369768874       -5.5243727543629328E-002
   1.1549511453756682       -5.2423720154374791E-002
   1.1612280537744490       -4.4442996432921412E-002
   1.1675049621732299       -3.2082493397903276E-002
   1.1737818705720107       -1.6557269445393541E-002
   1.1800587789707915        6.0255400513994310E-004
   1.1863356873695723        1.7702623373631435E-002
   1.1926125957683531        3.3052027338698220E-002
   1.1988895041671339        4.5131119148698946E-002
   1.2051664125659147        5.2742703271660835E-002
   1.2114433209646955        5.5131412426748599E-002
   1.2177202293634763        5.2059252623915649E-002
   1.2239971377622572        4.3829672678882749E-002
   1.2302740461610380        3.1257678742136474E-002
   1.2365509545598188        1.5588939208239254E-002
   1.2428278629585996       -1.6240409311669727E-003
   1.2491047713573804       -1.8676275752834686E-002
   1.2553816797561612       -3.3879720502623958E-002
   1.2616585881549420       -4.5730803192927577E-002
   1.2679354965537226       -5.3059330204700064E-002
   1.2742124049525034       -5.5143940532540521E-002
   1.2804893133512842       -5.1782682833461588E-002
   1.2867662217500651       -4.3311827197534236E-002
   1.2930431301488459       -3.0571233952918480E-002
   1.2993200385476267       -1.4819953351320437E-002
   1.3055969469464075        2.3893195978953816E-003
   1.3118738553451883        1.9364258823107782E-002
   1.3181507637439691        3.4439961076414165E-002
   1.3244276721427499        4.6142425593203848E-002
   1.3307045805415307        5.3332329385636833E-002
   1.3369814889403115        5.5315056841738257E-002
   1.3432583973390924        5.1906408453526932E-002
   1.3495353057378732        4.3447893750434119E-002
   1.3558122141366540        3.0770547446638815E-002
   1.3620891225354348        1.5111286017434751E-002
   1.3683660309342156       -2.0095616607894097E-003
   1.3746429393329964       -1.8937212985019734E-002
   1.3809198477317772       -3.4043106180989886E-002
   1.3871967561305580       -4.5881566889394799E-002
   1.3934736645293389       -5.3327347241121342E-002
   1.3997505729281197       -5.5680989600252952E-002
   1.4060274813269005       -5.2732275620305594E-002
   1.4123043897256813       -4.4776218247943797E-002
   1.4185812981244621       -3.2580712281421981E-002
   1.4248582065232429       -1.7309617258986394E-002
   1.4311351149220237       -4.0924849754742180E-004
   1.4374120233208045        1.6530399011787707E-002
   1.4436889317195853        3.1926174608388716E-002
   1.4499658401183662        4.4349667912188126E-002
   1.4562427485171470        5.2658630716778405E-002
   1.4625196569159278        5.6099909095906411E-002
   1.4687965653147086        5.4374791845881940E-002
   1.4750734737134894        4.7661387829583783E-002
   1.4813503821122702        3.6592763443389215E-002
   1.4876272905110510        2.2193702529148741E-002
   1.4939041989098316        5.7827066427270776E-003
   1.5001811073086124       -1.1151105929983489E-002
   1.5064580157073932       -2.7084479443748359E-002
   1.5127349241061741       -4.0597226939944067E-002
   1.5190118325049549       -5.0497768698443628E-002
   1.5252887409037357       -5.5925986440698391E-002
   1.5315656493025165       -5.6424712467326665E-002
   1.5378425577012973       -5.1974219633923416E-002
   1.5441194661000781       -4.2987534112805967E-002
   1.5503963744988589       -3.0267931263923655E-002
   1.5566732828976397       -1.4933274531823014E-002
   1.5629501912964205        1.6853679846242776E-003
   1.5692270996952014        1.8161371489961081E-002
   1.5755040080939822        3.3095887083535516E-002
   1.5817809164927630        4.5236120719837770E-002
   1.5880578248915438        5.3578599401153885E-002
   1.5943347332903246        5.7449074843429156E-002
   1.6006116416891054        5.6552983263403800E-002
   1.6068885500878862        5.0993079445514282E-002
   1.6131654584866670        4.1253741198012076E-002
   1.6194423668854478        2.8154244267315637E-002
   1.6257192752842287        1.2775803169562330E-002
   1.6319961836830095       -3.6308358803435370E-003
   1.6382730920817903       -1.9749120567363655E-002
   1.6445500004805711       -3.4302992074564817E-002
   1.6508269088793519       -4.6157142063643533E-002
   1.6571038172781327       -5.4403433572083305E-002
   1.6633807256769135       -5.8427107967096208E-002
   1.6696576340756943       -5.7948262395897787E-002
   1.6759345424744752       -5.3036217266915556E-002
   1.6822114508732560       -4.4096615306119816E-002
   1.6884883592720368       -3.1833220839129608E-002
   1.6947652676708176       -1.7188256958237422E-002
   1.7010421760695984       -1.2665965625614504E-003
   1.7073190844683792        1.4749882454889928E-002
   1.7135959928671600        2.9691006723107212E-002
   1.7198729012659408        4.2483387496103191E-002
   1.7261498096647214        5.2225754617806604E-002
   1.7324267180635022        5.8249431701432729E-002
   1.7387036264622830        6.0160169214733682E-002
   1.7449805348610639        5.7859087443938660E-002
   1.7512574432598447        5.1542095829960145E-002
   1.7575343516586255        4.1678725046471701E-002
   1.7638112600574063        2.8972721587773597E-002
   1.7700881684561871        1.4307918861796595E-002
   1.7763650768549679       -1.3162538001672975E-003
   1.7826419852537487       -1.6854770792561907E-002
   1.7889188936525295       -3.1287540290282467E-002
   1.7951958020513104       -4.3685712930870868E-002
   1.8014727104500912       -5.3269555282520129E-002
   1.8077496188488720       -5.9454465014009153E-002
   1.8140265272476528       -6.1882676429504221E-002
   1.8203034356464336       -6.0439278975063272E-002
   1.8265803440452144       -5.5252267806878488E-002
   1.8328572524439952       -4.6677389657888667E-002
   1.8391341608427760       -3.5269473698923415E-002
   1.8454110692415568       -2.1742693699479131E-002
   1.8516879776403377       -6.9227579434649692E-003
   1.8579648860391185        8.3056529160498074E-003
   1.8642417944378993        2.3052786067364977E-002
   1.8705187028366801        3.6475765215642372E-002
   1.8767956112354609        4.7825615990667321E-002
   1.8830725196342417        5.6486872754987427E-002
   1.8893494280330225        6.2007864497342843E-002
   1.8956263364318033        6.4120441585254803E-002
   1.9019032448305841        6.2748594385382314E-002
   1.9081801532293650        5.8006085778657228E-002
   1.9144570616281458        5.0183834038445507E-002
   1.9207339700269266        3.9728308991262118E-002
   1.9270108784257074        2.7212619480281749E-002
   1.9332877868244882        1.3302259660393057E-002
   1.9395646952232690       -1.2823606484851700E-003
   1.9458416036220498       -1.5804453154297064E-002
   1.9521185120208304       -2.9548400012967588E-002
   1.9583954204196112       -4.1854445520090405E-002
   1.9646723288183920       -5.2148936140411904E-002
   1.9709492372171729       -5.9968852886447550E-002
   1.9772261456159537       -6.4979757402557223E-002
   1.9835030540147345       -6.6986666180301885E-002
   1.9897799624135153       -6.5937754010205574E-002
   1.9960568708122961       -6.1921148583529720E-002
   2.0023337792110771       -5.5155396743971782E-002
   2.0086106876098579       -4.5974446775418086E-002
   2.0148875960086388       -3.4808191826235020E-002
   2.0211645044074196       -2.2159752772831848E-002
   2.0274414128062004       -8.5807440266320277E-003
   2.0337183212049812        5.3542339722854118E-003
   2.0399952296037620        1.9072690569243142E-002
   2.0462721380025428        3.2027853376412403E-002
   2.0525490464013236        4.3719863776616373E-002
   2.0588259548001044        5.3713813437159343E-002
   2.0651028631988853        6.1654073793687578E-002
   2.0713797715976656        6.7274575741441800E-002
   2.0776566799964464        7.0404899129401732E-002
   2.0839335883952272        7.0972222055800643E-002
   2.0902104967940081        6.8999350915884133E-002
   2.0964874051927889        6.4599197825470620E-002
   2.1027643135915697        5.7966188474493863E-002
   2.1090412219903505        4.9365168197325629E-002
   2.1153181303891313        3.9118426396216384E-002
   2.1215950387879121        2.7591482826556338E-002
   2.1278719471866929        1.5178273235846864E-002
   2.1341488555854737        2.2863378560290817E-003
   2.1404257639842545       -1.0677438488544943E-002
   2.1467026723830354       -2.3320057216314232E-002
   2.1529795807818162       -3.5274213732684273E-002
   2.1592564891805970       -4.6208378694240937E-002
   2.1655333975793778       -5.5834942761059526E-002
   2.1718103059781586       -6.3916306721257810E-002
   2.1780872143769394       -7.0268885768056483E-002
   2.1843641227757202       -7.4765075630079614E-002
   2.1906410311745010       -7.7333296944108690E-002
   2.1969179395732819       -7.7956291151984061E-002
   2.2031948479720627       -7.6667885420080045E-002
   2.2094717563708435       -7.3548475366341376E-002
   2.2157486647696243       -6.8719493043683313E-002
   2.2220255731684051       -6.2337134448676591E-002
   2.2283024815671859       -5.4585616958556474E-002
   2.2345793899659667       -4.5670223986845698E-002
   2.2408562983647475       -3.5810373406574093E-002
   2.2471332067635283       -2.5232919637195556E-002
   2.2534101151623092       -1.4165868440379188E-002
   2.2596870235610900       -2.8326500932600381E-003
   2.2659639319598708        8.5529377809534721E-003
   2.2722408403586516        1.9791040426678268E-002
   2.2785177487574324        3.0699264412179142E-002
   2.2847946571562132        4.1115388726110251E-002
   2.2910715655549940        5.0899276203858951E-002
   2.2973484739537748        5.9934016989984830E-002
   2.3036253823525557        6.8126359241169332E-002
   2.3099022907513365        7.5406497624846081E-002
   2.3161791991501173        8.1727300836174202E-002
   2.3224561075488981        8.7063066124564062E-002
   2.3287330159476789        9.1407891755004134E-002
   2.3350099243464597        9.4773757948499113E-002
   2.3412868327452405        9.7188403588508276E-002
   2.3475637411440213        9.8693080403896197E-002
   2.3538406495428021        9.9340258948006605E-002
   2.3601175579415830        9.9191352024741122E-002
   2.3663944663403638        9.8314511730530990E-002
   2.3726713747391446        9.6782546441099127E-002
   2.3789482831379254        9.4670994238815226E-002
   2.3852251915367062        9.2056379790219245E-002
   2.3915020999354870        8.9014672783182369E-002
   2.3977790083342678        8.5619957937239879E-002
   2.4040559167330486        8.1943319421577399E-002
   2.4103328251318294        7.8051936364217561E-002
   2.4166097335306103        7.4008381013372593E-002
   2.4228866419293911        6.9870107052661778E-002
   2.4291635503281719        6.5689112481705753E-002
   2.4354404587269527        6.1511759354642384E-002
   2.4417173671257335        5.7378731337826928E-002
   2.4479942755245143        5.3325109543290491E-002
   2.4542711839232951        4.9380547134905986E-002
   2.4605480923220759        4.5569524878620850E-002
   2.4668250007208568        4.1911671993345230E-002
   2.4731019091196376        3.8422132821717768E-002
   2.4793788175184184        3.5111962350324946E-002
   2.4856557259171992        3.1988537480833766E-002
   2.4919326343159800        2.9055972888490260E-002
   2.4982095427147608        2.6315532082920264E-002
   2.5044864511135416        2.3766025960456950E-002
   2.5107633595123224        2.1404192746662398E-002
   2.5170402679111032        1.9225054681761566E-002
   2.5233171763098841        1.7222248134423503E-002
   2.5295940847086644        1.5388324990779682E-002
   2.5358709931074452        1.3715024184620327E-002
   2.5421479015062260        1.2193513087375369E-002
   2.5484248099050069        1.0814599189830075E-002
   2.5547017183037877        9.5689130735197459E-003
   2.5609786267025685        8.4470641137457270E-003
   2.5672555351013493        7.4397706796452768E-003
   2.5735324435001301        6.5379668221746540E-003
   2.5798093518989109        5.7328875752738293E-003
   2.5860862602976917        5.0161350569136853E-003
   2.5923631686964725        4.3797275556704349E-003
   2.5986400770952534        3.8161337369795822E-003
   2.6049169854940342        3.3182940149857365E-003
   2.6111938938928150        2.8796310146138623E-003
   2.6174708022915958        2.4940509133659569E-003
   2.6237477106903766        2.1559372951762846E-003
   2.6300246190891574        1.8601389757062351E-003
   2.6363015274879382        1.6019528193607154E-003
   2.6425784358867190        1.3771024704467363E-003
   2.6488553442854998        1.1817148287743624E-003
   2.6551322526842807        1.0122953004326686E-003
   2.6614091610830615        8.6570236961020441E-004
   2.6676860694818423        7.3912196693690611E-004
   2.6739629778806231        6.3004202994786681E-004
   2.6802398862794039        5.3622759212931608E-004
   2.6865167946781847        4.5569666934615869E-004
   2.6927937030769655        3.8669715787124817E-004
   2.6990706114757463        3.2768490298938852E-004
   2.7053475198745272        2.7730305200979421E-004
   2.7116244282733080        2.3436276288854794E-004
   2.7179013366720888        1.9782530537011350E-004
   2.7241782450708696        1.6678556083985697E-004
   2.7304551534696504        1.4045690318973401E-004
   2.7367320618684312        1.1815742270731154E-004
   2.7430089702672120        9.9297440094044887E-005
   2.7492858786659928        8.3368245927487459E-005
   2.7555627870647736        6.9931993140069429E-005
   2.7618396954635545        5.8612664771393471E-005
   2.7681166038623353        4.9088036805208182E-005
   2.7743935122611161        4.1082555180405606E-005
   2.7806704206598969        3.4361047224479256E-005
   2.7869473290586777        2.8723190022879325E-005
   2.7932242374574585        2.3998661619313135E-005
   2.7995011458562393        2.0042904884483820E-005
   2.8057780542550201        1.6733438742460637E-005
   2.8120549626538009        1.3966658202394538E-005
   2.8183318710525818        1.1655066914508141E-005
   2.8246087794513626        9.7248861694840344E-006
   2.8308856878501434        8.1139941632685203E-006
   2.8371625962489242        6.7701551926379014E-006
   2.8434395046477050        5.6495021409225269E-006
   2.8497164130464858        4.7152394400207617E-006
   2.8559933214452666        3.9365371445675252E-006
   2.8622702298440474        3.2875901462924679E-006
   2.8685471382428283        2.7468195692314325E-006
   2.8748240466416091        2.2961962484704426E-006
   2.8811009550403899        1.9206686991038646E-006
   2.8873778634391707        1.6076803148757391E-006
   2.8936547718379515        1.3467625426826069E-006
   2.8999316802367323        1.1291926282193138E-006
   2.9062085886355131        9.4770608676684624E-007
   2.9124854970342939        7.9625549828549683E-007
   2.9187624054330747        6.6980839815804650E-007
   2.9250393138318556        5.6417814644196820E-007
   2.9313162222306364        4.7588252726850580E-007
   2.9375931306294172        4.0202567241152045E-007
   2.9438700390281980        3.4019952938762343E-007
   2.9501469474269788        2.8840172836650897E-007
   2.9564238558257596        2.4496714933316795E-007
   2.9627007642245404        2.0851096372760078E-007
   2.9689776726233212        1.7788123412569652E-007
   2.9752545810221021        1.5211950766968153E-007
   2.9815314894208829        1.3042806292221630E-007
   2.9878083978196632        1.1214279468613081E-007
   2.9940853062184440        9.6710738856635588E-008
   3.0003622146172249        8.3671376104676473E-008
   3.0066391230160057        7.2641047988893450E-008
   3.0129160314147865        6.3300004061055265E-008
   3.0191929398135673        5.5381620520830088E-008
   3.0254698482123481        4.8663448428788064E-008
   3.0317467566111289        4.2959764614142634E-008
   3.0380236650099097        3.8115391330179646E-008
   3.0443005734086905        3.4000550988784371E-008
   3.0505774818074713        3.0506595897505969E-008
   3.0568543902062522        2.7542445333679053E-008
   3.0631312986050330        2.5031627843383051E-008
   3.0694082070038138        2.2909803063913121E-008
   3.0756851154025946        2.1122703779541125E-008
   3.0819620238013754        1.9624402185918061E-008
   3.0882389322001562        1.8375866649217709E-008
   3.0945158405989370        1.7343738160254033E-008
   3.1007927489977178        1.6499310117753135E-008
   3.1070696573964987        1.5817660457598344E-008
   3.1133465657952795        1.5276925572473541E-008
   3.1196234741940603        1.4857681589811415E-008
   3.1259003825928411        1.4542429913992157E-008
   3.1321772909916219        1.4315159152655700E-008
   3.1384541993904027        1.4160991099894479E-008
   3.1447311077891835        1.4065882613224695E-008
   3.1510080161879643        1.4016399746567014E-008
   3.1572849245867451        1.3999534846955389E-008
   3.1635618329855260        1.4002572853532079E-008
   3.1698387413843068        1.4012988166064820E-008
   3.1761156497830876        1.4018395357598358E-008
   3.1823925581818684        1.4006538768966794E-008
   3.1886694665806492        1.3965331894155378E-008
   3.1949463749794300        1.3882929183318962E-008
   3.2012232833782108        1.3747844878605445E-008
   3.2075001917769916        1.3549101927420176E-008
   3.2137771001757724        1.3276420729750821E-008
   3.2200540085745533        1.2920427676623601E-008
   3.2263309169733341        1.2472897969794477E-008
   3.2326078253721149        1.1927006316148569E-008
   3.2388847337708957        1.1277595934497111E-008
   3.2451616421696765        1.0521443405011811E-008
   3.2514385505684573        9.6575209482354747E-009
   3.2577154589672381        8.6872355849818140E-009
   3.2639923673660189        7.6146446711006238E-009
   3.2702692757647998        6.4466237675241089E-009
   3.2765461841635806        5.1929888325505558E-009
   3.2828230925623614        3.8665450827741504E-009
   3.2891000009611422        2.4830728179651005E-009
   3.2953769093599230        1.0612135398866863E-009
   3.3016538177587038       -3.7772545776578164E-010
   3.3079307261574846       -1.8100756070955791E-009
   3.3142076345562654       -3.2102076698791865E-009
   3.3204845429550462       -4.5510388865283724E-009
   3.3267614513538271       -5.8046376372715590E-009
   3.3330383597526079       -6.9429213371944313E-009
   3.3393152681513887       -7.9384309995711811E-009
   3.3455921765501695       -8.7651737467754144E-009
   3.3518690849489503       -9.3994996503685271E-009
   3.3581459933477311       -9.8210017926403057E-009
   3.3644229017465119       -1.0013394507439823E-008
   3.3706998101452927       -9.9653495772090408E-009
   3.3769767185440736       -9.6712477663137749E-009
   3.3832536269428544       -9.1318121630816471E-009
   3.3895305353416352       -8.3545841554846889E-009
   3.3958074437404160       -7.3542160665957646E-009
   3.4020843521391968       -6.1525369507486499E-009
   3.4083612605379776       -4.7783819458469354E-009
   3.4146381689367584       -3.2671504535639705E-009
   3.4209150773355392       -1.6600999911454028E-009
   3.4271919857343200       -3.3614779835254464E-012
   3.4334688941331009        1.6532978705669050E-009
   3.4397458025318817        3.2579538553002622E-009
   3.4460227109306620        4.7581986250663924E-009
   3.4522996193294428        6.1029654266329632E-009
   3.4585765277282237        7.2444396565432300E-009
   3.4648534361270045        8.1399928085109968E-009
   3.4711303445257853        8.7540532333396078E-009
   3.4774072529245661        9.0598376762264761E-009
   3.4836841613233469        9.0408508713253210E-009
   3.4899610697221277        8.6920762385693579E-009
   3.4962379781209085        8.0207769126925765E-009
   3.5025148865196893        7.0468451798700027E-009
   3.5087917949184702        5.8026407931642063E-009
   3.5150687033172510        4.3322941148982117E-009
   3.5213456117160318        2.6904563574453174E-009
   3.5276225201148126        9.4051762563912011E-010
   3.5338994285135934       -8.4767352966539101E-010
   3.5401763369123742       -2.6005100340618498E-009
   3.5464532453111550       -4.2436636780870510E-009
   3.5527301537099358       -5.7053289746141912E-009
   3.5590070621087166       -6.9195455480908283E-009
   3.5652839705074975       -7.8294358353056386E-009
   3.5715608789062783       -8.3902001576447183E-009
   3.5778377873050591       -8.5717014221130538E-009
   3.5841146957038399       -8.3604948204434717E-009
   3.5903916041026207       -7.7611454889820296E-009
   3.5966685125014015       -6.7967407400762311E-009
   3.6029454209001823       -5.5085011124463101E-009
   3.6092223292989631       -3.9544652759270362E-009
   3.6154992376977440       -2.2072457642650015E-009
   3.6217761460965248       -3.5092907348243513E-010
   3.6280530544953056        1.5227853068376237E-009
   3.6343299628940864        3.3190307961206926E-009
   3.6406068712928672        4.9446116303485387E-009
   3.6468837796916480        6.3129855999456703E-009
   3.6531606880904288        7.3491296773640157E-009
   3.6594375964892096        7.9940040659556249E-009
   3.6657145048879904        8.2083469041498637E-009
   3.6719914132867713        7.9755355673107724E-009
   3.6782683216855521        7.3033083979332231E-009
   3.6845452300843329        6.2241689549452895E-009
   3.6908221384831137        4.7943843086222907E-009
   3.6970990468818945        3.0915467575716469E-009
   3.7033759552806753        1.2107712304565597E-009
   3.7096528636794561       -7.4032723002830088E-010
   3.7159297720782369       -2.6476273329142737E-009
   3.7222066804770177       -4.3971596866236409E-009
   3.7284835888757986       -5.8820406885059845E-009
   3.7347604972745794       -7.0092713961780589E-009
   3.7410374056733602       -7.7059463508846315E-009
   3.7473143140721410       -7.9244589853473535E-009
   3.7535912224709218       -7.6462987975447679E-009
   3.7598681308697026       -6.8841301813843921E-009
   3.7661450392684834       -5.6819171863790229E-009
   3.7724219476672642       -4.1129970592274595E-009
   3.7786988560660451       -2.2761211411392708E-009
   3.7849757644648259       -2.8963769947663811E-010
   3.7912526728636067        1.7158796703317437E-009
   3.7975295812623875        3.6061186857576794E-009
   3.8038064896611683        5.2520988969025243E-009
   3.8100833980599491        6.5392034501403173E-009
   3.8163603064587299        7.3755452172573028E-009
   3.8226372148575107        7.6990225030433767E-009
   3.8289141232562915        7.4825106032027832E-009
   3.8351910316550724        6.7367144507361777E-009
   3.8414679400538532        5.5103850679535785E-009
   3.8477448484526340        3.8877566198477025E-009
   3.8540217568514148        1.9832879465420259E-009
   3.8602986652501956       -6.6024672319495039E-011
   3.8665755736489764       -2.1102669052232401E-009
   3.8728524820477572       -3.9975172848233372E-009
   3.8791293904465380       -5.5852556967630955E-009
   3.8854062988453189       -6.7514168496241309E-009
   3.8916832072440997       -7.4042029334196682E-009
   3.8979601156428805       -7.4898520612153957E-009
   3.9042370240416608       -6.9976603420295458E-009
   3.9105139324404417       -5.9617684921641078E-009
   3.9167908408392225       -4.4594384802986295E-009
   3.9230677492380033       -2.6058463467468497E-009
   3.9293446576367841       -5.4567885295110122E-010
   3.9356215660355649        1.5578871729944129E-009
   3.9418984744343457        3.5360101101902370E-009
   3.9481753828331265        5.2278129633862470E-009
   3.9544522912319073        6.4937183630416593E-009
   3.9607291996306881        7.2273580999456070E-009
   3.9670061080294690        7.3650171060345950E-009
   3.9732830164282498        6.8917333281154091E-009
   3.9795599248270306        5.8434349146977201E-009
   3.9858368332258114        4.3048106603035250E-009
   3.9921137416245922        2.4029745725728869E-009
   3.9983906500233730        2.9734283118997962E-010
   4.0046675584221543       -1.8334979014366039E-009
   4.0109444668209351       -3.8068774423592744E-009
   4.0172213752197159       -5.4518063604353261E-009
   4.0234982836184967       -6.6240531986603197E-009
   4.0297751920172775       -7.2191777748790993E-009
   4.0360521004160583       -7.1823116410603219E-009
   4.0423290088148391       -6.5137297103715440E-009
   4.0486059172136200       -5.2696137120253461E-009
   4.0548828256124008       -3.5578193082475948E-009
   4.0611597340111816       -1.5289236280070607E-009
   4.0674366424099624        6.3674967107190704E-010
   4.0737135508087432        2.7450248081582842E-009
   4.0799904592075240        4.6053048365324021E-009
   4.0862673676063048        6.0479594447358996E-009
   4.0925442760050856        6.9400777112932127E-009
   4.0988211844038664        7.1980837104719192E-009
   4.1050980928026473        6.7959954499942142E-009
   4.1113750012014281        5.7684620095461101E-009
   4.1176519096002089        4.2082126766088116E-009
   4.1239288179989897        2.2580431060782496E-009
   4.1302057263977705        9.8009141940689123E-011
   4.1364826347965504       -2.0710582776989236E-009
   4.1427595431953312       -4.0462031215834878E-009
   4.1490364515941121       -5.6414395931373690E-009
   4.1553133599928929       -6.7054688046567299E-009
   4.1615902683916737       -7.1363201662859567E-009
   4.1678671767904545       -6.8914569779822632E-009
   4.1741440851892353       -5.9923276467250168E-009
   4.1804209935880161       -4.5228301126116405E-009
   4.1866979019867969       -2.6217757904339283E-009
   4.1929748103855777       -4.6998442440990282E-010
   4.1992517187843585        1.7267924545729019E-009
   4.2055286271831394        3.7575279610935844E-009
   4.2118055355819202        5.4262627416285925E-009
   4.2180824439807010        6.5711714966744947E-009
   4.2243593523794818        7.0804720760462469E-009
   4.2306362607782626        6.9035907097772066E-009
   4.2369131691770434        6.0564407614213183E-009
   4.2431900775758242        4.6202436221987443E-009
   4.2494669859746050        2.7339398051356113E-009
   4.2557438943733858        5.8088937984611181E-010
   4.2620208027721667       -1.6288820765020400E-009
   4.2682977111709475       -3.6791679160738377E-009
   4.2745746195697283       -5.3688029259066764E-009
   4.2808515279685091       -6.5315134049172312E-009
   4.2871284363672899       -7.0524339154498795E-009
   4.2934053447660707       -6.8796151355010144E-009
   4.2996822531648515       -6.0293663995916283E-009
   4.3059591615636323       -4.5848536405473636E-009
   4.3122360699624132       -2.6880673570832632E-009
   4.3185129783611940       -5.2591892702306525E-010
   4.3247898867599748        1.6881639634431585E-009
   4.3310667951587556        3.7353363456587011E-009
   4.3373437035575364        5.4130211290335311E-009
   4.3436206119563172        6.5550381469090994E-009
   4.3498975203550980        7.0481416962867111E-009
   4.3561744287538788        6.8433235098575595E-009
   4.3624513371526596        5.9607304866446989E-009
   4.3687282455514405        4.4877088275911048E-009
   4.3750051539502213        2.5701506805807722E-009
   4.3812820623490021        3.9801433383144705E-010
   4.3875589707477829       -1.8135471707251917E-009
   4.3938358791465637       -3.8455512978136618E-009
   4.4001127875453445       -5.4969226928264611E-009
   4.4063896959441253       -6.6044179615498451E-009
   4.4126666043429061       -7.0587700255979569E-009
   4.4189435127416870       -6.8154338961926699E-009
   4.4252204211404678       -5.8988918120720524E-009
   4.4314973295392486       -4.4000940636585286E-009
   4.4377742379380294       -2.4673231607347346E-009
   4.4440511463368102       -2.9140507961336418E-010
   4.4503280547355910        1.9132344398323908E-009
   4.4566049631343718        3.9297821806229694E-009
   4.4628818715331526        5.5603899866339128E-009
   4.4691587799319334        6.6455698236517545E-009
   4.4754356883307143        7.0797155328728679E-009
   4.4817125967294951        6.8212523597793756E-009
   4.4879895051282759        5.8964388055945546E-009
   4.4942664135270567        4.3965021898734264E-009
   4.5005433219258375        2.4684258628518268E-009
   4.5068202303246183        3.0035379134528569E-010
   4.5130971387233991       -1.8969282609485368E-009
   4.5193740471221799       -3.9105784874580004E-009
   4.5256509555209607       -5.5463400230506299E-009
   4.5319278639197416       -6.6472139001794190E-009
   4.5382047723185224       -7.1083860213034350E-009
   4.5444816807173032       -6.8869798939683984E-009
   4.5507585891160840       -6.0057672136443984E-009
   4.5570354975148648       -4.5505295008799500E-009
   4.5633124059136456       -2.6614088654475358E-009
   4.5695893143124264       -5.1913716754164852E-010
   4.5758662227112072        1.6724603375263502E-009
   4.5821431311099881        3.7059832185735423E-009
   4.5884200395087689        5.3900994041500049E-009
   4.5946969479075497        6.5674558013885623E-009
   4.6009738563063305        7.1291774701410728E-009
   4.6072507647051113        7.0246437063768261E-009
   4.6135276731038921        6.2656791580622151E-009
   4.6198045815026729        4.9248661090407786E-009
   4.6260814899014537        3.1282107166042397E-009
   4.6323583983002345        1.0429568296464897E-009
   4.6386353066990154       -1.1382610230093591E-009
   4.6449122150977962       -3.2153778863014294E-009
   4.6511891234965770       -4.9992949929926085E-009
   4.6574660318953578       -6.3289967610514959E-009
   4.6637429402941386       -7.0858642145353843E-009
   4.6700198486929194       -7.2039108753411885E-009
   4.6762967570917002       -6.6751102154474703E-009
   4.6825736654904810       -5.5494082894917887E-009
   4.6888505738892619       -3.9295450418941602E-009
   4.6951274822880427       -1.9612386385860591E-009
   4.7014043906868235        1.8027735722933432E-010
   4.7076812990856043        2.3061044554657496E-009
   4.7139582074843851        4.2304431796552309E-009
   4.7202351158831659        5.7867867828992442E-009
   4.7265120242819467        6.8421254718446658E-009
   4.7327889326807275        7.3079781598480241E-009
   4.7390658410795083        7.1473477247804611E-009
   4.7453427494782892        6.3771252690506569E-009
   4.7516196578770700        5.0658176559901230E-009
   4.7578965662758508        3.3269403810977631E-009
   4.7641734746746316        1.3087252788525671E-009
   4.7704503830734124       -8.1886775278791288E-010
   4.7767272914721932       -2.8786857947305502E-009
   4.7830041998709740       -4.7011863493524227E-009
   4.7892811082697548       -6.1382863361491489E-009
   4.7955580166685357       -7.0751167113191160E-009
   4.8018349250673165       -7.4387913100581483E-009
   4.8081118334660973       -7.2035421840709068E-009
   4.8143887418648781       -6.3919311232320712E-009
   4.8206656502636589       -5.0721348936773770E-009
   4.8269425586624397       -3.3516645971895668E-009
   4.8332194670612205       -1.3681149847559448E-009
   4.8394963754600013        7.2220941534321224E-010
   4.8457732838587821        2.7568435146934508E-009
   4.8520501922575630        4.5798432535833282E-009
   4.8583271006563438        6.0536297895429393E-009
   4.8646040090551246        7.0690850163726151E-009
   4.8708809174539054        7.5532052032345301E-009
   4.8771578258526862        7.4737941957387015E-009
   4.8834347342514670        6.8409674467920267E-009
   4.8897116426502478        5.7054440703252609E-009
   4.8959885510490286        4.1539000988325280E-009
   4.9022654594478094        2.3018120772880947E-009
   4.9085423678465903        2.8443479285111709E-010
   4.9148192762453711       -1.7533801173868001E-009
   4.9210961846441519       -3.6677116804019465E-009
   4.9273730930429327       -5.3257029484781577E-009
   4.9336500014417135       -6.6145664133736923E-009
   4.9399269098404943       -7.4488993795052367E-009
   4.9462038182392751       -7.7758398749227193E-009
   4.9524807266380559       -7.5778187300538095E-009
   4.9587576350368368       -6.8728060621915652E-009
   4.9650345434356176       -5.7121566993128458E-009
   4.9713114518343984       -4.1762907828090227E-009
   4.9775883602331792       -2.3686173223777270E-009
   4.9838652686319600       -4.0816101285870013E-010
   4.9901421770307408        1.5785408586559065E-009
   4.9964190854295216        3.4657341781566290E-009
   5.0026959938283024        5.1363612391059327E-009
   5.0089729022270832        6.4891343359237427E-009
   5.0152498106258641        7.4443335949941850E-009
   5.0215267190246449        7.9480538253927260E-009
   5.0278036274234257        7.9746865160723092E-009
   5.0340805358222065        7.5275967804518363E-009
   5.0403574442209873        6.6380216939368512E-009
   5.0466343526197681        5.3623682840568095E-009
   5.0529112610185480        3.7781318756171903E-009
   5.0591881694173289        1.9787736218022034E-009
   5.0654650778161097        6.7879313878459749E-011
   5.0717419862148905       -1.8469919991659766E-009
   5.0780188946136713       -3.6604332065406016E-009
   5.0842958030124521       -5.2749149064838604E-009
   5.0905727114112329       -6.6058427600368649E-009
   5.0968496198100137       -7.5856694126484069E-009
   5.1031265282087945       -8.1669272594052789E-009
   5.1094034366075753       -8.3240331567144223E-009
   5.1156803450063562       -8.0538775522177096E-009
   5.1219572534051370       -7.3751973446843247E-009
   5.1282341618039178       -6.3268657313547480E-009
   5.1345110702026986       -4.9652196820360101E-009
   5.1407879786014794       -3.3606466257937325E-009
   5.1470648870002602       -1.5936126125268702E-009
   5.1533417953990410        2.4959917632147665E-010
   5.1596187037978218        2.0812464085619204E-009
   5.1658956121966026        3.8163304426907065E-009
   5.1721725205953835        5.3764765862377786E-009
   5.1784494289941643        6.6932966335715629E-009
   5.1847263373929451        7.7111366135376553E-009
   5.1910032457917259        8.3890820098494873E-009
   5.1972801541905067        8.7022102455186820E-009
   5.2035570625892875        8.6420422620868574E-009
   5.2098339709880683        8.2162617268182473E-009
   5.2161108793868491        7.4477200656149068E-009
   5.2223877877856300        6.3728577275287490E-009
   5.2286646961844108        5.0396131079048571E-009
   5.2349416045831916        3.5049773203384059E-009
   5.2412185129819724        1.8322860294748600E-009
   5.2474954213807532        8.8421592093977597E-011
   5.2537723297795340       -1.6589911813150079E-009
   5.2600492381783148       -3.3442378841453500E-009
   5.2663261465770956       -4.9059604873498310E-009
   5.2726030549758764       -6.2892707078579614E-009
   5.2788799633746573       -7.4475069515558075E-009
   5.2851568717734381       -8.3435542596296822E-009
   5.2914337801722189       -8.9507449197730511E-009
   5.2977106885709997       -9.2532945387717170E-009
   5.3039875969697805       -9.2463323166625052E-009
   5.3102645053685613       -8.9355160430578207E-009
   5.3165414137673421       -8.3363125476219390E-009
   5.3228183221661229       -7.4729590137431727E-009
   5.3290952305649038       -6.3772112510594655E-009
   5.3353721389636846       -5.0868926959678643E-009
   5.3416490473624654       -3.6443579133982809E-009
   5.3479259557612462       -2.0948902308873481E-009
   5.3542028641600270       -4.8513634972234237E-010
   5.3604797725588078        1.1384157235185110E-009
   5.3667566809575886        2.7308171631306078E-009
   5.3730335893563694        4.2499150041142783E-009
   5.3793104977551502        5.6573989520474073E-009
   5.3855874061539311        6.9196771981924033E-009
   5.3918643145527119        8.0085108977926722E-009
   5.3981412229514927        8.9014647761178836E-009
   5.4044181313502735        9.5821179581405174E-009
   5.4106950397490543        1.0040109648696258E-008
   5.4169719481478351        1.0270972476767050E-008
   5.4232488565466159        1.0275838597421448E-008
   5.4295257649453967        1.0060980732612231E-008
   5.4358026733441775        9.6372744726528468E-009
   5.4420795817429584        9.0195478485695910E-009
   5.4483564901417392        8.2259116430477863E-009
   5.4546333985405200        7.2770289743893059E-009
   5.4609103069393008        6.1954117496582172E-009
   5.4671872153380816        5.0047087826673921E-009
   5.4734641237368624        3.7290586505724614E-009
   5.4797410321356432        2.3924613146989249E-009
   5.4860179405344240        1.0182504742138792E-009
   5.4922948489332049       -3.7140261708593738E-010
   5.4985717573319857       -1.7558668980617759E-009
   5.5048486657307665       -3.1163900473585470E-009
   5.5111255741295473       -4.4363204626424800E-009
   5.5174024825283281       -5.7012939333929574E-009
   5.5236793909271089       -6.8993050536967081E-009
   5.5299562993258897       -8.0207597276115476E-009
   5.5362332077246705       -9.0584249657828920E-009
   5.5425101161234513       -1.0007373262479259E-008
   5.5487870245222322       -1.0864843624889807E-008
   5.5550639329210130       -1.1630112542892251E-008
   5.5613408413197938       -1.2304298508644927E-008
   5.5676177497185746       -1.2890193637802722E-008
   5.5738946581173554       -1.3392043099629195E-008
   5.5801715665161362       -1.3815368002591168E-008
   5.5864484749149170       -1.4166747470692792E-008
   5.5927253833136978       -1.4453655317858804E-008
   5.5990022917124787       -1.4684263705908160E-008
   5.6052792001112595       -1.4867313312443246E-008
   5.6115561085100403       -1.5011950431149977E-008
   5.6178330169088211       -1.5127643262624779E-008
   5.6241099253076019       -1.5224067152812214E-008
   5.6303868337063827       -1.5311066914551907E-008
   5.6366637421051635       -1.5398590603341962E-008
   5.6429406505039443       -1.5496703979849375E-008
   5.6492175589027251       -1.5615577516496068E-008
   5.6554944673015060       -1.5765554300430864E-008
   5.6617713757002868       -1.5957185781692880E-008
   5.6680482840990676       -1.6201357466400635E-008
   5.6743251924978484       -1.6509380968873668E-008
   5.6806021008966292       -1.6893176338404685E-008
   5.6868790092954100       -1.7365427484512597E-008
   5.6931559176941908       -1.7939830952382779E-008
   5.6994328260929716       -1.8631322730081272E-008
   5.7057097344917524       -1.9456414114435255E-008
   5.7119866428905333       -2.0433505789719542E-008
   5.7182635512893141       -2.1583333681695725E-008
   5.7245404596880949       -2.2929405468169923E-008
   5.7308173680868757       -2.4498594774253057E-008
   5.7370942764856565       -2.6321746203012163E-008
   5.7433711848844373       -2.8434471350916098E-008
   5.7496480932832181       -3.0877995966880197E-008
   5.7559250016819989       -3.3700243589027332E-008
   5.7622019100807798       -3.6957021471912424E-008
   5.7684788184795606       -4.0713517389145152E-008
   5.7747557268783414       -4.5045972292804059E-008
   5.7810326352771222       -5.0043755028217519E-008
   5.7873095436759030       -5.5811717741702279E-008
   5.7935864520746838       -6.2473097430809785E-008
   5.7998633604734646       -7.0172858592043965E-008
   5.8061402688722454       -7.9081785552556511E-008
   5.8124171772710262       -8.9401247190685292E-008
   5.8186940856698071       -1.0136900485262555E-007
   5.8249709940685879       -1.1526602572045668E-007
   5.8312479024673687       -1.3142475341329740E-007
   5.8375248108661495       -1.5023888114410584E-007
   5.8438017192649303       -1.7217518503264460E-007
   5.8500786276637111       -1.9778756837861948E-007
   5.8563555360624919       -2.2773404511103307E-007
   5.8626324444612727       -2.6279697767371396E-007
   5.8689093528600536       -3.0390751927455162E-007
   5.8751862612588344       -3.5217482707829056E-007
   5.8814631696576152       -4.0892132872082296E-007
   5.8877400780563960       -4.7572497336879154E-007
   5.8940169864551768       -5.5447021418575506E-007
   5.9002938948539576       -6.4740919665221150E-007
   5.9065708032527384       -7.5723559138964645E-007
   5.9128477116515192       -8.8717331305898094E-007
   5.9191246200503000       -1.0410835638938085E-006
   5.9254015284490809       -1.2235935888058350E-006
   5.9316784368478617       -1.4402519928643185E-006
   5.9379553452466425       -1.6977156784929433E-006
   5.9442322536454233       -2.0039752986771323E-006
   5.9505091620442041       -2.3686265568895636E-006
   5.9567860704429849       -2.8031966153730204E-006
   5.9630629788417657       -3.3215361768961179E-006
   5.9693398872405457       -3.9402910007251997E-006
   5.9756167956393265       -4.6794680837433182E-006
   5.9818937040381073       -5.5631155475960985E-006
   5.9881706124368881       -6.6201377983031849E-006
   5.9944475208356689       -7.8852724961450636E-006
   6.0007244292344497       -9.4002595496164284E-006
   6.0070013376332305       -1.1215238749919501E-005
   6.0132782460320113       -1.3390417783306863E-005
   6.0195551544307921       -1.5998060500880410E-005
   6.0258320628295730       -1.9124852162586506E-005
   6.0321089712283538       -2.2874708456497055E-005
   6.0383858796271346       -2.7372103814177369E-005
   6.0446627880259154       -3.2766006598955612E-005
   6.0509396964246962       -3.9234519143352443E-005
   6.0572166048234770       -4.6990334226715703E-005
   6.0634935132222578       -5.6287130923207610E-005
   6.0697704216210386       -6.7427046597913370E-005
   6.0760473300198194       -8.0769372279270384E-005
   6.0823242384186003       -9.6740629963669119E-005
   6.0886011468173811       -1.1584619640496532E-004
   6.0948780552161619       -1.3868364154656513E-004
   6.1011549636149427       -1.6595794524799405E-004
   6.1074318720137235       -1.9849874271646523E-004
   6.1137087804125043       -2.3727972494336582E-004
   6.1199856888112851       -2.8344027981695599E-004
   6.1262625972100659       -3.3830953067076467E-004
   6.1325395056088468       -4.0343314597710993E-004
   6.1388164140076276       -4.8060292155596072E-004
   6.1450933224064084       -5.7188902124828884E-004
   6.1513702308051892       -6.7967476618343865E-004
   6.1576471392039700       -8.0669376783797000E-004
   6.1639240476027508       -9.5606906652723873E-004
   6.1702009560015316       -1.1313537855615020E-003
   6.1764778644003124       -1.3365726245366243E-003
   6.1827547727990932       -1.5762633118896678E-003
   6.1890316811978741       -1.8555168954840758E-003
   6.1953085895966549       -2.1800154985601211E-003
   6.2015854979954357       -2.5560658816819212E-003
   6.2078624063942165       -2.9906268688534581E-003
   6.2141393147929973       -3.4913283884652098E-003
   6.2204162231917781       -4.0664796015474772E-003
   6.2266931315905589       -4.7250633056040133E-003
   6.2329700399893397       -5.4767135858620848E-003
   6.2392469483881206       -6.3316734905664307E-003
   6.2455238567869014       -7.3007294327539956E-003
   6.2518007651856822       -8.3951189992788073E-003
   6.2580776735844630       -9.6264090154180165E-003
   6.2643545819832438       -1.1006340958182703E-002
   6.2706314903820246       -1.2546641329251488E-002
   6.2769083987808054       -1.4258795189506259E-002
   6.2831853071795862       -1.6153782025970342E-002
