   6.2769083987808056E-003  -4.8447456168158237E-002
   1.2553816797561611E-002  -4.3991441699667268E-002
   1.8830725196342418E-002  -3.5425000929077514E-002
   2.5107633595123222E-002  -2.3519083785543047E-002
   3.1384541993904030E-002  -9.3769714102210737E-003
   3.7661450392684835E-002   5.6632870949319446E-003
   4.3938358791465640E-002   2.0152942569315720E-002
   5.0215267190246445E-002   3.2671946992197942E-002
   5.6492175589027249E-002   4.1970373697284492E-002
   6.2769083987808061E-002   4.7097640289847406E-002
   6.9045992386588859E-002   4.7505838457131480E-002
   7.5322900785369670E-002   4.3115458514160085E-002
   8.1599809184150468E-002   3.4335131175367690E-002
   8.7876717582931280E-002   2.2031426272916810E-002
   9.4153625981712077E-002   7.4498425941345852E-003
  0.10043053438049289       -7.9066154625581139E-003
  0.10670744277927370       -2.2430014826629392E-002
  0.11298435117805450       -3.4576059678929391E-002
  0.11926125957683531       -4.3031028459392884E-002
  0.12553816797561612       -4.6858826422414263E-002
  0.13181507637439691       -4.5611258891411162E-002
  0.13809198477317772       -3.9387956672023952E-002
  0.14436889317195853       -2.8837416102542743E-002
  0.15064580157073934       -1.5096876917645018E-002
  0.15692270996952015        3.2439796439511745E-004
  0.16319961836830094        1.5707214839206892E-002
  0.16947652676708175        2.9312992606412659E-002
  0.17575343516586256        3.9581830052245977E-002
  0.18203034356464337        4.5315420839019550E-002
  0.18830725196342415        4.5822980054602232E-002
  0.19458416036220497        4.1011816149370960E-002
  0.20086106876098578        3.1410009062547810E-002
  0.20713797715976659        1.8116260877540164E-002
  0.21341488555854740        2.6805341446060906E-003
  0.21969179395732819       -1.3072408423197545E-002
  0.22596870235610900       -2.7257047518577236E-002
  0.23224561075488981       -3.8153884745249049E-002
  0.23852251915367062       -4.4421605371279205E-002
  0.24479942755245140       -4.5268066419665499E-002
  0.25107633595123224       -4.0557690154379981E-002
  0.25735324435001306       -3.0839974869850854E-002
  0.26363015274879381       -1.7293197674400958E-002
  0.26990706114757462       -1.5878893825616593E-003
  0.27618396954635543        1.4314983928331160E-002
  0.28246087794513625        2.8407336902457732E-002
  0.28873778634391706        3.8888832172225496E-002
  0.29501469474269787        4.4400838358616856E-002
  0.30129160314147868        4.4208634210574284E-002
  0.30756851154025949        3.8306733295505747E-002
  0.31384541993904030        2.7431451843524492E-002
  0.32012232833782106        1.2976546125784225E-002
  0.32639923673660187       -3.1795506701907564E-003
  0.33267614513538268       -1.8914320049542882E-002
  0.33895305353416350       -3.2139277432769744E-002
  0.34522996193294431       -4.1079318147709251E-002
  0.35150687033172512       -4.4515690928012580E-002
  0.35778377873050593       -4.1958775436707292E-002
  0.36406068712928674       -3.3725379607145001E-002
  0.37033759552806755       -2.0907590937950839E-002
  0.37661450392684831       -5.2347636111578213E-003
  0.38289141232562912        1.1154944592988651E-002
  0.38916832072440993        2.6004023646336857E-002
  0.39544522912319074        3.7247220243765332E-002
  0.40172213752197156        4.3302247558166015E-002
  0.40799904592075237        4.3298250798131162E-002
  0.41427595431953318        3.7208314966981230E-002
  0.42055286271831399        2.5864984843518707E-002
  0.42682977111709480        1.0853872505703669E-002
  0.43310667951587556       -5.7022379600404939E-003
  0.43938358791465637       -2.1440277152704152E-002
  0.44566049631343718       -3.4093770963033600E-002
  0.45193740471221799       -4.1821798921748490E-002
  0.45821431311099881       -4.3481976407597912E-002
  0.46449122150977962       -3.8806313194261866E-002
  0.47076812990856043       -2.8451982657291954E-002
  0.47704503830734124       -1.3916761889463272E-002
  0.48332194670612205        2.6713046079404413E-003
  0.48959885510490281        1.8861490664652029E-002
  0.49587576350368362        3.2241414995663305E-002
  0.50215267190246449        4.0798540549552530E-002
  0.50842958030124530        4.3227737733766383E-002
  0.51470648870002611        3.9137264379890659E-002
  0.52098339709880681        2.9119730060813413E-002
  0.52726030549758762        1.4674359343018743E-002
  0.53353721389636843       -2.0106978602933085E-003
  0.53981412229514925       -1.8385509728886432E-002
  0.54609103069393006       -3.1926786697740364E-002
  0.55236793909271087       -4.0528695536022369E-002
  0.55864484749149168       -4.2835303576238631E-002
  0.56492175589027249       -3.8461482533766606E-002
  0.57119866428905330       -2.8065279189955831E-002
  0.57747557268783412       -1.3257256700787699E-002
  0.58375248108661493        3.6422335685583856E-003
  0.59002938948539574        1.9962433622193736E-002
  0.59630629788417655        3.3103290774530211E-002
  0.60258320628295736        4.0952120529776238E-002
  0.60886011468173817        4.2228726500111537E-002
  0.61513702308051899        3.6701801333164689E-002
  0.62141393147929980        2.5238925487297736E-002
  0.62769083987808061        9.6786773007583992E-003
  0.63396774827686131       -7.4578108749759550E-003
  0.64024465667564212       -2.3371731528774337E-002
  0.64652156507442293       -3.5443544575524635E-002
  0.65279847347320374       -4.1667463672635477E-002
  0.65907538187198456       -4.0990934943541842E-002
  0.66535229027076537       -3.3500698078767197E-002
  0.67162919866954618       -2.0421342779702790E-002
  0.67790610706832699       -3.9229969233329923E-003
  0.68418301546710780        1.3233093084564452E-002
  0.69045992386588861        2.8154217858686551E-002
  0.69673683226466943        3.8305042050177804E-002
  0.70301374066345024        4.1942870156463578E-002
  0.70929064906223105        3.8423903506964757E-002
  0.71556755746101186        2.8325540188261042E-002
  0.72184446585979267        1.3360281707113860E-002
  0.72812137425857348       -3.9076567112578424E-003
  0.73439828265735430       -2.0497421553777338E-002
  0.74067519105613511       -3.3525242943978413E-002
  0.74695209945491581       -4.0708440122330394E-002
  0.75322900785369662       -4.0771175177019690E-002
  0.75950591625247743       -3.3678861071240365E-002
  0.76578282465125824       -2.0656888260503711E-002
  0.77205973305003905       -3.9866656992425453E-003
  0.77833664144881987        1.3388549423955171E-002
  0.78461354984760068        2.8380944888156585E-002
  0.79089045824638149        3.8308083675544273E-002
  0.79716736664516230        4.1377323855545670E-002
  0.80344427504394311        3.7016459939585300E-002
  0.80972118344272392        2.5988407303678220E-002
  0.81599809184150474        1.0265726119229124E-002
  0.82227500024028555       -7.3159847484758839E-003
  0.82855190863906636       -2.3566082458697495E-002
  0.83482881703784717       -3.5517874297121603E-002
  0.84110572543662798       -4.0973532571743805E-002
  0.84738263383540879       -3.8914226140394997E-002
  0.85365954223418961       -2.9697854108027034E-002
  0.85993645063297042       -1.5004729747114554E-002
  0.86621335903175112        2.4623241455621167E-003
  0.87249026743053193        1.9471169220569372E-002
  0.87876717582931274        3.2857566279017140E-002
  0.88504408422809355        4.0116186205046152E-002
  0.89132099262687436        3.9874552902593813E-002
  0.89759790102565518        3.2159297766958542E-002
  0.90387480942443599        1.8401853426689735E-002
  0.91015171782321680        1.1791686570766921E-003
  0.91642862622199761       -1.6264808331866259E-002
  0.92270553462077842       -3.0628783817526123E-002
  0.92898244301955923       -3.9180536752040356E-002
  0.93525935141834005       -4.0280869415391621E-002
  0.94153625981712086       -3.3703767627507888E-002
  0.94781316821590167       -2.0689111604226422E-002
  0.95409007661468248       -3.7148039438251426E-003
  0.96036698501346329        1.3970959577230801E-002
  0.96664389341224410        2.8969726692746996E-002
  0.97292080181102492        3.8387002908783913E-002
  0.97919771020980562        4.0394401783420103E-002
  0.98547461860858643        3.4589805343849464E-002
  0.99175152700736724        2.2083570533401434E-002
  0.99802843540614805        5.2913525201215249E-003
   1.0043053438049290       -1.2528836214628263E-002
   1.0105822522037098       -2.7907274483764000E-002
   1.0168591606024906       -3.7839017152405410E-002
   1.0231360690012714       -4.0374052156707065E-002
   1.0294129774000522       -3.5004560902303167E-002
   1.0356898857988328       -2.2771474724820502E-002
   1.0419667941976136       -6.0670941115507507E-003
   1.0482437025963944        1.1829678968418226E-002
   1.0545206109951752        2.7395744511254337E-002
   1.0607975193939561        3.7558123381191293E-002
   1.0670744277927369        4.0303093096408220E-002
   1.0733513361915177        3.5078806809171054E-002
   1.0796282445902985        2.2910131851229257E-002
   1.0859051529890793        6.2010742792844012E-003
   1.0921820613878601       -1.1737800934628125E-002
   1.0984589697866409       -2.7344444987876849E-002
   1.1047358781854217       -3.7513330219277378E-002
   1.1110127865842025       -4.0215397961383681E-002
   1.1172896949829834       -3.4905690070463749E-002
   1.1235666033817642       -2.2636157689661329E-002
   1.1298435117805450       -5.8497269186385667E-003
   1.1361204201793258        1.2104534169135296E-002
   1.1423973285781066        2.7639154407365172E-002
   1.1486742369768874        3.7645738074677339E-002
   1.1549511453756682        4.0118429426857366E-002
   1.1612280537744490        3.4557901681428839E-002
   1.1675049621732299        2.2074052007864418E-002
   1.1737818705720107        5.1659020340342858E-003
   1.1800587789707915       -1.2777901945961467E-002
   1.1863356873695723       -2.8158210527442652E-002
   1.1926125957683531       -3.7887888309578462E-002
   1.1988895041671339       -4.0012427849224833E-002
   1.2051664125659147       -3.4103587007466185E-002
   1.2114433209646955       -2.1346493356978979E-002
   1.2177202293634763       -4.3023260521868889E-003
   1.2239971377622572        1.3605935924705923E-002
   1.2302740461610380        2.8781336055053865E-002
   1.2365509545598188        3.8175912102657340E-002
   1.2428278629585996        3.9903262070632849E-002
   1.2491047713573804        3.3617397274816121E-002
   1.2553816797561612        2.0581711532252162E-002
   1.2616585881549420        3.4143752393875210E-003
   1.2679354965537226       -1.4438350243989083E-002
   1.2742124049525034       -2.9394658825366664E-002
   1.2804893133512842       -3.8456159776095448E-002
   1.2867662217500651       -3.9808736791750648E-002
   1.2930431301488459       -3.3184838025071571E-002
   1.2993200385476267       -1.9914962186146967E-002
   1.3055969469464075       -2.6587296189895600E-003
   1.3118738553451883        1.5129720328045703E-002
   1.3181507637439691        2.9894140779198011E-002
   1.3244276721427499        3.8687273154521994E-002
   1.3307045805415307        3.9758286420840609E-002
   1.3369814889403115        3.2899549682502201E-002
   1.3432583973390924        1.9484369213110038E-002
   1.3495353057378732        2.1893877339213418E-003
   1.3558122141366540       -1.5541675682599506E-002
   1.3620891225354348       -3.0184977366676691E-002
   1.3683660309342156       -3.8836795274635599E-002
   1.3746429393329964       -3.9787818055288297E-002
   1.3809198477317772       -3.2858104048912158E-002
   1.3871967561305580       -1.9427571891066191E-002
   1.3934736645293389       -2.1576917154604463E-003
   1.3997505729281197        1.5538765167401289E-002
   1.4060274813269005        3.0173633991700959E-002
   1.4123043897256813        3.8870655342478362E-002
   1.4185812981244621        3.9928685201871164E-002
   1.4248582065232429        3.3150859144538761E-002
   1.4311351149220237        1.9876692574462927E-002
   1.4374120233208045        2.7129688977953559E-003
   1.4436889317195853       -1.4981644538068951E-002
   1.4499658401183662       -2.9755610712453799E-002
   1.4562427485171470       -3.8737421134662407E-002
   1.4625196569159278       -4.0191172013142401E-002
   1.4687965653147086       -3.3847753491195967E-002
   1.4750734737134894       -2.0949284779969615E-002
   1.4813503821122702       -4.0007059174622705E-003
   1.4876272905110510        1.3720796844856378E-002
   1.4939041989098316        2.8801611787409302E-002
   1.5001811073086124        3.8348921496050639E-002
   1.5064580157073932        4.0542774906851077E-002
   1.5127349241061741        3.4978142915396519E-002
   1.5190118325049549        2.2733596305886488E-002
   1.5252887409037357        6.1563021857739490E-003
   1.5315656493025165       -1.1592702414024516E-002
   1.5378425577012973       -2.7143917989180928E-002
   1.5441194661000781       -3.7558961402253371E-002
   1.5503963744988589       -4.0882871858142725E-002
   1.5566732828976397       -3.6505837645619925E-002
   1.5629501912964205       -2.5268401691140484E-002
   1.5692270996952014       -9.2933908130046657E-003
   1.5755040080939822        8.4206584001651971E-003
   1.5817809164927630        2.4565657051991922E-002
   1.5880578248915438        3.6142146451867620E-002
   1.5943347332903246        4.1013865304178873E-002
   1.6006116416891054        3.8296635968914181E-002
   1.6068885500878862        2.8511773972936156E-002
   1.6131654584866670        1.3478820401960509E-002
   1.6194423668854478       -4.0291814393365712E-003
   1.6257192752842287       -2.0801400313642013E-002
   1.6319961836830095       -3.3779227455171659E-002
   1.6382730920817903       -4.0611926254353330E-002
   1.6445500004805711       -4.0077351204910752E-002
   1.6508269088793519       -3.2293378942390281E-002
   1.6571038172781327       -1.8684861112589813E-002
   1.6633807256769135       -1.7156411038446989E-003
   1.6696576340756943        1.5562728256648955E-002
   1.6759345424744752        3.0061982086641157E-002
   1.6822114508732560        3.9207960406273563E-002
   1.6884883592720368        4.1393211446260292E-002
   1.6947652676708176        3.6252608825754318E-002
   1.7010421760695984        2.4716019293796535E-002
   1.7073190844683792        8.8322697176768696E-003
   1.7135959928671600       -8.6010042341994799E-003
   1.7198729012659408       -2.4533684957764021E-002
   1.7261498096647214       -3.6197012614008067E-002
   1.7324267180635022       -4.1581486040016248E-002
   1.7387036264622830       -3.9776931809162336E-002
   1.7449805348610639       -3.1118318015214835E-002
   1.7512574432598447       -1.7115497682821310E-002
   1.7575343516586255       -1.8260821705252240E-004
   1.7638112600574063        1.6783193505754634E-002
   1.7700881684561871        3.0899323393721364E-002
   1.7763650768549679        3.9785935426378281E-002
   1.7826419852537487        4.1962298877047520E-002
   1.7889188936525295        3.7086243255497607E-002
   1.7951958020513104        2.5999277576710007E-002
   1.8014727104500912        1.0573318422253366E-002
   1.8077496188488720       -6.6118666250150632E-003
   1.8140265272476528       -2.2703899634523877E-002
   1.8203034356464336       -3.5051700203933930E-002
   1.8265803440452144       -4.1639291927866834E-002
   1.8328572524439952       -4.1409064087555042E-002
   1.8391341608427760       -3.4423696971903589E-002
   1.8454110692415568       -2.1843390647667740E-002
   1.8516879776403377       -5.7255506771987054E-003
   1.8579648860391185        1.1317360388244017E-002
   1.8642417944378993        2.6544053843259769E-002
   1.8705187028366801        3.7524795531261694E-002
   1.8767956112354609        4.2525339029016215E-002
   1.8830725196342417        4.0774420249367595E-002
   1.8893494280330225        3.2574669173239243E-002
   1.8956263364318033        1.9242455444542270E-002
   1.9019032448305841        2.8894337648100420E-003
   1.9081801532293650       -1.3916936652197254E-002
   1.9144570616281458       -2.8558605737406276E-002
   1.9207339700269266       -3.8773662854860821E-002
   1.9270108784257074       -4.3001639198852824E-002
   1.9332877868244882       -4.0615389971694026E-002
   1.9395646952232690       -3.2006208667348844E-002
   1.9458416036220498       -1.8512055139593201E-002
   1.9521185120208304       -2.2029040615022377E-003
   1.9583954204196112        1.4441431215136120E-002
   1.9646723288183920        2.8910227463275904E-002
   1.9709492372171729        3.9039417966735608E-002
   1.9772261456159537        4.3331261467472161E-002
   1.9835030540147345        4.1169566111062011E-002
   1.9897799624135153        3.2900562762084015E-002
   1.9960568708122961        1.9770138282825749E-002
   2.0023337792110771        3.7295555020615688E-003
   2.0086106876098579       -1.2859177284679276E-002
   2.0148875960086388       -2.7573185940038804E-002
   2.0211645044074196       -3.8281791817997145E-002
   2.0274414128062004       -4.3451485357759424E-002
   2.0337183212049812       -4.2359740376030790E-002
   2.0399952296037620       -3.5188774038166303E-002
   2.0462721380025428       -2.2988281272939622E-002
   2.0525490464013236       -7.5151549570069446E-003
   2.0588259548001044        9.0244978494171853E-003
   2.0651028631988853        2.4292520955803979E-002
   2.0713797715976656        3.6149142850335970E-002
   2.0776566799964464        4.2950049548306356E-002
   2.0839335883952272        4.3769302861371248E-002
   2.0902104967940081        3.8518667079760961E-002
   2.0964874051927889        2.7949019785225970E-002
   2.1027643135915697        1.3536171068160539E-002
   2.1090412219903505       -2.7307497681221741E-003
   2.1153181303891313       -1.8627308426983170E-002
   2.1215950387879121       -3.1998899679758802E-002
   2.1278719471866929       -4.1051063196718161E-002
   2.1341488555854737       -4.4586146101625528E-002
   2.1404257639842545       -4.2155719592846079E-002
   2.1467026723830354       -3.4110251249152901E-002
   2.1529795807818162       -2.1541726189233716E-002
   2.1592564891805970       -6.1292329279971592E-003
   2.1655333975793778        1.0089922194922154E-002
   2.1718103059781586        2.4991829480123746E-002
   2.1780872143769394        3.6643853712924772E-002
   2.1843641227757202        4.3552499896369057E-002
   2.1906410311745010        4.4849890792313787E-002
   2.1969179395732819        4.0396280744103216E-002
   2.2031948479720627        3.0787451453705636E-002
   2.2094717563708435        1.7268311731576714E-002
   2.2157486647696243        1.5659189392257203E-003
   2.2220255731684051       -1.4335038098039727E-002
   2.2283024815671859       -2.8444672793515577E-002
   2.2345793899659667       -3.9015993540912987E-002
   2.2408562983647475       -4.4757887873717400E-002
   2.2471332067635283       -4.4987500073296369E-002
   2.2534101151623092       -3.9704751084828509E-002
   2.2596870235610900       -2.9581836408915034E-002
   2.2659639319598708       -1.5871149970523617E-002
   2.2722408403586516       -2.4489903167332317E-004
   2.2785177487574324        1.5412467400324804E-002
   2.2847946571562132        2.9232869368164615E-002
   2.2910715655549940        3.9586394828703894E-002
   2.2973484739537748        4.5270126279537831E-002
   2.3036253823525557        4.5642582753290896E-002
   2.3099022907513365        4.0689465527334358E-002
   2.3161791991501173        3.1014909637822975E-002
   2.3224561075488981        1.7761310709805512E-002
   2.3287330159476789        2.4689667273435738E-003
   2.3350099243464597       -1.3106670746558061E-002
   2.3412868327452405       -2.7198087027706139E-002
   2.3475637411440213       -3.8225519394566851E-002
   2.3538406495428021       -4.4971056083941523E-002
   2.3601175579415830       -4.6708241741181780E-002
   2.3663944663403638       -4.3274035766500754E-002
   2.3726713747391446       -3.5076834300036580E-002
   2.3789482831379254       -2.3041549372526390E-002
   2.3852251915367062       -8.4996141735518473E-003
   2.3915020999354870        6.9624860948949230E-003
   2.3977790083342678        2.1678545610922889E-002
   2.4040559167330486        3.4082279351679283E-002
   2.4103328251318294        4.2871965836824982E-002
   2.4166097335306103        4.7143078899163214E-002
   2.4228866419293911        4.6475901755156528E-002
   2.4291635503281719        4.0970324135160059E-002
   2.4354404587269527        3.1225825807920941E-002
   2.4417173671257335        1.8270411243104284E-002
   2.4479942755245143        3.4473834679417505E-003
   2.4542711839232951       -1.1727167311082649E-002
   2.4605480923220759       -2.5720786419525486E-002
   2.4668250007208568       -3.7138787825820641E-002
   2.4731019091196376       -4.4860736484233714E-002
   2.4793788175184184       -4.8146254713763853E-002
   2.4856557259171992       -4.6700658872402566E-002
   2.4919326343159800       -4.0695249181468239E-002
   2.4982095427147608       -3.0741711207597357E-002
   2.5044864511135416       -1.7824571870203271E-002
   2.5107633595123224       -3.1995565687185914E-003
   2.5170402679111032        1.1731331450621066E-002
   2.5233171763098841        2.5555382288245439E-002
   2.5295940847086644        3.6982249700554373E-002
   2.5358709931074452        4.4962111445075614E-002
   2.5421479015062260        4.8778384997947871E-002
   2.5484248099050069        4.8107237055705014E-002
   2.5547017183037877        4.3039492691578814E-002
   2.5609786267025685        3.4064169925864030E-002
   2.5672555351013493        2.2016392033481193E-002
   2.5735324435001301        7.9955460737642040E-003
   2.5798093518989109       -6.7379996198033715E-003
   2.5860862602976917       -2.0877719155373092E-002
   2.5923631686964725       -3.3186761818488904E-002
   2.5986400770952534       -4.2604590261805873E-002
   2.6049169854940342       -4.8335431053067854E-002
   2.6111938938928150       -4.9911484051963988E-002
   2.6174708022915958       -4.7226298647416953E-002
   2.6237477106903766       -4.0536467381713029E-002
   2.6300246190891574       -3.0432560272655423E-002
   2.6363015274879382       -1.7782784438814776E-002
   2.6425784358867190       -3.6550148118493510E-003
   2.6488553442854998        1.0775554551640870E-002
   2.6551322526842807        2.4325014731057814E-002
   2.6614091610830615        3.5897319877118528E-002
   2.6676860694818423        4.4571077613799179E-002
   2.6739629778806231        4.9669914419343174E-002
   2.6802398862794039        5.0811377359557638E-002
   2.6865167946781847        4.7931251514475900E-002
   2.6927937030769655        4.1282237679301642E-002
   2.6990706114757463        3.1407976859537709E-002
   2.7053475198745272        1.9095269336702938E-002
   2.7116244282733080        5.3088848526838799E-003
   2.7179013366720888       -8.8855022812913478E-003
   2.7241782450708696       -2.2404054216639470E-002
   2.7304551534696504       -3.4226816236201919E-002
   2.7367320618684312       -4.3473003832552315E-002
   2.7430089702672120       -4.9464197110637785E-002
   2.7492858786659928       -5.1771191037850724E-002
   2.7555627870647736       -5.0241584544018093E-002
   2.7618396954635545       -4.5006670914080858E-002
   2.7681166038623353       -3.6467705937905673E-002
   2.7743935122611161       -2.5263073243783626E-002
   2.7806704206598969       -1.2219144475443122E-002
   2.7869473290586777        1.7113316269774814E-003
   2.7932242374574585        1.5518738737092077E-002
   2.7995011458562393        2.8209022114255865E-002
   2.8057780542550201        3.8873995182806480E-002
   2.8120549626538009        4.6754755727150023E-002
   2.8183318710525818        5.1294016011567439E-002
   2.8246087794513626        5.2173950857231088E-002
   2.8308856878501434        4.9337174000498155E-002
   2.8371625962489242        4.2989596982218457E-002
   2.8434395046477050        3.3585127533023229E-002
   2.8497164130464858        2.1793353186859789E-002
   2.8559933214452666        8.4524592142855362E-003
   2.8622702298440474       -5.4894166937886103E-003
   2.8685471382428283       -1.9040442971557513E-002
   2.8748240466416091       -3.1234517387690560E-002
   2.8811009550403899       -4.1199186337241761E-002
   2.8873778634391707       -4.8217463890202338E-002
   2.8936547718379515       -5.1779316537700161E-002
   2.8999316802367323       -5.1619213244982899E-002
   2.9062085886355131       -4.7737011561939199E-002
   2.9124854970342939       -4.0400511080517731E-002
   2.9187624054330747       -3.0129195546713280E-002
   2.9250393138318556       -1.7659935213371572E-002
   2.9313162222306364       -3.8966564325575818E-003
   2.9375931306294172        1.0152871347801184E-002
   2.9438700390281980        2.3449005649336774E-002
   2.9501469474269788        3.4996094315816836E-002
   2.9564238558257596        4.3916926325902259E-002
   2.9627007642245404        4.9520362422684518E-002
   2.9689776726233212        5.1357002800162622E-002
   2.9752545810221021        4.9258383819484095E-002
   2.9815314894208829        4.3356187922386109E-002
   2.9878083978196632        3.4079262701630732E-002
   2.9940853062184440        2.2127720109683412E-002
   3.0003622146172249        8.4250145205545402E-003
   3.0066391230160057       -5.9493230995328631E-003
   3.0129160314147865       -1.9841925519548446E-002
   3.0191929398135673       -3.2116965514096429E-002
   3.0254698482123481       -4.1749712849756405E-002
   3.0317467566111289       -4.7914682290931210E-002
   3.0380236650099097       -5.0060731054650795E-002
   3.0443005734086905       -4.7966058188707542E-002
   3.0505774818074713       -4.1767310282522688E-002
   3.0568543902062522       -3.1958862224267033E-002
   3.0631312986050330       -1.9360710373501781E-002
   3.0694082070038138       -5.0561210635026088E-003
   3.0756851154025946        9.6969994519836740E-003
   3.0819620238013754        2.3574362011032780E-002
   3.0882389322001562        3.5304250099333190E-002
   3.0945158405989370        4.3786637762921160E-002
   3.1007927489977178        4.8201216789166126E-002
   3.1070696573964987        4.8093408955207168E-002
   3.1133465657952795        4.3428877349718946E-002
   3.1196234741940603        3.4609552491673752E-002
   3.1259003825928411        2.2447591047766086E-002
   3.1321772909916219        8.0977113422169116E-003
   3.1384541993904027       -7.0473710803240783E-003
   3.1447311077891835       -2.1489588077270607E-002
   3.1510080161879643       -3.3773968636355109E-002
   3.1572849245867451       -4.2638225899821788E-002
   3.1635618329855260       -4.7147818830309211E-002
   3.1698387413843068       -4.6801535910215318E-002
   3.1761156497830876       -4.1595091152543728E-002
   3.1823925581818684       -3.2034136430053831E-002
   3.1886694665806492       -1.9093176034398612E-002
   3.1949463749794300       -4.1226328568407912E-003
   3.2012232833782108        1.1287850910826758E-002
   3.2075001917769916        2.5476549803542813E-002
   3.2137771001757724        3.6889877003395785E-002
   3.2200540085745533        4.4256078320531085E-002
   3.2263309169733341        4.6732646056819094E-002
   3.2326078253721149        4.4009826091312432E-002
   3.2388847337708957        3.6356862097334519E-002
   3.2451616421696765        2.4603655507118214E-002
   3.2514385505684573        1.0057704215862752E-002
   3.2577154589672381       -5.6362725522473853E-003
   3.2639923673660189       -2.0679591357168615E-002
   3.2702692757647998       -3.3325676493130139E-002
   3.2765461841635806       -4.2085384339259069E-002
   3.2828230925623614       -4.5907195123071898E-002
   3.2891000009611422       -4.4309972417049898E-002
   3.2953769093599230       -3.7450873951140495E-002
   3.3016538177587038       -2.6118216379252750E-002
   3.3079307261574846       -1.1647873896808179E-002
   3.3142076345562654        4.2288877113786441E-003
   3.3204845429550462        1.9589509735226732E-002
   3.3267614513538271        3.2552521720975801E-002
   3.3330383597526079        4.1510211603716006E-002
   3.3393152681513887        4.5332594504615360E-002
   3.3455921765501695        4.3516307934701647E-002
   3.3518690849489503        3.6258127913265679E-002
   3.3581459933477311        2.4441700292946858E-002
   3.3644229017465119        9.5367897730421272E-003
   3.3706998101452927       -6.5784423924246625E-003
   3.3769767185440736       -2.1851348747917641E-002
   3.3832536269428544       -3.4316158111339132E-002
   3.3895305353416352       -4.2349564295724097E-002
   3.3958074437404160       -4.4887026332784428E-002
   3.4020843521391968       -4.1570391060523876E-002
   3.4083612605379776       -3.2805621812185555E-002
   3.4146381689367584       -1.9720709144838370E-002
   3.4209150773355392       -4.0268598622017898E-003
   3.4271919857343200        1.2200879262579524E-002
   3.4334688941331009        2.6796075905446973E-002
   3.4397458025318817        3.7790967460139289E-002
   3.4460227109306620        4.3685213672984412E-002
   3.4522996193294428        4.3656228159674980E-002
   3.4585765277282237        3.7680920084191702E-002
   3.4648534361270045        2.6550025171314037E-002
   3.4711303445257853        1.1770537915160298E-002
   3.4774072529245661       -4.6328170456047795E-003
   3.4836841613233469       -2.0391741184391250E-002
   3.4899610697221277       -3.3307515022078654E-002
   3.4962379781209085       -4.1560028309092487E-002
   3.5025148865196893       -4.3968985032388781E-002
   3.5087917949184702       -4.0169198397885179E-002
   3.5150687033172510       -3.0673126363337529E-002
   3.5213456117160318       -1.6809236390984240E-002
   3.5276225201148126       -5.4234176783328838E-004
   3.5338994285135934        1.5800749637309288E-002
   3.5401763369123742        2.9862604530873093E-002
   3.5464532453111550        3.9596615215728902E-002
   3.5527301537099358        4.3568924576656801E-002
   3.5590070621087166        4.1175757107890017E-002
   3.5652839705074975        3.2742411927361735E-002
   3.5715608789062783        1.9486828430990328E-002
   3.5778377873050591        3.3503172988947989E-003
   3.5841146957038399       -1.3282084189711406E-002
   3.5903916041026207       -2.7932099669844820E-002
   3.5966685125014015       -3.8398394570021428E-002
   3.6029454209001823       -4.3091077602089085E-002
   3.6092223292989631       -4.1279202385973594E-002
   3.6154992376977440       -3.3211927466364165E-002
   3.6217761460965248       -2.0092321539860750E-002
   3.6280530544953056       -3.9048685630843935E-003
   3.6343299628940864        1.2879747595019699E-002
   3.6406068712928672        2.7679488283362287E-002
   3.6468837796916480        3.8198974122068012E-002
   3.6531606880904288        4.2789257752646137E-002
   3.6594375964892096        4.0712458262472766E-002
   3.6657145048879904        3.2267926621510588E-002
   3.6719914132867713        1.8757377703699472E-002
   3.6782683216855521        2.2913311253861253E-003
   3.6845452300843329       -1.4535577582320219E-002
   3.6908221384831137       -2.9051338878862160E-002
   3.6970990468818945       -3.8932019805062737E-002
   3.7033759552806753       -4.2578071845160818E-002
   3.7096528636794561       -3.9379956060254184E-002
   3.7159297720782369       -2.9827996083621886E-002
   3.7222066804770177       -1.5445602654370515E-002
   3.7284835888757986        1.4466831349726691E-003
   3.7347604972745794        1.8101020615631326E-002
   3.7410374056733602        3.1787851803981880E-002
   3.7473143140721410        4.0245271933481985E-002
   3.7535912224709218        4.2057936049213270E-002
   3.7598681308697026        3.6901252556462594E-002
   3.7661450392684834        2.5607617091196112E-002
   3.7724219476672642        1.0040254531250426E-002
   3.7786988560660451       -7.2077533560142987E-003
   3.7849757644648259       -2.3241789743881976E-002
   3.7912526728636067       -3.5351283128080918E-002
   3.7975295812623875       -4.1471165310334374E-002
   3.8038064896611683       -4.0540142282471284E-002
   3.8100833980599491       -3.2692642337255072E-002
   3.8163603064587299       -1.9248504387746109E-002
   3.8226372148575107       -2.4985643416824332E-003
   3.8289141232562915        1.4680428163908524E-002
   3.8351910316550724        2.9317785722482208E-002
   3.8414679400538532        3.8864004411004321E-002
   3.8477448484526340        4.1639483309862092E-002
   3.8540217568514148        3.7137085398197191E-002
   3.8602986652501956        2.6122868391229459E-002
   3.8665755736489764        1.0513824560174039E-002
   3.8728524820477572       -6.9494473469814810E-003
   3.8791293904465380       -2.3180408036754831E-002
   3.8854062988453189       -3.5291964877991897E-002
   3.8916832072440997       -4.1113237910461752E-002
   3.8979601156428805       -3.9584638512445258E-002
   3.9042370240416608       -3.0958321176756363E-002
   3.9105139324404417       -1.6764830929329566E-002
   3.9167908408392225        4.5162294647153731E-004
   3.9230677492380033        1.7584768232403791E-002
   3.9293446576367841        3.1525396920097072E-002
   3.9356215660355649        3.9727599738864972E-002
   3.9418984744343457        4.0678606507326111E-002
   3.9481753828331265        3.4184629408149363E-002
   3.9544522912319073        2.1417492793454271E-002
   3.9607291996306881        4.7100855331160228E-003
   3.9670061080294690       -1.2865001043950455E-002
   3.9732830164282498       -2.8058449213179813E-002
   3.9795599248270306       -3.8046008763832850E-002
   3.9858368332258114       -4.0957416786189582E-002
   3.9921137416245922       -3.6232627864058696E-002
   3.9983906500233730       -2.4736391167561489E-002
   4.0046675584221543       -8.6066103325974259E-003
   4.0109444668209351        9.1382538102100751E-003
   4.0172213752197159        2.5161567762636561E-002
   4.0234982836184967        3.6436335278750592E-002
   4.0297751920172775        4.0820165821833593E-002
   4.0360521004160583        3.7467538007898066E-002
   4.0423290088148391        2.6999023084577786E-002
   4.0486059172136200        1.1392506812683771E-002
   4.0548828256124008       -6.3857812767909852E-003
   4.0611597340111816       -2.2942479633758315E-002
   4.0674366424099624       -3.5104794726501423E-002
   4.0737135508087432       -4.0530986194797246E-002
   4.0799904592075240       -3.8165631886218049E-002
   4.0862673676063048       -2.8450286121517784E-002
   4.0925442760050856       -1.3246482409771087E-002
   4.0988211844038664        4.5166564685625290E-003
   4.1050980928026473        2.1404298308822917E-002
   4.1113750012014281        3.4139895530353896E-002
   4.1176519096002089        4.0242892798861375E-002
   4.1239288179989897        3.8515571630409973E-002
   4.1302057263977705        2.9282715230734457E-002
   4.1364826347965504        1.4335245656429694E-002
   4.1427595431953312       -3.4134246742779928E-003
   4.1490364515941121       -2.0493088510567841E-002
   4.1553133599928929       -3.3554999083762860E-002
   4.1615902683916737       -4.0030080422804086E-002
   4.1678671767904545       -3.8637316883207727E-002
   4.1741440851892353       -2.9641054011591849E-002
   4.1804209935880161       -1.4804760954096028E-002
   4.1866979019867969        2.9515374239087173E-003
   4.1929748103855777        2.0124191177952954E-002
   4.1992517187843585        3.3317083726112563E-002
   4.2055286271831394        3.9914619995566267E-002
   4.2118055355819202        3.8602827523833004E-002
   4.2180824439807010        2.9634186496781192E-002
   4.2243593523794818        1.4782168891494371E-002
   4.2306362607782626       -3.0070197084505613E-003
   4.2369131691770434       -2.0197551703712045E-002
   4.2431900775758242       -3.3366720493432173E-002
   4.2494669859746050       -3.9887558727661865E-002
   4.2557438943733858       -3.8454869944004877E-002
   4.2620208027721667       -2.9348867821730806E-002
   4.2682977111709475       -1.4382662491598032E-002
   4.2745746195697283        3.4570528389828697E-003
   4.2808515279685091        2.0605200512029964E-002
   4.2871284363672899        3.3630871540586048E-002
   4.2934053447660707        3.9924690102232187E-002
   4.2996822531648515        3.8222993829437030E-002
   4.3059591615636323        2.8863162720995976E-002
   4.3122360699624132        1.3718147705983081E-002
   4.3185129783611940       -4.1773838085349966E-003
   4.3247898867599748       -2.1234795033541025E-002
   4.3310667951587556       -3.4031381286146620E-002
   4.3373437035575364       -3.9997847934607533E-002
   4.3436206119563172       -3.7935036708183149E-002
   4.3498975203550980       -2.8255724978767442E-002
   4.3561744287538788       -1.2902544888159145E-002
   4.3624513371526596        5.0417504357253068E-003
   4.3687282455514405        2.1973456116076973E-002
   4.3750051539502213        3.4492027462799849E-002
   4.3812820623490021        4.0083442671832357E-002
   4.3875589707477829        3.7625299550084070E-002
   4.3938358791465637        2.7612041810777914E-002
   4.4001127875453445        1.2055102566971069E-002
   4.4063896959441253       -5.9217707617778342E-003
   4.4126666043429061       -2.2710404981326704E-002
   4.4189435127416870       -3.4942864404963754E-002
   4.4252204211404678       -4.0167143757661686E-002
   4.4314973295392486       -3.7338214926012976E-002
   4.4377742379380294       -2.7026107534812598E-002
   4.4440511463368102       -1.1299755699002056E-002
   4.4503280547355910        6.6894481978896202E-003
   4.4566049631343718        2.3340234684290410E-002
   4.4628818715331526        3.5322884620176874E-002
   4.4691587799319334        4.0244777556184781E-002
   4.4754356883307143        3.7126994448226397E-002
   4.4817125967294951        2.6597197516743828E-002
   4.4879895051282759        1.0761127052192026E-002
   4.4942664135270567       -7.2205417994555361E-003
   4.5005433219258375       -2.3764487281192962E-002
   4.5068202303246183       -3.5579305289705800E-002
   4.5130971387233991       -4.0319656089597138E-002
   4.5193740471221799       -3.7050029177803034E-002
   4.5256509555209607       -2.6426720325832539E-002
   4.5319278639197416       -1.0563139554581635E-002
   4.5382047723185224        7.3933258725475265E-003
   4.5444816807173032        2.3887588173187535E-002
   4.5507585891160840        3.5661211997149340E-002
   4.5570354975148648        4.0395099489402710E-002
   4.5633124059136456        3.7163863296812504E-002
   4.5695893143124264        2.6613290332983399E-002
   4.5758662227112072        1.0827544560580001E-002
   4.5821431311099881       -7.0858716324364015E-003
   4.5884200395087689       -2.3610047118296382E-002
   4.5946969479075497       -3.5509684287102987E-002
   4.6009738563063305       -4.0463243309016135E-002
   4.6072507647051113       -3.7512872652933522E-002
   4.6135276731038921       -2.7245465113094405E-002
   4.6198045815026729       -1.1671444265704288E-002
   4.6260814899014537        6.1728632042633300E-003
   4.6323583983002345        2.2819817810386351E-002
   4.6386353066990154        3.5045007894068295E-002
   4.6449122150977962        4.0490316211853172E-002
   4.6511891234965770        3.8115334017240390E-002
   4.6574660318953578        2.8391336530409216E-002
   4.6637429402941386        1.3202608787898319E-002
   4.6700198486929194       -4.5233235670910990E-003
   4.6762967570917002       -2.1383083466533410E-002
   4.6825736654904810       -3.4151829400010263E-002
   4.6888505738892619       -4.0398570194482085E-002
   4.6951274822880427       -3.8945232846321634E-002
   4.7014043906868235       -3.0083479237730325E-002
   4.7076812990856043       -1.5510418491816589E-002
   4.7139582074843851        2.0017443097779296E-003
   4.7202351158831659        1.9136804059417128E-002
   4.7265120242819467        3.2663899069770977E-002
   4.7327889326807275        4.0045351120714216E-002
   4.7390658410795083        3.9908847753170058E-002
   4.7453427494782892        3.2296814218987550E-002
   4.7516196578770700        1.8648773364813739E-002
   4.7578965662758508        1.5230472777156563E-003
   4.7641734746746316       -1.5887286581701559E-002
   4.7704503830734124       -3.0351741029019382E-002
   4.7767272914721932       -3.9200904479889491E-002
   4.7830041998709740       -4.0815323038210082E-002
   4.7892811082697548       -3.4915921612530425E-002
   4.7955580166685357       -2.2605010213295747E-002
   4.8018349250673165       -6.1535367636339463E-003
   4.8081118334660973        1.1423173245122813E-002
   4.8143887418648781        2.6920947767835431E-002
   4.8206656502636589        3.7530672952118253E-002
   4.8269425586624397        4.1344175051243062E-002
   4.8332194670612205        3.7691564233917410E-002
   4.8394963754600013        2.7251486655098835E-002
   4.8457732838587821        1.1917640388539199E-002
   4.8520501922575630       -5.5510093724562481E-003
   4.8583271006563438       -2.2030602043788122E-002
   4.8646040090551246       -3.4591876241949836E-002
   4.8708809174539054       -4.1018411118995464E-002
   4.8771578258526862       -4.0192356565844765E-002
   4.8834347342514670       -3.2281495620757099E-002
   4.8897116426502478       -1.8697739391186841E-002
   4.8959885510490286       -1.8378992274870872E-003
   4.9022654594478094        1.5344463210637739E-002
   4.9085423678465903        2.9858722120438386E-002
   4.9148192762453711        3.9196569170174153E-002
   4.9210961846441519        4.1761092353004348E-002
   4.9273730930429327        3.7132944355541542E-002
   4.9336500014417135        2.6130510792795998E-002
   4.9399269098404943        1.0657227558915712E-002
   4.9462038182392751       -6.6342455066158912E-003
   4.9524807266380559       -2.2800672605229867E-002
   4.9587576350368368       -3.5109773033505938E-002
   4.9650345434356176       -4.1499105735085674E-002
   4.9713114518343984       -4.0915767628190637E-002
   4.9775883602331792       -3.3482012129835995E-002
   4.9838652686319600       -2.0462204136561562E-002
   4.9901421770307408       -4.0401845041074134E-003
   4.9964190854295216        1.3052583319605045E-002
   5.0026959938283024        2.7993896360452172E-002
   5.0089729022270832        3.8335925123707398E-002
   5.0152498106258641        4.2402097939592556E-002
   5.0215267190246449        3.9552154492501393E-002
   5.0278036274234257        3.0274666644315256E-002
   5.0340805358222065        1.6095242725075839E-002
   5.0403574442209873       -6.8130047530304944E-004
   5.0466343526197681       -1.7350184827335330E-002
   5.0529112610185480       -3.1244255195910099E-002
   5.0591881694173289       -4.0158930272889089E-002
   5.0654650778161097       -4.2697177244740744E-002
   5.0717419862148905       -3.8481384673138448E-002
   5.0780188946136713       -2.8201242404612185E-002
   5.0842958030124521       -1.3493236994553036E-002
   5.0905727114112329        3.3261647826215083E-003
   5.0968496198100137        1.9629249775930554E-002
   5.1031265282087945        3.2888483969576610E-002
   5.1094034366075753        4.1066146827638421E-002
   5.1156803450063562        4.2922528649585553E-002
   5.1219572534051370        3.8196925007432436E-002
   5.1282341618039178        2.7636182154687734E-002
   5.1345110702026986        1.2869371042008122E-002
   5.1407879786014794       -3.8494300957626743E-003
   5.1470648870002602       -1.9988817565122562E-002
   5.1533417953990410       -3.3124104776424419E-002
   5.1596187037978218       -4.1299414733481955E-002
   5.1658956121966026       -4.3314144606699870E-002
   5.1721725205953835       -3.8892634656105339E-002
   5.1784494289941643       -2.8714158996354218E-002
   5.1847263373929451       -1.4301530391098936E-002
   5.1910032457917259        2.2125370452518328E-003
   5.1972801541905067        1.8404688307084503E-002
   5.2035570625892875        3.1917546503782160E-002
   5.2098339709880683        4.0801125989328488E-002
   5.2161108793868491        4.3789916763490082E-002
   5.2223877877856300        4.0476960773752887E-002
   5.2286646961844108        3.1361962428629729E-002
   5.2349416045831916        1.7769053922562117E-002
   5.2412185129819724        1.6485256205879836E-003
   5.2474954213807532       -1.4707031395244737E-002
   5.2537723297795340       -2.8990347224120958E-002
   5.2600492381783148       -3.9203876668732415E-002
   5.2663261465770956       -4.3935583565206264E-002
   5.2726030549758764       -4.2548591719123972E-002
   5.2788799633746573       -3.5260082240342154E-002
   5.2851568717734381       -2.3100766059043747E-002
   5.2914337801722189       -7.7629579874256109E-003
   5.2977106885709997        8.6396017933461269E-003
   5.3039875969697805        2.3865517336405871E-002
   5.3102645053685613        3.5851983150701754E-002
   5.3165414137673421        4.2991716856468319E-002
   5.3228183221661229        4.4343792690433335E-002
   5.3290952305649038        3.9751412393368275E-002
   5.3353721389636846        2.9852808667071001E-002
   5.3416490473624654        1.5986096930696799E-002
   5.3479259557612462        2.9728308446538254E-006
   5.3542028641600270       -1.5982158449476137E-002
   5.3604797725588078       -2.9873206655200629E-002
   5.3667566809575886       -3.9866093574323191E-002
   5.3730335893563694       -4.4679576990839832E-002
   5.3793104977551502       -4.3714168351246023E-002
   5.3855874061539311       -3.7120195021042739E-002
   5.3918643145527119       -2.5768281874208755E-002
   5.3981412229514927       -1.1128237764380169E-002
   5.4044181313502735        4.9261206193996583E-003
   5.4106950397490543        2.0359728317259570E-002
   5.4169719481478351        3.3234836109670401E-002
   5.4232488565466159        4.1952487798381538E-002
   5.4295257649453967        4.5447080758768126E-002
   5.4358026733441775        4.3310880782699228E-002
   5.4420795817429584        3.5834740561521992E-002
   5.4483564901417392        2.3962037779779195E-002
   5.4546333985405200        9.1636163195964616E-003
   5.4609103069393008       -6.7490420627193412E-003
   5.4671872153380816       -2.1848175755280159E-002
   5.4734641237368624       -3.4323570265659381E-002
   5.4797410321356432       -4.2697501416036995E-002
   5.4860179405344240       -4.5995572623256577E-002
   5.4922948489332049       -4.3854262729479725E-002
   5.4985717573319857       -3.6554106839278039E-002
   5.5048486657307665       -2.4976557047249989E-002
   5.5111255741295473       -1.0491591230009657E-002
   5.5174024825283281        5.2090008170164979E-003
   5.5236793909271089        2.0311894771591767E-002
   5.5299562993258897        3.3092107296457715E-002
   5.5362332077246705        4.2108180595143381E-002
   5.5425101161234513        4.6360859116712845E-002
   5.5487870245222322        4.5398305520932228E-002
   5.5550639329210130        3.9357500976295902E-002
   5.5613408413197938        2.8938984078353703E-002
   5.5676177497185746        1.5319618029209997E-002
   5.5738946581173554        1.4793218892166707E-005
   5.5801715665161362       -1.5293338383880684E-002
   5.5864484749149170       -2.8941844339534627E-002
   5.5927253833136978       -3.9466586982509426E-002
   5.5990022917124787       -4.5756180922173227E-002
   5.6052792001112595       -4.7164551365486793E-002
   5.6115561085100403       -4.3571297540550911E-002
   5.6178330169088211       -3.5384998282592672E-002
   5.6241099253076019       -2.3490804432345653E-002
   5.6303868337063827       -9.1494728397079894E-003
   5.6366637421051635        6.1401846122088226E-003
   5.6429406505039443        2.0800094090249924E-002
   5.6492175589027251        3.3335973830851073E-002
   5.6554944673015060        4.2487847586782250E-002
   5.6617713757002868        4.7353107913017556E-002
   5.6680482840990676        4.7470547897496440E-002
   5.6743251924978484        4.2858136752009120E-002
   5.6806021008966292        3.4002210196063823E-002
   5.6868790092954100        2.1800663377052307E-002
   5.6931559176941908        7.4671810105969441E-003
   5.6994328260929716       -7.5929007237920277E-003
   5.7057097344917524       -2.1922139557522882E-002
   5.7119866428905333       -3.4151977632735156E-002
   5.7182635512893141       -4.3131607941917345E-002
   5.7245404596880949       -4.8032826453410254E-002
   5.7308173680868757       -4.8421718506977983E-002
   5.7370942764856565       -4.4291511932883255E-002
   5.7433711848844373       -3.6054790425608572E-002
   5.7496480932832181       -2.4497116473170620E-002
   5.7559250016819989       -1.0697603646612120E-002
   5.7622019100807798        4.0752018474221616E-003
   5.7684788184795606        1.8481845980033131E-002
   5.7747557268783414        3.1233713707378850E-002
   5.7810326352771222        4.1206962245632875E-002
   5.7873095436759030        4.7538743809374902E-002
   5.7935864520746838        4.9697805099255067E-002
   5.7998633604734646        4.7524137916680934E-002
   5.8061402688722454        4.1235282831368791E-002
   5.8124171772710262        3.1399882804636861E-002
   5.8186940856698071        1.8881881212729882E-002
   5.8249709940685879        4.7611283439223722E-003
   5.8312479024673687       -9.7620769056321055E-003
   5.8375248108661495       -2.3469943174303412E-002
   5.8438017192649303       -3.5228802653475437E-002
   5.8500786276637111       -4.4081026283865593E-002
   5.8563555360624919       -4.9320021015820732E-002
   5.8626324444612727       -5.0542770214497372E-002
   5.8689093528600536       -4.7676424166903014E-002
   5.8751862612588344       -4.0977675282212279E-002
   5.8814631696576152       -3.1005873460504509E-002
   5.8877400780563960       -1.8572875513009093E-002
   5.8940169864551768       -4.6743284023044252E-003
   5.9002938948539576        9.5916548742749613E-003
   5.9065708032527384        2.3111728226203210E-002
   5.9128477116515192        3.4843563253852787E-002
   5.9191246200503000        4.3894566526418724E-002
   5.9254015284490809        4.9587329210138947E-002
   5.9316784368478617        5.1507283489587080E-002
   5.9379553452466425        4.9529529866070378E-002
   5.9442322536454233        4.3823447076077597E-002
   5.9505091620442041        3.4835371519022613E-002
   5.9567860704429849        2.3251217602533267E-002
   5.9630629788417657        9.9423176006140420E-003
   5.9693398872405457       -4.1011443617534095E-003
   5.9756167956393265       -1.7844000430394732E-002
   5.9818937040381073       -3.0281817547286483E-002
   5.9881706124368881       -4.0513056971045729E-002
   5.9944475208356689       -4.7802676568264271E-002
   6.0007244292344497       -5.1632912502273136E-002
   6.0070013376332305       -5.1737971727472999E-002
   6.0132782460320113       -4.8120544855783230E-002
   6.0195551544307921       -4.1049326531250610E-002
   6.0258320628295730       -3.1038021969033547E-002
   6.0321089712283538       -1.8807541854786263E-002
   6.0383858796271346       -5.2341696895391978E-003
   6.0446627880259154        8.7126359371567721E-003
   6.0509396964246962        2.2038513940643260E-002
   6.0572166048234770        3.3793911831477223E-002
   6.0634935132222578        4.3140548111672734E-002
   6.0697704216210386        4.9410180207287158E-002
   6.0760473300198194        5.2151746763318352E-002
   6.0823242384186003        5.1163707526781822E-002
   6.0886011468173811        4.6509352647617068E-002
   6.0948780552161619        3.8513940841338488E-002
   6.1011549636149427        2.7743690261177342E-002
   6.1074318720137235        1.4967821203506532E-002
   6.1137087804125043        1.1059684597816274E-003
   6.1199856888112851       -1.2835721157111245E-002
   6.1262625972100659       -2.5835683974719557E-002
   6.1325395056088468       -3.6930562815264023E-002
   6.1388164140076276       -4.5286369862553896E-002
   6.1450933224064084       -5.0262109706169726E-002
   6.1513702308051892       -5.1461058619400424E-002
   6.1576471392039700       -4.8765532707623710E-002
   6.1639240476027508       -4.2351947325805148E-002
   6.1702009560015316       -3.2684235001578854E-002
   6.1764778644003124       -2.0485183257712584E-002
   6.1827547727990932       -6.6868882179804074E-003
   6.1890316811978741        7.6368161837254761E-003
   6.1953085895966549        2.1351525520530438E-002
   6.2015854979954357        3.3351261378946132E-002
   6.2078624063942165        4.2648547752529103E-002
   6.2141393147929973        4.8458307986346698E-002
   6.2204162231917781        5.0268371970796470E-002
   6.2266931315905589        4.7890040589643267E-002
   6.2329700399893397        4.1483420948174587E-002
   6.2392469483881206        3.1554068714095336E-002
   6.2455238567869014        1.8919743214705218E-002
   6.2518007651856822        4.6486342143118066E-003
   6.2580776735844630       -1.0026950936190108E-002
   6.2643545819832438       -2.3814981328496750E-002
   6.2706314903820246       -3.5477656783271652E-002
   6.2769083987808054       -4.3944978987103374E-002
   6.2831853071795862       -4.8417408692438296E-002
