   6.2769083987808056E-003   4.6910792739187135E-002
   1.2553816797561611E-002   4.8152215401793180E-002
   1.8830725196342418E-002   4.3990623547316483E-002
   2.5107633595123222E-002   3.4856373299707505E-002
   3.1384541993904030E-002   2.1753328915963911E-002
   3.7661450392684835E-002   6.1561387576809191E-003
   4.3938358791465640E-002  -1.0150355262615516E-002
   5.0215267190246445E-002  -2.5272810532883203E-002
   5.6492175589027249E-002  -3.7429771888545585E-002
   6.2769083987808061E-002  -4.5165122498578437E-002
   6.9045992386588859E-002  -4.7528693455881288E-002
   7.5322900785369670E-002  -4.4201012695940088E-002
   8.1599809184150468E-002  -3.5545036997933280E-002
   8.7876717582931280E-002  -2.2575987637761759E-002
   9.4153625981712077E-002  -6.8501964007118693E-003
  0.10043053438049289        9.7159891879638628E-003
  0.10670744277927370        2.5076963271971228E-002
  0.11298435117805450        3.7310916157091326E-002
  0.11926125957683531        4.4863899835142156E-002
  0.12553816797561612        4.6753539050277550E-002
  0.13181507637439691        4.2704994604906517E-002
  0.13809198477317772        3.3199499203044554E-002
  0.14436889317195853        1.9426417502949048E-002
  0.15064580157073934        3.1420725450477297E-003
  0.15692270996952015       -1.3549021583252895E-002
  0.16319961836830094       -2.8464028814215579E-002
  0.16947652676708175       -3.9628498383462309E-002
  0.17575343516586256       -4.5542155975224562E-002
  0.18203034356464337       -4.5387494076152661E-002
  0.18830725196342415       -3.9151341511946762E-002
  0.19458416036220497       -2.7640398070286197E-002
  0.20086106876098578       -1.2385578875758887E-002
  0.20713797715976659        4.5548597587188521E-003
  0.21341488555854740        2.0869102946480703E-002
  0.21969179395732819        3.4306651287887333E-002
  0.22596870235610900        4.2991540582509258E-002
  0.23224561075488981        4.5689993452186148E-002
  0.23852251915367062        4.1993599020813448E-002
  0.24479942755245140        3.2389854597798945E-002
  0.25107633595123224        1.8207071027095904E-002
  0.25735324435001306        1.4382389541003882E-003
  0.26363015274879381       -1.5533973279831307E-002
  0.26990706114757462       -3.0273929352174427E-002
  0.27618396954635543       -4.0644174900591322E-002
  0.28246087794513625       -4.5120221632434405E-002
  0.28873778634391706       -4.3021975728207616E-002
  0.29501469474269787       -3.4625718518589733E-002
  0.30129160314147868       -2.1137182061792305E-002
  0.30756851154025949       -4.5263675257709536E-003
  0.31384541993904030        1.2754558766740413E-002
  0.32012232833782106        2.8130790231588501E-002
  0.32639923673660187        3.9289529781205063E-002
  0.33267614513538268        4.4532196968660356E-002
  0.33895305353416350        4.3039964014511517E-002
  0.34522996193294431        3.5010146794668837E-002
  0.35150687033172512        2.1639641626552207E-002
  0.35778377873050593        4.9545326779649066E-003
  0.36406068712928674       -1.2491216373498827E-002
  0.37033759552806755       -2.8004113529424713E-002
  0.37661450392684831       -3.9167917578915495E-002
  0.38289141232562912       -4.4224253036860534E-002
  0.38916832072440993       -4.2356499233581653E-002
  0.39544522912319074       -3.3830128104048070E-002
  0.40172213752197156       -1.9964249425531790E-002
  0.40799904592075237       -2.9353673604747832E-003
  0.41427595431953318        1.4558798640483171E-002
  0.42055286271831399        2.9724427685051544E-002
  0.42682977111709480        4.0119063482061346E-002
  0.43310667951587556        4.4049610522273082E-002
  0.43938358791465637        4.0855329845528636E-002
  0.44566049631343718        3.1027468930637150E-002
  0.45193740471221799        1.6142729783871795E-002
  0.45821431311099881       -1.3821912799438065E-003
  0.46449122150977962       -1.8678092954633033E-002
  0.47076812990856043       -3.2891520035249464E-002
  0.47704503830734124       -4.1657662274104702E-002
  0.48332194670612205       -4.3499239613693876E-002
  0.48959885510490281       -3.8083272682459250E-002
  0.49587576350368362       -2.6289931928906732E-002
  0.50215267190246449       -1.0078281122247165E-002
  0.50842958030124530        7.8322562369840063E-003
  0.51470648870002611        2.4414160300829886E-002
  0.52098339709880681        3.6843322199980814E-002
  0.52726030549758762        4.2983489345555417E-002
  0.53353721389636843        4.1760039210347211E-002
  0.53981412229514925        3.3356657991804768E-002
  0.54609103069393006        1.9197631538000404E-002
  0.55236793909271087        1.7148120083605568E-003
  0.55864484749149168       -1.6064193909816463E-002
  0.56492175589027249       -3.1037985257536732E-002
  0.57119866428905330       -4.0573975255969494E-002
  0.57747557268783412       -4.2976510962721128E-002
  0.58375248108661493       -3.7796419113603562E-002
  0.59002938948539574       -2.5924167958464032E-002
  0.59630629788417655       -9.4460974187384871E-003
  0.60258320628295736        8.7149278635977479E-003
  0.60886011468173817        2.5313941574474568E-002
  0.61513702308051899        3.7363627568382865E-002
  0.62141393147929980        4.2675893592875172E-002
  0.62769083987808061        4.0266440336642791E-002
  0.63396774827686131        3.0546302418662366E-002
  0.64024465667564212        1.5261614982164497E-002
  0.64652156507442293       -2.8118197017801753E-003
  0.65279847347320374       -2.0367350276381840E-002
  0.65907538187198456       -3.4171073504446280E-002
  0.66535229027076537       -4.1660334770397787E-002
  0.67162919866954618       -4.1425905333064589E-002
  0.67790610706832699       -3.3485990148010791E-002
  0.68418301546710780       -1.9297275047730385E-002
  0.69045992386588861       -1.4964685540766677E-003
  0.69673683226466943        1.6583569717025841E-002
  0.70301374066345024        3.1535522755635474E-002
  0.70929064906223105        4.0521640832457261E-002
  0.71556755746101186        4.1818047774045693E-002
  0.72184446585979267        3.5153889665337591E-002
  0.72812137425857348        2.1777092396139119E-002
  0.73439828265735430        4.2296782848563466E-003
  0.74067519105613511       -1.4128765589936788E-002
  0.74695209945491581       -2.9761441600747091E-002
  0.75322900785369662       -3.9637039457884292E-002
  0.75950591625247743       -4.1822759360091138E-002
  0.76578282465125824       -3.5870660242852924E-002
  0.77205973305003905       -2.2918606217210612E-002
  0.77833664144881987       -5.4816607121833212E-003
  0.78461354984760068        1.3029712604342039E-002
  0.79089045824638149        2.8973674935153709E-002
  0.79716736664516230        3.9194576059132499E-002
  0.80344427504394311        4.1652454035755439E-002
  0.80972118344272392        3.5837927039843204E-002
  0.81599809184150474        2.2886607866759081E-002
  0.82227500024028555        5.3658884231911601E-003
  0.82855190863906636       -1.3227709692704330E-002
  0.83482881703784717       -2.9163487659060596E-002
  0.84110572543662798       -3.9226250968438514E-002
  0.84738263383540879       -4.1369815813755331E-002
  0.85365954223418961       -3.5140526171914349E-002
  0.85993645063297042       -2.1781647840237152E-002
  0.86621335903175112       -3.9932233819063006E-003
  0.87249026743053193        1.4607942041537305E-002
  0.87876717582931274        3.0221318933635225E-002
  0.88504408422809355        3.9640584616109080E-002
  0.89132099262687436        4.0916869984925282E-002
  0.89759790102565518        3.3769102869575185E-002
  0.90387480942443599        1.9653602240206583E-002
  0.91015171782321680        1.4745368370174185E-003
  0.91642862622199761       -1.7008716672549055E-002
  0.92270553462077842       -3.1957355265433959E-002
  0.92898244301955923       -4.0252258177248659E-002
  0.93525935141834005       -4.0149625558119122E-002
  0.94153625981712086       -3.1654280516068035E-002
  0.94781316821590167       -1.6529331354743829E-002
  0.95409007661468248        2.0635623358315393E-003
  0.96036698501346329        2.0221226164100145E-002
  0.96664389341224410        3.4117523566313680E-002
  0.97292080181102492        4.0811851138378076E-002
  0.97919771020980562        3.8876170541571491E-002
  0.98547461860858643        2.8705807882736859E-002
  0.99175152700736724        1.2445085438522848E-002
  0.99802843540614805       -6.4597653452368306E-003
   1.0043053438049290       -2.3988231744268205E-002
   1.0105822522037098       -3.6400561027946809E-002
   1.0168591606024906       -4.1038266934899904E-002
   1.0231360690012714       -3.6898089974032287E-002
   1.0294129774000522       -2.4854456180300865E-002
   1.0356898857988328       -7.4799694762460716E-003
   1.0419667941976136        1.1500360574442559E-002
   1.0482437025963944        2.8006115072506624E-002
   1.0545206109951752        3.8479402194297699E-002
   1.0607975193939561        4.0654555640600096E-002
   1.0670744277927369        3.4052370794386659E-002
   1.0733513361915177        2.0090115230912715E-002
   1.0796282445902985        1.7811642910691477E-003
   1.0859051529890793       -1.6912894969816877E-002
   1.0921820613878601       -3.1938826825628999E-002
   1.0984589697866409       -4.0031775981189593E-002
   1.1047358781854217       -3.9427293809201784E-002
   1.1110127865842025       -3.0249396881038150E-002
   1.1172896949829834       -1.4488529497155260E-002
   1.1235666033817642        4.4275674690993473E-003
   1.1298435117805450        2.2378055067701234E-002
   1.1361204201793258        3.5446849595047271E-002
   1.1423973285781066        4.0778330291251157E-002
   1.1486742369768874        3.7203480900450406E-002
   1.1549511453756682        2.5498599221435964E-002
   1.1612280537744490        8.2187656858727139E-003
   1.1675049621732299       -1.0858636269415562E-002
   1.1737818705720107       -2.7559338710345344E-002
   1.1800587789707915       -3.8226112039390907E-002
   1.1863356873695723       -4.0520818919182112E-002
   1.1926125957683531       -3.3938312028267366E-002
   1.1988895041671339       -1.9918836661863986E-002
   1.2051664125659147       -1.5336485357096143E-003
   1.2114433209646955        1.7187639832726226E-002
   1.2177202293634763        3.2140585029374044E-002
   1.2239971377622572        4.0046367223737125E-002
   1.2302740461610380        3.9171339724844087E-002
   1.2365509545598188        2.9707511994961511E-002
   1.2428278629585996        1.3730324549188825E-002
   1.2491047713573804       -5.2569703980916861E-003
   1.2553816797561612       -2.3092115717352316E-002
   1.2616585881549420       -3.5866845275424566E-002
   1.2679354965537226       -4.0783519066666128E-002
   1.2742124049525034       -3.6767445302907258E-002
   1.2804893133512842       -2.4700846159572944E-002
   1.2867662217500651       -7.2277029176656587E-003
   1.2930431301488459        1.1827021388522433E-002
   1.2993200385476267        2.8295795397794716E-002
   1.3055969469464075        3.8580410589053378E-002
   1.3118738553451883        4.0437584520634944E-002
   1.3181507637439691        3.3466749125575165E-002
   1.3244276721427499        1.9194214220202465E-002
   1.3307045805415307        7.3652399316078104E-004
   1.3369814889403115       -1.7882160112453888E-002
   1.3432583973390924       -3.2608572982828307E-002
   1.3495353057378732       -4.0242576011207773E-002
   1.3558122141366540       -3.9130976250287483E-002
   1.3620891225354348       -2.9522750264597317E-002
   1.3683660309342156       -1.3509908310345745E-002
   1.3746429393329964        5.4313032740256739E-003
   1.3809198477317772        2.3197464662612584E-002
   1.3871967561305580        3.5947803831368010E-002
   1.3934736645293389        4.0933502562643991E-002
   1.3997505729281197        3.7087520602490744E-002
   1.4060274813269005        2.5248901927262465E-002
   1.4123043897256813        7.9752886006118923E-003
   1.4185812981244621       -1.1013523013567400E-002
   1.4248582065232429       -2.7639015579778926E-002
   1.4311351149220237       -3.8340216043619729E-002
   1.4374120233208045       -4.0834353514933426E-002
   1.4436889317195853       -3.4599771039122804E-002
   1.4499658401183662       -2.0979755378030214E-002
   1.4562427485171470       -2.8878424098106722E-003
   1.4625196569159278        1.5819622718229356E-002
   1.4687965653147086        3.1167586225328312E-002
   1.4750734737134894        3.9906388252247030E-002
   1.4813503821122702        4.0196636873332400E-002
   1.4876272905110510        3.1991120177467747E-002
   1.4939041989098316        1.7035564253594915E-002
   1.5001811073086124       -1.5086484985718702E-003
   1.5064580157073932       -1.9737015230419055E-002
   1.5127349241061741       -3.3825667941364136E-002
   1.5190118325049549       -4.0832121835915468E-002
   1.5252887409037357       -3.9305550640449098E-002
   1.5315656493025165       -2.9580869505277149E-002
   1.5378425577012973       -1.3698372253274617E-002
   1.5441194661000781        5.0306333748441519E-003
   1.5503963744988589        2.2718400768858969E-002
   1.5566732828976397        3.5708908398786356E-002
   1.5629501912964205        4.1331308802158066E-002
   1.5692270996952014        3.8443795756214975E-002
   1.5755040080939822        2.7658209399506761E-002
   1.5817809164927630        1.1202775196937820E-002
   1.5880578248915438       -7.5448383061000775E-003
   1.5943347332903246       -2.4754935518162373E-002
   1.6006116416891054       -3.6928797972880192E-002
   1.6068885500878862       -4.1606995753479030E-002
   1.6131654584866670       -3.7860178758697655E-002
   1.6194423668854478       -2.6465652399302091E-002
   1.6257192752842287       -9.7379543355225421E-003
   1.6319961836830095        8.9481431453477533E-003
   1.6382730920817903        2.5842531125596570E-002
   1.6445500004805711        3.7572728900105601E-002
   1.6508269088793519        4.1813633542236557E-002
   1.6571038172781327        3.7741731524413999E-002
   1.6633807256769135        2.6186403358338037E-002
   1.6696576340756943        9.4524149000894900E-003
   1.6759345424744752       -9.1468754952382762E-003
   1.6822114508732560       -2.5949676089833278E-002
   1.6884883592720368       -3.7666943186104383E-002
   1.6947652676708176       -4.2022494605839289E-002
   1.7010421760695984       -3.8188212624699576E-002
   1.7073190844683792       -2.6932539569179577E-002
   1.7135959928671600       -1.0457582604762181E-002
   1.7198729012659408        8.0391107857746731E-003
   1.7261498096647214        2.4989511189380774E-002
   1.7324267180635022        3.7143826329174068E-002
   1.7387036264622830        4.2189970174109387E-002
   1.7449805348610639        3.9186418807575021E-002
   1.7512574432598447        2.8728813258871170E-002
   1.7575343516586255        1.2822745860994461E-002
   1.7638112600574063       -5.5086459021631423E-003
   1.7700881684561871       -2.2804094495006019E-002
   1.7763650768549679       -3.5818698292796589E-002
   1.7826419852537487       -4.2129591817487870E-002
   1.7889188936525295       -4.0580369911415781E-002
   1.7951958020513104       -3.1484056399963260E-002
   1.8014727104500912       -1.6550816822470556E-002
   1.8077496188488720        1.4417552800004593E-003
   1.8140265272476528        1.9170782648684534E-002
   1.8203034356464336        3.3383558956446610E-002
   1.8265803440452144        4.1492039589112233E-002
   1.8328572524439952        4.2038186794641254E-002
   1.8391341608427760        3.4947654021350749E-002
   1.8454110692415568        2.1529349177649690E-002
   1.8516879776403377        4.2252191924897322E-003
   1.8579648860391185       -1.3840481893212598E-002
   1.8642417944378993       -2.9428172613572407E-002
   1.8705187028366801       -3.9762817375820984E-002
   1.8767956112354609       -4.3023151815865260E-002
   1.8830725196342417       -3.8654947704924822E-002
   1.8893494280330225       -2.7455913457362622E-002
   1.8956263364318033       -1.1421195611651112E-002
   1.9019032448305841        6.6192410329801608E-003
   1.9081801532293650        2.3504271553789993E-002
   1.9144570616281458        3.6296004959748114E-002
   1.9207339700269266        4.2787673310904106E-002
   1.9270108784257074        4.1877867935369233E-002
   1.9332877868244882        3.3748878550761308E-002
   1.9395646952232690        1.9821901381096556E-002
   1.9458416036220498        2.5006975431159880E-003
   1.9521185120208304       -1.5248836603107578E-002
   1.9583954204196112       -3.0408790377702333E-002
   1.9646723288183920       -4.0421001918169060E-002
   1.9709492372171729       -4.3613987630072799E-002
   1.9772261456159537       -3.9474669710943239E-002
   1.9835030540147345       -2.8722063345323900E-002
   1.9897799624135153       -1.3174107301930469E-002
   1.9960568708122961        4.5665233146050662E-003
   2.0023337792110771        2.1552276369728767E-002
   2.0086106876098579        3.4981294079991405E-002
   2.0148875960086388        4.2656975213669977E-002
   2.0211645044074196        4.3341647886009180E-002
   2.0274414128062004        3.6948409156768058E-002
   2.0337183212049812        2.4542782135780671E-002
   2.0399952296037620        8.1573550138847335E-003
   2.0462721380025428       -9.5472245792936790E-003
   2.0525490464013236       -2.5717467581497375E-002
   2.0588259548001044       -3.7766830613902125E-002
   2.0651028631988853       -4.3786062257078158E-002
   2.0713797715976656       -4.2839611538339220E-002
   2.0776566799964464       -3.5103133614685700E-002
   2.0839335883952272       -2.1823285956082010E-002
   2.0902104967940081       -5.1094621525429066E-003
   2.0964874051927889        1.2406690961131280E-002
   2.1027643135915697        2.7988229812778497E-002
   2.1090412219903505        3.9219929746084799E-002
   2.1153181303891313        4.4378886943476914E-002
   2.1215950387879121        4.2692481075613180E-002
   2.1278719471866929        3.4446132186819280E-002
   2.1341488555854737        2.0927222765721273E-002
   2.1404257639842545        4.2169374355014513E-003
   2.1467026723830354       -1.3135325523776843E-002
   2.1529795807818162       -2.8503305280015146E-002
   2.1592564891805970       -3.9580603060561305E-002
   2.1655333975793778       -4.4723014608211778E-002
   2.1718103059781586       -4.3186288109177122E-002
   2.1780872143769394       -3.5225949206810901E-002
   2.1843641227757202       -2.2047158055951862E-002
   2.1906410311745010       -5.6150721479723944E-003
   2.1969179395732819        1.1643488143911095E-002
   2.2031948479720627        2.7201062980976624E-002
   2.2094717563708435        3.8799225245180313E-002
   2.2157486647696243        4.4772948524337636E-002
   2.2220255731684051        4.4283644017348293E-002
   2.2283024815671859        3.7429194856659784E-002
   2.2345793899659667        2.5217813096398128E-002
   2.2408562983647475        9.4123834131584101E-003
   2.2471332067635283       -7.7297479171046547E-003
   2.2534101151623092       -2.3782386007031274E-002
   2.2596870235610900       -3.6494130166813361E-002
   2.2659639319598708       -4.4101385432919804E-002
   2.2722408403586516       -4.5567663406747248E-002
   2.2785177487574324       -4.0717522836552604E-002
   2.2847946571562132       -3.0248976632433890E-002
   2.2910715655549940       -1.5625422957783824E-002
   2.2973484739537748        1.1352924888418160E-003
   2.3036253823525557        1.7743478573520634E-002
   2.3099022907513365        3.1951772783254236E-002
   2.3161791991501173        4.1857644197171875E-002
   2.3224561075488981        4.6153782969209502E-002
   2.3287330159476789        4.4294084046534780E-002
   2.3350099243464597        3.6555134863730541E-002
   2.3412868327452405        2.3987585305061270E-002
   2.3475637411440213        8.2665025124185314E-003
   2.3538406495428021       -8.5371644809056832E-003
   2.3601175579415830       -2.4232212208556710E-002
   2.3663944663403638       -3.6792915574308839E-002
   2.3726713747391446       -4.4617673901175867E-002
   2.3789482831379254       -4.6727984982745989E-002
   2.3852251915367062       -4.2883795114209117E-002
   2.3915020999354870       -3.3602664246247221E-002
   2.3977790083342678       -2.0082770465804974E-002
   2.4040559167330486       -4.0419120786232771E-003
   2.4103328251318294        1.2505164093495112E-002
   2.4166097335306103        2.7501768987948819E-002
   2.4228866419293911        3.9104167332984364E-002
   2.4291635503281719        4.5904942318498877E-002
   2.4354404587269527        4.7098263298436541E-002
   2.4417173671257335        4.2568422491774470E-002
   2.4479942755245143        3.2892917313343220E-002
   2.4542711839232951        1.9261958060521816E-002
   2.4605480923220759        3.3262668344888890E-003
   2.4668250007208568       -1.3006772809131550E-002
   2.4731019091196376       -2.7803058040176767E-002
   2.4793788175184184       -3.9329967916248008E-002
   2.4856557259171992       -4.6256077697546735E-002
   2.4919326343159800       -4.7799823481466865E-002
   2.4982095427147608       -4.3811212516046638E-002
   2.5044864511135416       -3.4778929596302084E-002
   2.5107633595123224       -2.1764019974949190E-002
   2.5170402679111032       -6.2696948330574877E-003
   2.5233171763098841        9.9362302820998078E-003
   2.5295940847086644        2.5024922762680955E-002
   2.5358709931074452        3.7312562713902590E-002
   2.5421479015062260        4.5445720307035121E-002
   2.5484248099050069        4.8546033109818164E-002
   2.5547017183037877        4.6299293127645767E-002
   2.5609786267025685        3.8980659433886115E-002
   2.5672555351013493        2.7414977850948950E-002
   2.5735324435001301        1.2878290709932261E-002
   2.5798093518989109       -3.0472086106307326E-003
   2.5860862602976917       -1.8647907510729658E-002
   2.5923631686964725       -3.2263696108694749E-002
   2.5986400770952534       -4.2463137238468486E-002
   2.6049169854940342       -4.8190630982648024E-002
   2.6111938938928150       -4.8870871183126274E-002
   2.6174708022915958       -4.4460849981655837E-002
   2.6237477106903766       -3.5445451846145212E-002
   2.6300246190891574       -2.2778652329407675E-002
   2.6363015274879382       -7.7778706516300295E-003
   2.6425784358867190        8.0164139306041059E-003
   2.6488553442854998        2.3000514752913395E-002
   2.6551322526842807        3.5670159315266119E-002
   2.6614091610830615        4.4769488136884354E-002
   2.6676860694818423        4.9411967614317376E-002
   2.6739629778806231        4.9162039149112415E-002
   2.6802398862794039        4.4070578575542231E-002
   2.6865167946781847        3.4661994952860216E-002
   2.6927937030769655        2.1875568711215317E-002
   2.6990706114757463        6.9679549852383641E-003
   2.7053475198745272       -8.6127344814014711E-003
   2.7116244282733080       -2.3368499450847270E-002
   2.7179013366720888       -3.5894838457396210E-002
   2.7241782450708696       -4.5012401601565992E-002
   2.7304551534696504       -4.9874881754473799E-002
   2.7367320618684312       -5.0043695239937083E-002
   2.7430089702672120       -4.5523350493332483E-002
   2.7492858786659928       -3.6755182830048756E-002
   2.7555627870647736       -2.4570987385365003E-002
   2.7618396954635545       -1.0111664124728270E-002
   2.7681166038623353        5.2810064005323863E-003
   2.7743935122611161        2.0189150288074907E-002
   2.7806704206598969        3.3248631935299193E-002
   2.7869473290586777        4.3272242360802682E-002
   2.7932242374574585        4.9355406816559498E-002
   2.7995011458562393        5.0955336527221826E-002
   2.8057780542550201        4.7937045301035937E-002
   2.8120549626538009        4.0582653581796954E-002
   2.8183318710525818        2.9563625211693902E-002
   2.8246087794513626        1.5878751191547667E-002
   2.8308856878501434        7.6360474023887852E-004
   2.8371625962489242       -1.4420420096820513E-002
   2.8434395046477050       -2.8307699071940765E-002
   2.8497164130464858       -3.9649970923091853E-002
   2.8559933214452666       -4.7427362161184053E-002
   2.8622702298440474       -5.0939210570370159E-002
   2.8685471382428283       -4.9866793883019428E-002
   2.8748240466416091       -4.4302466707772152E-002
   2.8811009550403899       -3.4742567952755453E-002
   2.8873778634391707       -2.2044551369840914E-002
   2.8936547718379515       -7.3518632824256160E-003
   2.8999316802367323        8.0071065503552422E-003
   2.9062085886355131        2.2637374619282474E-002
   2.9124854970342939        3.5202784424857622E-002
   2.9187624054330747        4.4547506740533524E-002
   2.9250393138318556        4.9802786639863532E-002
   2.9313162222306364        5.0469192493049146E-002
   2.9375931306294172        4.6466572599720368E-002
   2.9438700390281980        3.8146599582821350E-002
   2.9501469474269788        2.6265978226408016E-002
   2.9564238558257596        1.1921855566322576E-002
   2.9627007642245404       -3.5455842937687217E-003
   2.9689776726233212       -1.8675232417975297E-002
   2.9752545810221021       -3.2021244875951815E-002
   2.9815314894208829       -4.2291018588072750E-002
   2.9878083978196632       -4.8472068338067754E-002
   2.9940853062184440       -4.9935442312280781E-002
   3.0003622146172249       -4.6504929835684480E-002
   3.0066391230160057       -3.8484085343210003E-002
   3.0129160314147865       -2.6636806932211796E-002
   3.0191929398135673       -1.2121557867748088E-002
   3.0254698482123481        3.6160715598121101E-003
   3.0317467566111289        1.8983338442743244E-002
   3.0380236650099097        3.2399952832289733E-002
   3.0443005734086905        4.2461710660976190E-002
   3.0505774818074713        4.8091298965233210E-002
   3.0568543902062522        4.8659859835767559E-002
   3.0631312986050330        4.4065118409395636E-002
   3.0694082070038138        3.4755775395658599E-002
   3.0756851154025946        2.1697139644050865E-002
   3.0819620238013754        6.2791531510037251E-003
   3.0882389322001562       -9.8255845454428923E-003
   3.0945158405989370       -2.4840165705920923E-002
   3.1007927489977178       -3.7079611186577377E-002
   3.1070696573964987       -4.5143463163234254E-002
   3.1133465657952795       -4.8082466707352715E-002
   3.1196234741940603       -4.5518907898749544E-002
   3.1259003825928411       -3.7704552040855543E-002
   3.1321772909916219       -2.5506698555382103E-002
   3.1384541993904027       -1.0320994190754655E-002
   3.1447311077891835        6.0815694080487686E-003
   3.1510080161879643        2.1757652596152106E-002
   3.1572849245867451        3.4821808784863212E-002
   3.1635618329855260        4.3676716054771254E-002
   3.1698387413843068        4.7214872571643945E-002
   3.1761156497830876        4.4965589110657532E-002
   3.1823925581818684        3.7166897302742447E-002
   3.1886694665806492        2.4750657115610988E-002
   3.1949463749794300        9.2397417810694497E-003
   3.2012232833782108       -7.4325764226635567E-003
   3.2075001917769916       -2.3160460074965663E-002
   3.2137771001757724       -3.5931734766753452E-002
   3.2200540085745533       -4.4088856739518338E-002
   3.2263309169733341       -4.6550369716873451E-002
   3.2326078253721149       -4.2962530060398532E-002
   3.2388847337708957       -3.3758928131071689E-002
   3.2451616421696765       -2.0117404850301869E-002
   3.2514385505684573       -3.8169569798044362E-003
   3.2577154589672381        1.2989094417159942E-002
   3.2639923673660189        2.8055483124458405E-002
   3.2702692757647998        3.9346203344941245E-002
   3.2765461841635806        4.5314003474588770E-002
   3.2828230925623614        4.5119267229496378E-002
   3.2891000009611422        3.8756483071720936E-002
   3.2953769093599230        2.7068309345074325E-002
   3.3016538177587038        1.1642291612620757E-002
   3.3079307261574846       -5.3984116108974581E-003
   3.3142076345562654       -2.1683651476022206E-002
   3.3204845429550462       -3.4925564579200562E-002
   3.3267614513538271       -4.3242847700923424E-002
   3.3330383597526079       -4.5433718116057079E-002
   3.3393152681513887       -4.1157231404895855E-002
   3.3455921765501695       -3.0994640172529581E-002
   3.3518690849489503       -1.6379012861223830E-002
   3.3581459933477311        5.9984698096653209E-004
   3.3644229017465119        1.7489718250139449E-002
   3.3706998101452927        3.1828765730100822E-002
   3.3769767185440736        4.1506309657615342E-002
   3.3832536269428544        4.5078453297616124E-002
   3.3895305353416352        4.1990705646806570E-002
   3.3958074437404160        3.2672315081972048E-002
   3.4020843521391968        1.8485312069948016E-002
   3.4083612605379776        1.5326827430300026E-003
   3.4146381689367584       -1.5648484023472048E-002
   3.4209150773355392       -3.0464884550946397E-002
   3.4271919857343200       -4.0659950461731272E-002
   3.4334688941331009       -4.4662131617287437E-002
   3.4397458025318817       -4.1834114524378893E-002
   3.4460227109306620       -3.2582483132589241E-002
   3.4522996193294428       -1.8307931976521766E-002
   3.4585765277282237       -1.2004494987300047E-003
   3.4648534361270045        1.6091786781995906E-002
   3.4711303445257853        3.0870550737323615E-002
   3.4774072529245661        4.0810159826522738E-002
   3.4836841613233469        4.4328131713184712E-002
   3.4899610697221277        4.0844156102061151E-002
   3.4962379781209085        3.0883986381622170E-002
   3.5025148865196893        1.6008611414593567E-002
   3.5087917949184702       -1.4233648019892639E-003
   3.5150687033172510       -1.8625162494293687E-002
   3.5213456117160318       -3.2825990970761929E-002
   3.5276225201148126       -4.1719406226870009E-002
   3.5338994285135934       -4.3843028887771009E-002
   3.5401763369123742       -3.8826346164337236E-002
   3.5464532453111550       -2.7463521485798625E-002
   3.5527301537099358       -1.1595966271929048E-002
   3.5590070621087166        6.1794906690237888E-003
   3.5652839705074975        2.2931738019645990E-002
   3.5715608789062783        3.5878212893867514E-002
   3.5778377873050591        4.2850028254129598E-002
   3.5841146957038399        4.2661219459007055E-002
   3.5903916041026207        3.5318342955476603E-002
   3.5966685125014015        2.2032206084788203E-002
   3.6029454209001823        5.0261773568238540E-003
   3.6092223292989631       -1.2830034427370027E-002
   3.6154992376977440       -2.8501867875825933E-002
   3.6217761460965248       -3.9306408963524608E-002
   3.6280530544953056       -4.3375922170071163E-002
   3.6343299628940864       -3.9987680047907058E-002
   3.6406068712928672       -2.9700752211731383E-002
   3.6468837796916480       -1.4272638132543335E-002
   3.6531606880904288        3.6336293696200752E-003
   3.6594375964892096        2.0904466774898926E-002
   3.6657145048879904        3.4515962064047161E-002
   3.6719914132867713        4.2065884865290532E-002
   3.6782683216855521        4.2203519184439570E-002
   3.6845452300843329        3.4879475077481181E-002
   3.6908221384831137        2.1367979982556209E-002
   3.6970990468818945        4.0536961410516797E-003
   3.7033759552806753       -1.3982928486852729E-002
   3.7096528636794561       -2.9510877361487223E-002
   3.7159297720782369       -3.9728436004897567E-002
   3.7222066804770177       -4.2773524780204096E-002
   3.7284835888757986       -3.8070741891195560E-002
   3.7347604972745794       -2.6449143032456362E-002
   3.7410374056733602       -1.0005304134182736E-002
   3.7473143140721410        8.2676105116474656E-003
   3.7535912224709218        2.5020573592110497E-002
   3.7598681308697026        3.7162346839653290E-002
   3.7661450392684834        4.2433701974279134E-002
   3.7724219476672642        3.9834893596331696E-002
   3.7786988560660451        2.9824260404209647E-002
   3.7849757644648259        1.4247002311699996E-002
   3.7912526728636067       -3.9969823176735494E-003
   3.7975295812623875       -2.1487986544517310E-002
   3.8038064896611683       -3.4926434354950665E-002
   3.8100833980599491       -4.1758352761813465E-002
   3.8163603064587299       -4.0667274638029431E-002
   3.8226372148575107       -3.1836645551794253E-002
   3.8289141232562915       -1.6928890217270176E-002
   3.8351910316550724        1.2193265752694173E-003
   3.8414679400538532        1.9131449950708385E-002
   3.8477448484526340        3.3355415355992096E-002
   3.8540217568514148        4.1131419020466797E-002
   3.8602986652501956        4.0933436606544304E-002
   3.8665755736489764        3.2777091260156092E-002
   3.8728524820477572        1.8230220530072450E-002
   3.8791293904465380        1.1966062275264022E-004
   3.8854062988453189       -1.8012594248883778E-002
   3.8916832072440997       -3.2600325525921139E-002
   3.8979601156428805       -4.0756685395911978E-002
   3.9042370240416608       -4.0851196277371493E-002
   3.9105139324404417       -3.2843710340481086E-002
   3.9167908408392225       -1.8305403759642201E-002
   3.9230677492380033       -1.1831202909197826E-004
   3.9293446576367841        1.8090762479692199E-002
   3.9356215660355649        3.2671825326012989E-002
   3.9418984744343457        4.0685493865544660E-002
   3.9481753828331265        4.0501039530100647E-002
   3.9544522912319073        3.2135874810833472E-002
   3.9607291996306881        1.7264316888186387E-002
   3.9670061080294690       -1.1102968807677150E-003
   3.9732830164282498       -1.9257444703660597E-002
   3.9795599248270306       -3.3475539616861942E-002
   3.9858368332258114       -4.0849289159063051E-002
   3.9921137416245922       -3.9852809795024549E-002
   3.9983906500233730       -3.0672597639226411E-002
   4.0046675584221543       -1.5180552384312852E-002
   4.0109444668209351        3.4412922250955007E-003
   4.0172213752197159        2.1350437832648915E-002
   4.0234982836184967        3.4836111293222206E-002
   4.0297751920172775        4.1090720531935979E-002
   4.0360521004160583        3.8799581208647280E-002
   4.0423290088148391        2.8423916751595037E-002
   4.0486059172136200        1.2114866336581169E-002
   4.0548828256124008       -6.7270792766582332E-003
   4.0611597340111816       -2.4158095692670394E-002
   4.0674366424099624       -3.6516468071276807E-002
   4.0737135508087432       -4.1194615113071424E-002
   4.0799904592075240       -3.7194254581405781E-002
   4.0862673676063048       -2.5345426979073053E-002
   4.0925442760050856       -8.1401089475045280E-003
   4.0988211844038664        1.0787522810702409E-002
   4.1050980928026473        2.7426657571397065E-002
   4.1113750012014281        3.8240327240120164E-002
   4.1176519096002089        4.0920236383014189E-002
   4.1239288179989897        3.4884144073638698E-002
   4.1302057263977705        2.1407597773556008E-002
   4.1364826347965504        3.3591790974062943E-003
   4.1427595431953312       -1.5406812304303522E-002
   4.1490364515941121       -3.0872298011282662E-002
   4.1553133599928929       -3.9716856101416363E-002
   4.1615902683916737       -4.0033633806554808E-002
   4.1678671767904545       -3.1744655106156240E-002
   4.1741440851892353       -1.6624139730049951E-002
   4.1804209935880161        2.0775418485650533E-003
   4.1866979019867969        2.0330345356226534E-002
   4.1929748103855777        3.4192625280952654E-002
   4.1992517187843585        4.0663795955542842E-002
   4.2055286271831394        3.8336714822067838E-002
   4.2118055355819202        2.7707252762157578E-002
   4.2180824439807010        1.1072149803865729E-002
   4.2243593523794818       -7.9646033772616132E-003
   4.2306362607782626       -2.5271289826327429E-002
   4.2369131691770434       -3.7085473038963285E-002
   4.2431900775758242       -4.0833575218005624E-002
   4.2494669859746050       -3.5694040110096505E-002
   4.2557438943733858       -2.2780226316517736E-002
   4.2620208027721667       -4.9016969483276765E-003
   4.2682977111709475        1.4045434204025374E-002
   4.2745746195697283        2.9927083595159457E-002
   4.2808515279685091        3.9273875517384600E-002
   4.2871284363672899        4.0040554405663648E-002
   4.2934053447660707        3.2055471926744926E-002
   4.2996822531648515        1.7060881707736168E-002
   4.3059591615636323       -1.6657921847399967E-003
   4.3122360699624132       -2.0027645506600914E-002
   4.3185129783611940       -3.4004708823375189E-002
   4.3247898867599748       -4.0534801093092258E-002
   4.3310667951587556       -3.8185522428903954E-002
   4.3373437035575364       -2.7469581235905129E-002
   4.3436206119563172       -1.0733749470170962E-002
   4.3498975203550980        8.3546789614438090E-003
   4.3561744287538788        2.5611566067879087E-002
   4.3624513371526596        3.7253492677334410E-002
   4.3687282455514405        4.0727769480936413E-002
   4.3750051539502213        3.5272572463759998E-002
   4.3812820623490021        2.2084119456280520E-002
   4.3875589707477829        4.0541484401579331E-003
   4.3938358791465637       -1.4864603090625735E-002
   4.4001127875453445       -3.0525492367549797E-002
   4.4063896959441253       -3.9497188630148013E-002
   4.4126666043429061       -3.9815448111118673E-002
   4.4189435127416870       -3.1412642402544808E-002
   4.4252204211404678       -1.6131169135123063E-002
   4.4314973295392486        2.6816778601619919E-003
   4.4377742379380294        2.0907981771473447E-002
   4.4440511463368102        3.4561209832446101E-002
   4.4503280547355910        4.0658109736479223E-002
   4.4566049631343718        3.7869695853816554E-002
   4.4628818715331526        2.6809372461737081E-002
   4.4691587799319334        9.8960378021832156E-003
   4.4754356883307143       -9.1768436871424493E-003
   4.4817125967294951       -2.6249179335808510E-002
   4.4879895051282759       -3.7602054419918839E-002
   4.4942664135270567       -4.0767094688458391E-002
   4.5005433219258375       -3.5061296609442336E-002
   4.5068202303246183       -2.1731779889512789E-002
   4.5130971387233991       -3.6803612445392656E-003
   4.5193740471221799        1.5170579908998503E-002
   4.5256509555209607        3.0731763661606692E-002
   4.5319278639197416        3.9634004204205500E-002
   4.5382047723185224        3.9956047828428626E-002
   4.5444816807173032        3.1636286954470530E-002
   4.5507585891160840        1.6480715379139158E-002
   4.5570354975148648       -2.2326476822142282E-003
   4.5633124059136456       -2.0465417458951810E-002
   4.5695893143124264       -3.4291430069731357E-002
   4.5758662227112072       -4.0741373239175788E-002
   4.5821431311099881       -3.8437833196118640E-002
   4.5884200395087689       -2.7885442736911629E-002
   4.5946969479075497       -1.1355863840605655E-002
   4.6009738563063305        7.6052841860701640E-003
   4.6072507647051113        2.4941617992957878E-002
   4.6135276731038921        3.6954376920177161E-002
   4.6198045815026729        4.1089875407788717E-002
   4.6260814899014537        3.6478652507966128E-002
   4.6323583983002345        2.4113236645899778E-002
   4.6386353066990154        6.6292929773333238E-003
   4.6449122150977962       -1.2260508523317570E-002
   4.6511891234965770       -2.8557331492197240E-002
   4.6574660318953578       -3.8822659719678188E-002
   4.6637429402941386       -4.0901167187795739E-002
   4.6700198486929194       -3.4368493952006911E-002
   4.6762967570917002       -2.0611884009639318E-002
   4.6825736654904810       -2.5297837127622388E-003
   4.6888505738892619        1.6083342825597688E-002
   4.6951274822880427        3.1335420352378102E-002
   4.7014043906868235        4.0049872031287390E-002
   4.7076812990856043        4.0423642723818418E-002
   4.7139582074843851        3.2394522847009950E-002
   4.7202351158831659        1.7644141563192564E-002
   4.7265120242819467       -7.6052466990073281E-004
   4.7327889326807275       -1.9009412151846226E-002
   4.7390658410795083       -3.3339914114950207E-002
   4.7453427494782892       -4.0811243835260531E-002
   4.7516196578770700       -3.9903483477211003E-002
   4.7578965662758508       -3.0820174331348406E-002
   4.7641734746746316       -1.5435604960682558E-002
   4.7704503830734124        3.0986156311403347E-003
   4.7767272914721932        2.1003765425762513E-002
   4.7830041998709740        3.4645884207395380E-002
   4.7892811082697548        4.1271295960674477E-002
   4.7955580166685357        3.9557274666006156E-002
   4.8018349250673165        2.9868771872733714E-002
   4.8081118334660973        1.4172933864706406E-002
   4.8143887418648781       -4.3673307759591745E-003
   4.8206656502636589       -2.2035370076117604E-002
   4.8269425586624397       -3.5307119400329767E-002
   4.8332194670612205       -4.1551585317999053E-002
   4.8394963754600013       -3.9546705466661024E-002
   4.8457732838587821       -2.9710584257616596E-002
   4.8520501922575630       -1.4006022127465224E-002
   4.8583271006563438        4.4585483116437400E-003
   4.8646040090551246        2.2049160783550428E-002
   4.8708809174539054        3.5322784171563218E-002
   4.8771578258526862        4.1698632890838624E-002
   4.8834347342514670        3.9953927702277799E-002
   4.8897116426502478        3.0450070868609992E-002
   4.8959885510490286        1.5049136714772130E-002
   4.9022654594478094       -3.2587674971563522E-003
   4.9085423678465903       -2.0941237729110742E-002
   4.9148192762453711       -3.4606662285230898E-002
   4.9210961846441519       -4.1652267739463109E-002
   4.9273730930429327       -4.0753783992148511E-002
   4.9336500014417135       -3.2105811049954296E-002
   4.9399269098404943       -1.7371013550399231E-002
   4.9462038182392751        6.4778490782143087E-004
   4.9524807266380559        1.8546450975551985E-002
   4.9587576350368368        3.2964690969956446E-002
   4.9650345434356176        4.1214871070892702E-002
   4.9713114518343984        4.1777252008954671E-002
   4.9775883602331792        3.4571520043966575E-002
   4.9838652686319600        2.0957790757728127E-002
   4.9901421770307408        3.4712635259443038E-003
   4.9964190854295216       -1.4656220155616420E-002
   5.0026959938283024       -3.0096308072167437E-002
   5.0089729022270832       -4.0034043745485436E-002
   5.0152498106258641       -4.2676060122293413E-002
   5.0215267190246449       -3.7566303456894067E-002
   5.0278036274234257       -2.5655257547429946E-002
   5.0340805358222065       -9.1142831870844772E-003
   5.0403574442209873        9.0672269506739192E-003
   5.0466343526197681        2.5625951083229920E-002
   5.0529112610185480        3.7610341290861805E-002
   5.0591881694173289        4.2902878609637297E-002
   5.0654650778161097        4.0587241992067390E-002
   5.0717419862148905        3.1098073320432688E-002
   5.0780188946136713        1.6130639683053522E-002
   5.0842958030124521       -1.6696459490916555E-003
   5.0905727114112329       -1.9179753758527200E-002
   5.0968496198100137       -3.3348429747332327E-002
   5.1031265282087945       -4.1725630368746019E-002
   5.1094034366075753       -4.2880610764706700E-002
   5.1156803450063562       -3.6638376479148846E-002
   5.1219572534051370       -2.4096910996185154E-002
   5.1282341618039178       -7.4259670575987672E-003
   5.1345110702026986        1.0514463495783272E-002
   5.1407879786014794        2.6667946833171252E-002
   5.1470648870002602        3.8301952029555497E-002
   5.1533417953990410        4.3466293179115482E-002
   5.1596187037978218        4.1313473893803000E-002
   5.1658956121966026        3.2229511341951581E-002
   5.1721725205953835        1.7756609965647131E-002
   5.1784494289941643        3.2417060381313825E-004
   5.1847263373929451       -1.7163851421781624E-002
   5.1910032457917259       -3.1814418255641332E-002
   5.1972801541905067       -4.1222334825250534E-002
   5.2035570625892875       -4.3860348795887662E-002
   5.2098339709880683       -3.9320012636745519E-002
   5.2161108793868491       -2.8366580651110165E-002
   5.2223877877856300       -1.2802258345508423E-002
   5.2286646961844108        4.8366678668529568E-003
   5.2349416045831916        2.1696973992623755E-002
   5.2412185129819724        3.5070751751977804E-002
   5.2474954213807532        4.2827827239784962E-002
   5.2537723297795340        4.3749757823815620E-002
   5.2600492381783148        3.7713960291306817E-002
   5.2663261465770956        2.5701411823713351E-002
   5.2726030549758764        9.6298459969646026E-003
   5.2788799633746573       -7.9581599944648727E-003
   5.2851568717734381       -2.4300641413164830E-002
   5.2914337801722189       -3.6850142648002182E-002
   5.2977106885709997       -4.3667917677510035E-002
   5.3039875969697805       -4.3717940122250651E-002
   5.3102645053685613       -3.7017056805415387E-002
   5.3165414137673421       -2.4620766423222716E-002
   5.3228183221661229       -8.4498231528552480E-003
   5.3290952305649038        9.0128695565774089E-003
   5.3353721389636846        2.5106467449677108E-002
   5.3416490473624654        3.7397638060528961E-002
   5.3479259557612462        4.4045517923385152E-002
   5.3542028641600270        4.4071931315699441E-002
   5.3604797725588078        3.7498093576104542E-002
   5.3667566809575886        2.5329897141908551E-002
   5.3730335893563694        9.3968762282900693E-003
   5.3793104977551502       -7.9284264894109811E-003
   5.3855874061539311       -2.4086881827141315E-002
   5.3918643145527119       -3.6711020571126018E-002
   5.3981412229514927       -4.3969201027101508E-002
   5.4044181313502735       -4.4826100947985559E-002
   5.4106950397490543       -3.9183310659643547E-002
   5.4169719481478351       -2.7882074030576728E-002
   5.4232488565466159       -1.2570583351003046E-002
   5.4295257649453967        4.5423265450123262E-003
   5.4358026733441775        2.1009485050025895E-002
   5.4420795817429584        3.4496172840013557E-002
   5.4483564901417392        4.3109020453790059E-002
   5.4546333985405200        4.5657028611784438E-002
   5.4609103069393008        4.1809462307090858E-002
   5.4671872153380816        3.2130746459881364E-002
   5.4734641237368624        1.7990183693019801E-002
   5.4797410321356432        1.3617728397782153E-003
   5.4860179405344240       -1.5455789759613800E-002
   5.4922948489332049       -3.0158651377366362E-002
   5.4985717573319857       -4.0752271158644222E-002
   5.5048486657307665       -4.5818098796838201E-002
   5.5111255741295473       -4.4697401378676012E-002
   5.5174024825283281       -3.7569338364722274E-002
   5.5236793909271089       -2.5415245754928328E-002
   5.5299562993258897       -9.8765513012957547E-003
   5.5362332077246705        6.9722898774453390E-003
   5.5425101161234513        2.2903782185175723E-002
   5.5487870245222322        3.5832165611560822E-002
   5.5550639329210130        4.4083992299393762E-002
   5.5613408413197938        4.6609795251622010E-002
   5.5676177497185746        4.3110801779489401E-002
   5.5738946581173554        3.4066391749370581E-002
   5.5801715665161362        2.0661195598591142E-002
   5.5864484749149170        4.6236145419294101E-003
   5.5927253833136978       -1.2001513516085647E-002
   5.5990022917124787       -2.7115702337762573E-002
   5.6052792001112595       -3.8831093420819543E-002
   5.6115561085100403       -4.5703083352071891E-002
   5.6178330169088211       -4.6903111025522824E-002
   5.6241099253076019       -4.2311694727175976E-002
   5.6303868337063827       -3.2522266186785630E-002
   5.6366637421051635       -1.8757601535479763E-002
   5.6429406505039443       -2.7112823992641402E-003
   5.6492175589027251        1.3664641010827656E-002
   5.6554944673015060        2.8398754889159768E-002
   5.6617713757002868        3.9736738699964691E-002
   5.6680482840990676        4.6346988089106464E-002
   5.6743251924978484        4.7471768869796156E-002
   5.6806021008966292        4.3007459251547510E-002
   5.6868790092954100        3.3506309380648823E-002
   5.6931559176941908        2.0101583677732498E-002
   5.6994328260929716        4.3668229787610525E-003
   5.7057097344917524       -1.1872740169265599E-002
   5.7119866428905333       -2.6753637978801769E-002
   5.7182635512893141       -3.8587403642125935E-002
   5.7245404596880949       -4.6049326009899465E-002
   5.7308173680868757       -4.8322019583169291E-002
   5.7370942764856565       -4.5178872198469507E-002
   5.7433711848844373       -3.6999660832441460E-002
   5.7496480932832181       -2.4718442949138136E-002
   5.7559250016819989       -9.7113395108727983E-003
   5.7622019100807798        6.3617932807920564E-003
   5.7684788184795606        2.1743208088427085E-002
   5.7747557268783414        3.4769640974495183E-002
   5.7810326352771222        4.4050209548051895E-002
   5.7873095436759030        4.8611085059990969E-002
   5.7935864520746838        4.7992390949688643E-002
   5.7998633604734646        4.2288366190229298E-002
   5.8061402688722454        3.2128143652118565E-002
   5.8124171772710262        1.8600833547608997E-002
   5.8186940856698071        3.1343017988966645E-003
   5.8249709940685879       -1.2658472705441586E-002
   5.8312479024673687       -2.7148700234839299E-002
   5.8375248108661495       -3.8858940468511481E-002
   5.8438017192649303       -4.6611139959253908E-002
   5.8500786276637111       -4.9641076970890034E-002
   5.8563555360624919       -4.7668614320563962E-002
   5.8626324444612727       -4.0917940180720244E-002
   5.8689093528600536       -3.0087147306577581E-002
   5.8751862612588344       -1.6271533530216480E-002
   5.8814631696576152       -8.4941232925817706E-004
   5.8877400780563960        1.4657399885536151E-002
   5.8940169864551768        2.8734184882636672E-002
   5.9002938948539576        4.0020159500745604E-002
   5.9065708032527384        4.7437523757963805E-002
   5.9128477116515192        5.0290827722943500E-002
   5.9191246200503000        4.8327943585791650E-002
   5.9254015284490809        4.1757812437885379E-002
   5.9316784368478617        3.1224331612208112E-002
   5.9379553452466425        1.7739856815746004E-002
   5.9442322536454233        2.5854400532593510E-003
   5.9505091620442041       -1.2812204791383536E-002
   5.9567860704429849       -2.7015146055334428E-002
   5.9630629788417657       -3.8707490264280268E-002
   5.9693398872405457       -4.6815300555174681E-002
   5.9756167956393265       -5.0602551766119760E-002
   5.9818937040381073       -4.9734913340572603E-002
   5.9881706124368881       -4.4306220761932406E-002
   5.9944475208356689       -3.4825927680693501E-002
   6.0007244292344497       -2.2169315522142127E-002
   6.0070013376332305       -7.4954744339214346E-003
   6.0132782460320113        7.8592082472918583E-003
   6.0195551544307921        2.2502322718578785E-002
   6.0258320628295730        3.5110627326138157E-002
   6.0321089712283538        4.4548134611353367E-002
   6.0383858796271346        4.9966834375232132E-002
   6.0446627880259154        5.0881408660907332E-002
   6.0509396964246962        4.7211608110843219E-002
   6.0572166048234770        3.9288773941584240E-002
   6.0634935132222578        2.7826068354093007E-002
   6.0697704216210386        1.3855067036064634E-002
   6.0760473300198194       -1.3657787416163926E-003
   6.0823242384186003       -1.6462912643757648E-002
   6.0886011468173811       -3.0070042050784809E-002
   6.0948780552161619       -4.0950525294677437E-002
   6.1011549636149427       -4.8109122177131043E-002
   6.1074318720137235       -5.0883257411126009E-002
   6.1137087804125043       -4.9005578725231140E-002
   6.1199856888112851       -4.2631929771822313E-002
   6.1262625972100659       -3.2331745386012987E-002
   6.1325395056088468       -1.9041049211532067E-002
   6.1388164140076276       -3.9813637866666597E-003
   6.1450933224064084        1.1449052866507494E-002
   6.1513702308051892        2.5802521442649794E-002
   6.1576471392039700        3.7716684602342399E-002
   6.1639240476027508        4.6044458263625659E-002
   6.1702009560015316        4.9966923773223766E-002
   6.1764778644003124        4.9077969666988297E-002
   6.1827547727990932        4.3431665714412850E-002
   6.1890316811978741        3.3546493704515554E-002
   6.1953085895966549        2.0364438833532984E-002
   6.2015854979954357        5.1672405536073275E-003
   6.2078624063942165       -1.0543576188680188E-002
   6.2141393147929973       -2.5192345223344535E-002
   6.2204162231917781       -3.7286932242018088E-002
   6.2266931315905589       -4.5572883741227886E-002
   6.2329700399893397       -4.9168072761404800E-002
   6.2392469483881206       -4.7663070667532177E-002
   6.2455238567869014       -4.1175309937568787E-002
   6.2518007651856822       -3.0349384029232193E-002
   6.2580776735844630       -1.6301200330298544E-002
   6.2643545819832438       -5.0965437591079707E-004
   6.2706314903820246        1.5334588459809860E-002
   6.2769083987808054        2.9508397392706665E-002
   6.2831853071795862        4.0444879633859059E-002
