   6.2769083987808056E-003  -2.2380528349267681E-015
   1.2553816797561611E-002  -2.5129720000427641E-015
   1.8830725196342418E-002  -2.2132256409943851E-015
   2.5107633595123222E-002  -2.1944215810389144E-015
   3.1384541993904030E-002  -1.6919300165209024E-015
   3.7661450392684835E-002  -1.3459581317895237E-015
   4.3938358791465640E-002  -5.9549157866284867E-016
   5.0215267190246445E-002  -1.7240349850805613E-016
   5.6492175589027249E-002   2.7701146506413821E-016
   6.2769083987808061E-002   2.8049014381055466E-016
   6.9045992386588859E-002   8.5646843737282239E-016
   7.5322900785369670E-002   6.6693232979248575E-016
   8.1599809184150468E-002   1.0225275324665307E-015
   8.7876717582931280E-002   8.7539915087129543E-016
   9.4153625981712077E-002   1.2659017515069941E-015
  0.10043053438049289        1.4985534499771862E-015
  0.10670744277927370        1.8808086421375166E-015
  0.11298435117805450        1.6533349813852905E-015
  0.11926125957683531        1.5005750152877683E-015
  0.12553816797561612        1.1204171580399582E-015
  0.13181507637439691        1.2270049404402833E-015
  0.13809198477317772        7.7147168983811113E-016
  0.14436889317195853        6.9687682543817060E-016
  0.15064580157073934        2.0923923828615034E-016
  0.15692270996952015        4.8073957315698907E-017
  0.16319961836830094       -5.8911260779721729E-016
  0.16947652676708175       -8.0001412175318755E-016
  0.17575343516586256       -1.2112099478562423E-015
  0.18203034356464337       -1.4784021831885294E-015
  0.18830725196342415       -1.5930249857225775E-015
  0.19458416036220497       -1.4169648680727631E-015
  0.20086106876098578       -1.6794932129476957E-015
  0.20713797715976659       -1.6886627594844995E-015
  0.21341488555854740       -1.6457800774196680E-015
  0.21969179395732819       -1.4408853761331487E-015
  0.22596870235610900       -1.4092378094944478E-015
  0.23224561075488981       -1.3775947281909198E-015
  0.23852251915367062       -1.3284000313078983E-015
  0.24479942755245140       -1.0037239718825808E-015
  0.25107633595123224       -1.1463517266855716E-015
  0.25735324435001306       -1.1461954807464616E-015
  0.26363015274879381       -1.5945423349999176E-015
  0.26990706114757462       -1.8590993856152751E-015
  0.27618396954635543       -1.9911425775216946E-015
  0.28246087794513625       -1.5388787457554997E-015
  0.28873778634391706       -1.4405245836796969E-015
  0.29501469474269787       -2.3613008868567109E-016
  0.30129160314147868        4.4116076879722073E-016
  0.30756851154025949        1.4951105449763427E-015
  0.31384541993904030        2.0348461254505842E-015
  0.32012232833782106        2.4811027205591031E-015
  0.32639923673660187        1.9204239683954102E-015
  0.33267614513538268        1.5595400159465543E-015
  0.33895305353416350        1.0518650386715689E-015
  0.34522996193294431        5.9039860049272700E-016
  0.35150687033172512        9.6173275575388385E-017
  0.35778377873050593        1.7239438236701385E-016
  0.36406068712928674       -1.8344638223600426E-016
  0.37033759552806755       -1.8590656627024722E-016
  0.37661450392684831       -2.5267002081018640E-016
  0.38289141232562912        1.0501797044956064E-016
  0.38916832072440993        2.2839201175140392E-016
  0.39544522912319074        6.2429721638386873E-016
  0.40172213752197156        4.3530780752764047E-016
  0.40799904592075237        6.9036496570653650E-016
  0.41427595431953318        2.3588140427913254E-016
  0.42055286271831399       -4.1485066483224863E-017
  0.42682977111709480       -9.7320472514603477E-016
  0.43310667951587556       -1.7362096746921036E-015
  0.43938358791465637       -2.8206814154130717E-015
  0.44566049631343718       -3.5366813038726675E-015
  0.45193740471221799       -4.3273048479249265E-015
  0.45821431311099881       -4.5935671402652536E-015
  0.46449122150977962       -4.7412157826417557E-015
  0.47076812990856043       -4.9032221628698101E-015
  0.47704503830734124       -5.0611428796767835E-015
  0.48332194670612205       -4.9675470095546042E-015
  0.48959885510490281       -5.1091616009731034E-015
  0.49587576350368362       -5.4544889926348011E-015
  0.50215267190246449       -5.9590389907434021E-015
  0.50842958030124530       -6.9266575600720743E-015
  0.51470648870002611       -8.3179232578600108E-015
  0.52098339709880681       -9.9888399536783882E-015
  0.52726030549758762       -1.1965682186034562E-014
  0.53353721389636843       -1.3723949683934131E-014
  0.53981412229514925       -1.6182519141030730E-014
  0.54609103069393006       -1.8474485264215407E-014
  0.55236793909271087       -2.1018137275039569E-014
  0.55864484749149168       -2.3362104444922083E-014
  0.56492175589027249       -2.6102296475112976E-014
  0.57119866428905330       -2.8680395621836076E-014
  0.57747557268783412       -3.1884901467558622E-014
  0.58375248108661493       -3.5122361130094097E-014
  0.59002938948539574       -3.8663049270384192E-014
  0.59630629788417655       -4.2310894913556718E-014
  0.60258320628295736       -4.6594819524953387E-014
  0.60886011468173817       -5.0690458029537845E-014
  0.61513702308051899       -5.5066572859880725E-014
  0.62141393147929980       -5.8667270955143182E-014
  0.62769083987808061       -6.2034107912349937E-014
  0.63396774827686131       -6.5247966484117828E-014
  0.64024465667564212       -6.7684507155355185E-014
  0.64652156507442293       -6.9829838322842987E-014
  0.65279847347320374       -7.1839631513275892E-014
  0.65907538187198456       -7.3463069259543587E-014
  0.66535229027076537       -7.5189756086916845E-014
  0.67162919866954618       -7.6127823476660828E-014
  0.67790610706832699       -7.7258777632670033E-014
  0.68418301546710780       -7.7648938372350783E-014
  0.69045992386588861       -7.7709194602152559E-014
  0.69673683226466943       -7.7047228189477956E-014
  0.70301374066345024       -7.5773792292070500E-014
  0.70929064906223105       -7.3422842182570822E-014
  0.71556755746101186       -7.0177744823949955E-014
  0.72184446585979267       -6.6134254114521445E-014
  0.72812137425857348       -6.0989871507172969E-014
  0.73439828265735430       -5.5246248135630267E-014
  0.74067519105613511       -4.8775341946784290E-014
  0.74695209945491581       -4.1533577224784420E-014
  0.75322900785369662       -3.4720503130109562E-014
  0.75950591625247743       -2.7323073022403902E-014
  0.76578282465125824       -1.9825575448161243E-014
  0.77205973305003905       -1.2069673903276630E-014
  0.77833664144881987       -4.0732175424706366E-015
  0.78461354984760068        4.2502717806440190E-015
  0.79089045824638149        1.2282251962104028E-014
  0.79716736664516230        2.0290960548612937E-014
  0.80344427504394311        2.7731062482135374E-014
  0.80972118344272392        3.4708192935589319E-014
  0.81599809184150474        4.0964721967627930E-014
  0.82227500024028555        4.6526950374779926E-014
  0.82855190863906636        5.0943981766914635E-014
  0.83482881703784717        5.3837341494408102E-014
  0.84110572543662798        5.5225769314185382E-014
  0.84738263383540879        5.5694218344565531E-014
  0.85365954223418961        5.5114388293269704E-014
  0.85993645063297042        5.3258526188583086E-014
  0.86621335903175112        4.9926545801826149E-014
  0.87249026743053193        4.5266451052757207E-014
  0.87876717582931274        4.0123984294969077E-014
  0.88504408422809355        3.3913134724071931E-014
  0.89132099262687436        2.6248995170039132E-014
  0.89759790102565518        1.8302180128019043E-014
  0.90387480942443599        9.6756903907708157E-015
  0.91015171782321680        9.1832876921587887E-016
  0.91642862622199761       -8.0182527420003327E-015
  0.92270553462077842       -1.7242745622427728E-014
  0.92898244301955923       -2.6378195434824435E-014
  0.93525935141834005       -3.4550172163015451E-014
  0.94153625981712086       -4.2566261159352023E-014
  0.94781316821590167       -4.8978572255884908E-014
  0.95409007661468248       -5.3657230949602790E-014
  0.96036698501346329       -5.6233078682752088E-014
  0.96664389341224410       -5.6748848479280019E-014
  0.97292080181102492       -5.5014287739508204E-014
  0.97919771020980562       -5.1712045832496417E-014
  0.98547461860858643       -4.7113197216811906E-014
  0.99175152700736724       -4.1540950064255117E-014
  0.99802843540614805       -3.4736693582561177E-014
   1.0043053438049290       -2.6582253189235403E-014
   1.0105822522037098       -1.7581401464959495E-014
   1.0168591606024906       -7.8713473710350463E-015
   1.0231360690012714        2.0635992643413398E-015
   1.0294129774000522        1.1805810328833588E-014
   1.0356898857988328        2.1569388646453273E-014
   1.0419667941976136        3.0558931527971270E-014
   1.0482437025963944        3.8863676858996135E-014
   1.0545206109951752        4.6185388997480839E-014
   1.0607975193939561        5.2192744018085047E-014
   1.0670744277927369        5.6093811219630431E-014
   1.0733513361915177        5.8215953166121251E-014
   1.0796282445902985        5.8101822305681872E-014
   1.0859051529890793        5.5700511693484512E-014
   1.0921820613878601        5.1045174728480298E-014
   1.0984589697866409        4.4593730021569994E-014
   1.1047358781854217        3.6910488868724986E-014
   1.1110127865842025        2.8332944612696493E-014
   1.1172896949829834        1.8568273834333087E-014
   1.1235666033817642        8.5487037370865493E-015
   1.1298435117805450       -1.9002809359571068E-015
   1.1361204201793258       -1.2113471753517663E-014
   1.1423973285781066       -2.2242570834140707E-014
   1.1486742369768874       -3.2041767522467146E-014
   1.1549511453756682       -4.0487919074805485E-014
   1.1612280537744490       -4.7186811275305891E-014
   1.1675049621732299       -5.1629609515575195E-014
   1.1737818705720107       -5.4000645052655318E-014
   1.1800587789707915       -5.4361379642755326E-014
   1.1863356873695723       -5.1887907660038302E-014
   1.1926125957683531       -4.6970975527763352E-014
   1.1988895041671339       -4.0002986042117939E-014
   1.2051664125659147       -3.1344428166882256E-014
   1.2114433209646955       -2.1333662130089480E-014
   1.2177202293634763       -1.1071869832564893E-014
   1.2239971377622572       -4.3493892467911122E-016
   1.2302740461610380        1.0387991524577768E-014
   1.2365509545598188        2.0711362905609506E-014
   1.2428278629585996        3.0328861497629241E-014
   1.2491047713573804        3.8946228690035539E-014
   1.2553816797561612        4.6202473440268722E-014
   1.2616585881549420        5.1466055606152507E-014
   1.2679354965537226        5.4668766006724670E-014
   1.2742124049525034        5.5504178932492062E-014
   1.2804893133512842        5.4156153366688952E-014
   1.2867662217500651        4.9986822466297777E-014
   1.2930431301488459        4.3306378537509452E-014
   1.2993200385476267        3.5263557287236653E-014
   1.3055969469464075        2.5568971073720251E-014
   1.3118738553451883        1.4593391311324517E-014
   1.3181507637439691        2.7643771501756082E-015
   1.3244276721427499       -8.9860340475339962E-015
   1.3307045805415307       -2.0685517389289936E-014
   1.3369814889403115       -3.1566874900698996E-014
   1.3432583973390924       -4.0924938312403053E-014
   1.3495353057378732       -4.8440951338658421E-014
   1.3558122141366540       -5.3846863415284662E-014
   1.3620891225354348       -5.7667308750360960E-014
   1.3683660309342156       -5.9100530054669210E-014
   1.3746429393329964       -5.8273967114423188E-014
   1.3809198477317772       -5.5854791703865509E-014
   1.3871967561305580       -5.1292216069772191E-014
   1.3934736645293389       -4.4435911901628757E-014
   1.3997505729281197       -3.5898894889873712E-014
   1.4060274813269005       -2.6017030115235858E-014
   1.4123043897256813       -1.5676841106794623E-014
   1.4185812981244621       -4.8763593599805873E-015
   1.4248582065232429        6.2274450970034503E-015
   1.4311351149220237        1.7376488101392682E-014
   1.4374120233208045        2.7610412167919656E-014
   1.4436889317195853        3.7146320946569830E-014
   1.4499658401183662        4.5180399863914899E-014
   1.4562427485171470        5.1484984145545680E-014
   1.4625196569159278        5.5967221086872091E-014
   1.4687965653147086        5.8899887881208707E-014
   1.4750734737134894        5.9492597862560923E-014
   1.4813503821122702        5.8499712062187639E-014
   1.4876272905110510        5.5410926693048672E-014
   1.4939041989098316        5.0000935305748455E-014
   1.5001811073086124        4.3387216503259205E-014
   1.5064580157073932        3.5724511134824785E-014
   1.5127349241061741        2.7804381018774996E-014
   1.5190118325049549        1.9557329854644700E-014
   1.5252887409037357        1.0772079673301415E-014
   1.5315656493025165        1.6479805259143887E-015
   1.5378425577012973       -7.2598503577314070E-015
   1.5441194661000781       -1.5076686711687666E-014
   1.5503963744988589       -2.2408572986418315E-014
   1.5566732828976397       -2.8575267398137029E-014
   1.5629501912964205       -3.4115194592458122E-014
   1.5692270996952014       -3.9094147747680452E-014
   1.5755040080939822       -4.2952073390700247E-014
   1.5817809164927630       -4.4863113511206945E-014
   1.5880578248915438       -4.5518567603710812E-014
   1.5943347332903246       -4.5166059596117884E-014
   1.6006116416891054       -4.3785879865543612E-014
   1.6068885500878862       -4.1391002945036681E-014
   1.6131654584866670       -3.8250012076622235E-014
   1.6194423668854478       -3.4155537818823778E-014
   1.6257192752842287       -2.9849449955087490E-014
   1.6319961836830095       -2.5441439040324565E-014
   1.6382730920817903       -2.0959535935858491E-014
   1.6445500004805711       -1.6613965748868312E-014
   1.6508269088793519       -1.1580403850140904E-014
   1.6571038172781327       -5.8643705651517620E-015
   1.6633807256769135       -4.7270240632478651E-016
   1.6696576340756943        5.0253755370504314E-015
   1.6759345424744752        1.0136778281322851E-014
   1.6822114508732560        1.5312188976078674E-014
   1.6884883592720368        2.0891399864427526E-014
   1.6947652676708176        2.6641240034286601E-014
   1.7010421760695984        3.2471932622395091E-014
   1.7073190844683792        3.8215084725981763E-014
   1.7135959928671600        4.2976667283491351E-014
   1.7198729012659408        4.7279993528652015E-014
   1.7261498096647214        5.0536283951214814E-014
   1.7324267180635022        5.3607453787907970E-014
   1.7387036264622830        5.5843669261295553E-014
   1.7449805348610639        5.7862189220425782E-014
   1.7512574432598447        5.9150056441672084E-014
   1.7575343516586255        5.9825389246012596E-014
   1.7638112600574063        5.9732910824106082E-014
   1.7700881684561871        5.9126622004636873E-014
   1.7763650768549679        5.8161651154422199E-014
   1.7826419852537487        5.7165806376796580E-014
   1.7889188936525295        5.5628065071384970E-014
   1.7951958020513104        5.4386764545205158E-014
   1.8014727104500912        5.2726949274951732E-014
   1.8077496188488720        5.0740478289688527E-014
   1.8140265272476528        4.8259951621016728E-014
   1.8203034356464336        4.6041553273916402E-014
   1.8265803440452144        4.3571836863233937E-014
   1.8328572524439952        4.1564755872298140E-014
   1.8391341608427760        3.9023968315143355E-014
   1.8454110692415568        3.6361989824994266E-014
   1.8516879776403377        3.3596592847150164E-014
   1.8579648860391185        3.1118428129851784E-014
   1.8642417944378993        2.9043987479060300E-014
   1.8705187028366801        2.6930723708406125E-014
   1.8767956112354609        2.4830746708320818E-014
   1.8830725196342417        2.2942826312404756E-014
   1.8893494280330225        2.0777786170542004E-014
   1.8956263364318033        1.8577684158618845E-014
   1.9019032448305841        1.6290827338172006E-014
   1.9081801532293650        1.4432368230469107E-014
   1.9144570616281458        1.2407624908517163E-014
   1.9207339700269266        1.1057884895089251E-014
   1.9270108784257074        9.7510995106033795E-015
   1.9332877868244882        8.9141540904761674E-015
   1.9395646952232690        7.9408619885876675E-015
   1.9458416036220498        7.8553054140469971E-015
   1.9521185120208304        8.1291927763878463E-015
   1.9583954204196112        8.6534127853558234E-015
   1.9646723288183920        8.8715456862513160E-015
   1.9709492372171729        9.1781926831019356E-015
   1.9772261456159537        8.9506302938002530E-015
   1.9835030540147345        9.1655782449349510E-015
   1.9897799624135153        8.8741361777018156E-015
   1.9960568708122961        8.6173242584237843E-015
   2.0023337792110771        7.6993515077435483E-015
   2.0086106876098579        6.9659780470934806E-015
   2.0148875960086388        5.6447092727122879E-015
   2.0211645044074196        4.4945827906397773E-015
   2.0274414128062004        3.0179494860677471E-015
   2.0337183212049812        1.5958135931077889E-015
   2.0399952296037620       -3.8328717319289921E-016
   2.0462721380025428       -1.4059137164774908E-015
   2.0525490464013236       -2.0725259592839956E-015
   2.0588259548001044       -2.6172114356930493E-015
   2.0651028631988853       -3.8459402326952643E-015
   2.0713797715976656       -4.9426897292215733E-015
   2.0776566799964464       -6.2567859278670901E-015
   2.0839335883952272       -6.6324233281376540E-015
   2.0902104967940081       -7.1988400039087782E-015
   2.0964874051927889       -7.6741803553814453E-015
   2.1027643135915697       -7.9590327378955137E-015
   2.1090412219903505       -7.6737826734127094E-015
   2.1153181303891313       -7.5019202773674080E-015
   2.1215950387879121       -6.6329657700223091E-015
   2.1278719471866929       -5.7097116001710976E-015
   2.1341488555854737       -4.0899294760501844E-015
   2.1404257639842545       -3.0750063119547051E-015
   2.1467026723830354       -2.2258785628863388E-015
   2.1529795807818162       -1.2009710194317954E-015
   2.1592564891805970       -3.2414642291693015E-017
   2.1655333975793778        6.6313699566409596E-016
   2.1718103059781586        1.2054514804428164E-015
   2.1780872143769394        1.2595235748090678E-015
   2.1843641227757202        1.7708191389959907E-015
   2.1906410311745010        2.1889538833272326E-015
   2.1969179395732819        2.7536591761777244E-015
   2.2031948479720627        3.1853273286259468E-015
   2.2094717563708435        3.3435018914464810E-015
   2.2157486647696243        3.3502662132248072E-015
   2.2220255731684051        3.2510210607900232E-015
   2.2283024815671859        3.4981889481011333E-015
   2.2345793899659667        4.1600193114852573E-015
   2.2408562983647475        4.0936533353242257E-015
   2.2471332067635283        4.4955442942168707E-015
   2.2534101151623092        4.5237134746144368E-015
   2.2596870235610900        4.5467992760628636E-015
   2.2659639319598708        4.3609271269167484E-015
   2.2722408403586516        4.8568366295081555E-015
   2.2785177487574324        4.9918081178659061E-015
   2.2847946571562132        5.4319300448265365E-015
   2.2910715655549940        5.4139537912586769E-015
   2.2973484739537748        5.9512045714886548E-015
   2.3036253823525557        6.0504649644644999E-015
   2.3099022907513365        6.4276576798490022E-015
   2.3161791991501173        6.2504401345388972E-015
   2.3224561075488981        6.4790059754929855E-015
   2.3287330159476789        6.0624724457029134E-015
   2.3350099243464597        6.4609053209080226E-015
   2.3412868327452405        5.9679541284607110E-015
   2.3475637411440213        6.0613145080948629E-015
   2.3538406495428021        5.4183709783941351E-015
   2.3601175579415830        4.8992652040474525E-015
   2.3663944663403638        3.5916227017640082E-015
   2.3726713747391446        3.0564355747182950E-015
   2.3789482831379254        2.2375739789392502E-015
   2.3852251915367062        2.2336527655509166E-015
   2.3915020999354870        1.8543671047825283E-015
   2.3977790083342678        2.1883105545530379E-015
   2.4040559167330486        2.2275574646279771E-015
   2.4103328251318294        2.7609516090933051E-015
   2.4166097335306103        2.7478496901575844E-015
   2.4228866419293911        2.9633606933577138E-015
   2.4291635503281719        2.7557311011228781E-015
   2.4354404587269527        2.9374864232965481E-015
   2.4417173671257335        2.6113682713438490E-015
   2.4479942755245143        2.3503370059244527E-015
   2.4542711839232951        9.5294034622548437E-016
   2.4605480923220759        3.6053537051248919E-016
   2.4668250007208568       -7.6201201552261676E-016
   2.4731019091196376       -7.0618695400518358E-016
   2.4793788175184184       -1.5462741862432998E-015
   2.4856557259171992       -1.6364162100528030E-015
   2.4919326343159800       -2.2258194992373092E-015
   2.4982095427147608       -1.8309823976066370E-015
   2.5044864511135416       -1.7653271953086982E-015
   2.5107633595123224       -8.3861457700268788E-016
   2.5170402679111032       -5.8419677418421537E-016
   2.5233171763098841        3.4905680776707318E-016
   2.5295940847086644        2.5606683846092450E-016
   2.5358709931074452        8.1814595160575244E-016
   2.5421479015062260        4.6135786280060497E-016
   2.5484248099050069        7.5455636755009626E-016
   2.5547017183037877        1.1206459827770299E-015
   2.5609786267025685        1.5248369803643144E-015
   2.5672555351013493        9.4790142021207186E-016
   2.5735324435001301        1.1208664916993826E-015
   2.5798093518989109        5.5145336449258031E-016
   2.5860862602976917        9.3058403186071411E-016
   2.5923631686964725        5.6651260732695994E-016
   2.5986400770952534        8.4727117504453341E-016
   2.6049169854940342        7.3596478862573583E-016
   2.6111938938928150        1.4199228075753207E-015
   2.6174708022915958        1.1623688097968393E-015
   2.6237477106903766        1.3680289729715992E-015
   2.6300246190891574        7.3326350428087338E-016
   2.6363015274879382        6.1597826429718698E-016
   2.6425784358867190       -3.4375775121843225E-016
   2.6488553442854998       -2.0528317019514079E-016
   2.6551322526842807       -8.4518498129197425E-016
   2.6614091610830615       -6.0790661366314806E-016
   2.6676860694818423       -1.0012840776969597E-015
   2.6739629778806231       -1.9623782226175948E-016
   2.6802398862794039       -4.9098457175265715E-016
   2.6865167946781847       -2.9330815130400321E-016
   2.6927937030769655       -8.5767456952835225E-016
   2.6990706114757463       -5.2338882441351843E-016
   2.7053475198745272       -1.0384080972759124E-015
   2.7116244282733080       -4.7616233061843205E-016
   2.7179013366720888       -7.0047088712032476E-016
   2.7241782450708696       -5.3667460937729929E-016
   2.7304551534696504       -1.7003732930400008E-015
   2.7367320618684312       -1.1947621855270152E-015
   2.7430089702672120       -1.7105621997834414E-015
   2.7492858786659928       -1.4990619573975968E-015
   2.7555627870647736       -2.0068880249888046E-015
   2.7618396954635545       -1.1757979532968724E-015
   2.7681166038623353       -1.7580669915550590E-015
   2.7743935122611161       -1.8375452516077807E-015
   2.7806704206598969       -2.4426388342229870E-015
   2.7869473290586777       -1.7984806363361748E-015
   2.7932242374574585       -2.4753888862088682E-015
   2.7995011458562393       -2.5028493591568341E-015
   2.8057780542550201       -3.4334136406457821E-015
   2.8120549626538009       -4.1578584223346453E-015
   2.8183318710525818       -6.2380676643901478E-015
   2.8246087794513626       -7.6577212750193932E-015
   2.8308856878501434       -1.0684114543243208E-014
   2.8371625962489242       -1.3754870229990704E-014
   2.8434395046477050       -1.9551004556572492E-014
   2.8497164130464858       -2.6309533530416636E-014
   2.8559933214452666       -3.6806026988485091E-014
   2.8622702298440474       -4.9577662161347633E-014
   2.8685471382428283       -6.8459641601396632E-014
   2.8748240466416091       -9.2202876753575031E-014
   2.8811009550403899       -1.2594986562873454E-013
   2.8873778634391707       -1.6925141018696705E-013
   2.8936547718379515       -2.3003376006867882E-013
   2.8999316802367323       -3.1110979786790094E-013
   2.9062085886355131       -4.2225360227449364E-013
   2.9124854970342939       -5.7032502089114228E-013
   2.9187624054330747       -7.7199147725111495E-013
   2.9250393138318556       -1.0422865511960131E-012
   2.9313162222306364       -1.4079967905722593E-012
   2.9375931306294172       -1.8983299290538240E-012
   2.9438700390281980       -2.5596366392312303E-012
   2.9501469474269788       -3.4469838956902135E-012
   2.9564238558257596       -4.6408247149403528E-012
   2.9627007642245404       -6.2412641347663999E-012
   2.9689776726233212       -8.3888088375467202E-012
   2.9752545810221021       -1.1262720746953008E-011
   2.9815314894208829       -1.5108692972995127E-011
   2.9878083978196632       -2.0245301824502625E-011
   2.9940853062184440       -2.7102289778869612E-011
   3.0003622146172249       -3.6238279294403032E-011
   3.0066391230160057       -4.8398422096188377E-011
   3.0129160314147865       -6.4556806517432634E-011
   3.0191929398135673       -8.6001968525987697E-011
   3.0254698482123481       -1.1441591548858795E-010
   3.0317467566111289       -1.5200956530588868E-010
   3.0380236650099097       -2.0166541431008754E-010
   3.0443005734086905       -2.6715225819446050E-010
   3.0505774818074713       -3.5336910341258828E-010
   3.0568543902062522       -4.6669251523122025E-010
   3.0631312986050330       -6.1538161815643866E-010
   3.0694082070038138       -8.1013855081720865E-010
   3.0756851154025946       -1.0647775035762607E-009
   3.0819620238013754       -1.3971182647652505E-009
   3.0882389322001562       -1.8300758253810073E-009
   3.0945158405989370       -2.3930825410794512E-009
   3.1007927489977178       -3.1238390721887390E-009
   3.1070696573964987       -4.0705624219486635E-009
   3.1133465657952795       -5.2947695235259130E-009
   3.1196234741940603       -6.8748145393061403E-009
   3.1259003825928411       -8.9102699462099520E-009
   3.1321772909916219       -1.1527449828710316E-008
   3.1384541993904027       -1.4886250686952176E-008
   3.1447311077891835       -1.9188718080271688E-008
   3.1510080161879643       -2.4689649602132851E-008
   3.1572849245867451       -3.1709799412371561E-008
   3.1635618329855260       -4.0652163167708409E-008
   3.1698387413843068       -5.2022125580937306E-008
   3.1761156497830876       -6.6452233428218992E-008
   3.1823925581818684       -8.4732712211982697E-008
   3.1886694665806492       -1.0784886052688623E-007
   3.1949463749794300       -1.3702690015986228E-007
   3.2012232833782108       -1.7378995026119066E-007
   3.2075001917769916       -2.2002634618461184E-007
   3.2137771001757724       -2.7807272048388136E-007
   3.2200540085745533       -3.5081495424595822E-007
   3.2263309169733341       -4.4181043873200948E-007
   3.2326078253721149       -5.5543597803932168E-007
   3.2388847337708957       -6.9706616204868961E-007
   3.2451616421696765       -8.7328817404562432E-007
   3.2514385505684573       -1.0921597368337334E-006
   3.2577154589672381       -1.3635183269594782E-006
   3.2639923673660189       -1.6993508341015079E-006
   3.2702692757647998       -2.1142346222618467E-006
   3.2765461841635806       -2.6258623763577308E-006
   3.2828230925623614       -3.2556653328570335E-006
   3.2891000009611422       -4.0295513449427621E-006
   3.2953769093599230       -4.9787769600210411E-006
   3.3016538177587038       -6.1409750320321155E-006
   3.3079307261574846       -7.5613626649697784E-006
   3.3142076345562654       -9.2941571525961760E-006
   3.3204845429550462       -1.1404231425234002E-005
   3.3267614513538271       -1.3969043866905977E-005
   3.3330383597526079       -1.7080882113897229E-005
   3.3393152681513887       -2.0849465417675319E-005
   3.3455921765501695       -2.5404954325352188E-005
   3.3518690849489503       -3.0901420384238895E-005
   3.3581459933477311       -3.7520834278818189E-005
   3.3644229017465119       -4.5477635305200874E-005
   3.3706998101452927       -5.5023950394261613E-005
   3.3769767185440736       -6.6455534959301141E-005
   3.3832536269428544       -8.0118512511236854E-005
   3.3895305353416352       -9.6416992909304966E-005
   3.3958074437404160       -1.1582165226419524E-004
   3.4020843521391968       -1.3887935826326824E-004
   3.4083612605379776       -1.6622392506679108E-004
   3.4146381689367584       -1.9858807906264790E-004
   3.4209150773355392       -2.3681671275769021E-004
   3.4271919857343200       -2.8188149573316279E-004
   3.4334688941331009       -3.3489690111069377E-004
   3.4397458025318817       -3.9713768983109301E-004
   3.4460227109306620       -4.7005787559015476E-004
   3.4522996193294428       -5.5531116663564469E-004
   3.4585765277282237       -6.5477284933429330E-004
   3.4648534361270045       -7.7056303830523826E-004
   3.4711303445257853       -9.0507117174968166E-004
   3.4774072529245661       -1.0609815740505433E-003
   3.4836841613233469       -1.2412998437525261E-003
   3.4899610697221277       -1.4493797494641231E-003
   3.4962379781209085       -1.6889502321319140E-003
   3.5025148865196893       -1.9641420150901256E-003
   3.5087917949184702       -2.2795131989035390E-003
   3.5150687033172510       -2.6400730683914784E-003
   3.5213456117160318       -3.0513032586674750E-003
   3.5276225201148126       -3.5191752862293976E-003
   3.5338994285135934       -4.0501632940704363E-003
   3.5401763369123742       -4.6512507046757223E-003
   3.5464532453111550       -5.3299293217077999E-003
   3.5527301537099358       -6.0941892652141352E-003
   3.5590070621087166       -6.9524979801121236E-003
   3.5652839705074975       -7.9137664189085789E-003
   3.5715608789062783       -8.9873003853324120E-003
   3.5778377873050591       -1.0182734930690666E-002
   3.5841146957038399       -1.1509949642590233E-002
   3.5903916041026207       -1.2978962650009097E-002
   3.5966685125014015       -1.4599801218551764E-002
   3.6029454209001823       -1.6382346916489710E-002
   3.6092223292989631       -1.8336153531427611E-002
   3.6154992376977440       -2.0470236195584059E-002
   3.6217761460965248       -2.2792830578048824E-002
   3.6280530544953056       -2.5311121502082558E-002
   3.6343299628940864       -2.8030940997727637E-002
   3.6406068712928672       -3.0956436565103711E-002
   3.6468837796916480       -3.4089711369237240E-002
   3.6531606880904288       -3.7430439144334020E-002
   3.6594375964892096       -4.0975457844753954E-002
   3.6657145048879904       -4.4718347426862044E-002
   3.6719914132867713       -4.8648998682535853E-002
   3.6782683216855521       -5.2753182069411507E-002
   3.6845452300843329       -5.7012131698507836E-002
   3.6908221384831137       -6.1402162786284596E-002
   3.6970990468818945       -6.5894332489221857E-002
   3.7033759552806753       -7.0454158024059813E-002
   3.7096528636794561       -7.5041409249549884E-002
   3.7159297720782369       -7.9609993796535453E-002
   3.7222066804770177       -8.4107953561631130E-002
   3.7284835888757986       -8.8477591463839711E-002
   3.7347604972745794       -9.2655746978159328E-002
   3.7410374056733602       -9.6574237823802048E-002
   3.7473143140721410      -0.10016048334155027     
   3.7535912224709218      -0.10333832236740768     
   3.7598681308697026      -0.10602903481700646     
   3.7661450392684834      -0.10815257163857830     
   3.7724219476672642      -0.10962899231705396     
   3.7786988560660451      -0.11038010270476031     
   3.7849757644648259      -0.11033127872289850     
   3.7912526728636067      -0.10941345350834367     
   3.7975295812623875      -0.10756523706725414     
   3.8038064896611683      -0.10473512863528121     
   3.8100833980599491      -0.10088377302772064     
   3.8163603064587299       -9.5986203592437425E-002
   3.8226372148575107       -9.0034006340371994E-002
   3.8289141232562915       -8.3037332805767028E-002
   3.8351910316550724       -7.5026683633685268E-002
   3.8414679400538532       -6.6054381215824076E-002
   3.8477448484526340       -5.6195648383896714E-002
   3.8540217568514148       -4.5549211420872482E-002
   3.8602986652501956       -3.4237349678381018E-002
   3.8665755736489764       -2.2405323538053461E-002
   3.8728524820477572       -1.0220124983762407E-002
   3.8791293904465380        2.1314913383460067E-003
   3.8854062988453189        1.4445720569775774E-002
   3.8916832072440997        2.6505165786574612E-002
   3.8979601156428805        3.8083019337858209E-002
   3.9042370240416608        4.8947917808929556E-002
   3.9105139324404417        5.8869392390755455E-002
   3.9167908408392225        6.7623807102530104E-002
   3.9230677492380033        7.5000648380591783E-002
   3.9293446576367841        8.0809002214122183E-002
   3.9356215660355649        8.4884030574549449E-002
   3.9418984744343457        8.7093238689975941E-002
   3.9481753828331265        8.7342310089211006E-002
   3.9544522912319073        8.5580278539248461E-002
   3.9607291996306881        8.1803806143020075E-002
   3.9670061080294690        7.6060345859883888E-002
   3.9732830164282498        6.8449985190428955E-002
   3.9795599248270306        5.9125796020625981E-002
   3.9858368332258114        4.8292553541590726E-002
   3.9921137416245922        3.6203734207794956E-002
   3.9983906500233730        2.3156757857617116E-002
   4.0046675584221543        9.4865009225188947E-003
   4.0109444668209351       -4.4428258483755019E-003
   4.0172213752197159       -1.8247272842915080E-002
   4.0234982836184967       -3.1533989409295408E-002
   4.0297751920172775       -4.3913007440699717E-002
   4.0360521004160583       -5.5009612352762208E-002
   4.0423290088148391       -6.4476894208263913E-002
   4.0486059172136200       -7.2008039831845908E-002
   4.0548828256124008       -7.7347906508409378E-002
   4.0611597340111816       -8.0303413892356734E-002
   4.0674366424099624       -8.0752305386798215E-002
   4.0737135508087432       -7.8649864042999937E-002
   4.0799904592075240       -7.4033221064829929E-002
   4.0862673676063048       -6.7022966371826850E-002
   4.0925442760050856       -5.7821858663663919E-002
   4.0988211844038664       -4.6710534399994050E-002
   4.1050980928026473       -3.4040227640929364E-002
   4.1113750012014281       -2.0222631622387712E-002
   4.1176519096002089       -5.7171535448796102E-003
   4.1239288179989897        8.9840687917808592E-003
   4.1302057263977705        2.3372911473115255E-002
   4.1364826347965504        3.6943198633806872E-002
   4.1427595431953312        4.9209179391317900E-002
   4.1490364515941121        5.9723848478671446E-002
   4.1553133599928929        6.8096386231107725E-002
   4.1615902683916737        7.4007997735331191E-002
   4.1678671767904545        7.7225465892400091E-002
   4.1741440851892353        7.7611798870759391E-002
   4.1804209935880161        7.5133447556766042E-002
   4.1866979019867969        6.9863690290855346E-002
   4.1929748103855777        6.1981926272527965E-002
   4.1992517187843585        5.1768780041998474E-002
   4.2055286271831394        3.9597091305415742E-002
   4.2118055355819202        2.5919039254073659E-002
   4.2180824439807010        1.1249818597448759E-002
   4.2243593523794818       -3.8515566847162597E-003
   4.2306362607782626       -1.8803605921465658E-002
   4.2369131691770434       -3.3025062260323736E-002
   4.2431900775758242       -4.5957973058694375E-002
   4.2494669859746050       -5.7090269929948104E-002
   4.2557438943733858       -6.5976856639512707E-002
   4.2620208027721667       -7.2258303436584487E-002
   4.2682977111709475       -7.5676318171808893E-002
   4.2745746195697283       -7.6085285150822884E-002
   4.2808515279685091       -7.3459317644267233E-002
   4.2871284363672899       -6.7894453110213179E-002
   4.2934053447660707       -5.9605823774624103E-002
   4.2996822531648515       -4.8919850381261273E-002
   4.3059591615636323       -3.6261724029687574E-002
   4.3122360699624132       -2.2138650112052623E-002
   4.3185129783611940       -7.1195196657295439E-003
   4.3247898867599748        8.1881621608654725E-003
   4.3310667951587556        2.3163131375570009E-002
   4.3373437035575364        3.7195956965020462E-002
   4.3436206119563172        4.9714280090069354E-002
   4.3498975203550980        6.0206618009845878E-002
   4.3561744287538788        6.8243705330024496E-002
   4.3624513371526596        7.3496447066402043E-002
   4.3687282455514405        7.5749702121402016E-002
   4.3750051539502213        7.4911295764877955E-002
   4.3812820623490021        7.1015866444560871E-002
   4.3875589707477829        6.4223377790073186E-002
   4.3938358791465637        5.4812365174564212E-002
   4.4001127875453445        4.3168216500531834E-002
   4.4063896959441253        2.9767002209371750E-002
   4.4126666043429061        1.5155561886274210E-002
   4.4189435127416870       -7.1285466000862416E-005
   4.4252204211404678       -1.5295420458324287E-002
   4.4314973295392486       -2.9900929691946194E-002
   4.4377742379380294       -4.3299350558586240E-002
   4.4440511463368102       -5.4953587314511408E-002
   4.4503280547355910       -6.4399500169562182E-002
   4.4566049631343718       -7.1264281394413029E-002
   4.4628818715331526       -7.5280882312685413E-002
   4.4691587799319334       -7.6297935116316717E-002
   4.4754356883307143       -7.4284815021044226E-002
   4.4817125967294951       -6.9331701859542724E-002
   4.4879895051282759       -6.1644715906783047E-002
   4.4942664135270567       -5.1536410804916576E-002
   4.5005433219258375       -3.9412097731241470E-002
   4.5068202303246183       -2.5752641284476824E-002
   4.5130971387233991       -1.1094502157173270E-002
   4.5193740471221799        3.9921006164060973E-003
   4.5256509555209607        1.8925977498633697E-002
   4.5319278639197416        3.3137760010914112E-002
   4.5382047723185224        4.6091774585120149E-002
   4.5444816807173032        5.7306140722288082E-002
   4.5507585891160840        6.6370333377504545E-002
   4.5570354975148648        7.2959576319296407E-002
   4.5633124059136456        7.6845582444419649E-002
   4.5695893143124264        7.7903321435217623E-002
   4.5758662227112072        7.6113666817586106E-002
   4.5821431311099881        7.1561945781371386E-002
   4.5884200395087689        6.4432578747572203E-002
   4.5946969479075497        5.5000144924137406E-002
   4.6009738563063305        4.3617339266593502E-002
   4.6072507647051113        3.0700390787512109E-002
   4.6135276731038921        1.6712588790168466E-002
   4.6198045815026729        2.1466104686157722E-003
   4.6260814899014537       -1.2493640051036772E-002
   4.6323583983002345       -2.6710983890607061E-002
   4.6386353066990154       -4.0032053502068031E-002
   4.6449122150977962       -5.2022919491029759E-002
   4.6511891234965770       -6.2302749322442119E-002
   4.6574660318953578       -7.0555088880891445E-002
   4.6637429402941386       -7.6536468224739293E-002
   4.6700198486929194       -8.0082148651449470E-002
   4.6762967570917002       -8.1108944355539406E-002
   4.6825736654904810       -7.9615163802861211E-002
   4.6888505738892619       -7.5677819251852851E-002
   4.6951274822880427       -6.9447344060909813E-002
   4.7014043906868235       -6.1140133713921949E-002
   4.7076812990856043       -5.1029285885224471E-002
   4.7139582074843851       -3.9433956186946117E-002
   4.7202351158831659       -2.6707769191284331E-002
   4.7265120242819467       -1.3226729274137023E-002
   4.7327889326807275        6.2293594929638480E-004
   4.7390658410795083        1.4456592685262452E-002
   4.7453427494782892        2.7902311241724324E-002
   4.7516196578770700        4.0610953446885596E-002
   4.7578965662758508        5.2264979256939750E-002
   4.7641734746746316        6.2585777264740808E-002
   4.7704503830734124        7.1339388453215635E-002
   4.7767272914721932        7.8340556514725726E-002
   4.7830041998709740        8.3455099057427665E-002
   4.7892811082697548        8.6600650030217052E-002
   4.7955580166685357        8.7745873104297073E-002
   4.8018349250673165        8.6908287339523105E-002
   4.8081118334660973        8.4150879451497518E-002
   4.8143887418648781        7.9577700998608475E-002
   4.8206656502636589        7.3328663830315763E-002
   4.8269425586624397        6.5573753521219177E-002
   4.8332194670612205        5.6506878895500906E-002
   4.8394963754600013        4.6339566993016591E-002
   4.8457732838587821        3.5294697985328201E-002
   4.8520501922575630        2.3600454778020495E-002
   4.8583271006563438        1.1484638545335392E-002
   4.8646040090551246       -8.3052454205725457E-004
   4.8708809174539054       -1.3132987455813488E-002
   4.8771578258526862       -2.5224826924705120E-002
   4.8834347342514670       -3.6925484980805758E-002
   4.8897116426502478       -4.8074289136128406E-002
   4.8959885510490286       -5.8532255998996238E-002
   4.9022654594478094       -6.8183202558062206E-002
   4.9085423678465903       -7.6934202693965864E-002
   4.9148192762453711       -8.4715442903205873E-002
   4.9210961846441519       -9.1479547070658085E-002
   4.9273730930429327       -9.7200446485455713E-002
   4.9336500014417135      -0.10187187498268291     
   4.9399269098404943      -0.10550557031562277     
   4.9462038182392751      -0.10812926133865515     
   4.9524807266380559      -0.10978451685932414     
   4.9587576350368368      -0.11052452643732961     
   4.9650345434356176      -0.11041187645302625     
   4.9713114518343984      -0.10951637681528775     
   4.9775883602331792      -0.10791298515522810     
   4.9838652686319600      -0.10567986658502825     
   4.9901421770307408      -0.10289661843161560     
   4.9964190854295216       -9.9642681018633106E-002
   5.0026959938283024       -9.5995947809757939E-002
   5.0089729022270832       -9.2031581171593255E-002
   5.0152498106258641       -8.7821033813782881E-002
   5.0215267190246449       -8.3431270644153413E-002
   5.0278036274234257       -7.8924181412390632E-002
   5.0340805358222065       -7.4356171041173313E-002
   5.0403574442209873       -6.9777911992719460E-002
   5.0466343526197681       -6.5234241240170507E-002
   5.0529112610185480       -6.0764183450297257E-002
   5.0591881694173289       -5.6401081579349303E-002
   5.0654650778161097       -5.2172816392633221E-002
   5.0717419862148905       -4.8102096987931414E-002
   5.0780188946136713       -4.4206807171399756E-002
   5.0842958030124521       -4.0500396459016180E-002
   5.0905727114112329       -3.6992296907661613E-002
   5.0968496198100137       -3.3688349233377220E-002
   5.1031265282087945       -3.0591227774600566E-002
   5.1094034366075753       -2.7700855998428069E-002
   5.1156803450063562       -2.5014805844494756E-002
   5.1219572534051370       -2.2528675663358796E-002
   5.1282341618039178       -2.0236442876484417E-002
   5.1345110702026986       -1.8130788674798559E-002
   5.1407879786014794       -1.6203393144635089E-002
   5.1470648870002602       -1.4445200106823953E-002
   5.1533417953990410       -1.2846651728083077E-002
   5.1596187037978218       -1.1397893581192337E-002
   5.1658956121966026       -1.0088951335161805E-002
   5.1721725205953835       -8.9098806310120068E-003
   5.1784494289941643       -7.8508919803984435E-003
   5.1847263373929451       -6.9024527037634927E-003
   5.1910032457917259       -6.0553680343080861E-003
   5.1972801541905067       -5.3008435487268239E-003
   5.2035570625892875       -4.6305310728021543E-003
   5.2098339709880683       -4.0365601461795544E-003
   5.2161108793868491       -3.5115570389328220E-003
   5.2223877877856300       -3.0486531895459212E-003
   5.2286646961844108       -2.6414847988692368E-003
   5.2349416045831916       -2.2841851630887541E-003
   5.2412185129819724       -1.9713711772656735E-003
   5.2474954213807532       -1.6981252843277705E-003
   5.2537723297795340       -1.4599740154235970E-003
   5.2600492381783148       -1.2528641236624922E-003
   5.2663261465770956       -1.0731370830702441E-003
   5.2726030549758764       -9.1750264273566086E-004
   5.2788799633746573       -7.8301204379012846E-004
   5.2851568717734381       -6.6703139494942191E-004
   5.2914337801722189       -5.6721560476194900E-004
   5.2977106885709997       -4.8148317939291946E-004
   5.3039875969697805       -4.0799211998282639E-004
   5.3102645053685613       -3.4511708681238680E-004
   5.3165414137673421       -2.9142794308631426E-004
   5.3228183221661229       -2.4566974355739410E-004
   5.3290952305649038       -2.0674419585854818E-004
   5.3353721389636846       -1.7369259046297043E-004
   5.3416490473624654       -1.4568017142318552E-004
   5.3479259557612462       -1.2198190023117434E-004
   5.3542028641600270       -1.0196955169185465E-004
   5.3604797725588078       -8.5100069886447170E-005
   5.3667566809575886       -7.0905106320671478E-005
   5.3730335893563694       -5.8981657893060339E-005
   5.3793104977551502       -4.8983721426049767E-005
   5.3855874061539311       -4.0614881291931855E-005
   5.3918643145527119       -3.3621749014045593E-005
   5.3981412229514927       -2.7788176119399113E-005
   5.4044181313502735       -2.2930165732991284E-005
   5.4106950397490543       -1.8891412208936448E-005
   5.4169719481478351       -1.5539403182701443E-005
   5.4232488565466159       -1.2762022749536087E-005
   5.4295257649453967       -1.0464599149779896E-005
   5.4358026733441775       -8.5673453652711541E-006
   5.4420795817429584       -7.0031478485485740E-006
   5.4483564901417392       -5.7156609998177805E-006
   5.4546333985405200       -4.6576691444947487E-006
   5.4609103069393008       -3.7896816051185198E-006
   5.4671872153380816       -3.0787306211933008E-006
   5.4734641237368624       -2.4973450416286763E-006
   5.4797410321356432       -2.0226762013316453E-006
   5.4860179405344240       -1.6357549560582381E-006
   5.4922948489332049       -1.3208617132223786E-006
   5.4985717573319857       -1.0649933336749692E-006
   5.5048486657307665       -8.5741309484847820E-007
   5.5111255741295473       -6.8927148631501697E-007
   5.5174024825283281       -5.5328747311919622E-007
   5.5236793909271089       -4.4348104739390223E-007
   5.5299562993258897       -3.5494938469254015E-007
   5.5362332077246705       -2.8367978390479939E-007
   5.5425101161234513       -2.2639376604707733E-007
   5.5487870245222322       -1.8041730671854151E-007
   5.5550639329210130       -1.4357313537339279E-007
   5.5613408413197938       -1.1409143456924390E-007
   5.5676177497185746       -9.0536030294816131E-008
   5.5738946581173554       -7.1743420179063133E-008
   5.5801715665161362       -5.6772587146118622E-008
   5.5864484749149170       -4.4863689491182972E-008
   5.5927253833136978       -3.5404200582847244E-008
   5.5990022917124787       -2.7901131197622450E-008
   5.6052792001112595       -2.1958358901367393E-008
   5.6115561085100403       -1.7258087171173963E-008
   5.6178330169088211       -1.3545779451034339E-008
   5.6241099253076019       -1.0617872063512453E-008
   5.6303868337063827       -8.3118373323245273E-009
   5.6366637421051635       -6.4980959685420058E-009
   5.6429406505039443       -5.0735127486738473E-009
   5.6492175589027251       -3.9561096450781523E-009
   5.6554944673015060       -3.0808381355016804E-009
   5.6617713757002868       -2.3961476912426950E-009
   5.6680482840990676       -1.8612590364581209E-009
   5.6743251924978484       -1.4439472754535381E-009
   5.6806021008966292       -1.1187987574368681E-009
   5.6868790092954100       -8.6578702446342391E-010
   5.6931559176941908       -6.6916609956891345E-010
   5.6994328260929716       -5.1656190581675341E-010
   5.7057097344917524       -3.9827459677919333E-010
   5.7119866428905333       -3.0670049988057558E-010
   5.7182635512893141       -2.3589942487326549E-010
   5.7245404596880949       -1.8122454485530192E-010
   5.7308173680868757       -1.3905804345780706E-010
   5.7370942764856565       -1.0657604547718433E-010
   5.7433711848844373       -8.1586937922881721E-011
   5.7496480932832181       -6.2383428690231088E-011
   5.7559250016819989       -4.7646123539904659E-011
   5.7622019100807798       -3.6347606669606348E-011
   5.7684788184795606       -2.7698067313779205E-011
   5.7747557268783414       -2.1081565276711759E-011
   5.7810326352771222       -1.6028775033808441E-011
   5.7873095436759030       -1.2171989861335300E-011
   5.7935864520746838       -9.2343076300772519E-012
   5.7998633604734646       -6.9963643876528786E-012
   5.8061402688722454       -5.2963942366903714E-012
   5.8124171772710262       -4.0042040737977384E-012
   5.8186940856698071       -3.0251836806236075E-012
   5.8249709940685879       -2.2819933468132152E-012
   5.8312479024673687       -1.7211207515674853E-012
   5.8375248108661495       -1.2959404063627190E-012
   5.8438017192649303       -9.7598021678823048E-013
   5.8500786276637111       -7.3367515419094025E-013
   5.8563555360624919       -5.5187433036109995E-013
   5.8626324444612727       -4.1401547944210580E-013
   5.8689093528600536       -3.1110826499151938E-013
   5.8751862612588344       -2.3267592936074255E-013
   5.8814631696576152       -1.7442118268097445E-013
   5.8877400780563960       -1.2979550159195305E-013
   5.8940169864551768       -9.7070758728735100E-014
   5.9002938948539576       -7.1448026949581637E-014
   5.9065708032527384       -5.3340833436209408E-014
   5.9128477116515192       -3.8856225312902413E-014
   5.9191246200503000       -2.9177654771055735E-014
   5.9254015284490809       -2.1220944044350407E-014
   5.9316784368478617       -1.6039938392523806E-014
   5.9379553452466425       -1.2010113285298264E-014
   5.9442322536454233       -9.8899808456793880E-015
   5.9505091620442041       -7.4597068028115914E-015
   5.9567860704429849       -6.6290872069226200E-015
   5.9630629788417657       -5.0105205767838456E-015
   5.9693398872405457       -4.2908348767863710E-015
   5.9756167956393265       -2.7639469243107857E-015
   5.9818937040381073       -2.3442449505092700E-015
   5.9881706124368881       -1.3763112404180247E-015
   5.9944475208356689       -1.1676577304975379E-015
   6.0007244292344497       -3.0598207703634889E-016
   6.0070013376332305       -2.1491407332586305E-016
   6.0132782460320113        7.3913441892403774E-016
   6.0195551544307921        6.9519187407557948E-016
   6.0258320628295730        1.3849478289091538E-015
   6.0321089712283538        1.4817048203423936E-015
   6.0383858796271346        2.0051247966556617E-015
   6.0446627880259154        1.7042813901793766E-015
   6.0509396964246962        1.9176560190575909E-015
   6.0572166048234770        9.5471721402133479E-016
   6.0634935132222578        9.1740946265507245E-016
   6.0697704216210386        9.7541607464045800E-017
   6.0760473300198194        3.0396521913066124E-016
   6.0823242384186003       -4.6770861157882396E-016
   6.0886011468173811       -3.5538317841465394E-016
   6.0948780552161619       -5.9952813275304887E-016
   6.1011549636149427       -2.3171047609509817E-017
   6.1074318720137235       -1.4725013143708305E-016
   6.1137087804125043        4.8340384623592103E-016
   6.1199856888112851        2.0447504433423278E-016
   6.1262625972100659        6.8497691456647449E-016
   6.1325395056088468        4.7377555067575757E-016
   6.1388164140076276        8.0647421387252518E-016
   6.1450933224064084        3.8658705858828408E-016
   6.1513702308051892        2.9417796431741991E-016
   6.1576471392039700       -3.9522855779867830E-016
   6.1639240476027508       -6.2279074983070953E-016
   6.1702009560015316       -1.4233761790863253E-015
   6.1764778644003124       -1.1418473740747465E-015
   6.1827547727990932       -1.3504358478921549E-015
   6.1890316811978741       -6.5151651099481890E-016
   6.1953085895966549       -7.1873027527376757E-016
   6.2015854979954357       -3.5655986259141009E-016
   6.2078624063942165       -4.5207349586580998E-016
   6.2141393147929973        3.8999023593961361E-017
   6.2204162231917781        5.4116099340863417E-017
   6.2266931315905589        2.7911912486445146E-016
   6.2329700399893397       -8.2661843466240727E-017
   6.2392469483881206        2.0453936485499561E-016
   6.2455238567869014       -1.7210258399509228E-016
   6.2518007651856822       -6.0791429707243943E-017
   6.2580776735844630       -7.5723367614891439E-016
   6.2643545819832438       -1.1528484287686892E-015
   6.2706314903820246       -1.8344063647209464E-015
   6.2769083987808054       -1.9459797716653833E-015
   6.2831853071795862       -2.4020388800689465E-015
