   6.2769083987808056E-003   4.0768187784239213E-002
   1.2553816797561611E-002   4.6575731372622553E-002
   1.8830725196342418E-002   4.8686117852011074E-002
   2.5107633595123222E-002   4.6904187245726779E-002
   3.1384541993904030E-002   4.1345823395078300E-002
   3.7661450392684835E-002   3.2435169403704604E-002
   4.3938358791465640E-002   2.0876501501726652E-002
   5.0215267190246445E-002   7.6020412590924969E-003
   5.6492175589027249E-002  -6.3006953017582098E-003
   6.2769083987808061E-002  -1.9676654016189135E-002
   6.9045992386588859E-002  -3.1399147749698687E-002
   7.5322900785369670E-002  -4.0466017712700600E-002
   8.1599809184150468E-002  -4.6087767772221858E-002
   8.7876717582931280E-002  -4.7759774283325979E-002
   9.4153625981712077E-002  -4.5311723706049106E-002
  0.10043053438049289       -3.8929175729163060E-002
  0.10670744277927370       -2.9144404575636659E-002
  0.11298435117805450       -1.6796309529044675E-002
  0.11926125957683531       -2.9619501694778711E-003
  0.12553816797561612        1.1135066228886751E-002
  0.13181507637439691        2.4231808640079306E-002
  0.13809198477317772        3.5139595251507394E-002
  0.14436889317195853        4.2853707957031806E-002
  0.15064580157073934        4.6649005119472654E-002
  0.15692270996952015        4.6152106823170939E-002
  0.16319961836830094        4.1382673471963421E-002
  0.16947652676708175        3.2758920085047140E-002
  0.17575343516586256        2.1065737918828781E-002
  0.18203034356464337        7.3872533302720709E-003
  0.18830725196342415       -6.9907746117915297E-003
  0.19458416036220497       -2.0699661332118775E-002
  0.20086106876098578       -3.2417496536224603E-002
  0.20713797715976659       -4.0998187996830353E-002
  0.21341488555854740       -4.5586713415215016E-002
  0.21969179395732819       -4.5708662901498658E-002
  0.22596870235610900       -4.1324359960046526E-002
  0.23224561075488981       -3.2841018657305376E-002
  0.23852251915367062       -2.1080386607504119E-002
  0.24479942755245140       -7.2037516805986742E-003
  0.25107633595123224        7.3993848955385220E-003
  0.25735324435001306        2.1248690140688659E-002
  0.26363015274879381        3.2923086629214449E-002
  0.26990706114757462        4.1208375124472882E-002
  0.27618396954635543        4.5226931626794240E-002
  0.28246087794513625        4.4535331388377432E-002
  0.28873778634391706        3.9178644529395741E-002
  0.29501469474269787        2.9694342071126586E-002
  0.30129160314147868        1.7063905922694095E-002
  0.30756851154025949        2.6157810454056512E-003
  0.31384541993904030       -1.2111276361476629E-002
  0.32012232833782106       -2.5530796595001914E-002
  0.32639923673660187       -3.6180132903315489E-002
  0.33267614513538268       -4.2882397574250899E-002
  0.33895305353416350       -4.4880619509067063E-002
  0.34522996193294431       -4.1928506725513598E-002
  0.35150687033172512       -3.4326344848968335E-002
  0.35778377873050593       -2.2896861729881174E-002
  0.36406068712928674       -8.9024993500443263E-003
  0.37033759552806755        6.0925927489056909E-003
  0.37661450392684831        2.0398026401748919E-002
  0.38289141232562912        3.2387852102261305E-002
  0.38916832072440993        4.0686741019016683E-002
  0.39544522912319074        4.4330539403964961E-002
  0.40172213752197156        4.2882137836166873E-002
  0.40799904592075237        3.6488342437217283E-002
  0.41427595431953318        2.5869943320128683E-002
  0.42055286271831399        1.2244775493404952E-002
  0.42682977111709480       -2.8085715153884387E-003
  0.43310667951587556       -1.7531581550707026E-002
  0.43938358791465637       -3.0190730989699176E-002
  0.44566049631343718       -3.9282716514806262E-002
  0.45193740471221799       -4.3715589023826586E-002
  0.45821431311099881       -4.2943701674392779E-002
  0.46449122150977962       -3.7039382808968312E-002
  0.47076812990856043       -2.6691475363588669E-002
  0.47704503830734124       -1.3129479123375318E-002
  0.48332194670612205        2.0189514375202919E-003
  0.48959885510490281        1.6921118591927166E-002
  0.49587576350368362        2.9760383109517431E-002
  0.50215267190246449        3.8958701242888950E-002
  0.50842958030124530        4.3373220453610785E-002
  0.51470648870002611        4.2442175215423941E-002
  0.52098339709880681        3.6260993730660246E-002
  0.52726030549758762        2.5577876864488064E-002
  0.53353721389636843        1.1707724924203270E-002
  0.53981412229514925       -3.6262593104354392E-003
  0.54609103069393006       -1.8503222544083535E-002
  0.55236793909271087       -3.1044240601301516E-002
  0.55864484749149168       -3.9651058839964497E-002
  0.56492175589027249       -4.3213016587837431E-002
  0.57119866428905330       -4.1255005785264774E-002
  0.57747557268783412       -3.4006200059381660E-002
  0.58375248108661493       -2.2379081907137797E-002
  0.59002938948539574       -7.8596430236377770E-003
  0.59630629788417655        7.6787408240608646E-003
  0.60258320628295736        2.2214996080987971E-002
  0.60886011468173817        3.3843226019282101E-002
  0.61513702308051899        4.1024631357106330E-002
  0.62141393147929980        4.2794944912139837E-002
  0.62769083987808061        3.8898975320580606E-002
  0.63396774827686131        2.9832883245587829E-002
  0.64024465667564212        1.6786726290884797E-002
  0.64652156507442293        1.4930209141574113E-003
  0.65279847347320374       -1.4000095489955705E-002
  0.65907538187198456       -2.7601888775359910E-002
  0.66535229027076537       -3.7462043575195524E-002
  0.67162919866954618       -4.2225290218938116E-002
  0.67790610706832699       -4.1222240365897965E-002
  0.68418301546710780       -3.4569009129937614E-002
  0.69045992386588861       -2.3160130443434585E-002
  0.69673683226466943       -8.5537406524121874E-003
  0.70301374066345024        7.2370999897045903E-003
  0.70929064906223105        2.2019474484780154E-002
  0.71556755746101186        3.3724359919783876E-002
  0.72184446585979267        4.0698015362029036E-002
  0.72812137425857348        4.1939977932693634E-002
  0.73439828265735430        3.7252404247022239E-002
  0.74067519105613511        2.7277714616899852E-002
  0.74695209945491581        1.3416931356085638E-002
  0.75322900785369662       -2.3619335987763133E-003
  0.75950591625247743       -1.7800054250578339E-002
  0.76578282465125824       -3.0670269830225052E-002
  0.77205973305003905       -3.9100022360385907E-002
  0.77833664144881987       -4.1847716338561547E-002
  0.78461354984760068       -3.8491226603316706E-002
  0.79089045824638149       -2.9499165587976807E-002
  0.79716736664516230       -1.6172183184101102E-002
  0.80344427504394311       -4.6044319950190062E-004
  0.80972118344272392        1.5317968178361417E-002
  0.81599809184150474        2.8817694519188496E-002
  0.82227500024028555        3.8015959054809471E-002
  0.82855190863906636        4.1519349771396583E-002
  0.83482881703784717        3.8780442566515451E-002
  0.84110572543662798        3.0189913868948363E-002
  0.84738263383540879        1.7027720746057403E-002
  0.85365954223418961        1.2783079317757586E-003
  0.85993645063297042       -1.4664635693509316E-002
  0.86621335903175112       -2.8360337991642066E-002
  0.87249026743053193       -3.7695919206011778E-002
  0.87876717582931274       -4.1215824915986153E-002
  0.88504408422809355       -3.8357198336097104E-002
  0.89132099262687436       -2.9553181908293303E-002
  0.89759790102565518       -1.6162532260455508E-002
  0.90387480942443599       -2.6029191426601772E-004
  0.91015171782321680        1.5681859273915421E-002
  0.91642862622199761        2.9179417258046098E-002
  0.92270553462077842        3.8122656846636890E-002
  0.92898244301955923        4.1107947909874258E-002
  0.93525935141834005        3.7660233734258412E-002
  0.94153625981712086        2.8311277209429091E-002
  0.94781316821590167        1.4520255798021473E-002
  0.95409007661468248       -1.5517589481099073E-003
  0.96036698501346329       -1.7379033728903301E-002
  0.96664389341224410       -3.0467646575627876E-002
  0.97292080181102492       -3.8749105974325924E-002
  0.97919771020980562       -4.0908840363580196E-002
  0.98547461860858643       -3.6597197296937105E-002
  0.99175152700736724       -2.6488685775650587E-002
  0.99802843540614805       -1.2179088498511433E-002
   1.0043053438049290        4.0643376858940329E-003
   1.0105822522037098        1.9660779528424734E-002
   1.0168591606024906        3.2125653254719798E-002
   1.0231360690012714        3.9467202848282729E-002
   1.0294129774000522        4.0506526561494526E-002
   1.0356898857988328        3.5069289528132694E-002
   1.0419667941976136        2.4017637596781993E-002
   1.0482437025963944        9.1160380689650992E-003
   1.0545206109951752       -7.2483693999996568E-003
   1.0607975193939561       -2.2448000909529090E-002
   1.0670744277927369       -3.4040550097836152E-002
   1.0733513361915177       -4.0163137135921977E-002
   1.0796282445902985       -3.9831771077049632E-002
   1.0859051529890793       -3.3099554761421700E-002
   1.0921820613878601       -2.1048210310752390E-002
   1.0984589697866409       -5.6143253858263785E-003
   1.1047358781854217        1.0721820917300243E-002
   1.1110127865842025        2.5334824551788586E-002
   1.1172896949829834        3.5876097261344421E-002
   1.1235666033817642        4.0651347265043679E-002
   1.1298435117805450        3.8892943428651384E-002
   1.1361204201793258        3.0883357456910426E-002
   1.1423973285781066        1.7909839635663987E-002
   1.1486742369768874        2.0575805045470446E-003
   1.1549511453756682       -1.4125402225794503E-002
   1.1612280537744490       -2.8037810016861901E-002
   1.1675049621732299       -3.7443208935811018E-002
   1.1737818705720107       -4.0829566837155731E-002
   1.1800587789707915       -3.7652369475688161E-002
   1.1863356873695723       -2.8422226805880808E-002
   1.1926125957683531       -1.4622859059507703E-002
   1.1988895041671339        1.5273642185133919E-003
   1.2051664125659147        1.7432022395794583E-002
   1.2114433209646955        3.0534050714840614E-002
   1.2177202293634763        3.8726868481142533E-002
   1.2239971377622572        4.0693098111734889E-002
   1.2302740461610380        3.6116513851237785E-002
   1.2365509545598188        2.5733371344630322E-002
   1.2428278629585996        1.1213667525064879E-002
   1.2491047713573804       -5.1083167166026148E-003
   1.2553816797561612       -2.0609550092134804E-002
   1.2616585881549420       -3.2799804028693480E-002
   1.2679354965537226       -3.9721582714532133E-002
   1.2742124049525034       -4.0264201821860003E-002
   1.2804893133512842       -3.4341669238851437E-002
   1.2867662217500651       -2.2905932751665636E-002
   1.2930431301488459       -7.7935181859197390E-003
   1.2993200385476267        8.5696778247944545E-003
   1.3055969469464075        2.3557946414992186E-002
   1.3118738553451883        3.4767094881720716E-002
   1.3181507637439691        4.0399940181558312E-002
   1.3244276721427499        3.9554178787885842E-002
   1.3307045805415307        3.2366569273976943E-002
   1.3369814889403115        1.9990442405645254E-002
   1.3432583973390924        4.4102986718883757E-003
   1.3495353057378732       -1.1876652418490596E-002
   1.3558122141366540       -2.6260862462158464E-002
   1.3620891225354348       -3.6438521290867838E-002
   1.3683660309342156       -4.0780358543386748E-002
   1.3746429393329964       -3.8592170757210761E-002
   1.3809198477317772       -3.0225445424191748E-002
   1.3871967561305580       -1.7020539693339803E-002
   1.3934736645293389       -1.0916069759669721E-003
   1.3997505729281197        1.5012043371873250E-002
   1.4060274813269005        2.8714525695954965E-002
   1.4123043897256813        3.7828982351508986E-002
   1.4185812981244621        4.0907995173468763E-002
   1.4248582065232429        3.7470272378393982E-002
   1.4311351149220237        2.8072540734491017E-002
   1.4374120233208045        1.4216324790203733E-002
   1.4436889317195853       -1.8945703249042618E-003
   1.4499658401183662       -1.7706240888403856E-002
   1.4562427485171470       -3.0720023929847594E-002
   1.4625196569159278       -3.8886576153743253E-002
   1.4687965653147086       -4.0926682874209974E-002
   1.4750734737134894       -3.6528881657794228E-002
   1.4813503821122702       -2.6393827143896795E-002
   1.4876272905110510       -1.2119637289084786E-002
   1.4939041989098316        4.0525646147617500E-003
   1.5001811073086124        1.9592028963717860E-002
   1.5064580157073932        3.2074726751616704E-002
   1.5127349241061741        3.9560558105636738E-002
   1.5190118325049549        4.0892870035098769E-002
   1.5252887409037357        3.5874377752878543E-002
   1.5315656493025165        2.5293175418476331E-002
   1.5378425577012973        1.0796016312039218E-002
   1.5441194661000781       -5.3703430241635198E-003
   1.5503963744988589       -2.0708733494104837E-002
   1.5566732828976397       -3.2857524400221175E-002
   1.5629501912964205       -3.9953222327631759E-002
   1.5692270996952014       -4.0914268898578930E-002
   1.5755040080939822       -3.5603039686764211E-002
   1.5817809164927630       -2.4842554514388330E-002
   1.5880578248915438       -1.0286668386785840E-002
   1.5943347332903246        5.8381789754503562E-003
   1.6006116416891054        2.1075641439065141E-002
   1.6068885500878862        3.3113836423159022E-002
   1.6131654584866670        4.0134883125062970E-002
   1.6194423668854478        4.1086887816433090E-002
   1.6257192752842287        3.5838139143280864E-002
   1.6319961836830095        2.5191414447616130E-002
   1.6382730920817903        1.0757678024802231E-002
   1.6445500004805711       -5.2904848434881298E-003
   1.6508269088793519       -2.0547537066270417E-002
   1.6571038172781327       -3.2735825216697712E-002
   1.6633807256769135       -4.0044415012763221E-002
   1.6696576340756943       -4.1395726320655558E-002
   1.6759345424744752       -3.6601074751055319E-002
   1.6822114508732560       -2.6383207072961917E-002
   1.6884883592720368       -1.2263835002231922E-002
   1.6947652676708176        3.6658309742836652E-003
   1.7010421760695984        1.9056563465608207E-002
   1.7073190844683792        3.1647954781277458E-002
   1.7135959928671600        3.9599385666336660E-002
   1.7198729012659408        4.1756796314007215E-002
   1.7261498096647214        3.7816989894625043E-002
   1.7324267180635022        2.8366512641913349E-002
   1.7387036264622830        1.4790840613375144E-002
   1.7449805348610639       -9.3173198553345811E-004
   1.7512574432598447       -1.6520190063091838E-002
   1.7575343516586255       -2.9723240853831434E-002
   1.7638112600574063       -3.8647831270004929E-002
   1.7700881684561871       -4.2027903240591788E-002
   1.7763650768549679       -3.9398921874790403E-002
   1.7826419852537487       -3.1155911115263678E-002
   1.7889188936525295       -1.8488422982245085E-002
   1.7951958020513104       -3.2039257066868226E-003
   1.8014727104500912        1.2533611592171550E-002
   1.8077496188488720        2.6511614060724518E-002
   1.8140265272476528        3.6779333689420518E-002
   1.8203034356464336        4.1917357576730041E-002
   1.8265803440452144        4.1229407522851570E-002
   1.8328572524439952        3.4831160334729994E-002
   1.8391341608427760        2.3625644734060505E-002
   1.8454110692415568        9.1705949403631179E-003
   1.8516879776403377       -6.5420969614473782E-003
   1.8579648860391185       -2.1363112415734169E-002
   1.8642417944378993       -3.3279893328624396E-002
   1.8705187028366801       -4.0688040027726295E-002
   1.8767956112354609       -4.2603606155661590E-002
   1.8830725196342417       -3.8788758280085267E-002
   1.8893494280330225       -2.9775488855729740E-002
   1.8956263364318033       -1.6786080748615175E-002
   1.9019032448305841       -1.5628014467744394E-003
   1.9081801532293650        1.3868875795108929E-002
   1.9144570616281458        2.7470990399748676E-002
   1.9207339700269266        3.7461424184017732E-002
   1.9270108784257074        4.2544653858803350E-002
   1.9332877868244882        4.2075106661025805E-002
   1.9395646952232690        3.6133453363465531E-002
   1.9458416036220498        2.5508929249916795E-002
   1.9521185120208304        1.1589917179046118E-002
   1.9583954204196112       -3.8212347728323413E-003
   1.9646723288183920       -1.8743827822596683E-002
   1.9709492372171729       -3.1273861482844105E-002
   1.9772261456159537       -3.9825613851831296E-002
   1.9835030540147345       -4.3329327909623808E-002
   1.9897799624135153       -4.1360762263986703E-002
   1.9960568708122961       -3.4187522030394123E-002
   2.0023337792110771       -2.2727859192950409E-002
   2.0086106876098579       -8.4287134932341627E-003
   2.0148875960086388        6.9203184224813641E-003
   2.0211645044074196        2.1412782966833865E-002
   2.0274414128062004        3.3262260424144686E-002
   2.0337183212049812        4.1020925265782361E-002
   2.0399952296037620        4.3753277670367317E-002
   2.0462721380025428        4.1144623159689850E-002
   2.0525490464013236        3.3532311202007968E-002
   2.0588259548001044        2.1857394911325833E-002
   2.0651028631988853        7.5440751087441646E-003
   2.0713797715976656       -7.6771735909342623E-003
   2.0776566799964464       -2.1980481824734145E-002
   2.0839335883952272       -3.3663609155481167E-002
   2.0902104967940081       -4.1348864460955759E-002
   2.0964874051927889       -4.4142447806657159E-002
   2.1027643135915697       -4.1734169944065688E-002
   2.1090412219903505       -3.4426920484177871E-002
   2.1153181303891313       -2.3094016547265669E-002
   2.1215950387879121       -9.0708504768978633E-003
   2.1278719471866929        6.0055482213459107E-003
   2.1341488555854737        2.0389352995138357E-002
   2.1404257639842545        3.2428276480366357E-002
   2.1467026723830354        4.0751962097290179E-002
   2.1529795807818162        4.4425149552286609E-002
   2.1592564891805970        4.3048847838932744E-002
   2.1655333975793778        3.6799075237115411E-002
   2.1718103059781586        2.6400028644441732E-002
   2.1780872143769394        1.3036033735273631E-002
   2.1843641227757202       -1.7866228333811745E-003
   2.1906410311745010       -1.6411517637852466E-002
   2.1969179395732819       -2.9217787443104101E-002
   2.2031948479720627       -3.8798830332339412E-002
   2.2094717563708435       -4.4114461166203968E-002
   2.2157486647696243       -4.4600335429658466E-002
   2.2220255731684051       -4.0223582466411820E-002
   2.2283024815671859       -3.1479679526464695E-002
   2.2345793899659667       -1.9332169167816195E-002
   2.2408562983647475       -5.1028866957288678E-003
   2.2471332067635283        9.6743974312355051E-003
   2.2534101151623092        2.3420551323288283E-002
   2.2596870235610900        3.4679570159719522E-002
   2.2659639319598708        4.2271234598982708E-002
   2.2722408403586516        4.5411788273633111E-002
   2.2785177487574324        4.3791955174405629E-002
   2.2847946571562132        3.7607589313188292E-002
   2.2910715655549940        2.7528638952222882E-002
   2.2973484739537748        1.4617387839891119E-002
   2.3036253823525557        2.1149980149781685E-004
   2.3099022907513365       -1.4217559206915868E-002
   2.3161791991501173       -2.7215878092895350E-002
   2.3224561075488981       -3.7492638065724337E-002
   2.3287330159476789       -4.4045388018639949E-002
   2.3350099243464597       -4.6253307250240884E-002
   2.3412868327452405       -4.3930275036295319E-002
   2.3475637411440213       -3.7333952781949342E-002
   2.3538406495428021       -2.7131467800014627E-002
   2.3601175579415830       -1.4326574904126258E-002
   2.3663944663403638       -1.5660483042914040E-004
   2.3726713747391446        1.4029843313457998E-002
   2.3789482831379254        2.6902237538643937E-002
   2.3852251915367062        3.7271986961984561E-002
   2.3915020999354870        4.4199542511700822E-002
   2.3977790083342678        4.7075312924925644E-002
   2.4040559167330486        4.5667998415989508E-002
   2.4103328251318294        4.0137001190914318E-002
   2.4166097335306103        3.1009272502604698E-002
   2.4228866419293911        1.9123808386934824E-002
   2.4291635503281719        5.5502514313476737E-003
   2.4354404587269527       -8.5106078218408904E-003
   2.4417173671257335       -2.1834313756751995E-002
   2.4479942755245143       -3.3279823372552864E-002
   2.4542711839232951       -4.1882031759511204E-002
   2.4605480923220759       -4.6912148982966528E-002
   2.4668250007208568       -4.7941598482866520E-002
   2.4731019091196376       -4.4882863415629470E-002
   2.4793788175184184       -3.7996965001238947E-002
   2.4856557259171992       -2.7871268395919704E-002
   2.4919326343159800       -1.5369258952043531E-002
   2.4982095427147608       -1.5569404167387862E-003
   2.5044864511135416        1.2388122211209961E-002
   2.5107633595123224        2.5277169975727914E-002
   2.5170402679111032        3.6011606740786205E-002
   2.5233171763098841        4.3676603537815911E-002
   2.5295940847086644        4.7619051352205947E-002
   2.5358709931074452        4.7503167068976969E-002
   2.5421479015062260        4.3339060076838055E-002
   2.5484248099050069        3.5481807499679240E-002
   2.5547017183037877        2.4601138174810112E-002
   2.5609786267025685        1.1624316468312891E-002
   2.5672555351013493       -2.3429118042971814E-003
   2.5735324435001301       -1.6110544885957177E-002
   2.5798093518989109       -2.8505730577152083E-002
   2.5860862602976917       -3.8472653260880001E-002
   2.5923631686964725       -4.5162475545985424E-002
   2.5986400770952534       -4.8005564538170398E-002
   2.6049169854940342       -4.6760013031138845E-002
   2.6111938938928150       -4.1532104062888174E-002
   2.6174708022915958       -3.2767329235492484E-002
   2.6237477106903766       -2.1212176790286263E-002
   2.6300246190891574       -7.8517688712340609E-003
   2.6363015274879382        6.1739500116104861E-003
   2.6425784358867190        1.9682793608744028E-002
   2.6488553442854998        3.1552635097754758E-002
   2.6551322526842807        4.0812864534204032E-002
   2.6614091610830615        4.6721407814445615E-002
   2.6676860694818423        4.8820469545855685E-002
   2.6739629778806231        4.6967687468355272E-002
   2.6802398862794039        4.1340717483368379E-002
   2.6865167946781847        3.2416049046985605E-002
   2.6927937030769655        2.0924514000942671E-002
   2.6990706114757463        7.7880077888912861E-003
   2.7053475198745272       -5.9569936877508006E-003
   2.7116244282733080       -1.9242540529007927E-002
   2.7179013366720888       -3.1052299534480764E-002
   2.7241782450708696       -4.0498129076846932E-002
   2.7304551534696504       -4.6884577662509752E-002
   2.7367320618684312       -4.9756780681984324E-002
   2.7430089702672120       -4.8928840792625432E-002
   2.7492858786659928       -4.4491238991544613E-002
   2.7555627870647736       -3.6797620400026120E-002
   2.7618396954635545       -2.6432644831848016E-002
   2.7681166038623353       -1.4164111781130863E-002
   2.7743935122611161       -8.8333456587572339E-004
   2.7806704206598969        1.2461301057448849E-002
   2.7869473290586777        2.4932782373051847E-002
   2.7932242374574585        3.5670686796760033E-002
   2.7995011458562393        4.3948854663949925E-002
   2.8057780542550201        4.9216939437408333E-002
   2.8120549626538009        5.1125246987952816E-002
   2.8183318710525818        4.9553414186452149E-002
   2.8246087794513626        4.4618294149951464E-002
   2.8308856878501434        3.6663606113106470E-002
   2.8371625962489242        2.6234904114336821E-002
   2.8434395046477050        1.4040974044055058E-002
   2.8497164130464858        9.0488124717632234E-004
   2.8559933214452666       -1.2292171131070638E-002
   2.8622702298440474       -2.4670121718186246E-002
   2.8685471382428283       -3.5408615355633818E-002
   2.8748240466416091       -4.3800858254546243E-002
   2.8811009550403899       -4.9299357552380206E-002
   2.8873778634391707       -5.1550568149710749E-002
   2.8936547718379515       -5.0416396409166175E-002
   2.8999316802367323       -4.5981288573522482E-002
   2.9062085886355131       -3.8544707108988885E-002
   2.9124854970342939       -2.8599660884794129E-002
   2.9187624054330747       -1.6798937481136280E-002
   2.9250393138318556       -3.9113780881116552E-003
   2.9313162222306364        9.2287950571265948E-003
   2.9375931306294172        2.1776250451808289E-002
   2.9438700390281980        3.2928862487043818E-002
   2.9501469474269788        4.1978581507052082E-002
   2.9564238558257596        4.8355716205704627E-002
   2.9627007642245404        5.1663744274003900E-002
   2.9689776726233212        5.1703124710443533E-002
   2.9752545810221021        4.8479371804753563E-002
   2.9815314894208829        4.2181991184365837E-002
   2.9878083978196632        3.3174450495113708E-002
   2.9940853062184440        2.2004844193398775E-002
   3.0003622146172249        9.3815094104198558E-003
   3.0066391230160057       -3.8691514883539167E-003
   3.0129160314147865       -1.6854560761215213E-002
   3.0191929398135673       -2.8675905736506420E-002
   3.0254698482123481       -3.8491607550766714E-002
   3.0317467566111289       -4.5580222052611433E-002
   3.0380236650099097       -4.9397750550533512E-002
   3.0443005734086905       -4.9624805626366821E-002
   3.0505774818074713       -4.6199207283631701E-002
   3.0568543902062522       -3.9330633749448118E-002
   3.0631312986050330       -2.9494946030525927E-002
   3.0694082070038138       -1.7407423106593854E-002
   3.0756851154025946       -3.9756851647396079E-003
   3.0819620238013754        9.7650718523387726E-003
   3.0882389322001562        2.2730337645236662E-002
   3.0945158405989370        3.3872323143259914E-002
   3.1007927489977178        4.2267063028505435E-002
   3.1070696573964987        4.7195232549378130E-002
   3.1133465657952795        4.8209440959868143E-002
   3.1196234741940603        4.5181366116348869E-002
   3.1259003825928411        3.8323518610437007E-002
   3.1321772909916219        2.8182236443050027E-002
   3.1384541993904027        1.5600999081915135E-002
   3.1447311077891835        1.6556672386836479E-003
   3.1510080161879643       -1.2434258680124110E-002
   3.1572849245867451       -2.5415296567825044E-002
   3.1635618329855260       -3.6120383797482690E-002
   3.1698387413843068       -4.3576700823763151E-002
   3.1761156497830876       -4.7096168464086180E-002
   3.1823925581818684       -4.6341917777153026E-002
   3.1886694665806492       -4.1363754997805535E-002
   3.1949463749794300       -3.2598834994666488E-002
   3.2012232833782108       -2.0836589303866043E-002
   3.2075001917769916       -7.1504293820188912E-003
   3.2137771001757724        7.1982035400624950E-003
   3.2200540085745533        2.0875042612743991E-002
   3.2263309169733341        3.2597079176692106E-002
   3.2326078253721149        4.1253989580058416E-002
   3.2388847337708957        4.6015350475501385E-002
   3.2451616421696765        4.6413113899809212E-002
   3.2514385505684573        4.2390925415760276E-002
   3.2577154589672381        3.4314827220993986E-002
   3.2639923673660189        2.2943482112579093E-002
   3.2702692757647998        9.3599328633913043E-003
   3.2765461841635806       -5.1292954757914382E-003
   3.2828230925623614       -1.9118587836655532E-002
   3.2891000009611422       -3.1239440403854232E-002
   3.2953769093599230       -4.0295296871239825E-002
   3.3016538177587038       -4.5381684838599765E-002
   3.3079307261574846       -4.5979389532151492E-002
   3.3142076345562654       -4.2010865350277343E-002
   3.3204845429550462       -3.3853392941244481E-002
   3.3267614513538271       -2.2307010806777442E-002
   3.3330383597526079       -8.5196177369967901E-003
   3.3393152681513887        6.1261661365968533E-003
   3.3455921765501695        2.0150996303393190E-002
   3.3518690849489503        3.2128138846803517E-002
   3.3581459933477311        4.0829589312433183E-002
   3.3644229017465119        4.5353876443391776E-002
   3.3706998101452927        4.5222130162682332E-002
   3.3769767185440736        4.0431885629356255E-002
   3.3832536269428544        3.1462344840982877E-002
   3.3895305353416352        1.9229656244631348E-002
   3.3958074437404160        4.9960437932262472E-003
   3.4020843521391968       -9.7585471404798823E-003
   3.4083612605379776       -2.3489409751811918E-002
   3.4146381689367584       -3.4748992280696250E-002
   3.4209150773355392       -4.2340746068502799E-002
   3.4271919857343200       -4.5448499081900511E-002
   3.4334688941331009       -4.3727090552387535E-002
   3.4397458025318817       -3.7344000959340887E-002
   3.4460227109306620       -2.6966587649807063E-002
   3.4522996193294428       -1.3695488232578329E-002
   3.4585765277282237        1.0496666187268572E-003
   3.4648534361270045        1.5680489595288932E-002
   3.4711303445257853        2.8610523649258892E-002
   3.4774072529245661        3.8427824169802047E-002
   3.4836841613233469        4.4051013229770425E-002
   3.4899610697221277        4.4850765839488008E-002
   3.4962379781209085        4.0723943252551846E-002
   3.5025148865196893        3.2107746677706557E-002
   3.5087917949184702        1.9929182448898106E-002
   3.5150687033172510        5.5244500574728565E-003
   3.5213456117160318       -9.5001936009403085E-003
   3.5276225201148126       -2.3445890680058097E-002
   3.5338994285135934       -3.4713379564689256E-002
   3.5401763369123742       -4.1989512644072233E-002
   3.5464532453111550       -4.4405414361049556E-002
   3.5527301537099358       -4.1647173839648000E-002
   3.5590070621087166       -3.4004028564304727E-002
   3.5652839705074975       -2.2346404142961896E-002
   3.5715608789062783       -8.0338707758908761E-003
   3.5778377873050591        7.2381001016331098E-003
   3.5841146957038399        2.1636161991748344E-002
   3.5903916041026207        3.3409101774141560E-002
   3.5966685125014015        4.1103615857458607E-002
   3.6029454209001823        4.3748943161189338E-002
   3.6092223292989631        4.0986443042334939E-002
   3.6154992376977440        3.3126030995189973E-002
   3.6217761460965248        2.1120082035603414E-002
   3.6280530544953056        6.4553942336902873E-003
   3.6343299628940864       -9.0255318601462596E-003
   3.6406068712928672       -2.3353280402624781E-002
   3.6468837796916480       -3.4682311455348544E-002
   3.6531606880904288       -4.1531980427139473E-002
   3.6594375964892096       -4.2985858911782526E-002
   3.6657145048879904       -3.8822030687812238E-002
   3.6719914132867713       -2.9555058426294984E-002
   3.6782683216855521       -1.6383553647075496E-002
   3.6845452300843329       -1.0414250504523991E-003
   3.6908221384831137        1.4438111954168359E-002
   3.6970990468818945        2.7992986596309406E-002
   3.7033759552806753        3.7807280778916721E-002
   3.7096528636794561        4.2556655614732417E-002
   3.7159297720782369        4.1590097576952818E-002
   3.7222066804770177        3.5022997618737506E-002
   3.7284835888757986        2.3727582715750834E-002
   3.7347604972745794        9.2207921671301259E-003
   3.7410374056733602       -6.5366340074574664E-003
   3.7473143140721410       -2.1403566752202376E-002
   3.7535912224709218       -3.3349314070337914E-002
   3.7598681308697026       -4.0732339293294381E-002
   3.7661450392684834       -4.2528497822500490E-002
   3.7724219476672642       -3.8476678694501977E-002
   3.7786988560660451       -2.9120717083898535E-002
   3.7849757644648259       -1.5740403661817063E-002
   3.7912526728636067       -1.7975686642403605E-004
   3.7975295812623875        1.5404911449968422E-002
   3.8038064896611683        2.8843019698547325E-002
   3.8100833980599491        3.8252789266958874E-002
   3.8163603064587299        4.2306940906704102E-002
   3.8226372148575107        4.0423237026780114E-002
   3.8289141232562915        3.2852056445965921E-002
   3.8351910316550724        2.0647358634110980E-002
   3.8414679400538532        5.5236401519167654E-003
   3.8477448484526340       -1.0382228103053708E-002
   3.8540217568514148       -2.4811987123513589E-002
   3.8602986652501956       -3.5707956989904352E-002
   3.8665755736489764       -4.1508280807992889E-002
   3.8728524820477572       -4.1373338758680406E-002
   3.8791293904465380       -3.5310528521684523E-002
   3.8854062988453189       -2.4178403937809387E-002
   3.8916832072440997       -9.5683620800297645E-003
   3.8979601156428805        6.4203334648345904E-003
   3.9042370240416608        2.1480753365326889E-002
   3.9105139324404417        3.3431029097180445E-002
   3.9167908408392225        4.0531638961921412E-002
   3.9230677492380033        4.1740962767190318E-002
   3.9293446576367841        3.6871231546871941E-002
   3.9356215660355649        2.6621096064614512E-002
   3.9418984744343457        1.2478795331529447E-002
   3.9481753828331265       -3.4911834738724805E-003
   3.9544522912319073       -1.8947791795145406E-002
   3.9607291996306881       -3.1616209663453902E-002
   3.9670061080294690       -3.9623614956925145E-002
   3.9732830164282498       -4.1778243158158472E-002
   3.9795599248270306       -3.7749845424213287E-002
   3.9858368332258114       -2.8123792531504519E-002
   3.9921137416245922       -1.4319513436090985E-002
   3.9983906500233730        1.6159155085520346E-003
   4.0046675584221543        1.7309487075492000E-002
   4.0109444668209351        3.0415063058764173E-002
   4.0172213752197159        3.8964997098496289E-002
   4.0234982836184967        4.1667356681731320E-002
   4.0297751920172775        3.8102470861897206E-002
   4.0360521004160583        2.8792315747631470E-002
   4.0423290088148391        1.5129999076535217E-002
   4.0486059172136200       -8.2459524364236043E-004
   4.0548828256124008       -1.6652822044069107E-002
   4.0611597340111816       -2.9943088872246598E-002
   4.0674366424099624       -3.8659322469839559E-002
   4.0737135508087432       -4.1455646815359209E-002
   4.0799904592075240       -3.7888245928994355E-002
   4.0862673676063048       -2.8490480277461913E-002
   4.0925442760050856       -1.4697926721851389E-002
   4.0988211844038664        1.3669408819157766E-003
   4.1050980928026473        1.7218787867509515E-002
   4.1113750012014281        3.0393118826639299E-002
   4.1176519096002089        3.8830557461128241E-002
   4.1239288179989897        4.1201626412506402E-002
   4.1302057263977705        3.7120397436541011E-002
   4.1364826347965504        2.7212053242110450E-002
   4.1427595431953312        1.3021928043682379E-002
   4.1490364515941121       -3.2215878299346580E-003
   4.1553133599928929       -1.8954530604964204E-002
   4.1615902683916737       -3.1681487201874789E-002
   4.1678671767904545       -3.9372745758020605E-002
   4.1741440851892353       -4.0791117913181497E-002
   4.1804209935880161       -3.5695280535025978E-002
   4.1866979019867969       -2.4885651616166082E-002
   4.1929748103855777       -1.0083389288089540E-002
   4.1992517187843585        6.3399329724333443E-003
   4.2055286271831394        2.1742840902136750E-002
   4.2118055355819202        3.3646103229827293E-002
   4.2180824439807010        4.0133654621783366E-002
   4.2243593523794818        4.0160991152567473E-002
   4.2306362607782626        3.3723475522322750E-002
   4.2369131691770434        2.1857165923114697E-002
   4.2431900775758242        6.4721709699678198E-003
   4.2494669859746050       -9.9547788995658654E-003
   4.2557438943733858       -2.4779003295577653E-002
   4.2620208027721667       -3.5613668792334123E-002
   4.2682977111709475       -4.0714118512326807E-002
   4.2745746195697283       -3.9258873413268613E-002
   4.2808515279685091       -3.1482012373048165E-002
   4.2871284363672899       -1.8635605379263419E-002
   4.2934053447660707       -2.7881993312411199E-003
   4.2996822531648515        1.3508208549696893E-002
   4.3059591615636323        2.7629114077680265E-002
   4.3122360699624132        3.7300185909796425E-002
   4.3185129783611940        4.0963616046574107E-002
   4.3247898867599748        3.8029114285812210E-002
   4.3310667951587556        2.8969102978251383E-002
   4.3373437035575364        1.5242740936517474E-002
   4.3436206119563172       -9.3901182660087251E-004
   4.3498975203550980       -1.6969478666951719E-002
   4.3561744287538788       -3.0266153404298345E-002
   4.3624513371526596       -3.8686761028968314E-002
   4.3687282455514405       -4.0874454198760894E-002
   4.3750051539502213       -3.6476518655178536E-002
   4.3812820623490021       -2.6201319869435538E-002
   4.3875589707477829       -1.1704287712450249E-002
   4.3938358791465637        4.6787259907989358E-003
   4.4001127875453445        2.0307774981285071E-002
   4.4063896959441253        3.2664211312801769E-002
   4.4126666043429061        3.9756594153776262E-002
   4.4189435127416870        4.0441697679416404E-002
   4.4252204211404678        3.4608860843958596E-002
   4.4314973295392486        2.3197944309687284E-002
   4.4377742379380294        8.0479631825323833E-003
   4.4440511463368102       -8.3992337987410445E-003
   4.4503280547355910       -2.3492507068481595E-002
   4.4566049631343718       -3.4798764771912252E-002
   4.4628818715331526       -4.0495220372776239E-002
   4.4691587799319334       -3.9663318153613021E-002
   4.4754356883307143       -3.2436929433156785E-002
   4.4817125967294951       -1.9980888534686700E-002
   4.4879895051282759       -4.3033074937387037E-003
   4.4942664135270567        1.2068114157712041E-002
   4.5005433219258375        2.6493601500786911E-002
   4.5068202303246183        3.6646962968581144E-002
   4.5130971387233991        4.0890733280169914E-002
   4.5193740471221799        3.8540327461680138E-002
   4.5256509555209607        2.9974538468985450E-002
   4.5319278639197416        1.6574594628297329E-002
   4.5382047723185224        5.0146775724629260E-004
   4.5444816807173032       -1.5652521770799545E-002
   4.5507585891160840       -2.9282854530635300E-002
   4.5570354975148648       -3.8196585497019431E-002
   4.5633124059136456       -4.0964623254966755E-002
   4.5695893143124264       -3.7148774800821460E-002
   4.5758662227112072       -2.7368845265213014E-002
   4.5821431311099881       -1.3199683245967927E-002
   4.5884200395087689        3.0842654068693300E-003
   4.5946969479075497        1.8875239044520438E-002
   4.6009738563063305        3.1650060788089386E-002
   4.6072507647051113        3.9372679362888498E-002
   4.6135276731038921        4.0817212191192401E-002
   4.6198045815026729        3.5760493093000965E-002
   4.6260814899014537        2.5014204004965360E-002
   4.6323583983002345        1.0292395933051585E-002
   4.6386353066990154       -6.0636502319742457E-003
   4.6449122150977962       -2.1458781377131132E-002
   4.6511891234965770       -3.3455858412495938E-002
   4.6574660318953578       -4.0160782009625411E-002
   4.6637429402941386       -4.0519961659125116E-002
   4.6700198486929194       -3.4483765070784045E-002
   4.6762967570917002       -2.3010934133748644E-002
   4.6825736654904810       -7.9141753145355164E-003
   4.6888505738892619        8.4278833043396270E-003
   4.6951274822880427        2.3446346910112967E-002
   4.7014043906868235        3.4785854666910046E-002
   4.7076812990856043        4.0673082794353423E-002
   4.7139582074843851        4.0192361814138294E-002
   4.7202351158831659        3.3426400334048229E-002
   4.7265120242819467        2.1442874071742838E-002
   4.7327889326807275        6.1216551646860436E-003
   4.7390658410795083       -1.0150388819593825E-002
   4.7453427494782892       -2.4854376673593102E-002
   4.7516196578770700       -3.5728869569178548E-002
   4.7578965662758508       -4.1115082371967482E-002
   4.7641734746746316       -4.0205275821641864E-002
   4.7704503830734124       -3.3158045667557326E-002
   4.7767272914721932       -2.1064958130120263E-002
   4.7830041998709740       -5.7760183162197292E-003
   4.7892811082697548        1.0387399979475014E-002
   4.7955580166685357        2.4987017791052699E-002
   4.8018349250673165        3.5835139015699499E-002
   4.8081118334660973        4.1319845814586094E-002
   4.8143887418648781        4.0640008722714449E-002
   4.8206656502636589        3.3916561594759101E-002
   4.8269425586624397        2.2165544551517934E-002
   4.8332194670612205        7.1391496964884780E-003
   4.8394963754600013       -8.9396268754557140E-003
   4.8457732838587821       -2.3707988669180020E-002
   4.8520501922575630       -3.5010432076243631E-002
   4.8583271006563438       -4.1210996690563384E-002
   4.8646040090551246       -4.1425823258506946E-002
   4.8708809174539054       -3.5643623563604045E-002
   4.8771578258526862       -2.4718529776636473E-002
   4.8834347342514670       -1.0238489568071473E-002
   4.8897116426502478        5.7098294738152384E-003
   4.8959885510490286        2.0843953583222930E-002
   4.9022654594478094        3.3009708802637976E-002
   4.9085423678465903        4.0482401679042150E-002
   4.9148192762453711        4.2209271326691826E-002
   4.9210961846441519        3.7955387764058213E-002
   4.9273730930429327        2.8332614267808056E-002
   4.9336500014417135        1.4708839945992525E-002
   4.9399269098404943       -9.8878540740500952E-004
   4.9462038182392751       -1.6547949323744263E-002
   4.9524807266380559       -2.9783445670953975E-002
   4.9587576350368368       -3.8843468463052248E-002
   4.9650345434356176       -4.2467094600290627E-002
   4.9713114518343984       -4.0157394430944335E-002
   4.9775883602331792       -3.2246741104828988E-002
   4.9838652686319600       -1.9846180540112213E-002
   4.9901421770307408       -4.6868964536049594E-003
   4.9964190854295216        1.1123252046404439E-002
   5.0026959938283024        2.5393675071244265E-002
   5.0089729022270832        3.6154341009900788E-002
   5.0152498106258641        4.1926506418941689E-002
   5.0215267190246449        4.1923805088249458E-002
   5.0278036274234257        3.6156727588918233E-002
   5.0340805358222065        2.5426904100124215E-002
   5.0403574442209873        1.1213083437849030E-002
   5.0466343526197681       -4.5348055692809100E-003
   5.0529112610185480       -1.9664301640960367E-002
   5.0591881694173289       -3.2115008986464230E-002
   5.0654650778161097       -4.0197995623792143E-002
   5.0717419862148905       -4.2825188434487987E-002
   5.0780188946136713       -3.9663402636947245E-002
   5.0842958030124521       -3.1166393096380633E-002
   5.0905727114112329       -1.8497851718078693E-002
   5.0968496198100137       -3.3652710840915701E-003
   5.1031265282087945        1.2214794790955935E-002
   5.1094034366075753        2.6187418863989981E-002
   5.1156803450063562        3.6729581099602664E-002
   5.1219572534051370        4.2484516897440393E-002
   5.1282341618039178        4.2730657654044615E-002
   5.1345110702026986        3.7464869812782124E-002
   5.1407879786014794        2.7391572204838056E-002
   5.1470648870002602        1.3821513627647802E-002
   5.1533417953990410       -1.5044509718869770E-003
   5.1596187037978218       -1.6642315742999417E-002
   5.1658956121966026       -2.9692585285397463E-002
   5.1721725205953835       -3.9037073047397022E-002
   5.1784494289941643       -4.3535532029722289E-002
   5.1847263373929451       -4.2658856571711479E-002
   5.1910032457917259       -3.6544080856479276E-002
   5.1972801541905067       -2.5966621258646350E-002
   5.2035570625892875       -1.2235346259172119E-002
   5.2098339709880683        2.9745773455912478E-003
   5.2161108793868491        1.7829274869254331E-002
   5.2223877877856300        3.0558012639088569E-002
   5.2286646961844108        3.9662638718021219E-002
   5.2349416045831916        4.4089812393186913E-002
   5.2412185129819724        4.3347332494126915E-002
   5.2474954213807532        3.7550720164801037E-002
   5.2537723297795340        2.7394926424623836E-002
   5.2600492381783148        1.4071708056891032E-002
   5.2663261465770956       -8.7227315496132005E-004
   5.2726030549758764       -1.5717538804543289E-002
   5.2788799633746573       -2.8770273865359363E-002
   5.2851568717734381       -3.8554734415434382E-002
   5.2914337801722189       -4.3977577911542380E-002
   5.2977106885709997       -4.4446319336477108E-002
   5.3039875969697805       -3.9929426079278893E-002
   5.3102645053685613       -3.0952648671241197E-002
   5.3165414137673421       -1.8533292008350931E-002
   5.3228183221661229       -4.0611082827720722E-003
   5.3290952305649038        1.0859900380149881E-002
   5.3353721389636846        2.4590478943847718E-002
   5.3416490473624654        3.5635855478544323E-002
   5.3479259557612462        4.2806575152684649E-002
   5.3542028641600270        4.5343368907997880E-002
   5.3604797725588078        4.2993349913286009E-002
   5.3667566809575886        3.6030390863917107E-002
   5.3730335893563694        2.5218766004438259E-002
   5.3793104977551502        1.1725164615759483E-002
   5.3855874061539311       -3.0103626262649010E-003
   5.3918643145527119       -1.7430028318235067E-002
   5.3981412229514927       -3.0023412160187522E-002
   5.4044181313502735       -3.9484683231989295E-002
   5.4106950397490543       -4.4845490562990635E-002
   5.4169719481478351       -4.5570556654600955E-002
   5.4232488565466159       -4.1604410295751355E-002
   5.4295257649453967       -3.3366479496854944E-002
   5.4358026733441775       -2.1710581629310662E-002
   5.4420795817429584       -7.8358987072557860E-003
   5.4483564901417392        6.8380750618914094E-003
   5.4546333985405200        2.0817386188635930E-002
   5.4609103069393008        3.2685820245631429E-002
   5.4671872153380816        4.1247629455908215E-002
   5.4734641237368624        4.5646684670607375E-002
   5.4797410321356432        4.5450187287813588E-002
   5.4860179405344240        4.0689060547941802E-002
   5.4922948489332049        3.1851417914799410E-002
   5.4985717573319857        1.9830403263842989E-002
   5.5048486657307665        5.8321153125839766E-003
   5.5111255741295473       -8.7466775028546793E-003
   5.5174024825283281       -2.2458555915443032E-002
   5.5236793909271089       -3.3949074270213729E-002
   5.5299562993258897       -4.2089789552505238E-002
   5.5362332077246705       -4.6087680828122465E-002
   5.5425101161234513       -4.5560530571740608E-002
   5.5487870245222322       -4.0571266777336787E-002
   5.5550639329210130       -3.1618458682781375E-002
   5.5613408413197938       -1.9584404977624884E-002
   5.5676177497185746       -5.6464468394846158E-003
   5.5738946581173554        8.8394721911237532E-003
   5.5801715665161362        2.2471313952721089E-002
   5.5864484749149170        3.3936575010522343E-002
   5.5927253833136978        4.2138150876130341E-002
   5.5990022917124787        4.6301103663486394E-002
   5.6052792001112595        4.6047065896311447E-002
   5.6115561085100403        4.1421497798108456E-002
   5.6178330169088211        3.2882496314949425E-002
   5.6241099253076019        2.1251792495913861E-002
   5.6303868337063827        7.6323678124263737E-003
   5.6366637421051635       -6.6984688175593440E-003
   5.6429406505039443       -2.0410161824665016E-002
   5.6492175589027251       -3.2242473476045003E-002
   5.6554944673015060       -4.1120160285280052E-002
   5.6617713757002868       -4.6248405131805656E-002
   5.6680482840990676       -4.7180825452780566E-002
   5.6743251924978484       -4.3854530050818318E-002
   5.6806021008966292       -3.6589923733762429E-002
   5.6868790092954100       -2.6056137742943890E-002
   5.6931559176941908       -1.3206081295977301E-002
   5.6994328260929716        8.1236114264120370E-004
   5.7057097344917524        1.4760488036561733E-002
   5.7119866428905333        2.7418759258357368E-002
   5.7182635512893141        3.7692784237785992E-002
   5.7245404596880949        4.4706226640802066E-002
   5.7308173680868757        4.7872883836848415E-002
   5.7370942764856565        4.6942323393371663E-002
   5.7433711848844373        4.2015814617295304E-002
   5.7496480932832181        3.3532057380242494E-002
   5.7559250016819989        2.2224636010419869E-002
   5.7622019100807798        9.0556868845190000E-003
   5.7684788184795606       -4.8681877780813237E-003
   5.7747557268783414       -1.8388250442197284E-002
   5.7810326352771222       -3.0383449392917303E-002
   5.7873095436759030       -3.9860859240429689E-002
   5.7935864520746838       -4.6037575772791300E-002
   5.7998633604734646       -4.8404981546056186E-002
   5.8061402688722454       -4.6770206319877862E-002
   5.8124171772710262       -4.1271322100217819E-002
   5.8186940856698071       -3.2365206927894720E-002
   5.8249709940685879       -2.0789113232151477E-002
   5.8312479024673687       -7.4992668848013200E-003
   5.8375248108661495        6.4084084733171971E-003
   5.8438017192649303        1.9788800955806853E-002
   5.8500786276637111        3.1541912090933162E-002
   5.8563555360624919        4.0703139794699576E-002
   5.8626324444612727        4.6522191055253501E-002
   5.8689093528600536        4.8524141210164358E-002
   5.8751862612588344        4.6547757118321015E-002
   5.8814631696576152        4.0757968335227039E-002
   5.8877400780563960        3.1631636933464227E-002
   5.8940169864551768        1.9917806370537743E-002
   5.9002938948539576        6.5758818430063978E-003
   5.9065708032527384       -7.3032555616766538E-003
   5.9128477116515192       -2.0586524164272774E-002
   5.9191246200503000       -3.2191221727040385E-002
   5.9254015284490809       -4.1173007219473347E-002
   5.9316784368478617       -4.6802695814494970E-002
   5.9379553452466425       -4.8624580694574218E-002
   5.9442322536454233       -4.6495476550771041E-002
   5.9505091620442041       -4.0607759593527158E-002
   5.9567860704429849       -3.1460773161275060E-002
   5.9630629788417657       -1.9806983263978742E-002
   5.9693398872405457       -6.5862088263982507E-003
   5.9756167956393265        7.1526429102941342E-003
   5.9818937040381073        2.0335982259677164E-002
   5.9881706124368881        3.1949458701865580E-002
   5.9944475208356689        4.1114705064735274E-002
   6.0007244292344497        4.7153381750246942E-002
   6.0070013376332305        4.9633987076046229E-002
   6.0132782460320113        4.8398602539312843E-002
   6.0195551544307921        4.3568263326805301E-002
   6.0258320628295730        3.5527415096677631E-002
   6.0321089712283538        2.4889396177592202E-002
   6.0383858796271346        1.2446248323662378E-002
   6.0446627880259154       -8.9285802174502219E-004
   6.0509396964246962       -1.4169667656071605E-002
   6.0572166048234770       -2.6446175681334519E-002
   6.0634935132222578       -3.6870277664559234E-002
   6.0697704216210386       -4.4733186434556448E-002
   6.0760473300198194       -4.9514979201623406E-002
   6.0823242384186003       -5.0915503592430245E-002
   6.0886011468173811       -4.8869232702118626E-002
   6.0948780552161619       -4.3543562039288983E-002
   6.1011549636149427       -3.5321599010031228E-002
   6.1074318720137235       -2.4770914794610112E-002
   6.1137087804125043       -1.2601541900196470E-002
   6.1199856888112851        3.8469074757610825E-004
   6.1262625972100659        1.3344613838892985E-002
   6.1325395056088468        2.5427689090635242E-002
   6.1388164140076276        3.5828002611092431E-002
   6.1450933224064084        4.3839765095156920E-002
   6.1513702308051892        4.8907023226000580E-002
   6.1576471392039700        5.0665020658493196E-002
   6.1639240476027508        4.8969435030218000E-002
   6.1702009560015316        4.3911353545327381E-002
   6.1764778644003124        3.5816156060036734E-002
   6.1827547727990932        2.5225959551194357E-002
   6.1890316811978741        1.2866137287754167E-002
   6.1953085895966549       -4.0216950008307149E-004
   6.2015854979954357       -1.3640705493722486E-002
   6.2078624063942165       -2.5899995926527565E-002
   6.2141393147929973       -3.6287966922712002E-002
   6.2204162231917781       -4.4036289905344111E-002
   6.2266931315905589       -4.8559478203276593E-002
   6.2329700399893397       -4.9502041404992134E-002
   6.2392469483881206       -4.6769753517324361E-002
   6.2455238567869014       -4.0542105135681725E-002
   6.2518007651856822       -3.1264349512437749E-002
   6.2580776735844630       -1.9619055519136810E-002
   6.2643545819832438       -6.4786574495372127E-003
   6.2706314903820246        7.1579334098296346E-003
   6.2769083987808054        2.0240273399144266E-002
   6.2831853071795862        3.1747310631809050E-002
