   6.2769083987808056E-003  -7.4620064907893500E-005
   1.2553816797561611E-002  -8.9345719705027202E-005
   1.8830725196342418E-002  -1.0682107187443061E-004
   2.5107633595123222E-002  -1.2752129524754903E-004
   3.1384541993904030E-002  -1.5199672334747746E-004
   3.7661450392684835E-002  -1.8088291867128506E-004
   4.3938358791465640E-002  -2.1491229457832719E-004
   5.0215267190246445E-002  -2.5492661690820458E-004
   5.6492175589027249E-002  -3.0189107661747499E-004
   6.2769083987808061E-002  -3.5690939347653036E-004
   6.9045992386588859E-002  -4.2124057059628124E-004
   7.5322900785369670E-002  -4.9631673190889559E-004
   8.1599809184150468E-002  -5.8376263744526382E-004
   8.7876717582931280E-002  -6.8541622212047837E-004
   9.4153625981712077E-002  -8.0335073302664826E-004
  0.10043053438049289       -9.3989767423681750E-004
  0.10670744277927370       -1.0976711105601087E-003
  0.11298435117805450       -1.2795923446377597E-003
  0.11926125957683531       -1.4889154937096352E-003
  0.12553816797561612       -1.7292527120499114E-003
  0.13181507637439691       -2.0045995726051102E-003
  0.13809198477317772       -2.3193589846699576E-003
  0.14436889317195853       -2.6783641957683737E-003
  0.15064580157073934       -3.0868987344502938E-003
  0.15692270996952015       -3.5507140024487282E-003
  0.16319961836830094       -4.0760416066467952E-003
  0.16947652676708175       -4.6696015369595140E-003
  0.17575343516586256       -5.3386025092682790E-003
  0.18203034356464337       -6.0907288107747816E-003
  0.18830725196342415       -6.9340345901352110E-003
  0.19458416036220497       -7.8768059411312794E-003
  0.20086106876098578       -8.9276131915853527E-003
  0.20713797715976659       -1.0095259460270237E-002
  0.21341488555854740       -1.1388682114493462E-002
  0.21969179395732819       -1.2816840748706294E-002
  0.22596870235610900       -1.4388579361543950E-002
  0.23224561075488981       -1.6112467253436253E-002
  0.23852251915367062       -1.7996613211788817E-002
  0.24479942755245140       -2.0048455462080134E-002
  0.25107633595123224       -2.2274524121602989E-002
  0.25735324435001306       -2.4680179030398181E-002
  0.26363015274879381       -2.7269321244375224E-002
  0.26990706114757462       -3.0044082594649309E-002
  0.27618396954635543       -3.3004493107975250E-002
  0.28246087794513625       -3.6148133171362701E-002
  0.28873778634391706       -3.9469771697335398E-002
  0.29501469474269787       -4.2961000704623983E-002
  0.30129160314147868       -4.6609868571061183E-002
  0.30756851154025949       -5.0400527390602828E-002
  0.31384541993904030       -5.4312896074119398E-002
  0.32012232833782106       -5.8322362567812258E-002
  0.32639923673660187       -6.2399521215880792E-002
  0.33267614513538268       -6.6509985163795013E-002
  0.33895305353416350       -7.0614245739345924E-002
  0.34522996193294431       -7.4667676202513480E-002
  0.35150687033172512       -7.8620500882975161E-002
  0.35778377873050593       -8.2418740905847110E-002
  0.36406068712928674       -8.6009685746193720E-002
  0.37033759552806755       -8.9342913313258457E-002
  0.37661450392684831       -9.2366136163488474E-002
  0.38289141232562912       -9.5025054842561893E-002
  0.38916832072440993       -9.7264143903596209E-002
  0.39544522912319074       -9.9027404181082482E-002
  0.40172213752197156      -0.10025927940233405     
  0.40799904592075237      -0.10090564755586132     
  0.41427595431953318      -0.10091492504868702     
  0.42055286271831399      -0.10023924565231622     
  0.42682977111709480       -9.8835716980214011E-002
  0.43310667951587556       -9.6667724306066391E-002
  0.43938358791465637       -9.3706267217498987E-002
  0.44566049631343718       -8.9931297023504511E-002
  0.45193740471221799       -8.5333028448916062E-002
  0.45821431311099881       -7.9913189211938990E-002
  0.46449122150977962       -7.3686172044923087E-002
  0.47076812990856043       -6.6680049052706039E-002
  0.47704503830734124       -5.8937407034187102E-002
  0.48332194670612205       -5.0515962718322760E-002
  0.48959885510490281       -4.1488914301198720E-002
  0.49587576350368362       -3.1944992075962138E-002
  0.50215267190246449       -2.1988166363983427E-002
  0.50842958030124530       -1.1736986786400241E-002
  0.51470648870002611       -1.3235151072464061E-003
  0.52098339709880681        9.1081482249922609E-003
  0.52726030549758762        1.9403795683261390E-002
  0.53353721389636843        2.9401311685334931E-002
  0.53981412229514925        3.8932499836764466E-002
  0.54609103069393006        4.7825959021415773E-002
  0.55236793909271087        5.5910955638464259E-002
  0.55864484749149168        6.3021448216629458E-002
  0.56492175589027249        6.9000346793404943E-002
  0.57119866428905330        7.3703962539550485E-002
  0.57747557268783412        7.7006533272178643E-002
  0.58375248108661493        7.8804702221350789E-002
  0.59002938948539574        7.9021812534149388E-002
  0.59630629788417655        7.7611869919103280E-002
  0.60258320628295736        7.4563018837777578E-002
  0.60886011468173817        6.9900376649609630E-002
  0.61513702308051899        6.3688071501411467E-002
  0.62141393147929980        5.6030341816524235E-002
  0.62769083987808061        4.7071566381241325E-002
  0.63396774827686131        3.6995121809528235E-002
  0.64024465667564212        2.6020984811176345E-002
  0.64652156507442293        1.4402041744843096E-002
  0.65279847347320374        2.4190949112571176E-003
  0.65907538187198456       -9.6253819152915827E-003
  0.66535229027076537       -2.1414660597044197E-002
  0.67162919866954618       -3.2626187760676696E-002
  0.67790610706832699       -4.2940856591241285E-002
  0.68418301546710780       -5.2052841595958750E-002
  0.69045992386588861       -5.9679760070003106E-002
  0.69673683226466943       -6.5572741708967736E-002
  0.70301374066345024       -6.9526218500787371E-002
  0.70929064906223105       -7.1386448109799883E-002
  0.71556755746101186       -7.1057450832022681E-002
  0.72184446585979267       -6.8508942121004834E-002
  0.72812137425857348       -6.3781631820991100E-002
  0.73439828265735430       -5.6989667817688376E-002
  0.74067519105613511       -4.8320625357273946E-002
  0.74695209945491581       -3.8032732337645335E-002
  0.75322900785369662       -2.6449281596826073E-002
  0.75950591625247743       -1.3950184065791659E-002
  0.76578282465125824       -9.6079751505459587E-004
  0.77205973305003905        1.2061741893901736E-002
  0.77833664144881987        2.4644313463927248E-002
  0.78461354984760068        3.6315235566784523E-002
  0.79089045824638149        4.6622718329096438E-002
  0.79716736664516230        5.5153625392924115E-002
  0.80344427504394311        6.1551780315703138E-002
  0.80972118344272392        6.5534965996973921E-002
  0.81599809184150474        6.6909807217197123E-002
  0.82227500024028555        6.5583688664849094E-002
  0.82855190863906636        6.1573011996571482E-002
  0.83482881703784717        5.5007106980856722E-002
  0.84110572543662798        4.6127391244324897E-002
  0.84738263383540879        3.5281404293694717E-002
  0.85365954223418961        2.2911771493131346E-002
  0.85993645063297042        9.5401201804872788E-003
  0.86621335903175112       -4.2533792561184414E-003
  0.87249026743053193       -1.7854511683318211E-002
  0.87876717582931274       -3.0642010978298998E-002
  0.88504408422809355       -4.2019139334812654E-002
  0.89132099262687436       -5.1452364597170244E-002
  0.89759790102565518       -5.8494447762204513E-002
  0.90387480942443599       -6.2805529243058197E-002
  0.91015171782321680       -6.4170875843186426E-002
  0.91642862622199761       -6.2512642656550682E-002
  0.92270553462077842       -5.7895542606554724E-002
  0.92898244301955923       -5.0525677988128952E-002
  0.93525935141834005       -4.0742649710023927E-002
  0.94153625981712086       -2.9005017804124060E-002
  0.94781316821590167       -1.5869784445934461E-002
  0.95409007661468248       -1.9666739098835304E-003
  0.96036698501346329        1.2031572350113795E-002
  0.96664389341224410        2.5441574942145110E-002
  0.97292080181102492        3.7602774297266842E-002
  0.97919771020980562        4.7910376908801754E-002
  0.98547461860858643        5.5846091427369467E-002
  0.99175152700736724        6.1005106381379272E-002
  0.99802843540614805        6.3117830433891325E-002
   1.0043053438049290        6.2065220228681106E-002
   1.0105822522037098        5.7886738966169048E-002
   1.0168591606024906        5.0780421335213946E-002
   1.0231360690012714        4.1094825268504054E-002
   1.0294129774000522        2.9313161473359578E-002
   1.0356898857988328        1.6030188610370165E-002
   1.0419667941976136        1.9229974234945383E-003
   1.0482437025963944       -1.2283033482428979E-002
   1.0545206109951752       -2.5851386695853261E-002
   1.0607975193939561       -3.8074726916114528E-002
   1.0670744277927369       -4.8316579773758632E-002
   1.0733513361915177       -5.6043806453823668E-002
   1.0796282445902985       -6.0854006911863649E-002
   1.0859051529890793       -6.2496589574473904E-002
   1.0921820613878601       -6.0885803833183226E-002
   1.0984589697866409       -5.6105269801405046E-002
   1.1047358781854217       -4.8403643580100873E-002
   1.1110127865842025       -3.8181721357698248E-002
   1.1172896949829834       -2.5971592498090793E-002
   1.1235666033817642       -1.2408968452017614E-002
   1.1298435117805450        1.7999089366153027E-003
   1.1361204201793258        1.5915029654126268E-002
   1.1423973285781066        2.9201158660481737E-002
   1.1486742369768874        4.0966132450087539E-002
   1.1549511453756682        5.0596931516003904E-002
   1.1612280537744490        5.7591632956641388E-002
   1.1675049621732299        6.1585590678650944E-002
   1.1737818705720107        6.2370464347005994E-002
   1.1800587789707915        5.9905114140213225E-002
   1.1863356873695723        5.4317779995424642E-002
   1.1926125957683531        4.5899438223107762E-002
   1.1988895041671339        3.5088669323124926E-002
   1.2051664125659147        2.2448831208273585E-002
   1.2114433209646955        8.6387169646715521E-003
   1.2177202293634763       -5.6217688576588806E-003
   1.2239971377622572       -1.9589129354540220E-002
   1.2302740461610380       -3.2535087426618432E-002
   1.2365509545598188       -4.3785067516850615E-002
   1.2428278629585996       -5.2753859711660120E-002
   1.2491047713573804       -5.8975756833162835E-002
   1.2553816797561612       -6.2128528980156292E-002
   1.2616585881549420       -6.2049949405406528E-002
   1.2679354965537226       -5.8745946402969547E-002
   1.2742124049525034       -5.2390009322983676E-002
   1.2804893133512842       -4.3313889513018962E-002
   1.2867662217500651       -3.1990113550098204E-002
   1.2930431301488459       -1.9007232520074014E-002
   1.2993200385476267       -5.0391161069427703E-003
   1.3055969469464075        9.1901039903712345E-003
   1.3118738553451883        2.2943611347354283E-002
   1.3181507637439691        3.5510052238022623E-002
   1.3244276721427499        4.6240278392566725E-002
   1.3307045805415307        5.4580789161740965E-002
   1.3369814889403115        6.0102157025608935E-002
   1.3432583973390924        6.2520980012716901E-002
   1.3495353057378732        6.1714252081843744E-002
   1.3558122141366540        5.7725425056558331E-002
   1.3620891225354348        5.0761883991017095E-002
   1.3683660309342156        4.1183976303242470E-002
   1.3746429393329964        2.9486204954131925E-002
   1.3809198477317772        1.6271544304709208E-002
   1.3871967561305580        2.2202700416301697E-003
   1.3934736645293389       -1.1945170123558767E-002
   1.3997505729281197       -2.5497227470954700E-002
   1.4060274813269005       -3.7741295106075094E-002
   1.4123043897256813       -4.8055900817451508E-002
   1.4185812981244621       -5.5925499272555891E-002
   1.4248582065232429       -6.0963781824755987E-002
   1.4311351149220237       -6.2931044826369742E-002
   1.4374120233208045       -6.1744077144629615E-002
   1.4436889317195853       -5.7477961975923635E-002
   1.4499658401183662       -5.0359951445492560E-002
   1.4562427485171470       -4.0755902410905868E-002
   1.4625196569159278       -2.9150138062725910E-002
   1.4687965653147086       -1.6119894056262355E-002
   1.4750734737134894       -2.3057414068163476E-003
   1.4813503821122702        1.1620464947737870E-002
   1.4876272905110510        2.4988491275610390E-002
   1.4939041989098316        3.7161868758096760E-002
   1.5001811073086124        4.7567749909495007E-002
   1.5064580157073932        5.5723106133597308E-002
   1.5127349241061741        6.1256115960992050E-002
   1.5190118325049549        6.3921854882264081E-002
   1.5252887409037357        6.3611700130370555E-002
   1.5315656493025165        6.0356173271661852E-002
   1.5378425577012973        5.4321267037058078E-002
   1.5441194661000781        4.5798596270108877E-002
   1.5503963744988589        3.5190001340149192E-002
   1.5566732828976397        2.2987450092226594E-002
   1.5629501912964205        9.7493008540224177E-003
   1.5692270996952014       -3.9259259329503292E-003
   1.5755040080939822       -1.7426952069916280E-002
   1.5817809164927630       -3.0157323037932303E-002
   1.5880578248915438       -4.1562679270700231E-002
   1.5943347332903246       -5.1154527430563382E-002
   1.6006116416891054       -5.8530057576068703E-002
   1.6068885500878862       -6.3387776109252753E-002
   1.6131654584866670       -6.5538313492621528E-002
   1.6194423668854478       -6.4910106757043867E-002
   1.6257192752842287       -6.1549884711068335E-002
   1.6319961836830095       -5.5618123042942440E-002
   1.6382730920817903       -4.7379840673894842E-002
   1.6445500004805711       -3.7191292216840914E-002
   1.6508269088793519       -2.5483265795215919E-002
   1.6571038172781327       -1.2741800640635492E-002
   1.6633807256769135        5.1277759008194811E-004
   1.6696576340756943        1.3747588992630793E-002
   1.6759345424744752        2.6438775341635922E-002
   1.6822114508732560        3.8092064341581001E-002
   1.6884883592720368        4.8261520608978634E-002
   1.6947652676708176        5.6565821434418580E-002
   1.7010421760695984        6.2701487971828659E-002
   1.7073190844683792        6.6452694053675862E-002
   1.7135959928671600        6.7697373136961711E-002
   1.7198729012659408        6.6409570035452656E-002
   1.7261498096647214        6.2658046439913059E-002
   1.7324267180635022        5.6601407774715395E-002
   1.7387036264622830        4.8479983727793302E-002
   1.7449805348610639        3.8605034848674863E-002
   1.7512574432598447        2.7345589427066490E-002
   1.7575343516586255        1.5114388850094683E-002
   1.7638112600574063        2.3527928046636571E-003
   1.7700881684561871       -1.0491065270981627E-002
   1.7763650768549679       -2.2979296682484347E-002
   1.7826419852537487       -3.4698873222713235E-002
   1.7889188936525295       -4.5274793376642058E-002
   1.7951958020513104       -5.4381052570520359E-002
   1.8014727104500912       -6.1749358967792586E-002
   1.8077496188488720       -6.7175323467976847E-002
   1.8140265272476528       -7.0522160903541839E-002
   1.8203034356464336       -7.1721891966279816E-002
   1.8265803440452144       -7.0774226264661497E-002
   1.8328572524439952       -6.7743298863008436E-002
   1.8391341608427760       -6.2752554146949108E-002
   1.8454110692415568       -5.5978063561820134E-002
   1.8516879776403377       -4.7640632336062722E-002
   1.8579648860391185       -3.7997030494346620E-002
   1.8642417944378993       -2.7330709364786827E-002
   1.8705187028366801       -1.5942330786414681E-002
   1.8767956112354609       -4.1404288115599475E-003
   1.8830725196342417        7.7675198443222454E-003
   1.8893494280330225        1.9483372298847328E-002
   1.8956263364318033        3.0725743357646208E-002
   1.9019032448305841        4.1236426937332024E-002
   1.9081801532293650        5.0785699815231969E-002
   1.9144570616281458        5.9176458482657270E-002
   1.9207339700269266        6.6247149866134711E-002
   1.9270108784257074        7.1873499700457352E-002
   1.9332877868244882        7.5968514945681132E-002
   1.9395646952232690        7.8481271767257901E-002
   1.9458416036220498        7.9396774760241096E-002
   1.9521185120208304        7.8734210041568900E-002
   1.9583954204196112        7.6544243767447756E-002
   1.9646723288183920        7.2905821926954426E-002
   1.9709492372171729        6.7922516218361817E-002
   1.9772261456159537        6.1718594250995192E-002
   1.9835030540147345        5.4434914818728274E-002
   1.9897799624135153        4.6224785016668685E-002
   1.9960568708122961        3.7249875437986253E-002
   2.0023337792110771        2.7676297293283091E-002
   2.0086106876098579        1.7670916534160128E-002
   2.0148875960086388        7.3979757307923340E-003
   2.0211645044074196       -2.9839282043354360E-003
   2.0274414128062004       -1.3324471640621232E-002
   2.0337183212049812       -2.3483816251166727E-002
   2.0399952296037620       -3.3334394997693938E-002
   2.0462721380025428       -4.2762274894264637E-002
   2.0525490464013236       -5.1668109013324512E-002
   2.0588259548001044       -5.9967698939147961E-002
   2.0651028631988853       -6.7592196530800355E-002
   2.0713797715976656       -7.4487978488051901E-002
   2.0776566799964464       -8.0616232199840140E-002
   2.0839335883952272       -8.5952293121961551E-002
   2.0902104967940081       -9.0484774423162814E-002
   2.0964874051927889       -9.4214535358162654E-002
   2.1027643135915697       -9.7153490355305072E-002
   2.1090412219903505       -9.9323125034514348E-002
   2.1153181303891313      -0.10075314670259145     
   2.1215950387879121      -0.10148044009980357     
   2.1278719471866929      -0.10154782330583928     
   2.1341488555854737      -0.10100278650172700     
   2.1404257639842545       -9.9896296429198908E-002
   2.1467026723830354       -9.8281666971876541E-002
   2.1529795807818162       -9.6213519067962078E-002
   2.1592564891805970       -9.3746832424763463E-002
   2.1655333975793778       -9.0936102133751334E-002
   2.1718103059781586       -8.7834597521026070E-002
   2.1780872143769394       -8.4493730458578040E-002
   2.1843641227757202       -8.0962525028428378E-002
   2.1906410311745010       -7.7287192324314691E-002
   2.1969179395732819       -7.3510797364532587E-002
   2.2031948479720627       -6.9673020725584581E-002
   2.2094717563708435       -6.5809997317616498E-002
   2.2157486647696243       -6.1954236225276869E-002
   2.2220255731684051       -5.8134599080764071E-002
   2.2283024815671859       -5.4376345448745207E-002
   2.2345793899659667       -5.0701215585295466E-002
   2.2408562983647475       -4.7127569064161379E-002
   2.2471332067635283       -4.3670535931397809E-002
   2.2534101151623092       -4.0342221713502255E-002
   2.2596870235610900       -3.7151887214530860E-002
   2.2659639319598708       -3.4106214585548605E-002
   2.2722408403586516       -3.1209421421177139E-002
   2.2785177487574324       -2.8464086413590207E-002
   2.2847946571562132       -2.5874398359600183E-002
   2.2910715655549940       -2.3444345557610446E-002
   2.2973484739537748       -2.1175565120318977E-002
   2.3036253823525557       -1.9067465293474990E-002
   2.3099022907513365       -1.7117569673620756E-002
   2.3161791991501173       -1.5321841682288010E-002
   2.3224561075488981       -1.3674975122559403E-002
   2.3287330159476789       -1.2170671924641552E-002
   2.3350099243464597       -1.0801883800571843E-002
   2.3412868327452405       -9.5610355875034529E-003
   2.3475637411440213       -8.4402151155403490E-003
   2.3538406495428021       -7.4313429398818742E-003
   2.3601175579415830       -6.5263125224283396E-003
   2.3663944663403638       -5.7171111708147941E-003
   2.3726713747391446       -4.9959160859045964E-003
   2.3789482831379254       -4.3551735638510860E-003
   2.3852251915367062       -3.7876582631490067E-003
   2.3915020999354870       -3.2865186204551326E-003
   2.3977790083342678       -2.8453072544556580E-003
   2.4040559167330486       -2.4580004449746887E-003
   2.4103328251318294       -2.1190073448519929E-003
   2.4166097335306103       -1.8231705621022949E-003
   2.4228866419293911       -1.5657612356347413E-003
   2.4291635503281719       -1.3424663209501448E-003
   2.4354404587269527       -1.1493763663514953E-003
   2.4417173671257335       -9.8296187266401014E-004
   2.4479942755245143       -8.4006617140054804E-004
   2.4542711839232951       -7.1782037018685316E-004
   2.4605480923220759       -6.1335160106129160E-004
   2.4668250007208568       -5.2407728283610693E-004
   2.4731019091196376       -4.4779005558497786E-004
   2.4793788175184184       -3.8260077661638023E-004
   2.4856557259171992       -3.2689632578026309E-004
   2.4919326343159800       -2.7929703740176725E-004
   2.4982095427147608       -2.3862439394646768E-004
   2.5044864511135416       -2.0387072610783197E-004
   2.5107633595123224       -1.7417514539258447E-004
   2.5170402679111032       -1.4880168326701754E-004
   2.5233171763098841       -1.2712152273846580E-004
   2.5295940847086644       -1.0859715041374022E-004
   2.5358709931074452       -9.2769281919169601E-005
   2.5421479015062260       -7.9245352686966415E-005
   2.5484248099050069       -6.7689908141910869E-005
   2.5547017183037877       -5.7816242234326127E-005
   2.5609786267025685       -4.9379333857216723E-005
   2.5672555351013493       -4.2169775424991601E-005
   2.5735324435001301       -3.6008575512201634E-005
   2.5798093518989109       -3.0742756592392129E-005
   2.5860862602976917       -2.6241522037257855E-005
   2.5923631686964725       -2.2393073412692524E-005
   2.5986400770952534       -1.9101770066591161E-005
   2.6049169854940342       -1.6285843976519938E-005
   2.6111938938928150       -1.3875268102993321E-005
   2.6174708022915958       -1.1810158584494549E-005
   2.6237477106903766       -1.0039083033225405E-005
   2.6300246190891574       -8.5187641878514082E-006
   2.6363015274879382       -7.2157496398881627E-006
   2.6425784358867190       -6.1012963733963985E-006
   2.6488553442854998       -5.1499438456730508E-006
   2.6551322526842807       -4.3394293771751525E-006
   2.6614091610830615       -3.6502007169282340E-006
   2.6676860694818423       -3.0652406565725972E-006
   2.6739629778806231       -2.5696833218265878E-006
   2.6802398862794039       -2.1506607292472444E-006
   2.6865167946781847       -1.7969821683004358E-006
   2.6927937030769655       -1.4990156152836997E-006
   2.6990706114757463       -1.2484171791754588E-006
   2.7053475198745272       -1.0380470130600638E-006
   2.7116244282733080       -8.6174051893387507E-007
   2.7179013366720888       -7.1425491551112607E-007
   2.7241782450708696       -5.9107533753382266E-007
   2.7304551534696504       -4.8838727313554851E-007
   2.7367320618684312       -4.0291154166604321E-007
   2.7430089702672120       -3.3189780368426040E-007
   2.7492858786659928       -2.7298315882681471E-007
   2.7555627870647736       -2.2420233472444291E-007
   2.7618396954635545       -1.8386540390715735E-007
   2.7681166038623353       -1.5058081838477728E-007
   2.7743935122611161       -1.2314846971635264E-007
   2.7806704206598969       -1.0059235701820301E-007
   2.7869473290586777       -8.2065886912857305E-008
   2.7932242374574585       -6.6891563577953811E-008
   2.7995011458562393       -5.4475634039696325E-008
   2.8057780542550201       -4.4347547153303208E-008
   2.8120549626538009       -3.6078783995692836E-008
   2.8183318710525818       -2.9343564832277889E-008
   2.8246087794513626       -2.3848078504558433E-008
   2.8308856878501434       -1.9378348020391205E-008
   2.8371625962489242       -1.5732889572005995E-008
   2.8434395046477050       -1.2772840318071708E-008
   2.8497164130464858       -1.0359023134093984E-008
   2.8559933214452666       -8.4029613735397199E-009
   2.8622702298440474       -6.8074575478815040E-009
   2.8685471382428283       -5.5177336897588270E-009
   2.8748240466416091       -4.4648475283331164E-009
   2.8811009550403899       -3.6164757958515335E-009
   2.8873778634391707       -2.9226889610889736E-009
   2.8936547718379515       -2.3660633229066538E-009
   2.8999316802367323       -1.9094671316787278E-009
   2.9062085886355131       -1.5453090279213666E-009
   2.9124854970342939       -1.2450871387489377E-009
   2.9187624054330747       -1.0076518675662630E-009
   2.9250393138318556       -8.1033913403976520E-010
   2.9313162222306364       -6.5618099470029436E-010
   2.9375931306294172       -5.2648331871638643E-010
   2.9438700390281980       -4.2695637749663915E-010
   2.9501469474269788       -3.4163033397036376E-010
   2.9564238558257596       -2.7789655388971031E-010
   2.9627007642245404       -2.2167815506934716E-010
   2.9689776726233212       -1.8139045003683631E-010
   2.9752545810221021       -1.4429125959648078E-010
   2.9815314894208829       -1.1931689886931193E-010
   2.9878083978196632       -9.4589508554211818E-011
   2.9940853062184440       -7.9341351603918793E-011
   3.0003622146172249       -6.2472551408649373E-011
   3.0066391230160057       -5.3381296373136934E-011
   3.0129160314147865       -4.1544993179686350E-011
   3.0191929398135673       -3.6375686054508397E-011
   3.0254698482123481       -2.7794995648624769E-011
   3.0317467566111289       -2.5138113350517545E-011
   3.0380236650099097       -1.8685760508039544E-011
   3.0443005734086905       -1.7644290294437044E-011
   3.0505774818074713       -1.2600127856655607E-011
   3.0568543902062522       -1.2600071447979496E-011
   3.0631312986050330       -8.4994229482685957E-012
   3.0694082070038138       -9.1710213165306074E-012
   3.0756851154025946       -5.7137145674814017E-012
   3.0819620238013754       -6.8171116978952571E-012
   3.0882389322001562       -3.8053386986183871E-012
   3.0945158405989370       -5.1831461687137436E-012
   3.1007927489977178       -2.4870349036010793E-012
   3.1070696573964987       -4.0360969007026370E-012
   3.1133465657952795       -1.5685483194597273E-012
   3.1196234741940603       -3.2200820304126896E-012
   3.1259003825928411       -9.2216517786870956E-013
   3.1321772909916219       -2.6313601621148678E-012
   3.1384541993904027       -4.6366361103171941E-013
   3.1447311077891835       -2.1996703820588337E-012
   3.1510080161879643       -1.3407956403916938E-013
   3.1572849245867451       -1.8760683134118737E-012
   3.1635618329855260        1.0456102487416868E-013
   3.1698387413843068       -1.6322684377781166E-012
   3.1761156497830876        2.7633562091468250E-013
   3.1823925581818684       -1.4456047593528889E-012
   3.1886694665806492        4.0053327956371537E-013
   3.1949463749794300       -1.3011809871778875E-012
   3.2012232833782108        4.8962427366154435E-013
   3.2075001917769916       -1.1873719578744116E-012
   3.2137771001757724        5.5313584702384276E-013
   3.2200540085745533       -1.0972350938453092E-012
   3.2263309169733341        5.9690017874672237E-013
   3.2326078253721149       -1.0243610959552166E-012
   3.2388847337708957        6.2734064165968329E-013
   3.2451616421696765       -9.6409673045368057E-013
   3.2514385505684573        6.4745570820632364E-013
   3.2577154589672381       -9.1413860125990389E-013
   3.2639923673660189        6.5927711045026416E-013
   3.2702692757647998       -8.7173392395164976E-013
   3.2765461841635806        6.6509213389561578E-013
   3.2828230925623614       -8.3601929092260387E-013
   3.2891000009611422        6.6583903565488819E-013
   3.2953769093599230       -8.0471966200838980E-013
   3.3016538177587038        6.6403614374238459E-013
   3.3079307261574846       -7.7655935719923934E-013
   3.3142076345562654        6.5985838257742743E-013
   3.3204845429550462       -7.5162671816489535E-013
   3.3267614513538271        6.5338965239047695E-013
   3.3330383597526079       -7.2921480292491653E-013
   3.3393152681513887        6.4486473921266903E-013
   3.3455921765501695       -7.0977105409621002E-013
   3.3518690849489503        6.3416905288604908E-013
   3.3581459933477311       -6.9303748536620421E-013
   3.3644229017465119        6.2161696787157135E-013
   3.3706998101452927       -6.7786435133607217E-013
   3.3769767185440736        6.0991578183353198E-013
   3.3832536269428544       -6.6240779810611965E-013
   3.3895305353416352        5.9769791187112319E-013
   3.3958074437404160       -6.4888535651142060E-013
   3.4020843521391968        5.8437019050407842E-013
   3.4083612605379776       -6.3602468137383761E-013
   3.4146381689367584        5.7102554174379085E-013
   3.4209150773355392       -6.2416353716809061E-013
   3.4271919857343200        5.5744975565049547E-013
   3.4334688941331009       -6.1306465517752548E-013
   3.4397458025318817        5.4352878450967334E-013
   3.4460227109306620       -6.0275434798516748E-013
   3.4522996193294428        5.2936740200776153E-013
   3.4585765277282237       -5.9342628184141950E-013
   3.4648534361270045        5.1461897615547589E-013
   3.4711303445257853       -5.8410958610520767E-013
   3.4774072529245661        5.0143770490296871E-013
   3.4836841613233469       -5.7354290276017655E-013
   3.4899610697221277        4.8961068948221875E-013
   3.4962379781209085       -5.6279333266469289E-013
   3.5025148865196893        4.7821740133984485E-013
   3.5087917949184702       -5.5178465042887553E-013
   3.5150687033172510        4.6723469528308910E-013
   3.5213456117160318       -5.4152580776766621E-013
   3.5276225201148126        4.5578174296016358E-013
   3.5338994285135934       -5.3162778897622837E-013
   3.5401763369123742        4.4523400749907484E-013
   3.5464532453111550       -5.2097825384626976E-013
   3.5527301537099358        4.3553471839433653E-013
   3.5590070621087166       -5.0898475969034053E-013
   3.5652839705074975        4.2844767713010814E-013
   3.5715608789062783       -4.9520526598880787E-013
   3.5778377873050591        4.2342654601270427E-013
   3.5841146957038399       -4.7929206666146412E-013
   3.5903916041026207        4.2084775464443505E-013
   3.5966685125014015       -4.6175942160295130E-013
   3.6029454209001823        4.1942978740230811E-013
   3.6092223292989631       -4.4395873093941260E-013
   3.6154992376977440        4.1825642193015931E-013
   3.6217761460965248       -4.2639199374103784E-013
   3.6280530544953056        4.1706483809670359E-013
   3.6343299628940864       -4.0859165883640346E-013
   3.6406068712928672        4.1675046771364638E-013
   3.6468837796916480       -3.9107343408120218E-013
   3.6531606880904288        4.1530812620272899E-013
   3.6594375964892096       -3.7602747326065053E-013
   3.6657145048879904        4.1200585978449450E-013
   3.6719914132867713       -3.6158034842563170E-013
   3.6782683216855521        4.0833880331992732E-013
   3.6845452300843329       -3.4915486721720783E-013
   3.6908221384831137        4.0251659406601817E-013
   3.6970990468818945       -3.3861138507953776E-013
   3.7033759552806753        3.9553711325495427E-013
   3.7096528636794561       -3.2874778809004163E-013
   3.7159297720782369        3.8784801692296167E-013
   3.7222066804770177       -3.2122306064717023E-013
   3.7284835888757986        3.7713797283967181E-013
   3.7347604972745794       -3.1785312865638962E-013
   3.7410374056733602        3.6248611605440901E-013
   3.7473143140721410       -3.1735750052951994E-013
   3.7535912224709218        3.4577713357626849E-013
   3.7598681308697026       -3.1873281059199342E-013
   3.7661450392684834        3.2841604249883749E-013
   3.7724219476672642       -3.2034536142585800E-013
   3.7786988560660451        3.1149969532377338E-013
   3.7849757644648259       -3.2113116332957020E-013
   3.7912526728636067        2.9564457851965871E-013
   3.7975295812623875       -3.2209532774104930E-013
   3.8038064896611683        2.7946029085675897E-013
   3.8100833980599491       -3.2280559684621498E-013
   3.8163603064587299        2.6465586690711151E-013
   3.8226372148575107       -3.2047985523835001E-013
   3.8289141232562915        2.5465260977975943E-013
   3.8351910316550724       -3.1319112943976556E-013
   3.8414679400538532        2.4971705824916426E-013
   3.8477448484526340       -3.0173147980827187E-013
   3.8540217568514148        2.4825376271446478E-013
   3.8602986652501956       -2.8788006293383706E-013
   3.8665755736489764        2.4811867165771817E-013
   3.8728524820477572       -2.7368756301728356E-013
   3.8791293904465380        2.4801172261758499E-013
   3.8854062988453189       -2.5933136513656292E-013
   3.8916832072440997        2.4864902293669853E-013
   3.8979601156428805       -2.4458149824967513E-013
   3.9042370240416608        2.5028637551760874E-013
   3.9105139324404417       -2.2853878802470459E-013
   3.9167908408392225        2.5186406766509550E-013
   3.9230677492380033       -2.1456693453795853E-013
   3.9293446576367841        2.5147497808501693E-013
   3.9356215660355649       -2.0292829200798494E-013
   3.9418984744343457        2.4780446888606169E-013
   3.9481753828331265       -1.9581325632222059E-013
   3.9544522912319073        2.3910296665588076E-013
   3.9607291996306881       -1.9352000027477034E-013
   3.9670061080294690        2.2608413559082246E-013
   3.9732830164282498       -1.9494338867096535E-013
   3.9795599248270306        2.1086496639885746E-013
   3.9858368332258114       -1.9724012317677654E-013
   3.9921137416245922        1.9628842924416887E-013
   3.9983906500233730       -1.9837914952503003E-013
   4.0046675584221543        1.8196550584147851E-013
   4.0109444668209351       -1.9965740327139521E-013
   4.0172213752197159        1.6995519332898008E-013
   4.0234982836184967       -1.9685042366483695E-013
   4.0297751920172775        1.6226986088694348E-013
   4.0360521004160583       -1.9007353755848005E-013
   4.0423290088148391        1.5803483848415697E-013
   4.0486059172136200       -1.8017585839670007E-013
   4.0548828256124008        1.5756964500329949E-013
   4.0611597340111816       -1.6686275620517729E-013
   4.0674366424099624        1.5883388792970767E-013
   4.0737135508087432       -1.5357187267551463E-013
   4.0799904592075240        1.5983312729092429E-013
   4.0862673676063048       -1.4049831017992670E-013
   4.0925442760050856        1.6027205708702141E-013
   4.0988211844038664       -1.2935496352939970E-013
   4.1050980928026473        1.5741793524822249E-013
   4.1113750012014281       -1.2194744032309194E-013
   4.1176519096002089        1.5183845946520864E-013
   4.1239288179989897       -1.1731834697451583E-013
   4.1302057263977705        1.4251929563458267E-013
   4.1364826347965504       -1.1708975083568235E-013
   4.1427595431953312        1.2938943252602787E-013
   4.1490364515941121       -1.1873969029237775E-013
   4.1553133599928929        1.1582104108805787E-013
   4.1615902683916737       -1.2140771600468174E-013
   4.1678671767904545        1.0136863304529679E-013
   4.1741440851892353       -1.2416375496862503E-013
   4.1804209935880161        8.7612121824408677E-014
   4.1866979019867969       -1.2468978945585909E-013
   4.1929748103855777        7.6831191044135776E-014
   4.1992517187843585       -1.2277202641954720E-013
   4.2055286271831394        6.8792087206815107E-014
   4.2118055355819202       -1.1782372159973043E-013
   4.2180824439807010        6.4953472536599618E-014
   4.2243593523794818       -1.0752070251190875E-013
   4.2306362607782626        6.5310668401820408E-014
   4.2369131691770434       -9.5020411053110020E-014
   4.2431900775758242        6.6753926897454317E-014
   4.2494669859746050       -8.2609439964509376E-014
   4.2557438943733858        6.7762545204480543E-014
   4.2620208027721667       -7.0032365132617012E-014
   4.2682977111709475        6.8985075207476200E-014
   4.2745746195697283       -5.8154692195391378E-014
   4.2808515279685091        6.8938340752633462E-014
   4.2871284363672899       -4.8332276789427700E-014
   4.2934053447660707        6.5747784765517936E-014
   4.2996822531648515       -4.2741114704185223E-014
   4.3059591615636323        5.7682059753657162E-014
   4.3122360699624132       -4.1381657084693818E-014
   4.3185129783611940        4.7035938766905713E-014
   4.3247898867599748       -4.1889026615704848E-014
   4.3310667951587556        3.4332723454637465E-014
   4.3373437035575364       -4.4047401869516348E-014
   4.3436206119563172        2.0653808389963393E-014
   4.3498975203550980       -4.7073683000989113E-014
   4.3561744287538788        6.9160492509914658E-015
   4.3624513371526596       -4.8959882621865674E-014
   4.3687282455514405       -5.1533569638176422E-015
   4.3750051539502213       -4.8598246353302592E-014
   4.3812820623490021       -1.3390374962510322E-014
   4.3875589707477829       -4.3512302292681921E-014
   4.3938358791465637       -1.6390681942186073E-014
   4.4001127875453445       -3.3607670164949753E-014
   4.4063896959441253       -1.6323341862225397E-014
   4.4126666043429061       -2.1369032053997326E-014
   4.4189435127416870       -1.4143499911723692E-014
   4.4252204211404678       -7.7624693146941218E-015
   4.4314973295392486       -1.1182479531961193E-014
   4.4377742379380294        6.5002244897912734E-015
   4.4440511463368102       -8.0544276338261527E-015
   4.4503280547355910        2.0284443179952127E-014
   4.4566049631343718       -5.6702391797167048E-015
   4.4628818715331526        3.2810851077193756E-014
   4.4691587799319334       -4.6288536229491940E-015
   4.4754356883307143        4.4246676063673930E-014
   4.4817125967294951       -5.1598429347703509E-015
   4.4879895051282759        5.3758711400478682E-014
   4.4942664135270567       -8.1998897191723461E-015
   4.5005433219258375        5.8872655283452630E-014
   4.5068202303246183       -1.6908563551910958E-014
   4.5130971387233991        5.7947168628866863E-014
   4.5193740471221799       -3.1440084904561052E-014
   4.5256509555209607        5.3221763513587719E-014
   4.5319278639197416       -4.8061951112328525E-014
   4.5382047723185224        4.6881272494404723E-014
   4.5444816807173032       -6.4491193479444028E-014
   4.5507585891160840        4.3302622450968553E-014
   4.5570354975148648       -7.7175106888891690E-014
   4.5633124059136456        4.4513864876468884E-014
   4.5695893143124264       -8.4256656821979414E-014
   4.5758662227112072        5.0897719526839534E-014
   4.5821431311099881       -8.6431368152355392E-014
   4.5884200395087689        6.1071851978080578E-014
   4.5946969479075497       -8.6373310836421505E-014
   4.6009738563063305        7.3681908726537794E-014
   4.6072507647051113       -8.3993947478819517E-014
   4.6135276731038921        8.7596858104790312E-014
   4.6198045815026729       -8.1021730704058758E-014
   4.6260814899014537        1.0148099836730083E-013
   4.6323583983002345       -7.9087457074788095E-014
   4.6386353066990154        1.1308345412677311E-013
   4.6449122150977962       -8.0747339160452102E-014
   4.6511891234965770        1.2135154583286619E-013
   4.6574660318953578       -8.5648066076135479E-014
   4.6637429402941386        1.2490227529562872E-013
   4.6700198486929194       -9.5845643932012400E-014
   4.6762967570917002        1.2303822633605869E-013
   4.6825736654904810       -1.1168107100838240E-013
   4.6888505738892619        1.1772210999895483E-013
   4.6951274822880427       -1.2967940172083897E-013
   4.7014043906868235        1.1007095876148806E-013
   4.7076812990856043       -1.4781691888338056E-013
   4.7139582074843851        1.0579088981677033E-013
   4.7202351158831659       -1.6046876706222552E-013
   4.7265120242819467        1.0817506603789311E-013
   4.7327889326807275       -1.6711109323432247E-013
   4.7390658410795083        1.1489369497813909E-013
   4.7453427494782892       -1.7029793847949071E-013
   4.7516196578770700        1.2500354881176475E-013
   4.7578965662758508       -1.6981554085753744E-013
   4.7641734746746316        1.3850091572150739E-013
   4.7704503830734124       -1.6804010905121768E-013
   4.7767272914721932        1.5252217531326909E-013
   4.7830041998709740       -1.6483156943597356E-013
   4.7892811082697548        1.6908371052134525E-013
   4.7955580166685357       -1.5889181743527677E-013
   4.8018349250673165        1.8666216285663760E-013
   4.8081118334660973       -1.5473795452654944E-013
   4.8143887418648781        2.0143879328872191E-013
   4.8206656502636589       -1.5410359199076998E-013
   4.8269425586624397        2.1179644743607608E-013
   4.8332194670612205       -1.5783651365252964E-013
   4.8394963754600013        2.1802898832082353E-013
   4.8457732838587821       -1.6676211510832423E-013
   4.8520501922575630        2.1848656879931504E-013
   4.8583271006563438       -1.8032148049703384E-013
   4.8646040090551246        2.1645406679804811E-013
   4.8708809174539054       -1.9545825895025928E-013
   4.8771578258526862        2.1305365931083734E-013
   4.8834347342514670       -2.1160749023546155E-013
   4.8897116426502478        2.0997747964711283E-013
   4.8959885510490286       -2.2680568301651816E-013
   4.9022654594478094        2.0834523545232095E-013
   4.9085423678465903       -2.3970937951377116E-013
   4.9148192762453711        2.0944250784481593E-013
   4.9210961846441519       -2.5105920675596199E-013
   4.9273730930429327        2.1137995393130049E-013
   4.9336500014417135       -2.6117057613770506E-013
   4.9399269098404943        2.1565811865661728E-013
   4.9462038182392751       -2.6880387594467059E-013
   4.9524807266380559        2.2253650597623854E-013
   4.9587576350368368       -2.7352733442810367E-013
   4.9650345434356176        2.3262453443748865E-013
   4.9713114518343984       -2.7559693945734158E-013
   4.9775883602331792        2.4506394642471984E-013
   4.9838652686319600       -2.7553780346273374E-013
   4.9901421770307408        2.5938290749713544E-013
   4.9964190854295216       -2.7491955683347550E-013
   5.0026959938283024        2.7366463594512554E-013
   5.0089729022270832       -2.7436916235955145E-013
   5.0152498106258641        2.8753160840360229E-013
   5.0215267190246449       -2.7500101830284539E-013
   5.0278036274234257        3.0002305552884968E-013
   5.0340805358222065       -2.7754637906150294E-013
   5.0403574442209873        3.1101908518080760E-013
   5.0466343526197681       -2.8237417855035867E-013
   5.0529112610185480        3.1738944729943201E-013
   5.0591881694173289       -2.9242430674670494E-013
   5.0654650778161097        3.2140534069243822E-013
   5.0717419862148905       -3.0287233077002869E-013
   5.0780188946136713        3.2544173007398895E-013
   5.0842958030124521       -3.1359090917575802E-013
   5.0905727114112329        3.2895418370274311E-013
   5.0968496198100137       -3.2516663379586825E-013
   5.1031265282087945        3.3193446026689864E-013
   5.1094034366075753       -3.3773053609703819E-013
   5.1156803450063562        3.3443646130812191E-013
   5.1219572534051370       -3.4952641132538412E-013
   5.1282341618039178        3.3883180326033229E-013
   5.1345110702026986       -3.6091367968059910E-013
   5.1407879786014794        3.4207756774301232E-013
   5.1470648870002602       -3.7371570982785290E-013
   5.1533417953990410        3.4462167485951052E-013
   5.1596187037978218       -3.8642743142289562E-013
   5.1658956121966026        3.4766243007173629E-013
   5.1721725205953835       -3.9994674385925334E-013
   5.1784494289941643        3.5138878160213749E-013
   5.1847263373929451       -4.1088493108728794E-013
   5.1910032457917259        3.5743548161560914E-013
   5.1972801541905067       -4.2045895299021127E-013
   5.2035570625892875        3.6550378168310980E-013
   5.2098339709880683       -4.2793344040210678E-013
   5.2161108793868491        3.7474855542225673E-013
   5.2223877877856300       -4.3564349740303693E-013
   5.2286646961844108        3.8370117503393818E-013
   5.2349416045831916       -4.4436193565809036E-013
   5.2412185129819724        3.9202630579440805E-013
   5.2474954213807532       -4.5316222076316932E-013
   5.2537723297795340        4.0108510983003614E-013
   5.2600492381783148       -4.6093976546727469E-013
   5.2663261465770956        4.1178370548487369E-013
   5.2726030549758764       -4.6748905722915377E-013
   5.2788799633746573        4.2372533916579876E-013
   5.2851568717734381       -4.7337063186136866E-013
   5.2914337801722189        4.3594635861859664E-013
   5.2977106885709997       -4.8017154439471241E-013
   5.3039875969697805        4.4653940939079559E-013
   5.3102645053685613       -4.8998881718572062E-013
   5.3165414137673421        4.5513681344186730E-013
   5.3228183221661229       -5.0052596440820650E-013
   5.3290952305649038        4.6351044242265700E-013
   5.3353721389636846       -5.1152834266425718E-013
   5.3416490473624654        4.7207198329250902E-013
   5.3479259557612462       -5.2179949781044986E-013
   5.3542028641600270        4.8172893232038362E-013
   5.3604797725588078       -5.3239542192437387E-013
   5.3667566809575886        4.9132106715599871E-013
   5.3730335893563694       -5.4342916188081064E-013
   5.3793104977551502        5.0004633647444102E-013
   5.3855874061539311       -5.5611697559392954E-013
   5.3918643145527119        5.0715131986215773E-013
   5.3981412229514927       -5.7100988300055544E-013
   5.4044181313502735        5.1391592635315557E-013
   5.4106950397490543       -5.8479941716098398E-013
   5.4169719481478351        5.2184975783055545E-013
   5.4232488565466159       -5.9912577061108315E-013
   5.4295257649453967        5.2814511046542683E-013
   5.4358026733441775       -6.1619559562479094E-013
   5.4420795817429584        5.3281878030021132E-013
   5.4483564901417392       -6.3484372156072425E-013
   5.4546333985405200        5.3655555293439994E-013
   5.4609103069393008       -6.5434397172207396E-013
   5.4671872153380816        5.4101537675569833E-013
   5.4734641237368624       -6.7260476004781025E-013
   5.4797410321356432        5.4716837023185817E-013
   5.4860179405344240       -6.9011180625815731E-013
   5.4922948489332049        5.5276931516672476E-013
   5.4985717573319857       -7.1043806250352243E-013
   5.5048486657307665        5.5389711048189523E-013
   5.5111255741295473       -7.3882611562115700E-013
   5.5174024825283281        5.4641993617736968E-013
   5.5236793909271089       -7.7534699337242719E-013
   5.5299562993258897        5.3258068862259974E-013
   5.5362332077246705       -8.1757875289823076E-013
   5.5425101161234513        5.1381281524070970E-013
   5.5487870245222322       -8.6482395180037012E-013
   5.5550639329210130        4.9196474431829809E-013
   5.5613408413197938       -9.1567998132786704E-013
   5.5676177497185746        4.6458358763735972E-013
   5.5738946581173554       -9.7501443808458166E-013
   5.5801715665161362        4.2795289567843010E-013
   5.5864484749149170       -1.0475574911856032E-012
   5.5927253833136978        3.7419315925455470E-013
   5.5990022917124787       -1.1409951747606658E-012
   5.6052792001112595        2.9717189870934048E-013
   5.6115561085100403       -1.2606282944073106E-012
   5.6178330169088211        1.9172084454560133E-013
   5.6241099253076019       -1.4140667170318523E-012
   5.6303868337063827        4.8324545025949458E-014
   5.6366637421051635       -1.6122408647226267E-012
   5.6429406505039443       -1.4558623922897493E-013
   5.6492175589027251       -1.8665470599091951E-012
   5.6554944673015060       -4.0340336268633495E-013
   5.6617713757002868       -2.1975270523913744E-012
   5.6680482840990676       -7.4971073173821090E-013
   5.6743251924978484       -2.6336323100845220E-012
   5.6806021008966292       -1.2198103042571953E-012
   5.6868790092954100       -3.2160799777300508E-012
   5.6931559176941908       -1.8609314589774819E-012
   5.6994328260929716       -4.0006354052097491E-012
   5.7057097344917524       -2.7392474425445939E-012
   5.7119866428905333       -5.0659672818401513E-012
   5.7182635512893141       -3.9479697932813104E-012
   5.7245404596880949       -6.5229135229645360E-012
   5.7308173680868757       -5.6178613248972628E-012
   5.7370942764856565       -8.5245892606484557E-012
   5.7433711848844373       -7.9322839308836756E-012
   5.7496480932832181       -1.1292114855879372E-011
   5.7559250016819989       -1.1153412195580536E-011
   5.7622019100807798       -1.5137870002719599E-011
   5.7684788184795606       -1.5657341482178892E-011
   5.7747557268783414       -2.0512385752605462E-011
   5.7810326352771222       -2.1972553412777546E-011
   5.7873095436759030       -2.8024753450258778E-011
   5.7935864520746838       -3.0805225431884179E-011
   5.7998633604734646       -3.8508134446381426E-011
   5.8061402688722454       -4.3144893912372790E-011
   5.8124171772710262       -5.3135183763965972E-011
   5.8186940856698071       -6.0377703940096015E-011
   5.8249709940685879       -7.3545251729241910E-011
   5.8312479024673687       -8.4446767772497671E-011
   5.8375248108661495       -1.0204052086944430E-010
   5.8438017192649303       -1.1807487112650033E-010
   5.8500786276637111       -1.4184468140826916E-010
   5.8563555360624919       -1.6508235265106417E-010
   5.8626324444612727       -1.9748736793378635E-010
   5.8689093528600536       -2.3084117256361929E-010
   5.8751862612588344       -2.7533439901900461E-010
   5.8814631696576152       -3.2289374560438731E-010
   5.8877400780563960       -3.8432807390763920E-010
   5.8940169864551768       -4.5184397181836205E-010
   5.9002938948539576       -5.3704552078478835E-010
   5.9065708032527384       -6.3261280564894453E-010
   5.9128477116515192       -7.5119145563171198E-010
   5.9191246200503000       -8.8621135378397101E-010
   5.9254015284490809       -1.0517024381917519E-009
   5.9316784368478617       -1.2422426071990791E-009
   5.9379553452466425       -1.4737278108188856E-009
   5.9442322536454233       -1.7425091512864842E-009
   5.9505091620442041       -2.0677184555913483E-009
   5.9567860704429849       -2.4494017515463306E-009
   5.9630629788417657       -2.9113268084951986E-009
   5.9693398872405457       -3.4583769005889423E-009
   5.9756167956393265       -4.1208150819391184E-009
   5.9818937040381073       -4.9109161729591745E-009
   5.9881706124368881       -5.8686356176852579E-009
   5.9944475208356689       -7.0175654379656950E-009
   6.0007244292344497       -8.4122440807754403E-009
   6.0070013376332305       -1.0093615069230214E-008
   6.0132782460320113       -1.2138315880672593E-008
   6.0195551544307921       -1.4613955075905632E-008
   6.0258320628295730       -1.7630889903756774E-008
   6.0321089712283538       -2.1297834395780737E-008
   6.0383858796271346       -2.5776915671736907E-008
   6.0446627880259154       -3.1240449604887292E-008
   6.0509396964246962       -3.7930515692045173E-008
   6.0572166048234770       -4.6118256504429619E-008
   6.0634935132222578       -5.6169910818842391E-008
   6.0697704216210386       -6.8510837892665856E-008
   6.0760473300198194       -8.3701127528481141E-008
   6.0823242384186003       -1.0240786500800199E-007
   6.0886011468173811       -1.2549539610202301E-007
   6.0948780552161619       -1.5401136269666030E-007
   6.1011549636149427       -1.8930025422792913E-007
   6.1074318720137235       -2.3301100676601246E-007
   6.1137087804125043       -2.8725226222021055E-007
   6.1199856888112851       -3.5459369903615499E-007
   6.1262625972100659       -4.3800144845659225E-007
   6.1325395056088468       -5.4100970096142382E-007
   6.1388164140076276       -6.6796809965170250E-007
   6.1450933224064084       -8.2413357249591693E-007
   6.1513702308051892       -1.0159282312447594E-006
   6.1576471392039700       -1.2511008441389683E-006
   6.1639240476027508       -1.5390667695522658E-006
   6.1702009560015316       -1.8911643500349942E-006
   6.1764778644003124       -2.3211098634341743E-006
   6.1827547727990932       -2.8453848167839560E-006
   6.1890316811978741       -3.4838492484442662E-006
   6.1953085895966549       -4.2603089964840341E-006
   6.2015854979954357       -5.2033450257418221E-006
   6.2078624063942165       -6.3471262062626736E-006
   6.2141393147929973       -7.7325309386956930E-006
   6.2204162231917781       -9.4082917714532152E-006
   6.2266931315905589       -1.1432509188492941E-005
   6.2329700399893397       -1.3874240349935846E-005
   6.2392469483881206       -1.6815534366385817E-005
   6.2455238567869014       -2.0353609200531390E-005
   6.2518007651856822       -2.4603574036494772E-005
   6.2580776735844630       -2.9701376112978397E-005
   6.2643545819832438       -3.5807420259707857E-005
   6.2706314903820246       -4.3110509687047842E-005
   6.2769083987808054       -5.1832629367940455E-005
   6.2831853071795862       -6.2234141989815360E-005
