   6.2769083987808056E-003   4.4199689898982000E-002
   1.2553816797561611E-002   4.6463260397580586E-002
   1.8830725196342418E-002   3.9893862694434033E-002
   2.5107633595123222E-002   2.5718681010829358E-002
   3.1384541993904030E-002   6.6267071212797353E-003
   3.7661450392684835E-002  -1.3734356862880513E-002
   4.3938358791465640E-002  -3.1451498715424832E-002
   5.0215267190246445E-002  -4.3099213699620907E-002
   5.6492175589027249E-002  -4.6406697039876044E-002
   6.2769083987808061E-002  -4.0708662213426269E-002
   6.9045992386588859E-002  -2.7088747766946576E-002
   7.5322900785369670E-002  -8.1830826294502015E-003
   8.1599809184150468E-002   1.2322481359886856E-002
   8.7876717582931280E-002   3.0407077224058533E-002
   9.4153625981712077E-002   4.2503739465077607E-002
  0.10043053438049289        4.6207674929935952E-002
  0.10670744277927370        4.0762411921865076E-002
  0.11298435117805450        2.7224018153248923E-002
  0.11926125957683531        8.2661032649358271E-003
  0.12553816797561612       -1.2340549972967581E-002
  0.13181507637439691       -3.0474021235517821E-002
  0.13809198477317772       -4.2486232385420118E-002
  0.14436889317195853       -4.5941698389951310E-002
  0.15064580157073934       -4.0119565390253513E-002
  0.15692270996952015       -2.6173858273233860E-002
  0.16319961836830094       -6.9146307907937072E-003
  0.16947652676708175        1.3750685618735988E-002
  0.17575343516586256        3.1606260645323514E-002
  0.18203034356464337        4.2988675771899722E-002
  0.18830725196342415        4.5543150234100750E-002
  0.19458416036220497        3.8718658937298672E-002
  0.20086106876098578        2.3898102057480951E-002
  0.20713797715976659        4.1288389845858392E-003
  0.21341488555854740       -1.6496081218121423E-002
  0.21969179395732819       -3.3681823565507175E-002
  0.22596870235610900       -4.3827686196436066E-002
  0.23224561075488981       -4.4787838782767646E-002
  0.23852251915367062       -3.6334941839035663E-002
  0.24479942755245140       -2.0224531465152247E-002
  0.25107633595123224        1.5918249529469407E-004
  0.25735324435001306        2.0506990705854187E-002
  0.26363015274879381        3.6493111483718622E-002
  0.26990706114757462        4.4697487873148964E-002
  0.27618396954635543        4.3344803987153603E-002
  0.28246087794513625        3.2699063813782354E-002
  0.28873778634391706        1.5023946760640035E-002
  0.29501469474269787       -5.8886213428046780E-003
  0.30129160314147868       -2.5525760152067735E-002
  0.30756851154025949       -3.9626323395962115E-002
  0.31384541993904030       -4.5109668398791866E-002
  0.32012232833782106       -4.0757236156640966E-002
  0.32639923673660187       -2.7494399216411367E-002
  0.33267614513538268       -8.2051798153048479E-003
  0.33895305353416350        1.2885824586969125E-002
  0.34522996193294431        3.1133981079113558E-002
  0.35150687033172512        4.2498033496007531E-002
  0.35778377873050593        4.4441375352311567E-002
  0.36406068712928674        3.6510632835432065E-002
  0.37033759552806755        2.0451683171283194E-002
  0.37661450392684831       -1.6872727214227410E-004
  0.38289141232562912       -2.0749763880505187E-002
  0.38916832072440993       -3.6680922232060820E-002
  0.39544522912319074       -4.4377028640153630E-002
  0.40172213752197156       -4.2090924167644157E-002
  0.40799904592075237       -3.0318391386229767E-002
  0.41427595431953318       -1.1699681967713883E-002
  0.42055286271831399        9.5651371830520956E-003
  0.42682977111709480        2.8659314471601853E-002
  0.43310667951587556        4.1240256068290029E-002
  0.43938358791465637        4.4431131060756239E-002
  0.44566049631343718        3.7485949918060910E-002
  0.45193740471221799        2.1972774989523550E-002
  0.45821431311099881        1.4282712893378148E-003
  0.46449122150977962       -1.9442359456795996E-002
  0.47076812990856043       -3.5840546433998942E-002
  0.47704503830734124       -4.3979531812962443E-002
  0.48332194670612205       -4.1964637249951364E-002
  0.48959885510490281       -3.0242692553572398E-002
  0.49587576350368362       -1.1512186726832921E-002
  0.50215267190246449        9.8903050597871182E-003
  0.50842958030124530        2.8989723242025096E-002
  0.51470648870002611        4.1328834518803953E-002
  0.52098339709880681        4.4012536773021957E-002
  0.52726030549758762        3.6394636944043726E-002
  0.53353721389636843        2.0242276093717024E-002
  0.53981412229514925       -6.6569782486646239E-004
  0.54609103069393006       -2.1415012402081296E-002
  0.55236793909271087       -3.7108013968814094E-002
  0.55864484749149168       -4.4022337270698750E-002
  0.56492175589027249       -4.0500879517869202E-002
  0.57119866428905330       -2.7358685615845636E-002
  0.57747557268783412       -7.7046362537492082E-003
  0.58375248108661493        1.3785743276204113E-002
  0.59002938948539574        3.1978303096159705E-002
  0.59630629788417655        4.2507589400864756E-002
  0.60258320628295736        4.2829952770031050E-002
  0.60886011468173817        3.2847108251045885E-002
  0.61513702308051899        1.4945203050611288E-002
  0.62141393147929980       -6.5662248421664788E-003
  0.62769083987808061       -2.6485813889374429E-002
  0.63396774827686131       -3.9977024034438369E-002
  0.64024465667564212       -4.3746548198020228E-002
  0.64652156507442293       -3.6856437082701567E-002
  0.65279847347320374       -2.0967744894168885E-002
  0.65907538187198456        4.9858959916842827E-005
  0.66535229027076537        2.1053347890075638E-002
  0.67162919866954618        3.6882245605180067E-002
  0.67790610706832699        4.3629178531773408E-002
  0.68418301546710780        3.9611659082878836E-002
  0.69045992386588861        2.5801682406063592E-002
  0.69673683226466943        5.6011260580754747E-003
  0.70301374066345024       -1.5988033525614394E-002
  0.70929064906223105       -3.3598175837763401E-002
  0.71556755746101186       -4.2830893374792803E-002
  0.72184446585979267       -4.1361826563966184E-002
  0.72812137425857348       -2.9536304952825110E-002
  0.73439828265735430       -1.0300092160354503E-002
  0.74067519105613511        1.1524616681289339E-002
  0.74695209945491581        3.0442541284125615E-002
  0.75322900785369662        4.1669166457096736E-002
  0.75950591625247743        4.2346613875133297E-002
  0.76578282465125824        3.2281151221890472E-002
  0.77205973305003905        1.4009575987228606E-002
  0.77833664144881987       -7.8296822705201750E-003
  0.78461354984760068       -2.7667608982354538E-002
  0.79089045824638149       -4.0423846649862115E-002
  0.79716736664516230       -4.2812738327586627E-002
  0.80344427504394311       -3.4199180819822303E-002
  0.80972118344272392       -1.6779018311508596E-002
  0.81599809184150474        4.9698274790340117E-003
  0.82227500024028555        2.5431196518050692E-002
  0.82855190863906636        3.9299291048125524E-002
  0.83482881703784717        4.2958826563095999E-002
  0.84110572543662798        3.5436732326785458E-002
  0.84738263383540879        1.8672481214964141E-002
  0.85365954223418961       -2.9706791679906691E-003
  0.85993645063297042       -2.3833645328206185E-002
  0.86621335903175112       -3.8438848900209828E-002
  0.87249026743053193       -4.2932366703802204E-002
  0.87876717582931274       -3.6109718524846804E-002
  0.88504408422809355       -1.9752226110010488E-002
  0.89132099262687436        1.8254462777356917E-003
  0.89759790102565518        2.2919409325687302E-002
  0.90387480942443599        3.7945317238401874E-002
  0.91015171782321680        4.2917734285014275E-002
  0.91642862622199761        3.6510753388982624E-002
  0.92270553462077842        2.0415914487308798E-002
  0.92898244301955923       -1.0999224623413149E-003
  0.93525935141834005       -2.2322643305937209E-002
  0.94153625981712086       -3.7607318438511818E-002
  0.94781316821590167       -4.2880993998065380E-002
  0.95409007661468248       -3.6731331335958191E-002
  0.96036698501346329       -2.0789316098444654E-002
  0.96664389341224410        6.9888092553881229E-004
  0.97292080181102492        2.1999667472407419E-002
  0.97919771020980562        3.7420786323113991E-002
  0.98547461860858643        4.2833731660976711E-002
  0.99175152700736724        3.6782336923833481E-002
  0.99802843540614805        2.0878970784514700E-002
   1.0043053438049290       -6.2061810247469461E-004
   1.0105822522037098       -2.1952917091933637E-002
   1.0168591606024906       -3.7390579922154700E-002
   1.0231360690012714       -4.2781375220611040E-002
   1.0294129774000522       -3.6668335428784393E-002
   1.0356898857988328       -2.0687994790199817E-002
   1.0419667941976136        8.6324173593986791E-004
   1.0482437025963944        2.2181022846446564E-002
   1.0545206109951752        3.7515328015193875E-002
   1.0607975193939561        4.2725281235587276E-002
   1.0670744277927369        3.6404211313986544E-002
   1.0733513361915177        2.0258030659539461E-002
   1.0796282445902985       -1.3556660973946348E-003
   1.0859051529890793       -2.2603451699123246E-002
   1.0921820613878601       -3.7750523902358363E-002
   1.0984589697866409       -4.2708522451694889E-002
   1.1047358781854217       -3.6139107854468423E-002
   1.1110127865842025       -1.9815291844652590E-002
   1.1172896949829834        1.8569860486570555E-003
   1.1235666033817642        2.3028012063873889E-002
   1.1298435117805450        3.7983209169695685E-002
   1.1361204201793258        4.2685672129823771E-002
   1.1423973285781066        3.5865920051973720E-002
   1.1486742369768874        1.9364692593585659E-002
   1.1549511453756682       -2.3638126622267217E-003
   1.1612280537744490       -2.3454208558640388E-002
   1.1675049621732299       -3.8213204326569605E-002
   1.1737818705720107       -4.2656517327844500E-002
   1.1800587789707915       -3.5584519224345149E-002
   1.1863356873695723       -1.8906199123333609E-002
   1.1926125957683531        2.8760614199011300E-003
   1.1988895041671339        2.3881869654263296E-002
   1.2051664125659147        3.8440290934632214E-002
   1.2114433209646955        4.2620856084930707E-002
   1.2177202293634763        3.5294772216714149E-002
   1.2239971377622572        1.8439784156965591E-002
   1.2302740461610380       -3.3936438635621259E-003
   1.2365509545598188       -2.4310968949445445E-002
   1.2428278629585996       -3.8665787314667383E-002
   1.2491047713573804       -4.2584175201142375E-002
   1.2553816797561612       -3.5009672242564002E-002
   1.2616585881549420       -1.7987488512616792E-002
   1.2679354965537226        3.8883323761241938E-003
   1.2742124049525034        2.4715192064024796E-002
   1.2804893133512842        3.8874703360234998E-002
   1.2867662217500651        4.2548120572564706E-002
   1.2930431301488459        3.4745739271149573E-002
   1.2993200385476267        1.7572913440188114E-002
   1.3055969469464075       -4.3386451492427739E-003
   1.3118738553451883       -2.5080498547601873E-002
   1.3181507637439691       -3.9060794649171351E-002
   1.3244276721427499       -4.2511557954624836E-002
   1.3307045805415307       -3.4503740719706744E-002
   1.3369814889403115       -1.7196711380390445E-002
   1.3432583973390924        4.7446289805347323E-003
   1.3495353057378732        2.5407622558651238E-002
   1.3558122141366540        3.9225261437991404E-002
   1.3620891225354348        4.2475822178706983E-002
   1.3683660309342156        3.4284781246120839E-002
   1.3746429393329964        1.6859477417625286E-002
   1.3809198477317772       -5.1063483510532994E-003
   1.3871967561305580       -2.5697232734690763E-002
   1.3934736645293389       -3.9369204324334557E-002
   1.3997505729281197       -4.2442066933375551E-002
   1.4060274813269005       -3.4090307322976458E-002
   1.4123043897256813       -1.6567261378347634E-002
   1.4185812981244621        5.4095083638789621E-003
   1.4248582065232429        2.5934595780047327E-002
   1.4311351149220237        3.9502589337646526E-002
   1.4374120233208045        4.2482723118371486E-002
   1.4436889317195853        3.4086142011166033E-002
   1.4499658401183662        1.6569310788854829E-002
   1.4562427485171470       -5.3774074380663998E-003
   1.4625196569159278       -2.5888972570896038E-002
   1.4687965653147086       -3.9493782945512909E-002
   1.4750734737134894       -4.2571212604154404E-002
   1.4813503821122702       -3.4310886891857705E-002
   1.4876272905110510       -1.6920680749825740E-002
   1.4939041989098316        4.9684260660741268E-003
   1.5001811073086124        2.5538914914290438E-002
   1.5064580157073932        3.9333644017694763E-002
   1.5127349241061741        4.2701588657602103E-002
   1.5190118325049549        3.4759926670379318E-002
   1.5252887409037357        1.7620087626691795E-002
   1.5315656493025165       -4.1786292668859392E-003
   1.5378425577012973       -2.4874639777850597E-002
   1.5441194661000781       -3.9007781663226312E-002
   1.5503963744988589       -4.2857975234975663E-002
   1.5566732828976397       -3.5420267714326999E-002
   1.5629501912964205       -1.8661831508065982E-002
   1.5692270996952014        3.0033914226694496E-003
   1.5755040080939822        2.3880709412196558E-002
   1.5817809164927630        3.8492789042568989E-002
   1.5880578248915438        4.3016328800125903E-002
   1.5943347332903246        3.6278027888839583E-002
   1.6006116416891054        2.0052325861853428E-002
   1.6068885500878862       -1.4120896768369496E-003
   1.6131654584866670       -2.2509222935661866E-002
   1.6194423668854478       -3.7741382362929309E-002
   1.6257192752842287       -4.3149956267734976E-002
   1.6319961836830095       -3.7339479855018641E-002
   1.6382730920817903       -2.1831339555922188E-002
   1.6445500004805711       -6.5915902461189454E-004
   1.6508269088793519        2.0684942035514433E-002
   1.6571038172781327        3.6676775835338328E-002
   1.6633807256769135        4.3188275748145724E-002
   1.6696576340756943        3.8548644791381544E-002
   1.6759345424744752        2.3966848224899025E-002
   1.6822114508732560        3.2102866778594610E-003
   1.6884883592720368       -1.8373404174929039E-002
   1.6947652676708176       -3.5236195852789143E-002
   1.7010421760695984       -4.3054611697500501E-002
   1.7073190844683792       -3.9834084225908048E-002
   1.7135959928671600       -2.6411752808791183E-002
   1.7198729012659408       -6.2325075610795647E-003
   1.7261498096647214        1.5540228306867408E-002
   1.7324267180635022        3.3348237388858344E-002
   1.7387036264622830        4.2656685937992683E-002
   1.7449805348610639        4.1105228442567518E-002
   1.7512574432598447        2.9100626547197424E-002
   1.7575343516586255        9.7043969149791433E-003
   1.7638112600574063       -1.2153688197369313E-002
   1.7700881684561871       -3.0938578055596737E-002
   1.7763650768549679       -4.1912313172168911E-002
   1.7826419852537487       -4.2323529900349231E-002
   1.7889188936525295       -3.2088371427390856E-002
   1.7951958020513104       -1.3796232124010920E-002
   1.8014727104500912        7.9544190407526451E-003
   1.8077496188488720        2.7717699688019948E-002
   1.8140265272476528        4.0564552255516875E-002
   1.8203034356464336        4.3307735761608984E-002
   1.8265803440452144        3.5284216158219063E-002
   1.8328572524439952        1.8505085681612202E-002
   1.8391341608427760       -2.8580314678885196E-003
   1.8454110692415568       -2.3516641923661655E-002
   1.8516879776403377       -3.8376471252107115E-002
   1.8579648860391185       -4.3790496156645660E-002
   1.8642417944378993       -3.8446563279330742E-002
   1.8705187028366801       -2.3675449386913686E-002
   1.8767956112354609       -3.1096578025308365E-003
   1.8830725196342417        1.8217327112124215E-002
   1.8893494280330225        3.5106196167345359E-002
   1.8956263364318033        4.3457565342570122E-002
   1.9019032448305841        4.1260647085817698E-002
   1.9081801532293650        2.9068017769525809E-002
   1.9144570616281458        9.8467466537936477E-003
   1.9207339700269266       -1.1751947680773997E-002
   1.9270108784257074       -3.0522816530133844E-002
   1.9332877868244882       -4.1960502026440159E-002
   1.9395646952232690       -4.3335266889225330E-002
   1.9458416036220498       -3.4336501312374403E-002
   1.9521185120208304       -1.7133301464355852E-002
   1.9583954204196112        4.1569135081717069E-003
   1.9646723288183920        2.4459510825986339E-002
   1.9709492372171729        3.8953646199014619E-002
   1.9772261456159537        4.4213842770894574E-002
   1.9835030540147345        3.9012621145956751E-002
   1.9897799624135153        2.4597802587394378E-002
   1.9960568708122961        4.3841519668195213E-003
   2.0023337792110771       -1.6862459042373931E-002
   2.0086106876098579       -3.4151872711711051E-002
   2.0148875960086388       -4.3440335342976054E-002
   2.0211645044074196       -4.2570763793071245E-002
   2.0274414128062004       -3.1765298189140138E-002
   2.0337183212049812       -1.3559712093999652E-002
   2.0399952296037620        7.7996336041400620E-003
   2.0462721380025428        2.7351095067677342E-002
   2.0525490464013236        4.0570929586956135E-002
   2.0588259548001044        4.4416234024695286E-002
   2.0651028631988853        3.8018099576271711E-002
   2.0713797715976656        2.2868824457118936E-002
   2.0776566799964464        2.4651462579090271E-003
   2.0839335883952272       -1.8505318138256878E-002
   2.0902104967940081       -3.5243710122024138E-002
   2.0964874051927889       -4.3936411601470000E-002
   2.1027643135915697       -4.2618247833818068E-002
   2.1090412219903505       -3.1608305703724325E-002
   2.1153181303891313       -1.3423935594467975E-002
   2.1215950387879121        7.8023638170076383E-003
   2.1278719471866929        2.7266705671238310E-002
   2.1341488555854737        4.0581610936924396E-002
   2.1404257639842545        4.4761394986618012E-002
   2.1467026723830354        3.8884699041159397E-002
   2.1529795807818162        2.4288769597676656E-002
   2.1592564891805970        4.2566778956575875E-003
   2.1655333975793778       -1.6727578431077424E-002
   2.1718103059781586       -3.3985686469152634E-002
   2.1780872143769394       -4.3686763146334844E-002
   2.1843641227757202       -4.3692577176009072E-002
   2.1906410311745010       -3.4020959534400048E-002
   2.1969179395732819       -1.6828787246682197E-002
   2.2031948479720627        4.0768257448385520E-003
   2.2094717563708435        2.4086710228330005E-002
   2.2157486647696243        3.8807133613385135E-002
   2.2220255731684051        4.5021758113582229E-002
   2.2283024815671859        4.1388094454764733E-002
   2.2345793899659667        2.8719101366888763E-002
   2.2408562983647475        9.7927856420380079E-003
   2.2471332067635283       -1.1263885970953139E-002
   2.2534101151623092       -2.9878735332765478E-002
   2.2596870235610900       -4.2026989904170531E-002
   2.2659639319598708       -4.5097491943308414E-002
   2.2722408403586516       -3.8446707945461130E-002
   2.2785177487574324       -2.3525518793222289E-002
   2.2847946571562132       -3.5562698684673292E-003
   2.2910715655549940        1.7175810458703946E-002
   2.2973484739537748        3.4249431724605775E-002
   2.3036253823525557        4.4048388717725789E-002
   2.3099022907513365        4.4520007296427501E-002
   2.3161791991501173        3.5593715707039918E-002
   2.3224561075488981        1.9177017634320136E-002
   2.3287330159476789       -1.2636086036476627E-003
   2.3350099243464597       -2.1442533457390087E-002
   2.3412868327452405       -3.7156094510924796E-002
   2.3475637411440213       -4.5155078775271848E-002
   2.3538406495428021       -4.3808240759112882E-002
   2.3601175579415830       -3.3423214616535794E-002
   2.3663944663403638       -1.6164303433803585E-002
   2.3726713747391446        4.4093945314637199E-003
   2.3789482831379254        2.4084912125646948E-002
   2.3852251915367062        3.8859771912427871E-002
   2.3915020999354870        4.5752243089548145E-002
   2.3977790083342678        4.3394296799003709E-002
   2.4040559167330486        3.2291325866684387E-002
   2.4103328251318294        1.4701833209670270E-002
   2.4166097335306103       -5.8323122504982412E-003
   2.4228866419293911       -2.5205592562432391E-002
   2.4291635503281719       -3.9570826907535835E-002
   2.4354404587269527       -4.6099065945930141E-002
   2.4417173671257335       -4.3527651074329210E-002
   2.4479942755245143       -3.2393167283719659E-002
   2.4542711839232951       -1.4905947206744236E-002
   2.4605480923220759        5.5016175816237434E-003
   2.4668250007208568        2.4831448359327254E-002
   2.4731019091196376        3.9296700449677667E-002
   2.4793788175184184        4.6063826068681812E-002
   2.4856557259171992        4.3807340104933194E-002
   2.4919326343159800        3.2969501842431567E-002
   2.4982095427147608        1.5673457918171898E-002
   2.5044864511135416       -4.6926953709018693E-003
   2.5107633595123224       -2.4139692427305768E-002
   2.5170402679111032       -3.8858482541301038E-002
   2.5233171763098841       -4.5966298425585715E-002
   2.5295940847086644       -4.4071187345952618E-002
   2.5358709931074452       -3.3544533274642033E-002
   2.5421479015062260       -1.6448184628347230E-002
   2.5484248099050069        3.8694704621580244E-003
   2.5547017183037877        2.3429344899974822E-002
   2.5609786267025685        3.8400950697793014E-002
   2.5672555351013493        4.5852501379454486E-002
   2.5735324435001301        4.4324981374639770E-002
   2.5798093518989109        3.4117717684923721E-002
   2.5860862602976917        1.7229671339959736E-002
   2.5923631686964725       -3.0321525823470310E-003
   2.5986400770952534       -2.2700267438949973E-002
   2.6049169854940342       -3.7923684704826238E-002
   2.6111938938928150       -4.5721772641698993E-002
   2.6174708022915958       -4.4568006596285889E-002
   2.6237477106903766       -3.4688323357659846E-002
   2.6300246190891574       -1.8019187523011994E-002
   2.6363015274879382        2.1690181443804486E-003
   2.6425784358867190        2.1937107003924934E-002
   2.6488553442854998        3.7451185139950570E-002
   2.6551322526842807        4.5722777755928985E-002
   2.6614091610830615        4.5178055075685439E-002
   2.6676860694818423        3.5947628912416991E-002
   2.6739629778806231        1.9826296281252421E-002
   2.6802398862794039       -8.5105708105098855E-005
   2.6865167946781847       -1.9982328985562289E-002
   2.6927937030769655       -3.6086811575101262E-002
   2.6990706114757463       -4.5360984582673888E-002
   2.7053475198745272       -4.6074988014812204E-002
   2.7116244282733080       -3.8120229271233590E-002
   2.7179013366720888       -2.3014857453208686E-002
   2.7241782450708696       -3.6048019739317108E-003
   2.7304551534696504        1.6479120479564454E-002
   2.7367320618684312        3.3503311743818501E-002
   2.7430089702672120        4.4324075175829272E-002
   2.7492858786659928        4.6962684612685143E-002
   2.7555627870647736        4.0958740569231482E-002
   2.7618396954635545        2.7440356144311496E-002
   2.7681166038623353        8.9028178846057293E-003
   2.7743935122611161       -1.1259370007030837E-002
   2.7806704206598969       -2.9377943338496276E-002
   2.7869473290586777       -4.2178080763850385E-002
   2.7932242374574585       -4.7365932659291080E-002
   2.7995011458562393       -4.4031822330915092E-002
   2.8057780542550201       -3.2796027206254165E-002
   2.8120549626538009       -1.5682222997294572E-002
   2.8183318710525818        4.2397481324524377E-003
   2.8246087794513626        2.3404178721931419E-002
   2.8308856878501434        3.8388490619375507E-002
   2.8371625962489242        4.6523335280365875E-002
   2.8434395046477050        4.6366051471687139E-002
   2.8497164130464858        3.7953472383186103E-002
   2.8559933214452666        2.2790593228720176E-002
   2.8622702298440474        3.5783614168710424E-003
   2.8685471382428283       -1.6269530176891499E-002
   2.8748240466416091       -3.3234140998452177E-002
   2.8811009550403899       -4.4314715793923667E-002
   2.8873778634391707       -4.7557765034045768E-002
   2.8936547718379515       -4.2398750646691019E-002
   2.8999316802367323       -2.9757165313707687E-002
   2.9062085886355131       -1.1869534061638192E-002
   2.9124854970342939        8.1087459067397845E-003
   2.9187624054330747        2.6661475703579487E-002
   2.9250393138318556        4.0530624120486865E-002
   2.9313162222306364        4.7287288089217915E-002
   2.9375931306294172        4.5754729976551653E-002
   2.9438700390281980        3.6210307356944409E-002
   2.9501469474269788        2.0332108794108933E-002
   2.9564238558257596        9.0112243256745708E-004
   2.9627007642245404       -1.8687769221456093E-002
   2.9689776726233212       -3.5019810021734342E-002
   2.9752545810221021       -4.5252888147013684E-002
   2.9815314894208829       -4.7590801535994438E-002
   2.9878083978196632       -4.1586153947688456E-002
   2.9940853062184440       -2.8254435059597082E-002
   3.0003622146172249       -9.9202709384299727E-003
   3.0066391230160057        1.0177220251823129E-002
   3.0129160314147865        2.8450215053180281E-002
   3.0191929398135673        4.1602919790193323E-002
   3.0254698482123481        4.7232272155493381E-002
   3.0317467566111289        4.4278568239648160E-002
   3.0380236650099097        3.3239362411642444E-002
   3.0443005734086905        1.6101489775793960E-002
   3.0505774818074713       -4.0034876172969636E-003
   3.0568543902062522       -2.3363180535164396E-002
   3.0631312986050330       -3.8367873900547592E-002
   3.0694082070038138       -4.6188234547571670E-002
   3.0756851154025946       -4.5319344740547100E-002
   3.0819620238013754       -3.5884623818846467E-002
   3.0882389322001562       -1.9635952516104480E-002
   3.0945158405989370        3.5745872074278116E-004
   3.1007927489977178        2.0279139805009901E-002
   3.1070696573964987        3.6290545330453637E-002
   3.1133465657952795        4.5274314340853057E-002
   3.1196234741940603        4.5451182992273839E-002
   3.1259003825928411        3.6746674907761824E-002
   3.1321772909916219        2.0829587095180790E-002
   3.1384541993904027        8.0682568983515845E-004
   3.1447311077891835       -1.9372530981446100E-002
   3.1510080161879643       -3.5693520154219831E-002
   3.1572849245867451       -4.4887306603533593E-002
   3.1635618329855260       -4.5100308775246650E-002
   3.1698387413843068       -3.6272536007158629E-002
   3.1761156497830876       -2.0159672080602247E-002
   3.1823925581818684        9.4091888565216070E-006
   3.1886694665806492        2.0175181755300097E-002
   3.1949463749794300        3.6262901258140835E-002
   3.2012232833782108        4.5007610854506754E-002
   3.2075001917769916        4.4621316953691662E-002
   3.2137771001757724        3.5165151977777503E-002
   3.2200540085745533        1.8547762139987111E-002
   3.2263309169733341       -1.8534087745704379E-003
   3.2326078253721149       -2.1874192100536750E-002
   3.2388847337708957       -3.7412298915963225E-002
   3.2451616421696765       -4.5269837038555770E-002
   3.2514385505684573       -4.3816332174425009E-002
   3.2577154589672381       -3.3333832115603472E-002
   3.2639923673660189       -1.5969721674197124E-002
   3.2702692757647998        4.6967890291013999E-003
   3.2765461841635806        2.4388357422991717E-002
   3.2828230925623614        3.9013861494306960E-002
   3.2891000009611422        4.5520791076758056E-002
   3.2953769093599230        4.2537613039527918E-002
   3.3016538177587038        3.0669867924187522E-002
   3.3079307261574846        1.2384709650825850E-002
   3.3142076345562654       -8.4958598041853638E-003
   3.3204845429550462       -2.7590233361850687E-002
   3.3267614513538271       -4.0876528420263757E-002
   3.3330383597526079       -4.5543943362418293E-002
   3.3393152681513887       -4.0592866125533478E-002
   3.3455921765501695       -2.7055151611801616E-002
   3.3518690849489503       -7.7855218935277441E-003
   3.3581459933477311        1.3135348396146902E-002
   3.3644229017465119        3.1262380598149675E-002
   3.3706998101452927        4.2730946378083286E-002
   3.3769767185440736        4.5084135424519521E-002
   3.3832536269428544        3.7804651446220326E-002
   3.3895305353416352        2.2435058285969672E-002
   3.3958074437404160        2.2571774779989911E-003
   3.4020843521391968       -1.8404103561221512E-002
   3.4083612605379776       -3.5105963187637437E-002
   3.4146381689367584       -4.4244209883608922E-002
   3.4209150773355392       -4.3835128751712381E-002
   3.4271919857343200       -3.3952107868621524E-002
   3.4334688941331009       -1.6719749309698165E-002
   3.4397458025318817        4.1369362403198438E-003
   3.4460227109306620        2.4093842120414575E-002
   3.4522996193294428        3.8808181608999237E-002
   3.4585765277282237        4.5065642060789557E-002
   3.4648534361270045        4.1487424176734719E-002
   3.4711303445257853        2.8840402818602121E-002
   3.4774072529245661        9.8796023484061229E-003
   3.4836841613233469       -1.1246679307436872E-002
   3.4899610697221277       -2.9901186511130225E-002
   3.4962379781209085       -4.1976284194208506E-002
   3.5025148865196893       -4.4798642957377448E-002
   3.5087917949184702       -3.7714559192854935E-002
   3.5150687033172510       -2.2262421108106799E-002
   3.5213456117160318       -1.8551119723384639E-003
   3.5276225201148126        1.8963966477576831E-002
   3.5338994285135934        3.5528033216078905E-002
   3.5401763369123742        4.4096158522987712E-002
   3.5464532453111550        4.2707508167787310E-002
   3.5527301537099358        3.1643940444978834E-002
   3.5590070621087166        1.3388676193406199E-002
   3.5652839705074975       -7.9179212938192967E-003
   3.5715608789062783       -2.7409503791060521E-002
   3.5778377873050591       -4.0604231589568378E-002
   3.5841146957038399       -4.4441607728035300E-002
   3.5903916041026207       -3.8004401434811819E-002
   3.5966685125014015       -2.2752813303226715E-002
   3.6029454209001823       -2.2081281899289746E-003
   3.6092223292989631        1.8849354205257893E-002
   3.6154992376977440        3.5488118790307235E-002
   3.6217761460965248        4.3783392634178096E-002
   3.6280530544953056        4.1752763733481676E-002
   3.6343299628940864        2.9844263986496884E-002
   3.6406068712928672        1.0853592631963086E-002
   3.6468837796916480       -1.0719057047546433E-002
   3.6531606880904288       -2.9727971447536486E-002
   3.6594375964892096       -4.1609287900947624E-002
   3.6657145048879904       -4.3484252553759699E-002
   3.6719914132867713       -3.4870083095329997E-002
   3.6782683216855521       -1.7822451698316505E-002
   3.6845452300843329        3.5419565539726626E-003
   3.6908221384831137        2.4045686948693339E-002
   3.6970990468818945        3.8706088873405757E-002
   3.7033759552806753        4.3948127242041453E-002
   3.7096528636794561        3.8481654567321680E-002
   3.7159297720782369        2.3625833210003659E-002
   3.7222066804770177        2.9978937711141744E-003
   3.7284835888757986       -1.8362366005292122E-002
   3.7347604972745794       -3.5221607416875647E-002
   3.7410374056733602       -4.3436473577987231E-002
   3.7473143140721410       -4.0976434065537803E-002
   3.7535912224709218       -2.8432413464198416E-002
   3.7598681308697026       -8.8821532763337808E-003
   3.7661450392684834        1.2858954722649231E-002
   3.7724219476672642        3.1420740596802839E-002
   3.7786988560660451        4.2205060003305019E-002
   3.7849757644648259        4.2528673272734414E-002
   3.7912526728636067        3.2297201295053569E-002
   3.7975295812623875        1.4039360167536007E-002
   3.8038064896611683       -7.7115258370895291E-003
   3.8100833980599491       -2.7539109595722880E-002
   3.8163603064587299       -4.0492241343337829E-002
   3.8226372148575107       -4.3324388693631546E-002
   3.8289141232562915       -3.5313247495953479E-002
   3.8351910316550724       -1.8452195224660208E-002
   3.8414679400538532        3.0388381864065984E-003
   3.8477448484526340        2.3764854539157824E-002
   3.8540217568514148        3.8509447474320141E-002
   3.8602986652501956        4.3551291628926181E-002
   3.8665755736489764        3.7608062046040870E-002
   3.8728524820477572        2.2168481129337936E-002
   3.8791293904465380        1.1253730580761631E-003
   3.8854062988453189       -2.0201483635670654E-002
   3.8916832072440997       -3.6408508825483556E-002
   3.8979601156428805       -4.3378829613250736E-002
   3.9042370240416608       -3.9332186535599598E-002
   3.9105139324404417       -2.5285465965950382E-002
   3.9167908408392225       -4.8032734570617377E-003
   3.9230677492380033        1.6901888857432976E-002
   3.9293446576367841        3.4293937575466393E-002
   3.9356215660355649        4.2926126223046653E-002
   3.9418984744343457        4.0581757006022956E-002
   3.9481753828331265        2.7849108805147321E-002
   3.9544522912319073        7.9800546429681270E-003
   3.9607291996306881       -1.3935385172133035E-002
   3.9670061080294690       -3.2270338996800423E-002
   3.9732830164282498       -4.2306253276090992E-002
   3.9795599248270306       -4.1450655741978551E-002
   3.9858368332258114       -2.9912384128058068E-002
   3.9921137416245922       -1.0656997379830186E-002
   3.9983906500233730        1.1350095972346238E-002
   4.0046675584221543        3.0421061961237766E-002
   4.0109444668209351        4.1615719281108583E-002
   4.0172213752197159        4.2024432312583092E-002
   4.0234982836184967        3.1529480731803013E-002
   4.0297751920172775        1.2843876487109343E-002
   4.0360521004160583       -9.1821268476568879E-003
   4.0423290088148391       -2.8814188059457679E-002
   4.0486059172136200       -4.0926269091991589E-002
   4.0548828256124008       -4.2342848495650169E-002
   4.0611597340111816       -3.2678385810476350E-002
   4.0674366424099624       -1.4450361725530171E-002
   4.0737135508087432        7.5690114763721367E-003
   4.0799904592075240        2.7597494693815776E-002
   4.0862673676063048        4.0360541253617252E-002
   4.0925442760050856        4.2483882353578070E-002
   4.0988211844038664        3.3392396842779962E-002
   4.1050980928026473        1.5474085952038657E-002
   4.1113750012014281       -6.5395414147440987E-003
   4.1176519096002089       -2.6817957257697821E-002
   4.1239288179989897       -3.9975001026510672E-002
   4.1302057263977705       -4.2502858664480836E-002
   4.1364826347965504       -3.3714023227154624E-002
   4.1427595431953312       -1.5936512845624060E-002
   4.1490364515941121        6.0950432168017012E-003
   4.1553133599928929        2.6495349473576544E-002
   4.1615902683916737        3.9799574377868248E-002
   4.1678671767904545        4.2430608595576326E-002
   4.1741440851892353        3.3667541281244370E-002
   4.1804209935880161        1.5851542185770878E-002
   4.1866979019867969       -6.2319434132669530E-003
   4.1929748103855777       -2.6633263439315519E-002
   4.1992517187843585       -3.9842087196713227E-002
   4.2055286271831394       -4.2287989358702031E-002
   4.2118055355819202       -3.3309773078260503E-002
   4.2180824439807010       -1.5332719730652989E-002
   4.2243593523794818        6.7866379093624004E-003
   4.2306362607782626        2.7072436026152426E-002
   4.2369131691770434        4.0043918378255695E-002
   4.2431900775758242        4.2196279860325016E-002
   4.2494669859746050        3.2947741930460323E-002
   4.2557438943733858        1.4796952333359020E-002
   4.2620208027721667       -7.3519485163251810E-003
   4.2682977111709475       -2.7514285461266028E-002
   4.2745746195697283       -4.0241912080128991E-002
   4.2808515279685091       -4.2095430022704362E-002
   4.2871284363672899       -3.2573737844147264E-002
   4.2934053447660707       -1.4249638661337421E-002
   4.2996822531648515        7.9252149418400451E-003
   4.3059591615636323        2.7958311781356108E-002
   4.3122360699624132        4.0435679746811642E-002
   4.3185129783611940        4.1985081149462311E-002
   4.3247898867599748        3.2187534337231823E-002
   4.3310667951587556        1.3690751832590994E-002
   4.3373437035575364       -8.5062612906348783E-003
   4.3436206119563172       -2.8404178197214348E-002
   4.3498975203550980       -4.0624818567102365E-002
   4.3561744287538788       -4.1864870277002468E-002
   4.3624513371526596       -3.1788910427601638E-002
   4.3687282455514405       -1.3120271391575749E-002
   4.3750051539502213        9.0948984900268825E-003
   4.3812820623490021        2.8851538231488727E-002
   4.3875589707477829        4.0808916503871084E-002
   4.3938358791465637        4.1734433084749875E-002
   4.4001127875453445        3.1377647934293401E-002
   4.4063896959441253        1.2538186628887405E-002
   4.4126666043429061       -9.6909263785528860E-003
   4.4189435127416870       -2.9300033511393920E-002
   4.4252204211404678       -4.0987554139624328E-002
   4.4314973295392486       -4.1593402792475566E-002
   4.4377742379380294       -3.0953533125496500E-002
   4.4440511463368102       -1.1944496122882538E-002
   4.4503280547355910        1.0294132644394431E-002
   4.4566049631343718        2.9749294129144965E-002
   4.4628818715331526        4.1160304531251808E-002
   4.4691587799319334        4.1441410570261995E-002
   4.4754356883307143        3.0516357379689874E-002
   4.4817125967294951        1.1339207800636922E-002
   4.4879895051282759       -1.0904291778307344E-002
   4.4942664135270567       -3.0198939534620290E-002
   4.5005433219258375       -4.1326731975068878E-002
   4.5068202303246183       -4.1278087748379523E-002
   4.5130971387233991       -3.0065915269137284E-002
   4.5193740471221799       -1.0722342622737554E-002
   4.5256509555209607        1.1521169014535447E-002
   4.5319278639197416        3.0648572635101585E-002
   4.5382047723185224        4.1486398426453477E-002
   4.5444816807173032        4.1103139562993954E-002
   4.5507585891160840        2.9603922451888077E-002
   4.5570354975148648        1.0102935802461563E-002
   4.5633124059136456       -1.2127464887112733E-002
   4.5695893143124264       -3.1085071902870173E-002
   4.5758662227112072       -4.1658136464222763E-002
   4.5821431311099881       -4.1001724829466561E-002
   4.5884200395087689       -2.9299689723597384E-002
   4.5946969479075497       -9.7093324060160864E-003
   4.6009738563063305        1.2493834449988882E-002
   4.6072507647051113        3.1338583148805908E-002
   4.6135276731038921        4.1763727104748516E-002
   4.6198045815026729        4.0975323374899356E-002
   4.6260814899014537        2.9191973329780588E-002
   4.6323583983002345        9.5803335421825626E-003
   4.6386353066990154       -1.2599222517531768E-002
   4.6449122150977962       -3.1405422698214065E-002
   4.6511891234965770       -4.1807452505321620E-002
   4.6574660318953578       -4.1028650640812278E-002
   4.6637429402941386       -2.9284224258638629E-002
   4.6700198486929194       -9.7179135476373572E-003
   4.6762967570917002        1.2442844037625814E-002
   4.6825736654904810        3.1285357989276674E-002
   4.6888505738892619        4.1789105558183944E-002
   4.6951274822880427        4.1161381090135687E-002
   4.7014043906868235        2.9576337538321142E-002
   4.7076812990856043        1.0122859103728765E-002
   4.7139582074843851       -1.2022380347638771E-002
   4.7202351158831659       -3.0974557391840300E-002
   4.7265120242819467       -4.1708375225820847E-002
   4.7327889326807275       -4.1394253907485967E-002
   4.7390658410795083       -3.0134518098756825E-002
   4.7453427494782892       -1.0920088057176269E-002
   4.7516196578770700        1.1172962953689608E-002
   4.7578965662758508        3.0329708964869688E-002
   4.7641734746746316        4.1526805866894716E-002
   4.7704503830734124        4.1844494651320598E-002
   4.7767272914721932        3.1218817001172579E-002
   4.7830041998709740        1.2442804358342151E-002
   4.7892811082697548       -9.5769030130484021E-003
   4.7955580166685357       -2.9107778537641914E-002
   4.8018349250673165       -4.1084173342460027E-002
   4.8081118334660973       -4.2416314280854232E-002
   4.8143887418648781       -3.2778623468662046E-002
   4.8206656502636589       -1.4678558038813204E-002
   4.8269425586624397        7.2051178649567673E-003
   4.8332194670612205        2.7237692871916373E-002
   4.8394963754600013        4.0280293028861713E-002
   4.8457732838587821        4.3003872254929743E-002
   4.8520501922575630        3.4730536915735868E-002
   4.8583271006563438        1.7591841024791860E-002
   4.8646040090551246       -4.0299753663331443E-003
   4.8708809174539054       -2.4628924810839222E-002
   4.8771578258526862       -3.8979081221569928E-002
   4.8834347342514670       -4.3456822547602171E-002
   4.8897116426502478       -3.6948152535960822E-002
   4.8959885510490286       -2.1115160612441428E-002
   4.9022654594478094        3.9523977683089646E-005
   4.9085423678465903        2.1185150114802945E-002
   4.9148192762453711        3.7003612937321635E-002
   4.9210961846441519        4.3525297401732270E-002
   4.9273730930429327        3.9121717650322747E-002
   4.9336500014417135        2.4907251196974053E-002
   4.9399269098404943        4.4521226061104641E-003
   4.9462038182392751       -1.7118200895677713E-002
   4.9524807266380559       -3.4409093850616267E-002
   4.9587576350368368       -4.3105168904381472E-002
   4.9650345434356176       -4.1044179253754608E-002
   4.9713114518343984       -2.8749951430480626E-002
   4.9775883602331792       -9.2942143591261076E-003
   4.9838652686319600        1.2475090905340035E-002
   4.9901421770307408        3.1144101998607853E-002
   4.9964190854295216        4.2079238501753727E-002
   5.0026959938283024        4.2574608674884794E-002
   5.0089729022270832        3.2517177814101253E-002
   5.0152498106258641        1.4407272069679495E-002
   5.0215267190246449       -7.2675071171341863E-003
   5.0278036274234257       -2.7147129088181683E-002
   5.0340805358222065       -4.0325049398457179E-002
   5.0403574442209873       -4.3557170299753999E-002
   5.0466343526197681       -3.6056392104813220E-002
   5.0529112610185480       -1.9679301843747530E-002
   5.0591881694173289        1.5382083445056388E-003
   5.0654650778161097        2.2378602712069026E-002
   5.0717419862148905        3.7728400938604564E-002
   5.0780188946136713        4.3841246549001671E-002
   5.0842958030124521        3.9248459630728844E-002
   5.0905727114112329        2.5096885299873709E-002
   5.0968496198100137        4.8486880082947732E-003
   5.1031265282087945       -1.6576184366514920E-002
   5.1094034366075753       -3.4000383803401764E-002
   5.1156803450063562       -4.3238379279554207E-002
   5.1219572534051370       -4.2093636329367100E-002
   5.1282341618039178       -3.0868281329058559E-002
   5.1345110702026986       -1.2270197051575584E-002
   5.1407879786014794        9.2519518016260169E-003
   5.1470648870002602        2.8579799748001410E-002
   5.1533417953990410        4.1143029938214636E-002
   5.1596187037978218        4.3994026185114020E-002
   5.1658956121966026        3.6488277630226509E-002
   5.1721725205953835        2.0416235660646195E-002
   5.1784494289941643       -4.3649441380345591E-004
   5.1847263373929451       -2.1189839842643353E-002
   5.1910032457917259       -3.7014488562260167E-002
   5.1972801541905067       -4.4252292794410647E-002
   5.2035570625892875       -4.1252736521367635E-002
   5.2098339709880683       -2.8736511239183551E-002
   5.2161108793868491       -9.6092100589276613E-003
   5.2223877877856300        1.1724033393188898E-002
   5.2286646961844108        3.0379115610703163E-002
   5.2349416045831916        4.2110719774061452E-002
   5.2412185129819724        4.4272168228218077E-002
   5.2474954213807532        3.6400158651987272E-002
   5.2537723297795340        2.0296469151436645E-002
   5.2600492381783148       -3.8848560436699936E-004
   5.2663261465770956       -2.0987689827916992E-002
   5.2726030549758764       -3.6872879972187592E-002
   5.2788799633746573       -4.4492023586471280E-002
   5.2851568717734381       -4.2157425754127252E-002
   5.2914337801722189       -3.0410753601501972E-002
   5.2977106885709997       -1.1888290880222821E-002
   5.3039875969697805        9.2784737544806661E-003
   5.3102645053685613        2.8388878114847606E-002
   5.3165414137673421        4.1217301638176232E-002
   5.3228183221661229        4.4943512807870720E-002
   5.3290952305649038        3.8765302899053659E-002
   5.3353721389636846        2.4061972203213454E-002
   5.3416490473624654        4.0776377983517964E-003
   5.3479259557612462       -1.6801156547724939E-002
   5.3542028641600270       -3.4011235776652431E-002
   5.3604797725588078       -4.3808786176812824E-002
   5.3667566809575886       -4.4078446738870722E-002
   5.3730335893563694       -3.4781892838699105E-002
   5.3793104977551502       -1.7952596990885961E-002
   5.3855874061539311        2.7571095918853157E-003
   5.3918643145527119        2.2874158367832242E-002
   5.3981412229514927        3.8072436492572255E-002
   5.4044181313502735        4.5100495199644458E-002
   5.4106950397490543        4.2470827703904042E-002
   5.4169719481478351        3.0766076550049988E-002
   5.4232488565466159        1.2499987596217501E-002
   5.4295257649453967       -8.4290048345138924E-003
   5.4358026733441775       -2.7565801248305575E-002
   5.4420795817429584       -4.0846006161701663E-002
   5.4483564901417392       -4.5457495395893742E-002
   5.4546333985405200       -4.0432243243351082E-002
   5.4609103069393008       -2.6845080160936410E-002
   5.4671872153380816       -7.5793379549161394E-003
   5.4734641237368624        1.3288478026452404E-002
   5.4797410321356432        3.1353049037965090E-002
   5.4860179405344240        4.2809926336349023E-002
   5.4922948489332049        4.5254466881620423E-002
   5.4985717573319857        3.8182700335572160E-002
   5.5048486657307665        2.3090659107553521E-002
   5.5111255741295473        3.1536100232084042E-003
   5.5174024825283281       -1.7445140972173898E-002
   5.5236793909271089       -3.4393366686665892E-002
   5.5299562993258897       -4.4151924177028817E-002
   5.5362332077246705       -4.4691152100635199E-002
   5.5425101161234513       -3.5908989031941070E-002
   5.5487870245222322       -1.9645554589300424E-002
   5.5550639329210130        7.0651529019114098E-004
   5.5613408413197938        2.0912614723795655E-002
   5.5676177497185746        3.6778224503311807E-002
   5.5738946581173554        4.5018532341608311E-002
   5.5801715665161362        4.3935607047228285E-002
   5.5864484749149170        3.3764059835348845E-002
   5.5927253833136978        1.6616020255615552E-002
   5.5990022917124787       -3.9609001814315276E-003
   5.6052792001112595       -2.3724174382418646E-002
   5.6115561085100403       -3.8616395785164466E-002
   5.6178330169088211       -4.5596212382429210E-002
   5.6241099253076019       -4.3253509902690092E-002
   5.6303868337063827       -3.2086374294232771E-002
   5.6366637421051635       -1.4387031083358376E-002
   5.6429406505039443        6.2356765074144610E-003
   5.6492175589027251        2.5596456002102877E-002
   5.6554944673015060        3.9783716139900352E-002
   5.6617713757002868        4.5946908870759293E-002
   5.6680482840990676        4.2863207142088647E-002
   5.6743251924978484        3.1172153586879716E-002
   5.6806021008966292        1.3234959284089975E-002
   5.6868790092954100       -7.3491696273631059E-003
   5.6931559176941908       -2.6469315165547104E-002
   5.6994328260929716       -4.0324393967402186E-002
   5.7057097344917524       -4.6175734496267461E-002
   5.7119866428905333       -4.2882313886369719E-002
   5.7182635512893141       -3.1115342228552858E-002
   5.7245404596880949       -1.3213493284079263E-002
   5.7308173680868757        7.2885717750821380E-003
   5.7370942764856565        2.6362136800599876E-002
   5.7433711848844373        4.0276601211241908E-002
   5.7496480932832181        4.6326169185591744E-002
   5.7559250016819989        4.3349957858522831E-002
   5.7622019100807798        3.1947104157148923E-002
   5.7684788184795606        1.4347664810630330E-002
   5.7747557268783414       -6.0311350961746498E-003
   5.7810326352771222       -2.5242460544307385E-002
   5.7873095436759030       -3.9568425376007792E-002
   5.7935864520746838       -4.6238699705462197E-002
   5.7998633604734646       -4.3965472280259696E-002
   5.8061402688722454       -3.3191064537263289E-002
   5.8124171772710262       -1.6000776068341580E-002
   5.8186940856698071        4.2816227362104256E-003
   5.8249709940685879        2.3737143202871042E-002
   5.8312479024673687        3.8608945026197689E-002
   5.8375248108661495        4.6027446723113583E-002
   5.8438017192649303        4.4563276270509385E-002
   5.8500786276637111        3.4501665771382271E-002
   5.8563555360624919        1.7785808565016013E-002
   5.8626324444612727       -2.3593749090556758E-003
   5.8689093528600536       -2.2050028609367812E-002
   5.8751862612588344       -3.7492332052157115E-002
   5.8814631696576152       -4.5713160966109161E-002
   5.8877400780563960       -4.5131806231195316E-002
   5.8940169864551768       -3.5862906216371483E-002
   5.9002938948539576       -1.9692789987228142E-002
   5.9065708032527384        2.6578186482680976E-004
   5.9128477116515192        2.0173449320092910E-002
   5.9191246200503000        3.6203106532431722E-002
   5.9254015284490809        4.5275300755181172E-002
   5.9316784368478617        4.5649313917339708E-002
   5.9379553452466425        3.7255845507181667E-002
   5.9442322536454233        2.1710253336738049E-002
   5.9505091620442041        2.0045282267568570E-003
   5.9567860704429849       -1.8086014356194346E-002
   5.9630629788417657       -3.4735209778937390E-002
   5.9693398872405457       -4.4793170806713641E-002
   5.9756167956393265       -4.6376424425455934E-002
   5.9818937040381073       -3.9211681510427608E-002
   5.9881706124368881       -2.4672540071044944E-002
   5.9944475208356689       -5.5067536656882264E-003
   6.0007244292344497        1.4690069093530217E-002
   6.0070013376332305        3.2152344990927131E-002
   6.0132782460320113        4.3645599964419100E-002
   6.0195551544307921        4.7060466860878732E-002
   6.0258320628295730        4.1791563896888366E-002
   6.0321089712283538        2.8834777291242335E-002
   6.0383858796271346        1.0589572231637650E-002
   6.0446627880259154       -9.5929789902436721E-003
   6.0509396964246962       -2.8029881836483004E-002
   6.0572166048234770       -4.1378478109405488E-002
   6.0634935132222578       -4.7238410100399406E-002
   6.0697704216210386       -4.4575931938502719E-002
   6.0760473300198194       -3.3896674292174203E-002
   6.0823242384186003       -1.7140299792624394E-002
   6.0886011468173811        2.6801984388954364E-003
   6.0948780552161619        2.2025378666277913E-002
   6.1011549636149427        3.7463312085877686E-002
   6.1074318720137235        4.6275206149549386E-002
   6.1137087804125043        4.6929412276035747E-002
   6.1199856888112851        3.9332489618988692E-002
   6.1262625972100659        2.4808891091130263E-002
   6.1325395056088468        5.9045345149173808E-003
   6.1388164140076276       -1.4043919382317381E-002
   6.1450933224064084       -3.1496248693583972E-002
   6.1513702308051892       -4.3337082068077987E-002
   6.1576471392039700       -4.7436403444253171E-002
   6.1639240476027508       -4.3039084919433833E-002
   6.1702009560015316       -3.0912111397894172E-002
   6.1764778644003124       -1.3218839901265298E-002
   6.1827547727990932        6.8601986572657484E-003
   6.1890316811978741        2.5695159675016808E-002
   6.1953085895966549        3.9862452928752810E-002
   6.2015854979954357        4.6770034876901026E-002
   6.2078624063942165        4.5137510336081939E-002
   6.2141393147929973        3.5241292601023252E-002
   6.2204162231917781        1.8876406992812109E-002
   6.2266931315905589       -9.6171948876894945E-004
   6.2329700399893397       -2.0620629332040803E-002
   6.2392469483881206       -3.6461643037164163E-002
   6.2455238567869014       -4.5535357786425486E-002
   6.2518007651856822       -4.6136012155241310E-002
   6.2580776735844630       -3.8129697269921173E-002
   6.2643545819832438       -2.2991854935621305E-002
   6.2706314903820246       -3.5432601024628432E-003
   6.2769083987808054        1.6569946412129308E-002
   6.2831853071795862        3.3557314081991738E-002
