   6.2769083987808056E-003   2.7551354334679600E-002
   1.2553816797561611E-002   1.5112753741853280E-002
   1.8830725196342418E-002   1.4759555860855839E-003
   2.5107633595123222E-002  -1.2277508738962897E-002
   3.1384541993904030E-002  -2.5041095230915283E-002
   3.7661450392684835E-002  -3.5772847586759415E-002
   4.3938358791465640E-002  -4.3582158219174015E-002
   5.0215267190246445E-002  -4.7806523294284635E-002
   5.6492175589027249E-002  -4.8071409035697760E-002
   6.2769083987808061E-002  -4.4327648739156220E-002
   6.9045992386588859E-002  -3.6862353509575292E-002
   7.5322900785369670E-002  -2.6281524993431359E-002
   8.1599809184150468E-002  -1.3464850268986136E-002
   8.7876717582931280E-002   5.0432835515762202E-004
   9.4153625981712077E-002   1.4428639449449115E-002
  0.10043053438049289        2.7098678410396874E-002
  0.10670744277927370        3.7398806617619372E-002
  0.11298435117805450        4.4407457687501907E-002
  0.11926125957683531        4.7482817779447774E-002
  0.12553816797561612        4.6325669723907732E-002
  0.13181507637439691        4.1012977909062817E-002
  0.13809198477317772        3.1998187663691960E-002
  0.14436889317195853        2.0077147548870654E-002
  0.15064580157073934        6.3216836905496043E-003
  0.15692270996952015       -8.0140339140078592E-003
  0.16319961836830094       -2.1606458415212606E-002
  0.16947652676708175       -3.3184962259299372E-002
  0.17575343516586256       -4.1652199583273701E-002
  0.18203034356464337       -4.6190977729943787E-002
  0.18830725196342415       -4.6346481479089978E-002
  0.19458416036220497       -4.2075949966276026E-002
  0.20086106876098578       -3.3761692470092822E-002
  0.20713797715976659       -2.2182438446988379E-002
  0.21341488555854740       -8.4449378427512295E-003
  0.21969179395732819        6.1184431887385876E-003
  0.22596870235610900        2.0077110652191494E-002
  0.23224561075488981        3.2042640068929637E-002
  0.23852251915367062        4.0808485246174676E-002
  0.24479942755245140        4.5474827512129508E-002
  0.25107633595123224        4.5545393373163809E-002
  0.25735324435001306        4.0985452182364462E-002
  0.26363015274879381        3.2233821081011770E-002
  0.26990706114757462        2.0166224816107411E-002
  0.27618396954635543        6.0123471187417893E-003
  0.28246087794513625       -8.7661276016317742E-003
  0.28873778634391706       -2.2624795789766380E-002
  0.29501469474269787       -3.4098118549431684E-002
  0.30129160314147868       -4.1956438375007551E-002
  0.30756851154025949       -4.5341444354243213E-002
  0.31384541993904030       -4.3864840339860121E-002
  0.32012232833782106       -3.7658432056439851E-002
  0.32639923673660187       -2.7368763493358851E-002
  0.33267614513538268       -1.4095284728838810E-002
  0.33895305353416350        7.2273444520951329E-004
  0.34522996193294431        1.5459484405593115E-002
  0.35150687033172512        2.8480065359647710E-002
  0.35778377873050593        3.8323294947744828E-002
  0.36406068712928674        4.3871218169781651E-002
  0.37033759552806755        4.4481773044910834E-002
  0.37661450392684831        4.0065956350920820E-002
  0.38289141232562912        3.1104474060190256E-002
  0.38916832072440993        1.8600006399837266E-002
  0.39544522912319074        3.9687931049161755E-003
  0.40172213752197156       -1.1117109749227290E-002
  0.40799904592075237       -2.4919718767237722E-002
  0.41427595431953318       -3.5835734805738637E-002
  0.42055286271831399       -4.2584723536105790E-002
  0.42682977111709480       -4.4362576345441350E-002
  0.43310667951587556       -4.0941525190541721E-002
  0.43938358791465637       -3.2703835673404194E-002
  0.44566049631343718       -2.0603864469577193E-002
  0.45193740471221799       -6.0615661566780889E-003
  0.45821431311099881        9.2011986246899723E-003
  0.46449122150977962        2.3363066643604789E-002
  0.47076812990856043        3.4720704183225037E-002
  0.47704503830734124        4.1895492926801316E-002
  0.48332194670612205        4.4004109770767116E-002
  0.48959885510490281        4.0771537006881582E-002
  0.49587576350368362        3.2571594330158861E-002
  0.50215267190246449        2.0388615130555631E-002
  0.50842958030124530        5.7034853384510227E-003
  0.51470648870002611       -9.6833476132982786E-003
  0.52098339709880681       -2.3871112189693226E-002
  0.52726030549758762       -3.5093791545419403E-002
  0.53353721389636843       -4.1941669163093477E-002
  0.53981412229514925       -4.3540607080615058E-002
  0.54609103069393006       -3.9668430997242765E-002
  0.55236793909271087       -3.0791573013319386E-002
  0.55864484749149168       -1.8014497139395100E-002
  0.56492175589027249       -2.9469361290523437E-003
  0.57119866428905330        1.2495691064873159E-002
  0.57747557268783412        2.6334389048526759E-002
  0.58375248108661493        3.6780841100532077E-002
  0.59002938948539574        4.2471096010757589E-002
  0.59630629788417655        4.2647862895465682E-002
  0.60258320628295736        3.7266556178105037E-002
  0.60886011468173817        2.7009649688233606E-002
  0.61513702308051899        1.3205612004061869E-002
  0.62141393147929980       -2.3387632989399524E-003
  0.62769083987808061       -1.7572100046921425E-002
  0.63396774827686131       -3.0468421372101283E-002
  0.64024465667564212       -3.9297973237328421E-002
  0.64652156507442293       -4.2862547980059285E-002
  0.65279847347320374       -4.0662891987348945E-002
  0.65907538187198456       -3.2974232626349187E-002
  0.66535229027076537       -2.0817876217295465E-002
  0.67162919866954618       -5.8307542385575535E-003
  0.67790610706832699        9.9512102640810351E-003
  0.68418301546710780        2.4367786752884955E-002
  0.69045992386588861        3.5430442136203874E-002
  0.69673683226466943        4.1599050910294158E-002
  0.70301374066345024        4.2000613356849507E-002
  0.70929064906223105        3.6558049938348880E-002
  0.71556755746101186        2.6009032646203242E-002
  0.72184446585979267        1.1813115643797842E-002
  0.72812137425857348       -4.0449050648132421E-003
  0.73439828265735430       -1.9329540636776683E-002
  0.74067519105613511       -3.1869121535564489E-002
  0.74695209945491581       -3.9866226495801557E-002
  0.75322900785369662       -4.2159390126079659E-002
  0.75950591625247743       -3.8397490694427758E-002
  0.76578282465125824       -2.9099878909154206E-002
  0.77205973305003905       -1.5591302167500577E-002
  0.77833664144881987        1.8135853140678238E-004
  0.78461354984760068        1.5926042400850767E-002
  0.79089045824638149        2.9337341992279824E-002
  0.79716736664516230        3.8435397412006939E-002
  0.80344427504394311        4.1861891986897180E-002
  0.80972118344272392        3.9088401150619352E-002
  0.81599809184150474        3.0504392371877454E-002
  0.82227500024028555        1.7369431872371773E-002
  0.82855190863906636        1.6342014009289114E-003
  0.83482881703784717       -1.4345188086232764E-002
  0.84110572543662798       -2.8158401805350196E-002
  0.84738263383540879       -3.7705535594774402E-002
  0.85365954223418961       -4.1519944096590565E-002
  0.85993645063297042       -3.8999106992236028E-002
  0.86621335903175112       -3.0506444114473789E-002
  0.87249026743053193       -1.7325970274732243E-002
  0.87876717582931274       -1.4742457168077149E-003
  0.88504408422809355        1.4604614788309954E-002
  0.89132099262687436        2.8419242042558815E-002
  0.89759790102565518        3.7822399782843179E-002
  0.90387480942443599        4.1346755422600093E-002
  0.91015171782321680        3.8435963583453588E-002
  0.91642862622199761        2.9535113277158697E-002
  0.92270553462077842        1.6025322951995984E-002
  0.92898244301955923        1.1701759234557263E-005
  0.93525935141834005       -1.6003162042194503E-002
  0.94153625981712086       -2.9509767101292765E-002
  0.94781316821590167       -3.8385470034768804E-002
  0.95409007661468248       -4.1229585693173830E-002
  0.96036698501346329       -3.7586694993120055E-002
  0.96664389341224410       -2.8022204623847760E-002
  0.97292080181102492       -1.4037249556930653E-002
  0.97919771020980562        2.1647085520746200E-003
  0.98547461860858643        1.8023643026093574E-002
  0.99175152700736724        3.1027070995460371E-002
  0.99802843540614805        3.9108774740847639E-002
   1.0043053438049290        4.0978775781801945E-002
   1.0105822522037098        3.6331591879025835E-002
   1.0168591606024906        2.5898815747688975E-002
   1.0231360690012714        1.1336561938731369E-002
   1.0294129774000522       -5.0353065046740203E-003
   1.0356898857988328       -2.0601498494664295E-002
   1.0419667941976136       -3.2868841265601252E-002
   1.0482437025963944       -3.9866483981671925E-002
   1.0545206109951752       -4.0464536948311099E-002
   1.0607975193939561       -3.4561360796292032E-002
   1.0670744277927369       -2.3104678853103577E-002
   1.0733513361915177       -7.9353943275849541E-003
   1.0796282445902985        8.5090391995456018E-003
   1.0859051529890793        2.3586094578634132E-002
   1.0921820613878601        3.4872881756830031E-002
   1.0984589697866409        4.0555487277310669E-002
   1.1047358781854217        3.9720552265000465E-002
   1.1110127865842025        3.2502104499779950E-002
   1.1172896949829834        2.0060106381970276E-002
   1.1235666033817642        4.3940904207449127E-003
   1.1298435117805450       -1.1978141791311099E-002
   1.1361204201793258       -2.6425165486528568E-002
   1.1423973285781066       -3.6624867399852858E-002
   1.1486742369768874       -4.0937714325504547E-002
   1.1549511453756682       -3.8670332042518150E-002
   1.1612280537744490       -3.0187030238819506E-002
   1.1675049621732299       -1.6851313492404520E-002
   1.1737818705720107       -8.0677332341555778E-004
   1.1800587789707915        1.5367447623190420E-002
   1.1863356873695723        2.9071236525457653E-002
   1.1926125957683531        3.8101507176954146E-002
   1.1988895041671339        4.1006403615533635E-002
   1.2051664125659147        3.7318768685928365E-002
   1.2114433209646955        2.7631317130131922E-002
   1.2177202293634763        1.3501419806778008E-002
   1.2239971377622572       -2.7992241014617248E-003
   1.2302740461610380       -1.8649808364705398E-002
   1.2365509545598188       -3.1502116110856848E-002
   1.2428278629585996       -3.9290751367390228E-002
   1.2491047713573804       -4.0764881085550125E-002
   1.2553816797561612       -3.5688757366660523E-002
   1.2616585881549420       -2.4879048723339795E-002
   1.2679354965537226       -1.0073084831388301E-002
   1.2742124049525034        6.3506482251526695E-003
   1.2804893133512842        2.1754765118261847E-002
   1.2867662217500651        3.3666517446842827E-002
   1.2930431301488459        4.0174602052449583E-002
   1.2993200385476267        4.0235575466406485E-002
   1.3055969469464075        3.3840803636090662E-002
   1.3118738553451883        2.2017280706405851E-002
   1.3181507637439691        6.6623485347878861E-003
   1.3244276721427499       -9.7610398742005288E-003
   1.3307045805415307       -2.4619513033252650E-002
   1.3369814889403115       -3.5531512764850511E-002
   1.3432583973390924       -4.0748850005666623E-002
   1.3495353057378732       -3.9436501103149564E-002
   1.3558122141366540       -3.1805884538750467E-002
   1.3620891225354348       -1.9080434096099289E-002
   1.3683660309342156       -3.2990954827125138E-003
   1.3746429393329964        1.3010588682010415E-002
   1.3809198477317772        2.7237419438900370E-002
   1.3871967561305580        3.7104515470124645E-002
   1.3934736645293389        4.1033582415471927E-002
   1.3997505729281197        3.8396925745331295E-002
   1.4060274813269005        2.9618049791509352E-002
   1.4123043897256813        1.6105931548867969E-002
   1.4185812981244621        2.3464656568057712E-005
   1.4248582065232429       -1.6063438298459447E-002
   1.4311351149220237       -2.9596086514463771E-002
   1.4374120233208045       -3.8429354921717743E-002
   1.4436889317195853       -4.1169888138898506E-002
   1.4499658401183662       -3.7393195886800977E-002
   1.4562427485171470       -2.7706206996734043E-002
   1.4625196569159278       -1.3646658776993986E-002
   1.4687965653147086        2.5635790439595295E-003
   1.4750734737134894        1.8371257464242577E-002
   1.4813503821122702        3.1294349152550228E-002
   1.4876272905110510        3.9310936642790083E-002
   1.4939041989098316        4.1173610159653956E-002
   1.5001811073086124        3.6600791760496909E-002
   1.5064580157073932        2.6316104017701417E-002
   1.5127349241061741        1.1930839810519529E-002
   1.5190118325049549       -4.3109244497397730E-003
   1.5252887409037357       -1.9883892604495235E-002
   1.5315656493025165       -3.2374481920523474E-002
   1.5378425577012973       -3.9853958057955240E-002
   1.5441194661000781       -4.1174230797807555E-002
   1.5503963744988589       -3.6141284204805786E-002
   1.5566732828976397       -2.5540478438255680E-002
   1.5629501912964205       -1.1011042305174521E-002
   1.5692270996952014        5.2097912111328630E-003
   1.5755040080939822        2.0632642456918922E-002
   1.5817809164927630        3.2898461708391294E-002
   1.5880578248915438        4.0139587408745930E-002
   1.5943347332903246        4.1261919283366755E-002
   1.6006116416891054        3.6106661885915485E-002
   1.6068885500878862        2.5468861584594535E-002
   1.6131654584866670        1.0971217077407471E-002
   1.6194423668854478       -5.1862983041289588E-003
   1.6257192752842287       -2.0561965821264957E-002
   1.6319961836830095       -3.2841583480891418E-002
   1.6382730920817903       -4.0185591455624982E-002
   1.6445500004805711       -4.1502188241400319E-002
   1.6508269088793519       -3.6606271095790510E-002
   1.6571038172781327       -2.6241603064822833E-002
   1.6633807256769135       -1.1964272346947649E-002
   1.6696576340756943        4.0937904450653205E-003
   1.6759345424744752        1.9544905015043790E-002
   1.6822114508732560        3.2101022438811140E-002
   1.6884883592720368        3.9911481606535765E-002
   1.6947652676708176        4.1833429761241547E-002
   1.7010421760695984        3.7595787520218638E-002
   1.7073190844683792        2.7833704631245005E-002
   1.7135959928671600        1.3989830623723915E-002
   1.7198729012659408       -1.9018333201097695E-003
   1.7261498096647214       -1.7516630087753580E-002
   1.7324267180635022       -3.0579879520775958E-002
   1.7387036264622830       -3.9197325480988345E-002
   1.7449805348610639       -4.2127752319605166E-002
   1.7512574432598447       -3.8958514006772270E-002
   1.7575343516586255       -3.0161179370081087E-002
   1.7638112600574063       -1.7020429941381528E-002
   1.7700881684561871       -1.4364799294103790E-003
   1.7763650768549679        1.4354215209360291E-002
   1.7826419852537487        2.8101007678001153E-002
   1.7889188936525295        3.7859035393952890E-002
   1.7951958020513104        4.2261306895461710E-002
   1.8014727104500912        4.0705561655008604E-002
   1.8077496188488720        3.3430912953085618E-002
   1.8140265272476528        2.1475559365260820E-002
   1.8203034356464336        6.5234619230709898E-003
   1.8265803440452144       -9.3366513613773929E-003
   1.8328572524439952       -2.3905028129662814E-002
   1.8391341608427760       -3.5175795726886019E-002
   1.8454110692415568       -4.1610862748083718E-002
   1.8516879776403377       -4.2345741503528773E-002
   1.8579648860391185       -3.7300383042162301E-002
   1.8642417944378993       -2.7181598033407958E-002
   1.8705187028366801       -1.3378703114482811E-002
   1.8767956112354609        2.2315841327040769E-003
   1.8830725196342417        1.7543046884431170E-002
   1.8893494280330225        3.0504910366284572E-002
   1.8956263364318033        3.9395195899560059E-002
   1.9019032448305841        4.3046277197664254E-002
   1.9081801532293650        4.0993555274103678E-002
   1.9144570616281458        3.3529009268175661E-002
   1.9207339700269266        2.1654322403678272E-002
   1.9270108784257074        6.9415928467845191E-003
   1.9332877868244882       -8.6783959807413789E-003
   1.9395646952232690       -2.3170989166941113E-002
   1.9458416036220498       -3.4662163359914018E-002
   1.9521185120208304       -4.1678862706047169E-002
   1.9583954204196112       -4.3334319759733522E-002
   1.9646723288183920       -3.9435464954937674E-002
   1.9709492372171729       -3.0500096156840399E-002
   1.9772261456159537       -1.7683231228132746E-002
   1.9835030540147345       -2.6236502561276104E-003
   1.9897799624135153        1.2768510611741129E-002
   1.9960568708122961        2.6555247512106927E-002
   2.0023337792110771        3.7014108301544647E-002
   2.0086106876098579        4.2851068390180061E-002
   2.0148875960086388        4.3356886745681084E-002
   2.0211645044074196        3.8488554555620350E-002
   2.0274414128062004        2.8867152695589163E-002
   2.0337183212049812        1.5693931514461468E-002
   2.0399952296037620        5.9645686297506704E-004
   2.0462721380025428       -1.4575046415678855E-002
   2.0525490464013236       -2.7975382962893130E-002
   2.0588259548001044       -3.7988012296466020E-002
   2.0651028631988853       -4.3417630505168260E-002
   2.0713797715976656       -4.3629102650331514E-002
   2.0776566799964464       -3.8617088710957564E-002
   2.0839335883952272       -2.8999378247053478E-002
   2.0902104967940081       -1.5936190054753309E-002
   2.0964874051927889       -9.8645253781219633E-004
   2.1027643135915697        1.4080735932546369E-002
   2.1090412219903505        2.7496348898945568E-002
   2.1153181303891313        3.7698306960315439E-002
   2.1215950387879121        4.3511079880666749E-002
   2.1278719471866929        4.4277598338158572E-002
   2.1341488555854737        3.9929091897153282E-002
   2.1404257639842545        3.0986029718828856E-002
   2.1467026723830354        1.8491402543736636E-002
   2.1529795807818162        3.8853337838253990E-003
   2.1592564891805970       -1.1163531482349434E-002
   2.1655333975793778       -2.4949842279833698E-002
   2.1718103059781586       -3.5924420089597578E-002
   2.1780872143769394       -4.2866446317208685E-002
   2.1843641227757202       -4.5016079319379357E-002
   2.1906410311745010       -4.2153479497482514E-002
   2.1969179395732819       -3.4616559165984724E-002
   2.2031948479720627       -2.3256730796342214E-002
   2.2094717563708435       -9.3388247434149241E-003
   2.2157486647696243        5.6026944940424338E-003
   2.2220255731684051        1.9934562654029646E-002
   2.2283024815671859        3.2103449902899345E-002
   2.2345793899659667        4.0803023485926695E-002
   2.2408562983647475        4.5111565306811270E-002
   2.2471332067635283        4.4585940345930108E-002
   2.2534101151623092        3.9302809027074267E-002
   2.2596870235610900        2.9843776877732483E-002
   2.2659639319598708        1.7227296605389967E-002
   2.2722408403586516        2.7956196917680661E-003
   2.2785177487574324       -1.1930433717498001E-002
   2.2847946571562132       -2.5414714850346215E-002
   2.2910715655549940       -3.6269239485894014E-002
   2.2973484739537748       -4.3395128295689464E-002
   2.3036253823525557       -4.6089325014161346E-002
   2.3099022907513365       -4.4108216535539257E-002
   2.3161791991501173       -3.7682946946575480E-002
   2.3224561075488981       -2.7486594631265598E-002
   2.3287330159476789       -1.4558043471496234E-002
   2.3350099243464597       -1.9165894663509105E-004
   2.3412868327452405        1.4195210810271027E-002
   2.3475637411440213        2.7203076192624492E-002
   2.3538406495428021        3.7585516487754912E-002
   2.3601175579415830        4.4365798523854916E-002
   2.3663944663403638        4.6924396629162111E-002
   2.3726713747391446        4.5050014351337257E-002
   2.3789482831379254        3.8950637036272176E-002
   2.3852251915367062        2.9224923036119121E-002
   2.3915020999354870        1.6798127172383853E-002
   2.3977790083342678        2.8296828545779670E-003
   2.4040559167330486       -1.1397885166027428E-002
   2.4103328251318294       -2.4598023474393695E-002
   2.4166097335306103       -3.5595903823426832E-002
   2.4228866419293911       -4.3430801615146904E-002
   2.4291635503281719       -4.7436139157915981E-002
   2.4354404587269527       -4.7291381672929615E-002
   2.4417173671257335       -4.3041614467434756E-002
   2.4479942755245143       -3.5085564963763707E-002
   2.4542711839232951       -2.4130581340801340E-002
   2.4605480923220759       -1.1117569352878125E-002
   2.4668250007208568        2.8435887273409771E-003
   2.4731019091196376        1.6562244835457825E-002
   2.4793788175184184        2.8868709613421847E-002
   2.4856557259171992        3.8713745595199564E-002
   2.4919326343159800        4.5258153867405428E-002
   2.4982095427147608        4.7944175475337997E-002
   2.5044864511135416        4.6543069709215498E-002
   2.5107633595123224        4.1174492517833478E-002
   2.5170402679111032        3.2296288950848621E-002
   2.5233171763098841        2.0665365704129537E-002
   2.5295940847086644        7.2731700621415096E-003
   2.5358709931074452       -6.7388827259366952E-003
   2.5421479015062260       -2.0176668491284626E-002
   2.5484248099050069       -3.1895154237190429E-002
   2.5547017183037877       -4.0895919024396307E-002
   2.5609786267025685       -4.6412235764246447E-002
   2.5672555351013493       -4.7974312733255343E-002
   2.5735324435001301       -4.5449311971758895E-002
   2.5798093518989109       -3.9052552658727729E-002
   2.5860862602976917       -2.9329173829592874E-002
   2.5923631686964725       -1.7107562312966583E-002
   2.5986400770952534       -3.4288519162453610E-003
   2.6049169854940342        1.0541930117186115E-002
   2.6111938938928150        2.3614886223410188E-002
   2.6174708022915958        3.4676945866261875E-002
   2.6237477106903766        4.2785921458173982E-002
   2.6300246190891574        4.7255376674325660E-002
   2.6363015274879382        4.7730278584191453E-002
   2.6425784358867190        4.4198961343104200E-002
   2.6488553442854998        3.6983696620608547E-002
   2.6551322526842807        2.6707611926262843E-002
   2.6614091610830615        1.4236579219654388E-002
   2.6676860694818423        6.0334636827240643E-004
   2.6739629778806231       -1.3080121505306342E-002
   2.6802398862794039       -2.5713970547813124E-002
   2.6865167946781847       -3.6298342161060197E-002
   2.6927937030769655       -4.4010589157954250E-002
   2.6990706114757463       -4.8266288957323322E-002
   2.7053475198745272       -4.8759639367273143E-002
   2.7116244282733080       -4.5480972751398535E-002
   2.7179013366720888       -3.8710750434209636E-002
   2.7241782450708696       -2.8991481980515908E-002
   2.7304551534696504       -1.7080469952547549E-002
   2.7367320618684312       -3.8877782961124303E-003
   2.7430089702672120        9.5953819933809852E-003
   2.7492858786659928        2.2372059884684690E-002
   2.7555627870647736        3.3513043557051835E-002
   2.7618396954635545        4.2223031050387834E-002
   2.7681166038623353        4.7894951141417980E-002
   2.7743935122611161        5.0148947831565732E-002
   2.7806704206598969        4.8853826896260236E-002
   2.7869473290586777        4.4130154719920926E-002
   2.7932242374574585        3.6335517753810623E-002
   2.7995011458562393        2.6033511435794771E-002
   2.8057780542550201        1.3947622193508202E-002
   2.8120549626538009        9.0923468451282314E-004
   2.8183318710525818       -1.2191515829555469E-002
   2.8246087794513626       -2.4465266214797575E-002
   2.8308856878501434       -3.5083887240419331E-002
   2.8371625962489242       -4.3335767085769264E-002
   2.8434395046477050       -4.8672742350761765E-002
   2.8497164130464858       -5.0745421824924718E-002
   2.8559933214452666       -4.9424826030288950E-002
   2.8622702298440474       -4.4809026457582141E-002
   2.8685471382428283       -3.7214605031515982E-002
   2.8748240466416091       -2.7153703081074527E-002
   2.8811009550403899       -1.5298403982097643E-002
   2.8873778634391707       -2.4349908290109482E-003
   2.8936547718379515        1.0588765652380951E-002
   2.8999316802367323        2.2919708501371427E-002
   2.9062085886355131        3.3755084108783376E-002
   2.9124854970342939        4.2394355472038216E-002
   2.9187624054330747        4.8283764180819415E-002
   2.9250393138318556        5.1050816902959248E-002
   2.9313162222306364        5.0526673448329833E-002
   2.9375931306294172        4.6755111951511386E-002
   2.9438700390281980        3.9987782127751004E-002
   2.9501469474269788        3.0666158482601909E-002
   2.9564238558257596        1.9391682192989201E-002
   2.9627007642245404        6.8860066853847169E-003
   2.9689776726233212       -6.0557859051715056E-003
   2.9752545810221021       -1.8615458554895888E-002
   2.9815314894208829       -2.9993400309007004E-002
   2.9878083978196632       -3.9441732001040099E-002
   2.9940853062184440       -4.6316505917105212E-002
   3.0003622146172249       -5.0126660763112299E-002
   3.0066391230160057       -5.0573870321918998E-002
   3.0129160314147865       -4.7581517019933378E-002
   3.0191929398135673       -4.1309266084402330E-002
   3.0254698482123481       -3.2151549723946307E-002
   3.0317467566111289       -2.0718732128375203E-002
   3.0380236650099097       -7.8013866847347138E-003
   3.0443005734086905        5.6808531837769368E-003
   3.0505774818074713        1.8742834922042474E-002
   3.0568543902062522        3.0405770938034808E-002
   3.0631312986050330        3.9772265574737536E-002
   3.0694082070038138        4.6098792087704774E-002
   3.0756851154025946        4.8859568994527369E-002
   3.0819620238013754        4.7796184640581073E-002
   3.0882389322001562        4.2947963416795007E-002
   3.0945158405989370        3.4659465736361840E-002
   3.1007927489977178        2.3563058817644256E-002
   3.1070696573964987        1.0536653511290071E-002
   3.1133465657952795       -3.3613208214399617E-003
   3.1196234741940603       -1.6975266783886226E-002
   3.1259003825928411       -2.9148026823419975E-002
   3.1321772909916219       -3.8820768165313983E-002
   3.1384541993904027       -4.5128877016610093E-002
   3.1447311077891835       -4.7484251238400672E-002
   3.1510080161879643       -4.5638713142851561E-002
   3.1572849245867451       -3.9727524290598178E-002
   3.1635618329855260       -3.0260606214493942E-002
   3.1698387413843068       -1.8073305241125742E-002
   3.1761156497830876       -4.2543086386788069E-003
   3.1823925581818684        9.9497527342179235E-003
   3.1886694665806492        2.3245947372048492E-002
   3.1949463749794300        3.4412956706222103E-002
   3.2012232833782108        4.2414488979742163E-002
   3.2075001917769916        4.6497608142580922E-002
   3.2137771001757724        4.6266440389648014E-002
   3.2200540085745533        4.1723846828437341E-002
   3.2263309169733341        3.3276405441526200E-002
   3.2326078253721149        2.1701448210844538E-002
   3.2388847337708957        8.0784224353431383E-003
   3.2451616421696765       -6.3096510078293156E-003
   3.2514385505684573       -2.0095868062348414E-002
   3.2577154589672381       -3.1959234846245001E-002
   3.2639923673660189       -4.0752278046438203E-002
   3.2702692757647998       -4.5614062854453706E-002
   3.2765461841635806       -4.6057322785002582E-002
   3.2828230925623614       -4.2020641720580031E-002
   3.2891000009611422       -3.3879829562855159E-002
   3.2953769093599230       -2.2416515896120443E-002
   3.3016538177587038       -8.7461542400921518E-003
   3.3079307261574846        5.7882460307979245E-003
   3.3142076345562654        1.9746823625707521E-002
   3.3204845429550462        3.1735353466085019E-002
   3.3267614513538271        4.0545760015806932E-002
   3.3330383597526079        4.5281100779862887E-002
   3.3393152681513887        4.5449441847992114E-002
   3.3455921765501695        4.1017724839904325E-002
   3.3518690849489503        3.2420015441923002E-002
   3.3581459933477311        2.0518189142956410E-002
   3.3644229017465119        6.5182458288695483E-003
   3.3706998101452927       -8.1499486536678514E-003
   3.3769767185440736       -2.1977700114831491E-002
   3.3832536269428544       -3.3532731507197461E-002
   3.3895305353416352       -4.1608653642427322E-002
   3.3958074437404160       -4.5352984865323222E-002
   3.4020843521391968       -4.4359921996727295E-002
   3.4083612605379776       -3.8717526566981936E-002
   3.4146381689367584       -2.9003538803231092E-002
   3.4209150773355392       -1.6229402984733587E-002
   3.4271919857343200       -1.7375233306214982E-003
   3.4334688941331009        1.2938074802991563E-002
   3.4397458025318817        2.6233457308242031E-002
   3.4460227109306620        3.6721863354069545E-002
   3.4522996193294428        4.3268336245461649E-002
   3.4585765277282237        4.5154932749944865E-002
   3.4648534361270045        4.2162550736414450E-002
   3.4711303445257853        3.4599637752989493E-002
   3.4774072529245661        2.3273927774315500E-002
   3.4836841613233469        9.4091079698029045E-003
   3.4899610697221277       -5.4849727515765339E-003
   3.4962379781209085       -1.9775775912312644E-002
   3.5025148865196893       -3.1884948280716738E-002
   3.5087917949184702       -4.0453588327471084E-002
   3.5150687033172510       -4.4499122745227229E-002
   3.5213456117160318       -4.3534893824033791E-002
   3.5276225201148126       -3.7635763771297834E-002
   3.5338994285135934       -2.7441450362437416E-002
   3.5401763369123742       -1.4094531306287076E-002
   3.5464532453111550        8.8164485309622724E-004
   3.5527301537099358        1.5753080083133232E-002
   3.5590070621087166        2.8774677687831589E-002
   3.5652839705074975        3.8396592269548391E-002
   3.5715608789062783        4.3452799841070873E-002
   3.5778377873050591        4.3308631623614084E-002
   3.5841146957038399        3.7947924993281361E-002
   3.5903916041026207        2.7987202732669948E-002
   3.5966685125014015        1.4612664823423702E-002
   3.6029454209001823       -5.5469101331633085E-004
   3.6092223292989631       -1.5651439871188087E-002
   3.6154992376977440       -2.8799303437978627E-002
   3.6217761460965248       -3.8340454405248026E-002
   3.6280530544953056       -4.3050893848927227E-002
   3.6343299628940864       -4.2304074863029152E-002
   3.6406068712928672       -3.6162102188731129E-002
   3.6468837796916480       -2.5380588632790597E-002
   3.6531606880904288       -1.1323682339843429E-002
   3.6594375964892096        4.2021914138324276E-003
   3.6657145048879904        1.9176845924840740E-002
   3.6719914132867713        3.1628466771645207E-002
   3.6782683216855521        3.9899704651161057E-002
   3.6845452300843329        4.2882544095168042E-002
   3.6908221384831137        4.0166895796937128E-002
   3.6970990468818945        3.2099633118532631E-002
   3.7033759552806753        1.9744569553307282E-002
   3.7096528636794561        4.7454869824119835E-003
   3.7159297720782369       -1.0890013302454633E-002
   3.7222066804770177       -2.5058112414547043E-002
   3.7284835888757986       -3.5842111154182218E-002
   3.7347604972745794       -4.1773478362113398E-002
   3.7410374056733602       -4.2034727597960231E-002
   3.7473143140721410       -3.6575814079579924E-002
   3.7535912224709218       -2.6126945433683227E-002
   3.7598681308697026       -1.2104756868113712E-002
   3.7661450392684834        3.5767109107182017E-003
   3.7724219476672642        1.8765411253334027E-002
   3.7786988560660451        3.1366223003675420E-002
   3.7849757644648259        3.9631039771273809E-002
   3.7912526728636067        4.2403745235360300E-002
   3.7975295812623875        3.9285404498563069E-002
   3.8038064896611683        3.0695637451843217E-002
   3.8100833980599491        1.7820248082366909E-002
   3.8163603064587299        2.4510104272691116E-003
   3.8226372148575107       -1.3261271816311176E-002
   3.8289141232562915       -2.7106743994596460E-002
   3.8351910316550724       -3.7127854115563776E-002
   3.8414679400538532       -4.1898128617216625E-002
   3.8477448484526340       -4.0728546748167657E-002
   3.8540217568514148       -3.3771804980528196E-002
   3.8602986652501956       -2.2006601725405188E-002
   3.8665755736489764       -7.1019691536228884E-003
   3.8728524820477572        8.8173525690528557E-003
   3.8791293904465380        2.3472551823812363E-002
   3.8854062988453189        3.4757039556871892E-002
   3.8916832072440997        4.1040618381683783E-002
   3.8979601156428805        4.1407453425282729E-002
   3.9042370240416608        3.5792754612873741E-002
   3.9105139324404417        2.4997345950611212E-002
   3.9167908408392225        1.0576755573061425E-002
   3.9230677492380033       -5.3803207609349687E-003
   3.9293446576367841       -2.0553027085779191E-002
   3.9356215660355649       -3.2725681191434992E-002
   3.9418984744343457       -4.0112448332848542E-002
   3.9481753828331265       -4.1621630475446113E-002
   3.9544522912319073       -3.7020137695050907E-002
   3.9607291996306881       -2.6972930919445422E-002
   3.9670061080294690       -1.2950360511899312E-002
   3.9732830164282498        2.9842264450079155E-003
   3.9795599248270306        1.8476362472932172E-002
   3.9858368332258114        3.1227918616168315E-002
   3.9921137416245922        3.9338953975271908E-002
   3.9983906500233730        4.1592969257148345E-002
   4.0046675584221543        3.7642444413312971E-002
   4.0109444668209351        2.8065903420378416E-002
   4.0172213752197159        1.4286727654616410E-002
   4.0234982836184967       -1.6355355093179318E-003
   4.0297751920172775       -1.7310776902019386E-002
   4.0360521004160583       -3.0374691815654466E-002
   4.0423290088148391       -3.8845788347422291E-002
   4.0486059172136200       -4.1428697208354480E-002
   4.0548828256124008       -3.7716289135506946E-002
   4.0611597340111816       -2.8258483708426867E-002
   4.0674366424099624       -1.4485510260575481E-002
   4.0737135508087432        1.5044628421603955E-003
   4.0799904592075240        1.7262429874399687E-002
   4.0862673676063048        3.0362870013619640E-002
   4.0925442760050856        3.8778210555387022E-002
   4.0988211844038664        4.1195479408956279E-002
   4.1050980928026473        3.7225270117287969E-002
   4.1113750012014281        2.7469179017525058E-002
   4.1176519096002089        1.3433407354693177E-002
   4.1239288179989897       -2.6998578593567225E-003
   4.1302057263977705       -1.8409254413529596E-002
   4.1364826347965504       -3.1227636321577788E-002
   4.1427595431953312       -3.9130834766912634E-002
   4.1490364515941121       -4.0860297261594451E-002
   4.1553133599928929       -3.6127798343574255E-002
   4.1615902683916737       -2.5668204703155579E-002
   4.1678671767904545       -1.1130161961311591E-002
   4.1741440851892353        5.1800160604087995E-003
   4.1804209935880161        2.0661871191040737E-002
   4.1866979019867969        3.2835201509478912E-002
   4.1929748103855777        3.9738651188419419E-002
   4.1992517187843585        4.0250799617619078E-002
   4.2055286271831394        3.4284939200840511E-002
   4.2118055355819202        2.2800842462924738E-002
   4.2180824439807010        7.6467494357715625E-003
   4.2243593523794818       -8.7381803585838431E-003
   4.2306362607782626       -2.3716499492106961E-002
   4.2369131691770434       -3.4876968123019561E-002
   4.2431900775758242       -4.0422789871713966E-002
   4.2494669859746050       -3.9460921624668563E-002
   4.2557438943733858       -3.2145977746645467E-002
   4.2620208027721667       -1.9655441105994546E-002
   4.2682977111709475       -4.0002103751584518E-003
   4.2745746195697283        1.2299100668260310E-002
   4.2808515279685091        2.6617968349076891E-002
   4.2871284363672899        3.6650577440709355E-002
   4.2934053447660707        4.0781167221847131E-002
   4.2996822531648515        3.8344320991990394E-002
   4.3059591615636323        2.9732234969021734E-002
   4.3122360699624132        1.6331681068458479E-002
   4.3185129783611940        3.0076566538809872E-004
   4.3247898867599748       -1.5778575042603091E-002
   4.3310667951587556       -2.9316407054657146E-002
   4.3373437035575364       -3.8131978136958164E-002
   4.3436206119563172       -4.0805053810806423E-002
   4.3498975203550980       -3.6904791203014271E-002
   4.3561744287538788       -2.7059263330003486E-002
   4.3624513371526596       -1.2854395894329821E-002
   4.3687282455514405        3.4214289647466938E-003
   4.3750051539502213        1.9145987820444715E-002
   4.3812820623490021        3.1785676235363255E-002
   4.3875589707477829        3.9303756697456844E-002
   4.3938358791465637        4.0488606408690377E-002
   4.4001127875453445        3.5149056087350951E-002
   4.4063896959441253        2.4145315181349967E-002
   4.4126666043429061        9.2504673455945374E-003
   4.4189435127416870       -7.1351740353496765E-003
   4.4252204211404678       -2.2370844546076161E-002
   4.4314973295392486       -3.4000920036291342E-002
   4.4377742379380294       -4.0150735378438919E-002
   4.4440511463368102       -3.9828819675893377E-002
   4.4503280547355910       -3.3086817837016572E-002
   4.4566049631343718       -2.1011284512282322E-002
   4.4628818715331526       -5.5486492559792162E-003
   4.4691587799319334        1.0808472300190613E-002
   4.4754356883307143        2.5423063910188649E-002
   4.4817125967294951        3.5938845227541573E-002
   4.4879895051282759        4.0660201848500714E-002
   4.4942664135270567        3.8825662527983390E-002
   4.5005433219258375        3.0730781444367170E-002
   4.5068202303246183        1.7680612755962190E-002
   4.5130971387233991        1.7793691801272393E-003
   4.5193740471221799       -1.4408797425825402E-002
   4.5256509555209607       -2.8273278653086712E-002
   4.5319278639197416       -3.7577997233806240E-002
   4.5382047723185224       -4.0822126882462444E-002
   4.5444816807173032       -3.7482262312452351E-002
   4.5507585891160840       -2.8098429409821529E-002
   4.5570354975148648       -1.4188067684281824E-002
   4.5633124059136456        2.0055921253435138E-003
   4.5695893143124264        1.7877428426876507E-002
   4.5758662227112072        3.0879699761502545E-002
   4.5821431311099881        3.8930510658978436E-002
   4.5884200395087689        4.0745701534294118E-002
   4.5946969479075497        3.6041685684936264E-002
   4.6009738563063305        2.5577402342222659E-002
   4.6072507647051113        1.1029677881154614E-002
   4.6135276731038921       -5.2772617743903037E-003
   4.6198045815026729       -2.0744167389863823E-002
   4.6260814899014537       -3.2911250013456496E-002
   4.6323583983002345       -3.9848619663747573E-002
   4.6386353066990154       -4.0460861095871305E-002
   4.6449122150977962       -3.4657900813440973E-002
   4.6511891234965770       -2.3365882427827948E-002
   4.6574660318953578       -8.3772055437060424E-003
   4.6637429402941386        7.9356354963500894E-003
   4.6700198486929194        2.2996498317550119E-002
   4.6762967570917002        3.4432425340404284E-002
   4.6825736654904810        4.0446650306450380E-002
   4.6888505738892619        4.0099251148308410E-002
   4.6951274822880427        3.3451921789819539E-002
   4.7014043906868235        2.1554854534056891E-002
   4.7076812990856043        6.2787653146582955E-003
   4.7139582074843851       -9.9808428044918431E-003
   4.7202351158831659       -2.4680292519134509E-002
   4.7265120242819467       -3.5528798600126234E-002
   4.7327889326807275       -4.0849828333093627E-002
   4.7390658410795083       -3.9835109601626631E-002
   4.7453427494782892       -3.2661081816373748E-002
   4.7516196578770700       -2.0452544247219120E-002
   4.7578965662758508       -5.1007765093638935E-003
   4.7641734746746316        1.1033432325577823E-002
   4.7704503830734124        2.5484781137651624E-002
   4.7767272914721932        3.6059700360099693E-002
   4.7830041998709740        4.1166586001354297E-002
   4.7892811082697548        4.0050720363850566E-002
   4.7955580166685357        3.2899989939861859E-002
   4.8018349250673165        2.0807547094825660E-002
   4.8081118334660973        5.5993336422451283E-003
   4.8143887418648781       -1.0445595532046902E-002
   4.8206656502636589       -2.4938552364695558E-002
   4.8269425586624397       -3.5736484168515381E-002
   4.8332194670612205       -4.1256278019300076E-002
   4.8394963754600013       -4.0702424910102675E-002
   4.8457732838587821       -3.4176015690898322E-002
   4.8520501922575630       -2.2651047201541388E-002
   4.8583271006563438       -7.8237099241085361E-003
   4.8646040090551246        8.1413391671930034E-003
   4.8708809174539054        2.2929170778582083E-002
   4.8771578258526862        3.4410259773963447E-002
   4.8834347342514670        4.0944886748543290E-002
   4.8897116426502478        4.1613361344145575E-002
   4.8959885510490286        3.6339376337982614E-002
   4.9022654594478094        2.5888842674704579E-002
   4.9085423678465903        1.1756850865565252E-002
   4.9148192762453711       -4.0445100912308183E-003
   4.9210961846441519       -1.9273464387467801E-002
   4.9273730930429327       -3.1776915845150674E-002
   4.9336500014417135       -3.9794032076635656E-002
   4.9399269098404943       -4.2202437918393433E-002
   4.9462038182392751       -3.8672845047864848E-002
   4.9524807266380559       -2.9711180660798447E-002
   4.9587576350368368       -1.6583290419662652E-002
   4.9650345434356176       -1.1337704369945556E-003
   4.9713114518343984        1.4474813983361012E-002
   4.9775883602331792        2.8065252726898523E-002
   4.9838652686319600        3.7748923933178816E-002
   4.9901421770307408        4.2186789827464787E-002
   4.9964190854295216        4.0772285593798377E-002
   5.0026959938283024        3.3711467707170373E-002
   5.0089729022270832        2.1990221748601987E-002
   5.0152498106258641        7.2340774486704361E-003
   5.0215267190246449       -8.5191295558565156E-003
   5.0278036274234257       -2.3101670638750814E-002
   5.0340805358222065       -3.4514186754430264E-002
   5.0403574442209873       -4.1198724282936083E-002
   5.0466343526197681       -4.2249483941383476E-002
   5.0529112610185480       -3.7532957361652401E-002
   5.0591881694173289       -2.7702030002722713E-002
   5.0654650778161097       -1.4102842584258844E-002
   5.0717419862148905        1.4115362351273131E-003
   5.0780188946136713        1.6736888759578170E-002
   5.0842958030124521        2.9812908767466291E-002
   5.0905727114112329        3.8901146691525099E-002
   5.0968496198100137        4.2811777735030657E-002
   5.1031265282087945        4.1053082064741953E-002
   5.1094034366075753        3.3885568392146050E-002
   5.1156803450063562        2.2276237523395265E-002
   5.1219572534051370        7.7613995362813947E-003
   5.1282341618039178       -7.7616546370134765E-003
   5.1345110702026986       -2.2285364369521544E-002
   5.1407879786014794       -3.3951539141286423E-002
   5.1470648870002602       -4.1286449327112409E-002
   5.1533417953990410       -4.3382011737316227E-002
   5.1596187037978218       -4.0001537060174938E-002
   5.1658956121966026       -3.1598686369946415E-002
   5.1721725205953835       -1.9249585946280495E-002
   5.1784494289941643       -4.5088907158578563E-003
   5.1847263373929451        1.0790288056496310E-002
   5.1910032457917259        2.4766381610670414E-002
   5.1972801541905067        3.5720251264377861E-002
   5.2035570625892875        4.2338758130742477E-002
   5.2098339709880683        4.3847077988896248E-002
   5.2161108793868491        4.0092783627287604E-002
   5.2223877877856300        3.1553541382994876E-002
   5.2286646961844108        1.9269594789325127E-002
   5.2349416045831916        4.7112573584723490E-003
   5.2412185129819724       -1.0401308055897687E-002
   5.2474954213807532       -2.4302701230596899E-002
   5.2537723297795340       -3.5384324143465477E-002
   5.2600492381783148       -4.2376913713502433E-002
   5.2663261465770956       -4.4492554921050149E-002
   5.2726030549758764       -4.1509037284841920E-002
   5.2788799633746573       -3.3788134253621357E-002
   5.2851568717734381       -2.2227069194001595E-002
   5.2914337801722189       -8.1501117336442545E-003
   5.2977106885709997        6.8462053639046921E-003
   5.3039875969697805        2.1075830150854277E-002
   5.3102645053685613        3.2952837372911499E-002
   5.3165414137673421        4.1166660334779441E-002
   5.3228183221661229        4.4823759162280243E-002
   5.3290952305649038        4.3540774764856217E-002
   5.3353721389636846        3.7479963627350336E-002
   5.3416490473624654        2.7324281288944048E-002
   5.3479259557612462        1.4196151618299981E-002
   5.3542028641600270       -4.7001539949449256E-004
   5.3604797725588078       -1.5086751081188697E-002
   5.3667566809575886       -2.8086084910829583E-002
   5.3730335893563694       -3.8086935920095509E-002
   5.3793104977551502       -4.4039579258754367E-002
   5.3855874061539311       -4.5332368937321378E-002
   5.3918643145527119       -4.1850260291885301E-002
   5.3981412229514927       -3.3980093135158700E-002
   5.4044181313502735       -2.2563245454353297E-002
   5.4106950397490543       -8.8018787243223599E-003
   5.4169719481478351        5.8705803054508151E-003
   5.4232488565466159        1.9939576916016454E-002
   5.4295257649453967        3.1961918574905060E-002
   5.4358026733441775        4.0711118345389298E-002
   5.4420795817429584        4.5301062256323722E-002
   5.4483564901417392        4.5273888271345028E-002
   5.4546333985405200        4.0643456126216032E-002
   5.4609103069393008        3.1890502796924333E-002
   5.4671872153380816        1.9910584863538885E-002
   5.4734641237368624        5.9206227533196189E-003
   5.4797410321356432       -8.6660146235469880E-003
   5.4860179405344240       -2.2382950919800366E-002
   5.4922948489332049       -3.3858146926278393E-002
   5.4985717573319857       -4.1950364414386800E-002
   5.5048486657307665       -4.5861258781840997E-002
   5.5111255741295473       -4.5212244901090985E-002
   5.5174024825283281       -4.0078935802933653E-002
   5.5236793909271089       -3.0980270400503041E-002
   5.5299562993258897       -1.8823966240949876E-002
   5.5362332077246705       -4.8142185575167631E-003
   5.5425101161234513        9.6688093496510499E-003
   5.5487870245222322        2.3205532687751378E-002
   5.5550639329210130        3.4475972441542400E-002
   5.5613408413197938        4.2387665326213915E-002
   5.5676177497185746        4.6180153546939218E-002
   5.5738946581173554        4.5496198358305588E-002
   5.5801715665161362        4.0413265740116146E-002
   5.5864484749149170        3.1432693586133244E-002
   5.5927253833136978        1.9428392206367561E-002
   5.5990022917124787        5.5609812176479582E-003
   5.6052792001112595       -8.8380907222003029E-003
   5.6115561085100403       -2.2399262824949168E-002
   5.6178330169088211       -3.3845522806829495E-002
   5.6241099253076019       -4.2111204846752341E-002
   5.6303868337063827       -4.6438748791492845E-002
   5.6366637421051635       -4.6444758460532476E-002
   5.6429406505039443       -4.2150024917676596E-002
   5.6492175589027251       -3.3971582137447262E-002
   5.6554944673015060       -2.2678487905178842E-002
   5.6617713757002868       -9.3162690020858786E-003
   5.6680482840990676        4.8922824083157930E-003
   5.6743251924978484        1.8660371082362182E-002
   5.6806021008966292        3.0753929486208566E-002
   5.6868790092954100        4.0101244189558599E-002
   5.6931559176941908        4.5885856151932046E-002
   5.6994328260929716        4.7614901069913410E-002
   5.7057097344917524        4.5157477039335682E-002
   5.7119866428905333        3.8750432824951123E-002
   5.7182635512893141        2.8971925089687486E-002
   5.7245404596880949        1.6685875843885218E-002
   5.7308173680868757        2.9629270839407577E-003
   5.7370942764856565       -1.1014708910041108E-002
   5.7433711848844373       -2.4055868515421120E-002
   5.7496480932832181       -3.5061667578432987E-002
   5.7559250016819989       -4.3116631338796653E-002
   5.7622019100807798       -4.7562695853032320E-002
   5.7684788184795606       -4.8048556037287575E-002
   5.7747557268783414       -4.4545801342512320E-002
   5.7810326352771222       -3.7348792242830900E-002
   5.7873095436759030       -2.7056625630004712E-002
   5.7935864520746838       -1.4523904536579164E-002
   5.7998633604734646       -7.8929600097091290E-004
   5.8061402688722454        1.3010716671569739E-002
   5.8124171772710262        2.5735977709425286E-002
   5.8186940856698071        3.6336780463482168E-002
   5.8249709940685879        4.3940265427456299E-002
   5.8312479024673687        4.7921959400220211E-002
   5.8375248108661495        4.7956651046580243E-002
   5.8438017192649303        4.4044467339730185E-002
   5.8500786276637111        3.6510124591111429E-002
   5.8563555360624919        2.5975495261311210E-002
   5.8626324444612727        1.3307867797312922E-002
   5.8689093528600536       -4.5178450332821493E-004
   5.8751862612588344       -1.4174543985563497E-002
   5.8814631696576152       -2.6736244243206964E-002
   5.8877400780563960       -3.7109479382342388E-002
   5.8940169864551768       -4.4447429831515471E-002
   5.9002938948539576       -4.8152654683680546E-002
   5.9065708032527384       -4.7925320332970991E-002
   5.9128477116515192       -4.3786975038244885E-002
   5.9191246200503000       -3.6078059055083697E-002
   5.9254015284490809       -2.5429420518879069E-002
   5.9316784368478617       -1.2710281292025543E-002
   5.9379553452466425        1.0429969983177338E-003
   5.9442322536454233        1.4712091641541563E-002
   5.9505091620442041        2.7193295970668167E-002
   5.9567860704429849        3.7493607094507463E-002
   5.9630629788417657        4.4808663637875064E-002
   5.9693398872405457        4.8582263951871645E-002
   5.9756167956393265        4.8544756501607521E-002
   5.9818937040381073        4.4727675752354777E-002
   5.9881706124368881        3.7454543321004376E-002
   5.9944475208356689        2.7309294527967577E-002
   6.0007244292344497        1.5085721217292479E-002
   6.0070013376332305        1.7224114941275638E-003
   6.0132782460320113       -1.1771207212363244E-002
   6.0195551544307921       -2.4391909483673976E-002
   6.0258320628295730       -3.5216789795990709E-002
   6.0321089712283538       -4.3469188309746984E-002
   6.0383858796271346       -4.8571740874441577E-002
   6.0446627880259154       -5.0183336784871926E-002
   6.0509396964246962       -4.8217758793747782E-002
   6.0572166048234770       -4.2843605525247346E-002
   6.0634935132222578       -3.4466009884930621E-002
   6.0697704216210386       -2.3692485748366091E-002
   6.0760473300198194       -1.1285591674768239E-002
   6.0823242384186003        1.8932862277387858E-003
   6.0886011468173811        1.4945367688774464E-002
   6.0948780552161619        2.6995890640175980E-002
   6.1011549636149427        3.7252487176513818E-002
   6.1074318720137235        4.5054878965115695E-002
   6.1137087804125043        4.9916400098813908E-002
   6.1199856888112851        5.1543205313267754E-002
   6.1262625972100659        4.9813462680660010E-002
   6.1325395056088468        4.4814565873585087E-002
   6.1388164140076276        3.6852404397534157E-002
   6.1450933224064084        2.6435001308195774E-002
   6.1513702308051892        1.4243490580527150E-002
   6.1576471392039700        1.0893771848111480E-003
   6.1639240476027508       -1.2137841370207370E-002
   6.1702009560015316       -2.4530480381418262E-002
   6.1764778644003124       -3.5225210718591249E-002
   6.1827547727990932       -4.3464586353687461E-002
   6.1890316811978741       -4.8652690859205476E-002
   6.1953085895966549       -5.0401049442124653E-002
   6.2015854979954357       -4.8560844178289049E-002
   6.2078624063942165       -4.3238836996665107E-002
   6.2141393147929973       -3.4795042926870731E-002
   6.2204162231917781       -2.3821852382629224E-002
   6.2266931315905589       -1.1105339680995018E-002
   6.2329700399893397        2.4288408832507441E-003
   6.2392469483881206        1.5781563942135621E-002
   6.2455238567869014        2.7953648558929928E-002
   6.2518007651856822        3.8021341085644762E-002
   6.2580776735844630        4.5208053821500324E-002
   6.2643545819832438        4.8946786829016140E-002
   6.2706314903820246        4.8927983135838279E-002
   6.2769083987808054        4.5128678639226316E-002
   6.2831853071795862        3.7819936403068036E-002
