   6.2769083987808056E-003  -9.8224556968733348E-006
   1.2553816797561611E-002  -9.1400810088239069E-006
   1.8830725196342418E-002  -8.5209537667215963E-006
   2.5107633595123222E-002  -7.9557661461926686E-006
   3.1384541993904030E-002  -7.4363444067065938E-006
   3.7661450392684835E-002  -6.9553200478200436E-006
   4.3938358791465640E-002  -6.5061946044282048E-006
   5.0215267190246445E-002  -6.0830741673265314E-006
   5.6492175589027249E-002  -5.6807610102741876E-006
   6.2769083987808061E-002  -5.2945292625310832E-006
   6.9045992386588859E-002  -4.9202386306481594E-006
   7.5322900785369670E-002  -4.5541413209885884E-006
   8.1599809184150468E-002  -4.1930122956510182E-006
   8.7876717582931280E-002  -3.8339804711041580E-006
   9.4153625981712077E-002  -3.4746705589906941E-006
  0.10043053438049289       -3.1130527907550765E-006
  0.10670744277927370       -2.7475917418623318E-006
  0.11298435117805450       -2.3771092997956024E-006
  0.11926125957683531       -2.0009358524165016E-006
  0.12553816797561612       -1.6187812236615760E-006
  0.13181507637439691       -1.2308833572980277E-006
  0.13809198477317772       -8.3788173727344551E-007
  0.14436889317195853       -4.4095836889537567E-007
  0.15064580157073934       -4.1707980203507493E-008
  0.15692270996952015        3.5773412086563387E-007
  0.16319961836830094        7.5483078386571291E-007
  0.16947652676708175        1.1465336060313945E-006
  0.17575343516586256        1.5294360206028748E-006
  0.18203034356464337        1.8996849668745188E-006
  0.18830725196342415        2.2531246288281230E-006
  0.19458416036220497        2.5851989478637813E-006
  0.20086106876098578        2.8911787101646124E-006
  0.20713797715976659        3.1661413055260522E-006
  0.21341488555854740        3.4051909364347136E-006
  0.21969179395732819        3.6034608257205180E-006
  0.22596870235610900        3.7563555621145228E-006
  0.23224561075488981        3.8595760577759154E-006
  0.23852251915367062        3.9093753742491895E-006
  0.24479942755245140        3.9025962874761260E-006
  0.25107633595123224        3.8369278054161858E-006
  0.25735324435001306        3.7109402040036419E-006
  0.26363015274879381        3.5243250123123709E-006
  0.26990706114757462        3.2779083051919160E-006
  0.27618396954635543        2.9738536103298631E-006
  0.28246087794513625        2.6156318234731275E-006
  0.28873778634391706        2.2081652849065177E-006
  0.29501469474269787        1.7577328830446948E-006
  0.30129160314147868        1.2720353692756511E-006
  0.30756851154025949        7.6001784647881816E-007
  0.31384541993904030        2.3184197063301098E-007
  0.32012232833782106       -3.0138442701495620E-007
  0.32639923673660187       -8.2773297969110521E-007
  0.33267614513538268       -1.3348168726440300E-006
  0.33895305353416350       -1.8100056440933582E-006
  0.34522996193294431       -2.2408637768310108E-006
  0.35150687033172512       -2.6154280563086170E-006
  0.35778377873050593       -2.9227145788056589E-006
  0.36406068712928674       -3.1532094918877578E-006
  0.37033759552806755       -3.2993758214514651E-006
  0.37661450392684831       -3.3557328120731387E-006
  0.38289141232562912       -3.3191888042934177E-006
  0.38916832072440993       -3.1891735581172182E-006
  0.39544522912319074       -2.9678694685269881E-006
  0.40172213752197156       -2.6601970358218607E-006
  0.40799904592075237       -2.2738812423772417E-006
  0.41427595431953318       -1.8192594885049266E-006
  0.42055286271831399       -1.3091586646589447E-006
  0.42682977111709480       -7.5851351498012472E-007
  0.43310667951587556       -1.8405498978361160E-007
  0.43938358791465637        3.9624601001791490E-007
  0.44566049631343718        9.6364908057478928E-007
  0.45193740471221799        1.4993300662143923E-006
  0.45821431311099881        1.9849503035295962E-006
  0.46449122150977962        2.4033981478195369E-006
  0.47076812990856043        2.7393711840826823E-006
  0.47704503830734124        2.9800781834877311E-006
  0.48332194670612205        3.1157323411467040E-006
  0.48959885510490281        3.1401090035125760E-006
  0.49587576350368362        3.0508465075380238E-006
  0.50215267190246449        2.8497622415569262E-006
  0.50842958030124530        2.5428740334779409E-006
  0.51470648870002611        2.1404029139755547E-006
  0.52098339709880681        1.6564626707667684E-006
  0.52726030549758762        1.1087213259462553E-006
  0.53353721389636843        5.1775381707167340E-007
  0.53981412229514925       -9.3619173711913568E-008
  0.54609103069393006       -7.0119655495748207E-007
  0.55236793909271087       -1.2802565426100526E-006
  0.55864484749149168       -1.8066449350419928E-006
  0.56492175589027249       -2.2577595099579131E-006
  0.57119866428905330       -2.6136518645317757E-006
  0.57747557268783412       -2.8579326730533483E-006
  0.58375248108661493       -2.9786946593710629E-006
  0.59002938948539574       -2.9691454934503656E-006
  0.59630629788417655       -2.8281665796092211E-006
  0.60258320628295736       -2.5605056731788464E-006
  0.60886011468173817       -2.1768311114137772E-006
  0.61513702308051899       -1.6933804146487926E-006
  0.62141393147929980       -1.1314512817351302E-006
  0.62769083987808061       -5.1649895269760126E-007
  0.63396774827686131        1.2288723332343223E-007
  0.64024465667564212        7.5633128932326024E-007
  0.64652156507442293        1.3530454558826863E-006
  0.65279847347320374        1.8834074229576983E-006
  0.65907538187198456        2.3204270221624557E-006
  0.66535229027076537        2.6412599398844825E-006
  0.67162919866954618        2.8284526137987847E-006
  0.67790610706832699        2.8710744835297571E-006
  0.68418301546710780        2.7654357882682456E-006
  0.69045992386588861        2.5155641767266943E-006
  0.69673683226466943        2.1331691346296659E-006
  0.70301374066345024        1.6373027411345119E-006
  0.70929064906223105        1.0534820766564681E-006
  0.71556755746101186        4.1251706866537805E-007
  0.72184446585979267       -2.5102888626885374E-007
  0.72812137425857348       -9.0058717043799814E-007
  0.73439828265735430       -1.4996485241811707E-006
  0.74067519105613511       -2.0137988159191215E-006
  0.74695209945491581       -2.4128248248946318E-006
  0.75322900785369662       -2.6725499504482528E-006
  0.75950591625247743       -2.7764912381634361E-006
  0.76578282465125824       -2.7170146161969827E-006
  0.77205973305003905       -2.4961046074468810E-006
  0.77833664144881987       -2.1254720760253701E-006
  0.78461354984760068       -1.6261698505696630E-006
  0.79089045824638149       -1.0275099587151067E-006
  0.79716736664516230       -3.6552357701090053E-007
  0.80344427504394311        3.1916322591405009E-007
  0.80972118344272392        9.8372542258966103E-007
  0.81599809184150474        1.5858645274284512E-006
  0.82227500024028555        2.0864999909621481E-006
  0.82855190863906636        2.4524456051543029E-006
  0.83482881703784717        2.6586943706388261E-006
  0.84110572543662798        2.6903371261213426E-006
  0.84738263383540879        2.5437736045744616E-006
  0.85365954223418961        2.2272965949059597E-006
  0.85993645063297042        1.7607882515164336E-006
  0.86621335903175112        1.1747049219395805E-006
  0.87249026743053193        5.0819688984145185E-007
  0.87876717582931274       -1.9334252758816823E-007
  0.88504408422809355       -8.8139073673574860E-007
  0.89132099262687436       -1.5078635537659215E-006
  0.89759790102565518       -2.0287034766229195E-006
  0.90387480942443599       -2.4069843047323305E-006
  0.91015171782321680       -2.6156254272841965E-006
  0.91642862622199761       -2.6393537927992524E-006
  0.92270553462077842       -2.4759403501835452E-006
  0.92898244301955923       -2.1364339313350235E-006
  0.93525935141834005       -1.6445372621334189E-006
  0.94153625981712086       -1.0349811264899958E-006
  0.94781316821590167       -3.5117303899176573E-007
  0.95409007661468248        3.5789444453782686E-007
  0.96036698501346329        1.0410905981219743E-006
  0.96664389341224410        1.6488753192650054E-006
  0.97292080181102492        2.1368718750459600E-006
  0.97919771020980562        2.4691901761018891E-006
  0.98547461860858643        2.6210844988998570E-006
  0.99175152700736724        2.5809086721474789E-006
  0.99802843540614805        2.3510469042324601E-006
   1.0043053438049290        1.9479029702473624E-006
   1.0105822522037098        1.4007687023447254E-006
   1.0168591606024906        7.4980478984979153E-007
   1.0231360690012714        4.3106451431778880E-008
   1.0294129774000522       -6.6677549354859915E-007
   1.0356898857988328       -1.3267697497529697E-006
   1.0419667941976136       -1.8872221714505590E-006
   1.0482437025963944       -2.3057034707766935E-006
   1.0545206109951752       -2.5502451155265445E-006
   1.0607975193939561       -2.6020495982599167E-006
   1.0670744277927369       -2.4571420739940929E-006
   1.0733513361915177       -2.1264822952364909E-006
   1.0796282445902985       -1.6350482304857843E-006
   1.0859051529890793       -1.0199981684662653E-006
   1.0921820613878601       -3.2782033947387141E-007
   1.0984589697866409        3.8914029715538816E-007
   1.1047358781854217        1.0766788980577910E-006
   1.1110127865842025        1.6827907606531557E-006
   1.1172896949829834        2.1616429580959701E-006
   1.1235666033817642        2.4770036750468194E-006
   1.1298435117805450        2.6050217655394419E-006
   1.1361204201793258        2.5359952819492940E-006
   1.1423973285781066        2.2751447582438434E-006
   1.1486742369768874        1.8421835811343044E-006
   1.1549511453756682        1.2698657297559106E-006
   1.1612280537744490        6.0147317115078178E-007
   1.1675049621732299       -1.1242067270791995E-007
   1.1737818705720107       -8.1781258936686126E-007
   1.1800587789707915       -1.4613190974997016E-006
   1.1863356873695723       -1.9942520444114727E-006
   1.1926125957683531       -2.3762679090673730E-006
   1.1988895041671339       -2.5784578629873302E-006
   1.2051664125659147       -2.5855018803006561E-006
   1.2114433209646955       -2.3968656736657041E-006
   1.2177202293634763       -2.0268082982717994E-006
   1.2239971377622572       -1.5033398426437014E-006
   1.2302740461610380       -8.6607048952721295E-007
   1.2365509545598188       -1.6325585278444392E-007
   1.2428278629585996        5.5191796830475231E-007
   1.2491047713573804        1.2253520591508426E-006
   1.2553816797561612        1.8061627098848681E-006
   1.2616585881549420        2.2504880299990944E-006
   1.2679354965537226        2.5248272731747862E-006
   1.2742124049525034        2.6085238990506357E-006
   1.2804893133512842        2.4953436748297237E-006
   1.2867662217500651        2.1938939675994504E-006
   1.2930431301488459        1.7269910351958496E-006
   1.2993200385476267        1.1298893233810851E-006
   1.3055969469464075        4.4764384933445021E-007
   1.3118738553451883       -2.6832897043036224E-007
   1.3181507637439691       -9.6409679752508286E-007
   1.3244276721427499       -1.5873072726240460E-006
   1.3307045805415307       -2.0910916007949855E-006
   1.3369814889403115       -2.4376163970808368E-006
   1.3432583973390924       -2.6008839159054483E-006
   1.3495353057378732       -2.5687050365764628E-006
   1.3558122141366540       -2.3435652622391122E-006
   1.3620891225354348       -1.9424539660805110E-006
   1.3683660309342156       -1.3955386547156137E-006
   1.3746429393329964       -7.4391931282908554E-007
   1.3809198477317772       -3.6499244242073870E-008
   1.3871967561305580        6.7365622972129148E-007
   1.3934736645293389        1.3333370317863447E-006
   1.3997505729281197        1.8931345426552620E-006
   1.4060274813269005        2.3112144601963494E-006
   1.4123043897256813        2.5566712882775664E-006
   1.4185812981244621        2.6118055994551453E-006
   1.4248582065232429        2.4731599076188044E-006
   1.4311351149220237        2.1516476373422557E-006
   1.4374120233208045        1.6715711690044740E-006
   1.4436889317195853        1.0687306534902385E-006
   1.4499658401183662        3.8765188420517617E-007
   1.4562427485171470       -3.2172169462735956E-007
   1.4625196569159278       -1.0077498416571432E-006
   1.4687965653147086       -1.6208246630701879E-006
   1.4750734737134894       -2.1169647964214514E-006
   1.4813503821122702       -2.4608909683046285E-006
   1.4876272905110510       -2.6284971964474129E-006
   1.4939041989098316       -2.6084248639055282E-006
   1.5001811073086124       -2.4027689474702640E-006
   1.5064580157073932       -2.0267554936176548E-006
   1.5127349241061741       -1.5075569754648748E-006
   1.5190118325049549       -8.8221884002897546E-007
   1.5252887409037357       -1.9498439486332348E-007
   1.5315656493025165        5.0590906926972903E-007
   1.5378425577012973        1.1716041972679593E-006
   1.5441194661000781        1.7560549917715061E-006
   1.5503963744988589        2.2191510327155117E-006
   1.5566732828976397        2.5294499660269760E-006
   1.5629501912964205        2.6662105780256969E-006
   1.5692270996952014        2.6207275039306979E-006
   1.5755040080939822        2.3967578713143304E-006
   1.5817809164927630        2.0101749380958479E-006
   1.5880578248915438        1.4877878362853935E-006
   1.5943347332903246        8.6534455119863604E-007
   1.6006116416891054        1.8495083050916968E-007
   1.6068885500878862       -5.0779516267737252E-007
   1.6131654584866670       -1.1669124249542040E-006
   1.6194423668854478       -1.7490512155640480E-006
   1.6257192752842287       -2.2163408676520286E-006
   1.6319961836830095       -2.5387626564527021E-006
   1.6382730920817903       -2.6960276523016458E-006
   1.6445500004805711       -2.6787247449155429E-006
   1.6508269088793519       -2.4888050037184900E-006
   1.6571038172781327       -2.1392633019129086E-006
   1.6633807256769135       -1.6531798498184195E-006
   1.6696576340756943       -1.0620750067658581E-006
   1.6759345424744752       -4.0382153633662692E-007
   1.6822114508732560        2.7986583311125032E-007
   1.6884883592720368        9.4607207665652133E-007
   1.6947652676708176        1.5534088574020665E-006
   1.7010421760695984        2.0645314073151928E-006
   1.7073190844683792        2.4484172056390658E-006
   1.7135959928671600        2.6821481117170357E-006
   1.7198729012659408        2.7522220522336274E-006
   1.7261498096647214        2.6552018241373848E-006
   1.7324267180635022        2.3978022507287542E-006
   1.7387036264622830        1.9962995118025170E-006
   1.7449805348610639        1.4754414399963576E-006
   1.7512574432598447        8.6680923965821370E-007
   1.7575343516586255        2.0688517310582640E-007
   1.7638112600574063       -4.6523373712091125E-007
   1.7700881684561871       -1.1103584517357785E-006
   1.7763650768549679       -1.6915517706188082E-006
   1.7826419852537487       -2.1761604048415263E-006
   1.7889188936525295       -2.5376010241554657E-006
   1.7951958020513104       -2.7566734825238559E-006
   1.8014727104500912       -2.8224744058722706E-006
   1.8077496188488720       -2.7327510071742971E-006
   1.8140265272476528       -2.4938239150679013E-006
   1.8203034356464336       -2.1199785327172108E-006
   1.8265803440452144       -1.6325052628866521E-006
   1.8328572524439952       -1.0583338210093611E-006
   1.8391341608427760       -4.2847682397254581E-007
   1.8454110692415568        2.2374766727747575E-007
   1.8516879776403377        8.6448709626700134E-007
   1.8579648860391185        1.4611481684337627E-006
   1.8642417944378993        1.9839957750894399E-006
   1.8705187028366801        2.4076058673458777E-006
   1.8767956112354609        2.7119818145982042E-006
   1.8830725196342417        2.8834161517292514E-006
   1.8893494280330225        2.9149437560745856E-006
   1.8956263364318033        2.8065065022641254E-006
   1.9019032448305841        2.5647125848094383E-006
   1.9081801532293650        2.2023454093192246E-006
   1.9144570616281458        1.7375354665918249E-006
   1.9207339700269266        1.1927753968310295E-006
   1.9270108784257074        5.9370922002815126E-007
   1.9332877868244882       -3.2113022154067575E-008
   1.9395646952232690       -6.5655978153004262E-007
   1.9458416036220498       -1.2521404797468749E-006
   1.9521185120208304       -1.7932297171341634E-006
   1.9583954204196112       -2.2570989750854793E-006
   1.9646723288183920       -2.6248391678132098E-006
   1.9709492372171729       -2.8820156224017107E-006
   1.9772261456159537       -3.0191643144873135E-006
   1.9835030540147345       -3.0319922016253478E-006
   1.9897799624135153       -2.9214128789980615E-006
   1.9960568708122961       -2.6933006668579340E-006
   2.0023337792110771       -2.3581131908325323E-006
   2.0086106876098579       -1.9302810219349876E-006
   2.0148875960086388       -1.4275271607228204E-006
   2.0211645044074196       -8.7002356109154357E-007
   2.0274414128062004       -2.7955293515042240E-007
   2.0337183212049812        3.2141562139658466E-007
   2.0399952296037620        9.1057047916172471E-007
   2.0462721380025428        1.4666173186152900E-006
   2.0525490464013236        1.9699954061644644E-006
   2.0588259548001044        2.4035564580161072E-006
   2.0651028631988853        2.7530571833181237E-006
   2.0713797715976656        3.0075836417031886E-006
   2.0776566799964464        3.1597703537799926E-006
   2.0839335883952272        3.2059443926130687E-006
   2.0902104967940081        3.1460683143157886E-006
   2.0964874051927889        2.9836226487743835E-006
   2.1027643135915697        2.7253091951765784E-006
   2.1090412219903505        2.3807187507891988E-006
   2.1153181303891313        1.9618643080162261E-006
   2.1215950387879121        1.4827314273258620E-006
   2.1278719471866929        9.5871929104523243E-007
   2.1341488555854737        4.0612965855763612E-007
   2.1404257639842545       -1.5840664869075848E-007
   2.1467026723830354       -7.1841696699067883E-007
   2.1529795807818162       -1.2581034693516500E-006
   2.1592564891805970       -1.7627447987738503E-006
   2.1655333975793778       -2.2191037409986756E-006
   2.1718103059781586       -2.6157019277421526E-006
   2.1780872143769394       -2.9430883407656927E-006
   2.1843641227757202       -3.1939682098437422E-006
   2.1906410311745010       -3.3633243181342314E-006
   2.1969179395732819       -3.4484022325042547E-006
   2.2031948479720627       -3.4486956402170111E-006
   2.2094717563708435       -3.3658070757034147E-006
   2.2157486647696243       -3.2033229233997019E-006
   2.2220255731684051       -2.9665803643113388E-006
   2.2283024815671859       -2.6624662879631664E-006
   2.2345793899659667       -2.2991268707549876E-006
   2.2408562983647475       -1.8857274810655577E-006
   2.2471332067635283       -1.4321415652816928E-006
   2.2534101151623092       -9.4870646336960490E-007
   2.2596870235610900       -4.4592428788319172E-007
   2.2659639319598708        6.5757627630610572E-008
   2.2722408403586516        5.7620677683996509E-007
   2.2785177487574324        1.0757959900682473E-006
   2.2847946571562132        1.5557536636208753E-006
   2.2910715655549940        2.0083741392899013E-006
   2.2973484739537748        2.4271134031145109E-006
   2.3036253823525557        2.8065982791373101E-006
   2.3099022907513365        3.1426709912352070E-006
   2.3161791991501173        3.4323356150562759E-006
   2.3224561075488981        3.6737400153071385E-006
   2.3287330159476789        3.8660710302105346E-006
   2.3350099243464597        4.0094937436578390E-006
   2.3412868327452405        4.1050146160569352E-006
   2.3475637411440213        4.1543973305472721E-006
   2.3538406495428021        4.1600120910717317E-006
   2.3601175579415830        4.1247449223328803E-006
   2.3663944663403638        4.0518482988317876E-006
   2.3726713747391446        3.9448570795074701E-006
   2.3789482831379254        3.8074515656192996E-006
   2.3852251915367062        3.6433890087646193E-006
   2.3915020999354870        3.4563859001324435E-006
   2.3977790083342678        3.2500698898642082E-006
   2.4040559167330486        3.0278841359708730E-006
   2.4103328251318294        2.7930609970374599E-006
   2.4166097335306103        2.5485478834412838E-006
   2.4228866419293911        2.2970016374862068E-006
   2.4291635503281719        2.0407323776645213E-006
   2.4354404587269527        1.7817168390574636E-006
   2.4417173671257335        1.5215521134767815E-006
   2.4479942755245143        1.2614949068832034E-006
   2.4542711839232951        1.0023423431144772E-006
   2.4605480923220759        7.4410088281969096E-007
   2.4668250007208568        4.8653580150787183E-007
   2.4731019091196376        2.2942217836617910E-007
   2.4793788175184184       -2.7482638283905134E-008
   2.4856557259171992       -2.8441024277547213E-007
   2.4919326343159800       -5.4160693605010125E-007
   2.4982095427147608       -7.9931071888543598E-007
   2.5044864511135416       -1.0577730471818677E-006
   2.5107633595123224       -1.3172389628190507E-006
   2.5170402679111032       -1.5779662021544899E-006
   2.5233171763098841       -1.8402077653397736E-006
   2.5295940847086644       -2.1042287506594113E-006
   2.5358709931074452       -2.3702911594889885E-006
   2.5421479015062260       -2.6386685742064909E-006
   2.5484248099050069       -2.9096331267659250E-006
   2.5547017183037877       -3.1834680933958510E-006
   2.5609786267025685       -3.4604569185083095E-006
   2.5672555351013493       -3.7408939166819348E-006
   2.5735324435001301       -4.0250750298995928E-006
   2.5798093518989109       -4.3133071861037728E-006
   2.5860862602976917       -4.6058998711255941E-006
   2.5923631686964725       -4.9031747085523994E-006
   2.5986400770952534       -5.2054551311849237E-006
   2.6049169854940342       -5.5130811296487225E-006
   2.6111938938928150       -5.8263873143816639E-006
   2.6174708022915958       -6.1457443854292787E-006
   2.6237477106903766       -6.4714716741209065E-006
   2.6300246190891574       -6.8044975964844359E-006
   2.6363015274879382       -7.1489026315796443E-006
   2.6425784358867190       -7.5096498310867566E-006
   2.6488553442854998       -7.8921014793282771E-006
   2.6551322526842807       -8.3021527839274022E-006
   2.6614091610830615       -8.7462755890970842E-006
   2.6676860694818423       -9.2315930253721645E-006
   2.6739629778806231       -9.7660006157067020E-006
   2.6802398862794039       -1.0358256414316064E-005
   2.6865167946781847       -1.1018168053989426E-005
   2.6927937030769655       -1.1756720061709689E-005
   2.6990706114757463       -1.2586337825288449E-005
   2.7053475198745272       -1.3521071774080831E-005
   2.7116244282733080       -1.4576959833903871E-005
   2.7179013366720888       -1.5772294049038818E-005
   2.7241782450708696       -1.7128114478345826E-005
   2.7304551534696504       -1.8668594440987917E-005
   2.7367320618684312       -2.0421714213767554E-005
   2.7430089702672120       -2.2419817051652955E-005
   2.7492858786659928       -2.4700533159909645E-005
   2.7555627870647736       -2.7307581805182337E-005
   2.7618396954635545       -3.0292048699806422E-005
   2.7681166038623353       -3.3713542366764334E-005
   2.7743935122611161       -3.7641977877134703E-005
   2.7806704206598969       -4.2159240126073384E-005
   2.7869473290586777       -4.7361706610942992E-005
   2.7932242374574585       -5.3362634436055925E-005
   2.7995011458562393       -6.0295406758147453E-005
   2.8057780542550201       -6.8310294186403511E-005
   2.8120549626538009       -7.7567140476338269E-005
   2.8183318710525818       -8.8249623979643984E-005
   2.8246087794513626       -1.0057216746385264E-004
   2.8308856878501434       -1.1478403292807616E-004
   2.8371625962489242       -1.3117560976411916E-004
   2.8434395046477050       -1.5008464800593635E-004
   2.8497164130464858       -1.7190461111818152E-004
   2.8559933214452666       -1.9709343413000329E-004
   2.8622702298440474       -2.2618487014532094E-004
   2.8685471382428283       -2.5980067807216366E-004
   2.8748240466416091       -2.9866614065065280E-004
   2.8811009550403899       -3.4362699401742721E-004
   2.8873778634391707       -3.9567073685248179E-004
   2.8936547718379515       -4.5595015042156078E-004
   2.8999316802367323       -5.2581265619116018E-004
   2.9062085886355131       -6.0683302167550100E-004
   2.9124854970342939       -7.0085392677799645E-004
   2.9187624054330747       -8.1003150252356108E-004
   2.9250393138318556       -9.3689153931561368E-004
   2.9313162222306364       -1.0843930006402182E-003
   2.9375931306294172       -1.2560060834266391E-003
   2.9438700390281980       -1.4558010309699706E-003
   2.9501469474269788       -1.6885565923919466E-003
   2.9564238558257596       -1.9598851194837065E-003
   2.9627007642245404       -2.2763812399138579E-003
   2.9689776726233212       -2.6458095945699912E-003
   2.9752545810221021       -3.0771679364786620E-003
   2.9815314894208829       -3.5795639828273950E-003
   2.9878083978196632       -4.1614190115251215E-003
   2.9940853062184440       -4.8316835858217199E-003
   3.0003622146172249       -5.6000338283091746E-003
   3.0066391230160057       -6.4767638954938830E-003
   3.0129160314147865       -7.4727172821068017E-003
   3.0191929398135673       -8.5991570322427741E-003
   3.0254698482123481       -9.8676225537427682E-003
   3.0317467566111289       -1.1289732672199366E-002
   3.0380236650099097       -1.2876959533296040E-002
   3.0443005734086905       -1.4640344579093755E-002
   3.0505774818074713       -1.6590177714061110E-002
   3.0568543902062522       -1.8735613819875385E-002
   3.0631312986050330       -2.1084251315510786E-002
   3.0694082070038138       -2.3641646518935241E-002
   3.0756851154025946       -2.6410797481797442E-002
   3.0819620238013754       -2.9391567732697473E-002
   3.0882389322001562       -3.2580099014161146E-002
   3.0945158405989370       -3.5968175058822736E-002
   3.1007927489977178       -3.9542610905278143E-002
   3.1070696573964987       -4.3284609976288621E-002
   3.1133465657952795       -4.7169208471458994E-002
   3.1196234741940603       -5.1164699826665640E-002
   3.1259003825928411       -5.5232255115352978E-002
   3.1321772909916219       -5.9325485518418139E-002
   3.1384541993904027       -6.3390465295364976E-002
   3.1447311077891835       -6.7365242182737456E-002
   3.1510080161879643       -7.1183062566895938E-002
   3.1572849245867451       -7.4790387069706740E-002
   3.1635618329855260       -7.8144300759280333E-002
   3.1698387413843068       -8.1201176482723916E-002
   3.1761156497830876       -8.3915755009268844E-002
   3.1823925581818684       -8.6241853764238055E-002
   3.1886694665806492       -8.8133001820240586E-002
   3.1949463749794300       -8.9543177395405030E-002
   3.2012232833782108       -9.0427623871134399E-002
   3.2075001917769916       -9.0743722569930421E-002
   3.2137771001757724       -9.0451937645342165E-002
   3.2200540085745533       -8.9516798024934147E-002
   3.2263309169733341       -8.7907924059182560E-002
   3.2326078253721149       -8.5601063964069024E-002
   3.2388847337708957       -8.2579136029127004E-002
   3.2451616421696765       -7.8833242529111211E-002
   3.2514385505684573       -7.4363640674921017E-002
   3.2577154589672381       -6.9180637357838567E-002
   3.2639923673660189       -6.3305384423226280E-002
   3.2702692757647998       -5.6770542963585940E-002
   3.2765461841635806       -4.9620787259550832E-002
   3.2828230925623614       -4.1913120808705732E-002
   3.2891000009611422       -3.3716971699955953E-002
   3.2953769093599230       -2.5114047508356895E-002
   3.3016538177587038       -1.6197915829683274E-002
   3.3079307261574846       -7.0733050203019374E-003
   3.3142076345562654        2.1449122166227186E-003
   3.3204845429550462        1.1333021322667888E-002
   3.3267614513538271        2.0360203502291011E-002
   3.3330383597526079        2.9091119115385772E-002
   3.3393152681513887        3.7388339742941486E-002
   3.3455921765501695        4.5114691886716636E-002
   3.3518690849489503        5.2135870280275248E-002
   3.3581459933477311        5.8323205103988168E-002
   3.3644229017465119        6.3556545132735787E-002
   3.3706998101452927        6.7727172171700156E-002
   3.3769767185440736        7.0740710672216128E-002
   3.3832536269428544        7.2519928862342903E-002
   3.3895305353416352        7.3007390456680032E-002
   3.3958074437404160        7.2167838564571388E-002
   3.4020843521391968        6.9990274782750037E-002
   3.4083612605379776        6.6489605091441750E-002
   3.4146381689367584        6.1707831521518854E-002
   3.4209150773355392        5.5714656368271817E-002
   3.4271919857343200        4.8607509373954305E-002
   3.4334688941331009        4.0510863392740216E-002
   3.4397458025318817        3.1574900111816982E-002
   3.4460227109306620        2.1973388261453168E-002
   3.4522996193294428        1.1900913720178664E-002
   3.4585765277282237        1.5693056834858059E-003
   3.4648534361270045       -8.7964808918424599E-003
   3.4711303445257853       -1.8963249998743725E-002
   3.4774072529245661       -2.8694741447933415E-002
   3.4836841613233469       -3.7757551645794307E-002
   3.4899610697221277       -4.5926783981984118E-002
   3.4962379781209085       -5.2992924234086997E-002
   3.5025148865196893       -5.8764058760817708E-002
   3.5087917949184702       -6.3054955970300086E-002
   3.5150687033172510       -6.5706952570948399E-002
   3.5213456117160318       -6.6598919071204632E-002
   3.5276225201148126       -6.5653840429068702E-002
   3.5338994285135934       -6.2845546809479264E-002
   3.5401763369123742       -5.8203687906826312E-002
   3.5464532453111550       -5.1817433697308665E-002
   3.5527301537099358       -4.3837029924065969E-002
   3.5590070621087166       -3.4473295563169103E-002
   3.5652839705074975       -2.3994557623400279E-002
   3.5715608789062783       -1.2721097300671738E-002
   3.5778377873050591       -1.0168965980507764E-003
   3.5841146957038399        1.0721095572329501E-002
   3.5903916041026207        2.2076085426060002E-002
   3.5966685125014015        3.2626500436236369E-002
   3.6029454209001823        4.1962601771240594E-002
   3.6092223292989631        4.9703958071507577E-002
   3.6154992376977440        5.5517118713915938E-002
   3.6217761460965248        5.9132613774339253E-002
   3.6280530544953056        6.0360456073542332E-002
   3.6343299628940864        5.9103207658976462E-002
   3.6406068712928672        5.5365783777676869E-002
   3.6468837796916480        4.9261172958054260E-002
   3.6531606880904288        4.1011441952515451E-002
   3.6594375964892096        3.0943536510703862E-002
   3.6657145048879904        1.9479618634146764E-002
   3.6719914132867713        7.1221179001608572E-003
   3.6782683216855521       -5.5664114694413966E-003
   3.6845452300843329       -1.7992439092570821E-002
   3.6908221384831137       -2.9565052143089684E-002
   3.6970990468818945       -3.9725241114950849E-002
   3.7033759552806753       -4.7973606173218684E-002
   3.7096528636794561       -5.3896131776971334E-002
   3.7159297720782369       -5.7186445154710788E-002
   3.7222066804770177       -5.7663412499008720E-002
   3.7284835888757986       -5.5282944870374461E-002
   3.7347604972745794       -5.0143242162013116E-002
   3.7410374056733602       -4.2482932136321858E-002
   3.7473143140721410       -3.2671968800007278E-002
   3.7535912224709218       -2.1195479801188237E-002
   3.7598681308697026       -8.6311747948787446E-003
   3.7661450392684834        4.3787402985492174E-003
   3.7724219476672642        1.7159832486356025E-002
   3.7786988560660451        2.9040331032717342E-002
   3.7849757644648259        3.9386840985436038E-002
   3.7912526728636067        4.7638987904711529E-002
   3.7975295812623875        5.3341061057885081E-002
   3.8038064896611683        5.6168826917867891E-002
   3.8100833980599491        5.5949863136361376E-002
   3.8163603064587299        5.2676071888958467E-002
   3.8226372148575107        4.6507407872416806E-002
   3.8289141232562915        3.7766320516578300E-002
   3.8351910316550724        2.6922920761674931E-002
   3.8414679400538532        1.4571399776180665E-002
   3.8477448484526340        1.3988020538099983E-003
   3.8540217568514148       -1.1852453665696247E-002
   3.8602986652501956       -2.4427018813638547E-002
   3.8665755736489764       -3.5600406485450216E-002
   3.8728524820477572       -4.4721400911051069E-002
   3.8791293904465380       -5.1251036495220489E-002
   3.8854062988453189       -5.4795821538887630E-002
   3.8916832072440997       -5.5133088404055876E-002
   3.8979601156428805       -5.2226764811875694E-002
   3.9042370240416608       -4.6232375080673023E-002
   3.9105139324404417       -3.7490699526702989E-002
   3.9167908408392225       -2.6510180310357710E-002
   3.9230677492380033       -1.3938858239571555E-002
   3.9293446576367841       -5.2727823825893044E-004
   3.9356215660355649        1.2915590453502426E-002
   3.9418984744343457        2.5570892176222000E-002
   3.9481753828331265        3.6659990384740111E-002
   3.9544522912319073        4.5493078659584581E-002
   3.9607291996306881        5.1513225712415379E-002
   3.9670061080294690        5.4332991700059112E-002
   3.9732830164282498        5.3761125713090094E-002
   3.9795599248270306        4.9817423133149241E-002
   3.9858368332258114        4.2734508043849116E-002
   3.9921137416245922        3.2946118212624075E-002
   3.9983906500233730        2.1062316703389705E-002
   4.0046675584221543        7.8329152709079430E-003
   4.0109444668209351       -5.8987973410174113E-003
   4.0172213752197159       -1.9249278332186540E-002
   4.0234982836184967       -3.1351355676428730E-002
   4.0297751920172775       -4.1409519521254066E-002
   4.0360521004160583       -4.8752267672623577E-002
   4.0423290088148391       -5.2879225029335980E-002
   4.0486059172136200       -5.3497646459394643E-002
   4.0548828256124008       -5.0545708445624268E-002
   4.0611597340111816       -4.4200792804069834E-002
   4.0674366424099624       -3.4871693886432152E-002
   4.0737135508087432       -2.3174845702092793E-002
   4.0799904592075240       -9.8957101290563666E-003
   4.0862673676063048        4.0624009371103657E-003
   4.0925442760050856        1.7738891044963678E-002
   4.0988211844038664        3.0181826633685314E-002
   4.1050980928026473        4.0514799515572492E-002
   4.1113750012014281        4.7999956017242607E-002
   4.1176519096002089        5.2092626441624414E-002
   4.1239288179989897        5.2483360489550310E-002
   4.1302057263977705        4.9124033116378051E-002
   4.1364826347965504        4.2235630053063182E-002
   4.1427595431953312        3.2296702925925388E-002
   4.1490364515941121        2.0012728050065647E-002
   4.1553133599928929        6.2681974571183090E-003
   4.1615902683916737       -7.9356052783864563E-003
   4.1678671767904545       -2.1552744431721359E-002
   4.1741440851892353       -3.3569777658608815E-002
   4.1804209935880161       -4.3081927021022516E-002
   4.1866979019867969       -4.9363001306064282E-002
   4.1929748103855777       -5.1922627718888982E-002
   4.1992517187843585       -5.0549451683598007E-002
   4.2055286271831394       -4.5341748542859918E-002
   4.2118055355819202       -3.6694055576835867E-002
   4.2180824439807010       -2.5262200862108872E-002
   4.2243593523794818       -1.1913441154035724E-002
   4.2306362607782626        2.3393945143724143E-003
   4.2369131691770434        1.6414663188193877E-002
   4.2431900775758242        2.9244040612136736E-002
   4.2494669859746050        3.9853578460689792E-002
   4.2557438943733858        4.7437693863594942E-002
   4.2620208027721667        5.1420347505298808E-002
   4.2682977111709475        5.1498856986678526E-002
   4.2745746195697283        4.7666933187707546E-002
   4.2808515279685091        4.0215245581529620E-002
   4.2871284363672899        2.9709410824094083E-002
   4.2934053447660707        1.6947111883916594E-002
   4.2996822531648515        2.8975578206356461E-003
   4.3059591615636323       -1.1372091412993293E-002
   4.3122360699624132       -2.4777779479049439E-002
   4.3185129783611940       -3.6300907589786165E-002
   4.3247898867599748       -4.5065752436523276E-002
   4.3310667951587556       -5.0406044167693648E-002
   4.3373437035575364       -5.1915656716647829E-002
   4.3436206119563172       -4.9479536715822295E-002
   4.3498975203550980       -4.3282524488592697E-002
   4.3561744287538788       -3.3795376279437343E-002
   4.3624513371526596       -2.1739050324305724E-002
   4.3687282455514405       -8.0299547324132400E-003
   4.3750051539502213        6.2896808195334582E-003
   4.3812820623490021        2.0131026927432343E-002
   4.3875589707477829        3.2441444633746652E-002
   4.3938358791465637        4.2284552405699949E-002
   4.4001127875453445        4.8911476427773090E-002
   4.4063896959441253        5.1817862089474052E-002
   4.4126666043429061        5.0782303373589598E-002
   4.4189435127416870        4.5883257845930656E-002
   4.4252204211404678        3.7493153199603127E-002
   4.4314973295392486        2.6250121070059182E-002
   4.4377742379380294        1.3009504233223527E-002
   4.4440511463368102       -1.2211866165603331E-003
   4.4503280547355910       -1.5358915465284473E-002
   4.4566049631343718       -2.8327543135611949E-002
   4.4628818715331526       -3.9139745892675736E-002
   4.4691587799319334       -4.6972207297554816E-002
   4.4754356883307143       -5.1228339323488220E-002
   4.4817125967294951       -5.1583771294647612E-002
   4.4879895051282759       -4.8011111814015517E-002
   4.4942664135270567       -4.0782117942117911E-002
   4.5005433219258375       -3.0447061731367409E-002
   4.5068202303246183       -1.7792899999887365E-002
   4.5130971387233991       -3.7833694463258053E-003
   4.5193740471221799        1.0514364864055570E-002
   4.5256509555209607        2.4011021041107510E-002
   4.5319278639197416        3.5678145521024746E-002
   4.5382047723185224        4.4626567149758309E-002
   4.5444816807173032        5.0174180273877898E-002
   4.5507585891160840        5.1900316322158177E-002
   4.5570354975148648        4.9682058474445671E-002
   4.5633124059136456        4.3697086801960071E-002
   4.5695893143124264        3.4407002014959193E-002
   4.5758662227112072        2.2520660026123046E-002
   4.5821431311099881        8.9389070566055061E-003
   4.5884200395087689       -5.3144203834914871E-003
   4.5946969479075497       -1.9170147439062018E-002
   4.6009738563063305       -3.1593986141303050E-002
   4.6072507647051113       -4.1663426724491574E-002
   4.6135276731038921       -4.8635526402846394E-002
   4.6198045815026729       -5.2000734222252577E-002
   4.6260814899014537       -5.1518883125839118E-002
   4.6323583983002345       -4.7234947647785158E-002
   4.6386353066990154       -3.9473619227286393E-002
   4.6449122150977962       -2.8813386998941235E-002
   4.6511891234965770       -1.6042253828672842E-002
   4.6574660318953578       -2.0985764334109109E-003
   4.6637429402941386        1.1998485185034451E-002
   4.6700198486929194        2.5223699651028764E-002
   4.6762967570917002        3.6620197127931318E-002
   4.6825736654904810        4.5368203603858133E-002
   4.6888505738892619        5.0843186224160772E-002
   4.6951274822880427        5.2659349650212482E-002
   4.7014043906868235        5.0695530459073324E-002
   4.7076812990856043        4.5101884971598963E-002
   4.7139582074843851        3.6287040731523272E-002
   4.7202351158831659        2.4887377540318282E-002
   4.7265120242819467        1.1722009756112844E-002
   4.7327889326807275       -2.2701756521569393E-003
   4.7390658410795083       -1.6104761983768978E-002
   4.7453427494782892       -2.8822262864370736E-002
   4.7516196578770700       -3.9553909016082925E-002
   4.7578965662758508       -4.7579487590530628E-002
   4.7641734746746316       -5.2373285338441045E-002
   4.7704503830734124       -5.3635518292684856E-002
   4.7767272914721932       -5.1307564229136800E-002
   4.7830041998709740       -4.5570591390092785E-002
   4.7892811082697548       -3.6828244068548385E-002
   4.7955580166685357       -2.5675140045611895E-002
   4.8018349250673165       -1.2853760807534862E-002
   4.8081118334660973        7.9699400355357170E-004
   4.8143887418648781        1.4397944411419835E-002
   4.8206656502636589        2.7086644004998613E-002
   4.8269425586624397        3.8071593616355683E-002
   4.8332194670612205        4.6680298185072557E-002
   4.8394963754600013        5.2398379393958021E-002
   4.8457732838587821        5.4897624637056538E-002
   4.8520501922575630        5.4051670687733609E-002
   4.8583271006563438        4.9938824301364190E-002
   4.8646040090551246        4.2832369769940558E-002
   4.8708809174539054        3.3179433601377345E-002
   4.8771578258526862        2.1570157044619953E-002
   4.8834347342514670        8.6993946966569102E-003
   4.8897116426502478       -4.6764816499951243E-003
   4.8959885510490286       -1.7784697295495290E-002
   4.9022654594478094       -2.9878318062273170E-002
   4.9085423678465903       -4.0274635503167004E-002
   4.9148192762453711       -4.8392875486372285E-002
   4.9210961846441519       -5.3785787793795822E-002
   4.9273730930429327       -5.6162974790972972E-002
   4.9336500014417135       -5.5405083924583515E-002
   4.9399269098404943       -5.1568167088194512E-002
   4.9462038182392751       -4.4878241299503428E-002
   4.9524807266380559       -3.5716526695363876E-002
   4.9587576350368368       -2.4596416446823009E-002
   4.9650345434356176       -1.2133602408930433E-002
   4.9713114518343984        9.8883177418989570E-004
   4.9775883602331792        1.4058356343520928E-002
   4.9838652686319600        2.6371832706930779E-002
   4.9901421770307408        3.7273145330004490E-002
   4.9964190854295216        4.6187612678187009E-002
   5.0026959938283024        5.2651431655881854E-002
   5.0089729022270832        5.6334678596283924E-002
   5.0152498106258641        5.7056822573111621E-002
   5.0215267190246449        5.4794076834349073E-002
   5.0278036274234257        4.9678428026314718E-002
   5.0340805358222065        4.1988545865658908E-002
   5.0403574442209873        3.2133293123794704E-002
   5.0466343526197681        2.0628788948049936E-002
   5.0529112610185480        8.0704728296468343E-003
   5.0591881694173289       -4.8984655827280406E-003
   5.0654650778161097       -1.7620203798289547E-002
   5.0717419862148905       -2.9456923963022189E-002
   5.0780188946136713       -3.9830560048800603E-002
   5.0842958030124521       -4.8252776335801113E-002
   5.0905727114112329       -5.4344178270022560E-002
   5.0968496198100137       -5.7848091786616561E-002
   5.1031265282087945       -5.8637752999941055E-002
   5.1094034366075753       -5.6716764000308992E-002
   5.1156803450063562       -5.2213247611788097E-002
   5.1219572534051370       -4.5368441302826641E-002
   5.1282341618039178       -3.6520641057750824E-002
   5.1345110702026986       -2.6085614366928762E-002
   5.1407879786014794       -1.4534632723815579E-002
   5.1470648870002602       -2.3713426555089239E-003
   5.1533417953990410        9.8913985176401192E-003
   5.1596187037978218        2.1753643383088241E-002
   5.1658956121966026        3.2748539575546000E-002
   5.1721725205953835        4.2459807055612933E-002
   5.1784494289941643        5.0535975105617380E-002
   5.1847263373929451        5.6700988702174479E-002
   5.1910032457917259        6.0761046828668605E-002
   5.1972801541905067        6.2607652773090813E-002
   5.2035570625892875        6.2217093597243832E-002
   5.2098339709880683        5.9646619101173116E-002
   5.2161108793868491        5.5027803957589681E-002
   5.2223877877856300        4.8557527831433474E-002
   5.2286646961844108        4.0487227431420025E-002
   5.2349416045831916        3.1110852946548966E-002
   5.2412185129819724        2.0752343038380493E-002
   5.2474954213807532        9.7525040015610329E-003
   5.2537723297795340       -1.5439843303995102E-003
   5.2600492381783148       -1.2795367504942029E-002
   5.2663261465770956       -2.3672279957382511E-002
   5.2726030549758764       -3.3867312840296072E-002
   5.2788799633746573       -4.3103107649650856E-002
   5.2851568717734381       -5.1139113513168938E-002
   5.2914337801722189       -5.7776719331664866E-002
   5.2977106885709997       -6.2862832589490880E-002
   5.3039875969697805       -6.6291825856166442E-002
   5.3102645053685613       -6.8005983904290440E-002
   5.3165414137673421       -6.7994497196991827E-002
   5.3228183221661229       -6.6291199183130770E-002
   5.3290952305649038       -6.2971168406020142E-002
   5.3353721389636846       -5.8146435653444274E-002
   5.3416490473624654       -5.1960950224176655E-002
   5.3479259557612462       -4.4585061952153865E-002
   5.3542028641600270       -3.6209669044164394E-002
   5.3604797725588078       -2.7040282502993507E-002
   5.3667566809575886       -1.7291121707992504E-002
   5.3730335893563694       -7.1794734424644397E-003
   5.3793104977551502        3.0796337579021785E-003
   5.3855874061539311        1.3278223347360204E-002
   5.3918643145527119        2.3219673511681593E-002
   5.3981412229514927        3.2722296972950045E-002
   5.4044181313502735        4.1622390778506518E-002
   5.4106950397490543        4.9776399704712579E-002
   5.4169719481478351        5.7062628363872873E-002
   5.4232488565466159        6.3378890168962906E-002
   5.4295257649453967        6.8635074677539251E-002
   5.4358026733441775        7.2760376198424653E-002
   5.4420795817429584        7.5705230408479457E-002
   5.4483564901417392        7.7440913740654732E-002
   5.4546333985405200        7.7959256705406335E-002
   5.4609103069393008        7.7271761798808528E-002
   5.4671872153380816        7.5408566879429068E-002
   5.4734641237368624        7.2417035944837962E-002
   5.4797410321356432        6.8360204625238938E-002
   5.4860179405344240        6.3314986460045061E-002
   5.4922948489332049        5.7370294667382637E-002
   5.4985717573319857        5.0625033173293782E-002
   5.5048486657307665        4.3186076039546432E-002
   5.5111255741295473        3.5166208284404338E-002
   5.5174024825283281        2.6682125331820652E-002
   5.5236793909271089        1.7852469225894712E-002
   5.5299562993258897        8.7959836547724796E-003
   5.5362332077246705       -3.7023735062607363E-004
   5.5425101161234513       -9.5323352900063690E-003
   5.5487870245222322       -1.8581142168393187E-002
   5.5550639329210130       -2.7413437699437944E-002
   5.5613408413197938       -3.5933058570714153E-002
   5.5676177497185746       -4.4051790358318084E-002
   5.5738946581173554       -5.1690113782038284E-002
   5.5801715665161362       -5.8777728445366051E-002
   5.5864484749149170       -6.5253918559306123E-002
   5.5927253833136978       -7.1068199196794662E-002
   5.5990022917124787       -7.6185539589717424E-002
   5.6052792001112595       -8.0590663890694636E-002
   5.6115561085100403       -8.4280624397041023E-002
   5.6178330169088211       -8.7262482399028132E-002
   5.6241099253076019       -8.9552487110699380E-002
   5.6303868337063827       -9.1174838836616146E-002
   5.6366637421051635       -9.2160600075978510E-002
   5.6429406505039443       -9.2546504103788438E-002
   5.6492175589027251       -9.2373857788664443E-002
   5.6554944673015060       -9.1687437442793035E-002
   5.6617713757002868       -9.0534484454823996E-002
   5.6680482840990676       -8.8963742496049353E-002
   5.6743251924978484       -8.7024604499458189E-002
   5.6806021008966292       -8.4766326506131404E-002
   5.6868790092954100       -8.2237356023908512E-002
   5.6931559176941908       -7.9484736962707012E-002
   5.6994328260929716       -7.6553627465598226E-002
   5.7057097344917524       -7.3486892567240725E-002
   5.7119866428905333       -7.0324803432993535E-002
   5.7182635512893141       -6.7104800801148765E-002
   5.7245404596880949       -6.3861357230484819E-002
   5.7308173680868757       -6.0625884596252226E-002
   5.7370942764856565       -5.7426737234657320E-002
   5.7433711848844373       -5.4289227437840468E-002
   5.7496480932832181       -5.1235756873290607E-002
   5.7559250016819989       -4.8285872413241518E-002
   5.7622019100807798       -4.5456625498513724E-002
   5.7684788184795606       -4.2761576167338250E-002
   5.7747557268783414       -4.0203930621965422E-002
   5.7810326352771222       -3.7778807521072627E-002
   5.7873095436759030       -3.5480565058187134E-002
   5.7935864520746838       -3.3303774867148056E-002
   5.7998633604734646       -3.1243112535822209E-002
   5.8061402688722454       -2.9293396542061100E-002
   5.8124171772710262       -2.7449578559439695E-002
   5.8186940856698071       -2.5706751789492280E-002
   5.8249709940685879       -2.4060150612325717E-002
   5.8312479024673687       -2.2505152672768709E-002
   5.8375248108661495       -2.1037279350587829E-002
   5.8438017192649303       -1.9652195557110431E-002
   5.8500786276637111       -1.8345709397847989E-002
   5.8563555360624919       -1.7113770837472876E-002
   5.8626324444612727       -1.5952470148954248E-002
   5.8689093528600536       -1.4858036006354622E-002
   5.8751862612588344       -1.3826832555231310E-002
   5.8814631696576152       -1.2855357391220146E-002
   5.8877400780563960       -1.1940237022870406E-002
   5.8940169864551768       -1.1078225334411421E-002
   5.9002938948539576       -1.0266196878734726E-002
   5.9065708032527384       -9.5011469542093802E-003
   5.9128477116515192       -8.7801811514599155E-003
   5.9191246200503000       -8.1005200483771269E-003
   5.9254015284490809       -7.4594794030597667E-003
   5.9316784368478617       -6.8544923903964767E-003
   5.9379553452466425       -6.2830420466818250E-003
   5.9442322536454233       -5.7429807296924843E-003
   5.9505091620442041       -5.2340535124246130E-003
   5.9567860704429849       -4.7566133515984004E-003
   5.9630629788417657       -4.3106658744097746E-003
   5.9693398872405457       -3.8958706864670144E-003
   5.9756167956393265       -3.5115870544677624E-003
   5.9818937040381073       -3.1569331039317853E-003
   5.9881706124368881       -2.8308271854427997E-003
   5.9944475208356689       -2.5320356153213002E-003
   6.0007244292344497       -2.2592085355501910E-003
   6.0070013376332305       -2.0109173240331520E-003
   6.0132782460320113       -1.7856834381840402E-003
   6.0195551544307921       -1.5820065815354849E-003
   6.0258320628295730       -1.3983864216076329E-003
   6.0321089712283538       -1.2333426710821980E-003
   6.0383858796271346       -1.0854303127098086E-003
   6.0446627880259154       -9.5325285999099760E-004
   6.0509396964246962       -8.3547208782599385E-004
   6.0572166048234770       -7.3081576458884775E-004
   6.0634935132222578       -6.3808303248810803E-004
   6.0697704216210386       -5.5614783125655740E-004
   6.0760473300198194       -4.8396109682838172E-004
   6.0823242384186003       -4.2055092504728612E-004
   6.0886011468173811       -3.6502276503079040E-004
   6.0948780552161619       -3.1655703351134786E-004
   6.1011549636149427       -2.7440873562350950E-004
   6.1074318720137235       -2.3790214227111604E-004
   6.1137087804125043       -2.0643411434047057E-004
   6.1199856888112851       -1.7944251740202027E-004
   6.1262625972100659       -1.5628751902004433E-004
   6.1325395056088468       -1.3639211742029681E-004
   6.1388164140076276       -1.1927228755184795E-004
   6.1450933224064084       -1.0451773951073084E-004
   6.1513702308051892       -9.1782530045948982E-005
   6.1576471392039700       -8.0773165732056368E-005
   6.1639240476027508       -7.1241319550119876E-005
   6.1702009560015316       -6.2975860703324204E-005
   6.1764778644003124       -5.5797634339793849E-005
   6.1827547727990932       -4.9553929141847884E-005
   6.1890316811978741       -4.4114812770945420E-005
   6.1953085895966549       -3.9369218876402939E-005
   6.2015854979954357       -3.5222399687568425E-005
   6.2078624063942165       -3.1593117610462148E-005
   6.2141393147929973       -2.8411888854240007E-005
   6.2204162231917781       -2.5618939332421644E-005
   6.2266931315905589       -2.3163006111339101E-005
   6.2329700399893397       -2.0999827466784623E-005
   6.2392469483881206       -1.9091337562532584E-005
   6.2455238567869014       -1.7404532895266571E-005
   6.2518007651856822       -1.5910944628984783E-005
   6.2580776735844630       -1.4585772205165302E-005
   6.2643545819832438       -1.3407552458745754E-005
   6.2706314903820246       -1.2357483914391350E-005
   6.2769083987808054       -1.1419236780434161E-005
   6.2831853071795862       -1.0578412675359821E-005
