   6.2769083987808056E-003  -1.5705359191347365E-012
   1.2553816797561611E-002   1.5541167467338917E-012
   1.8830725196342418E-002  -1.5385679329929162E-012
   2.5107633595123222E-002   1.5227615293536133E-012
   3.1384541993904030E-002  -1.5078821744059186E-012
   3.7661450392684835E-002   1.4913696857288017E-012
   4.3938358791465640E-002  -1.4782014819544236E-012
   5.0215267190246445E-002   1.4612044701831417E-012
   5.6492175589027249E-002  -1.4490518650085082E-012
   6.2769083987808061E-002   1.4319195002563530E-012
   6.9045992386588859E-002  -1.4207603040466607E-012
   7.5322900785369670E-002   1.4037933205226667E-012
   8.1599809184150468E-002  -1.3921876394711506E-012
   8.7876717582931280E-002   1.3772525848933946E-012
   9.4153625981712077E-002  -1.3640787044632384E-012
  0.10043053438049289        1.3510070976338380E-012
  0.10670744277927370       -1.3372337222743376E-012
  0.11298435117805450        1.3251183027824833E-012
  0.11926125957683531       -1.3108936458518100E-012
  0.12553816797561612        1.3003624175443525E-012
  0.13181507637439691       -1.2848264666882532E-012
  0.13809198477317772        1.2759842013678122E-012
  0.14436889317195853       -1.2600336651657450E-012
  0.15064580157073934        1.2515589911815420E-012
  0.15692270996952015       -1.2363826775930666E-012
  0.16319961836830094        1.2272981750923900E-012
  0.16947652676708175       -1.2133833328626271E-012
  0.17575343516586256        1.2042502844341817E-012
  0.18203034356464337       -1.1900756900377290E-012
  0.18830725196342415        1.1825118390794396E-012
  0.19458416036220497       -1.1666763086332359E-012
  0.20086106876098578        1.1616234561429211E-012
  0.20713797715976659       -1.1441731014576640E-012
  0.21341488555854740        1.1405953764026717E-012
  0.21969179395732819       -1.1226031080600197E-012
  0.22596870235610900        1.1197600927387955E-012
  0.23224561075488981       -1.1016584297617212E-012
  0.23852251915367062        1.0993680982391196E-012
  0.24479942755245140       -1.0809930711332414E-012
  0.25107633595123224        1.0794528134653881E-012
  0.25735324435001306       -1.0612015236290811E-012
  0.26363015274879381        1.0593765440796324E-012
  0.26990706114757462       -1.0425188453641319E-012
  0.27618396954635543        1.0390630796198023E-012
  0.28246087794513625       -1.0245921654531265E-012
  0.28873778634391706        1.0197643815154541E-012
  0.29501469474269787       -1.0059291537161205E-012
  0.30129160314147868        1.0015223098875929E-012
  0.30756851154025949       -9.8822165046990235E-013
  0.31384541993904030        9.8290214101971935E-013
  0.32012232833782106       -9.7083744766058144E-013
  0.32639923673660187        9.6483610100106679E-013
  0.33267614513538268       -9.5380266497661648E-013
  0.33895305353416350        9.4691978174787896E-013
  0.34522996193294431       -9.3760708635548033E-013
  0.35150687033172512        9.2952918877711649E-013
  0.35778377873050593       -9.2095923660064678E-013
  0.36406068712928674        9.1291779596112512E-013
  0.37033759552806755       -9.0455777981824716E-013
  0.37661450392684831        8.9671952577776603E-013
  0.38289141232562912       -8.8873923870365106E-013
  0.38916832072440993        8.8042383248277274E-013
  0.39544522912319074       -8.7366914726976212E-013
  0.40172213752197156        8.6346474244877760E-013
  0.40799904592075237       -8.6027313629207732E-013
  0.41427595431953318        8.4585997200238125E-013
  0.42055286271831399       -8.4729217702475291E-013
  0.42682977111709480        8.2851111302613120E-013
  0.43310667951587556       -8.3502146128172961E-013
  0.43938358791465637        8.1202074542266768E-013
  0.44566049631343718       -8.2129295080209793E-013
  0.45193740471221799        7.9746033282954713E-013
  0.45821431311099881       -8.0647123751813396E-013
  0.46449122150977962        7.8443942175553824E-013
  0.47076812990856043       -7.9058907980592869E-013
  0.47704503830734124        7.7309674926378517E-013
  0.48332194670612205       -7.7393071295864552E-013
  0.48959885510490281        7.6293045179343997E-013
  0.49587576350368362       -7.5675322422265200E-013
  0.50215267190246449        7.5330916315157363E-013
  0.50842958030124530       -7.3959934373429288E-013
  0.51470648870002611        7.4394381786630710E-013
  0.52098339709880681       -7.2318051893200180E-013
  0.52726030549758762        7.3382550797874684E-013
  0.53353721389636843       -7.0826092899120480E-013
  0.53981412229514925        7.2267725632309576E-013
  0.54609103069393006       -6.9494898167758775E-013
  0.55236793909271087        7.1107533092810251E-013
  0.55864484749149168       -6.8151459037565646E-013
  0.56492175589027249        7.0001803033083145E-013
  0.57119866428905330       -6.6850133713363067E-013
  0.57747557268783412        6.8874752165303302E-013
  0.58375248108661493       -6.5562344649464723E-013
  0.59002938948539574        6.7830979830091089E-013
  0.59630629788417655       -6.4316958277531250E-013
  0.60258320628295736        6.6741515827190793E-013
  0.60886011468173817       -6.3024185355656423E-013
  0.61513702308051899        6.5780877759635849E-013
  0.62141393147929980       -6.1666216166274979E-013
  0.62769083987808061        6.4947145432892946E-013
  0.63396774827686131       -6.0272958868112098E-013
  0.64024465667564212        6.4167053754143894E-013
  0.64652156507442293       -5.8833168289931831E-013
  0.65279847347320374        6.3467651183699039E-013
  0.65907538187198456       -5.7327870645010906E-013
  0.66535229027076537        6.2879238961639163E-013
  0.67162919866954618       -5.5701110420915307E-013
  0.67790610706832699        6.2408319586624095E-013
  0.68418301546710780       -5.4073291124973258E-013
  0.69045992386588861        6.1984895271468906E-013
  0.69673683226466943       -5.2469613543747257E-013
  0.70301374066345024        6.1504004323324072E-013
  0.70929064906223105       -5.1020679814172247E-013
  0.71556755746101186        6.0813260692267418E-013
  0.72184446585979267       -4.9897014641863099E-013
  0.72812137425857348        5.9841359328755063E-013
  0.73439828265735430       -4.8985482113691703E-013
  0.74067519105613511        5.8695837752162216E-013
  0.74695209945491581       -4.8347499583913028E-013
  0.75322900785369662        5.7320719502636426E-013
  0.75950591625247743       -4.7844127220208789E-013
  0.76578282465125824        5.5881423724707998E-013
  0.77205973305003905       -4.7490471993125635E-013
  0.77833664144881987        5.4367624831869706E-013
  0.78461354984760068       -4.7116966930905243E-013
  0.79089045824638149        5.2900679570758426E-013
  0.79716736664516230       -4.6777421277082909E-013
  0.80344427504394311        5.1370740800562962E-013
  0.80972118344272392       -4.6615574758839862E-013
  0.81599809184150474        4.9666329838559660E-013
  0.82227500024028555       -4.6546923246984522E-013
  0.82855190863906636        4.8041376999560751E-013
  0.83482881703784717       -4.6457255556843344E-013
  0.84110572543662798        4.6391205624174229E-013
  0.84738263383540879       -4.6303822655786160E-013
  0.85365954223418961        4.4852423046940283E-013
  0.85993645063297042       -4.6174971212012454E-013
  0.86621335903175112        4.3271722096447600E-013
  0.87249026743053193       -4.6073386889765155E-013
  0.87876717582931274        4.1699481361680871E-013
  0.88504408422809355       -4.6069358112759381E-013
  0.89132099262687436        4.0014435635302583E-013
  0.89759790102565518       -4.6119294545961497E-013
  0.90387480942443599        3.8320984025672302E-013
  0.91015171782321680       -4.6163872806601533E-013
  0.91642862622199761        3.6816155880231446E-013
  0.92270553462077842       -4.5941455032703741E-013
  0.92898244301955923        3.5606221343157224E-013
  0.93525935141834005       -4.5313931417862071E-013
  0.94153625981712086        3.4968265595284415E-013
  0.94781316821590167       -4.4142915294654011E-013
  0.95409007661468248        3.4804167296783570E-013
  0.96036698501346329       -4.2542683280146137E-013
  0.96664389341224410        3.5151986006048163E-013
  0.97292080181102492       -4.0450573050338995E-013
  0.97919771020980562        3.5805648773818337E-013
  0.98547461860858643       -3.8313560166072361E-013
  0.99175152700736724        3.6480813661856441E-013
  0.99802843540614805       -3.6127900983652254E-013
   1.0043053438049290        3.7225335375422835E-013
   1.0105822522037098       -3.3911328962927239E-013
   1.0168591606024906        3.7937312063118301E-013
   1.0231360690012714       -3.1888457821031882E-013
   1.0294129774000522        3.8366332238387683E-013
   1.0356898857988328       -3.0227834143758858E-013
   1.0419667941976136        3.8415554915735429E-013
   1.0482437025963944       -2.8958037991552148E-013
   1.0545206109951752        3.8139816657597298E-013
   1.0607975193939561       -2.8016276786985082E-013
   1.0670744277927369        3.7470505423077811E-013
   1.0733513361915177       -2.7506104566025027E-013
   1.0796282445902985        3.6410734548295432E-013
   1.0859051529890793       -2.7386459374336502E-013
   1.0921820613878601        3.4953053068230139E-013
   1.0984589697866409       -2.7726551353519465E-013
   1.1047358781854217        3.3126457996671972E-013
   1.1110127865842025       -2.8325010669908707E-013
   1.1172896949829834        3.1080141312757993E-013
   1.1235666033817642       -2.9125818721299203E-013
   1.1298435117805450        2.8971190753106414E-013
   1.1361204201793258       -2.9854885719003071E-013
   1.1423973285781066        2.6984833451554159E-013
   1.1486742369768874       -3.0571736976896527E-013
   1.1549511453756682        2.4995562798893493E-013
   1.1612280537744490       -3.1184232738132348E-013
   1.1675049621732299        2.3218558079336088E-013
   1.1737818705720107       -3.1536466324188513E-013
   1.1800587789707915        2.1856434818771868E-013
   1.1863356873695723       -3.1430920204573685E-013
   1.1926125957683531        2.0873999575843893E-013
   1.1988895041671339       -3.0942910031092309E-013
   1.2051664125659147        2.0460006586412961E-013
   1.2114433209646955       -2.9787438716906104E-013
   1.2177202293634763        2.0606003690064873E-013
   1.2239971377622572       -2.8344889576556727E-013
   1.2302740461610380        2.0940280257503536E-013
   1.2365509545598188       -2.6664653374164299E-013
   1.2428278629585996        2.1574240419601080E-013
   1.2491047713573804       -2.4693730473312606E-013
   1.2553816797561612        2.2422537600102496E-013
   1.2616585881549420       -2.2637676711130961E-013
   1.2679354965537226        2.3321256538027666E-013
   1.2742124049525034       -2.0625565411008627E-013
   1.2804893133512842        2.4080305069580156E-013
   1.2867662217500651       -1.8796202830759507E-013
   1.2930431301488459        2.4687732108902415E-013
   1.2993200385476267       -1.7139786084268531E-013
   1.3055969469464075        2.4972702728525354E-013
   1.3118738553451883       -1.5969084259144427E-013
   1.3181507637439691        2.4754719065064097E-013
   1.3244276721427499       -1.5307633965347738E-013
   1.3307045805415307        2.3973967038767621E-013
   1.3369814889403115       -1.5260185655554392E-013
   1.3432583973390924        2.2779238394609236E-013
   1.3495353057378732       -1.5430064632878527E-013
   1.3558122141366540        2.1383068932113354E-013
   1.3620891225354348       -1.5799996441178031E-013
   1.3683660309342156        1.9837400836270065E-013
   1.3746429393329964       -1.6318660214346760E-013
   1.3809198477317772        1.8184799999113379E-013
   1.3871967561305580       -1.6894027258937683E-013
   1.3934736645293389        1.6532413606823792E-013
   1.3997505729281197       -1.7487661941306485E-013
   1.4060274813269005        1.4861269157768381E-013
   1.4123043897256813       -1.8059333315181853E-013
   1.4185812981244621        1.3244006583146974E-013
   1.4248582065232429       -1.8523244391993231E-013
   1.4311351149220237        1.1840272607622977E-013
   1.4374120233208045       -1.8767108679154562E-013
   1.4436889317195853        1.0711681456169056E-013
   1.4499658401183662       -1.8647491209529878E-013
   1.4562427485171470        9.9872789866141712E-014
   1.4625196569159278       -1.8180947385128979E-013
   1.4687965653147086        9.5919565670209693E-014
   1.4750734737134894       -1.7354165674879075E-013
   1.4813503821122702        9.5378827104239710E-014
   1.4876272905110510       -1.6319010288531492E-013
   1.4939041989098316        9.6579912749113366E-014
   1.5001811073086124       -1.5056194338398695E-013
   1.5064580157073932        9.9130129611754335E-014
   1.5127349241061741       -1.3777256855684787E-013
   1.5190118325049549        1.0232818253385983E-013
   1.5252887409037357       -1.2438968993867209E-013
   1.5315656493025165        1.0596494075849153E-013
   1.5378425577012973       -1.1071614831259190E-013
   1.5441194661000781        1.0966752653138401E-013
   1.5503963744988589       -9.8168326706673954E-014
   1.5566732828976397        1.1102736183466716E-013
   1.5629501912964205       -8.7966218250336579E-014
   1.5692270996952014        1.1051681098087553E-013
   1.5755040080939822       -7.9844411925606988E-014
   1.5817809164927630        1.0735519428794155E-013
   1.5880578248915438       -7.4873201578843727E-014
   1.5943347332903246        1.0217018083727288E-013
   1.6006116416891054       -7.0603018085527236E-014
   1.6068885500878862        9.6891639516828842E-014
   1.6131654584866670       -6.6353263230624119E-014
   1.6194423668854478        9.1754234445695274E-014
   1.6257192752842287       -6.2315201404749516E-014
   1.6319961836830095        8.6152631869516370E-014
   1.6382730920817903       -5.8079464085889597E-014
   1.6445500004805711        8.0594510843903576E-014
   1.6508269088793519       -5.5206059832205879E-014
   1.6571038172781327        7.3382458479756865E-014
   1.6633807256769135       -5.3696519998691207E-014
   1.6696576340756943        6.5396366684626772E-014
   1.6759345424744752       -5.2937696659342501E-014
   1.6822114508732560        5.6656687132142512E-014
   1.6884883592720368       -5.2625164071015088E-014
   1.6947652676708176        4.8213866214527304E-014
   1.7010421760695984       -5.0968640858805404E-014
   1.7073190844683792        4.1180318492779560E-014
   1.7135959928671600       -4.8784447787696025E-014
   1.7198729012659408        3.4891461003896543E-014
   1.7261498096647214       -4.5100441542501255E-014
   1.7324267180635022        3.0373864348655984E-014
   1.7387036264622830       -4.0337472412529732E-014
   1.7449805348610639        2.6585919379338294E-014
   1.7512574432598447       -3.5387776851674337E-014
   1.7575343516586255        2.2115305442518875E-014
   1.7638112600574063       -3.1305103257132910E-014
   1.7700881684561871        1.6190851670898618E-014
   1.7763650768549679       -2.9972699234391903E-014
   1.7826419852537487        9.1205676200131127E-015
   1.7889188936525295       -2.7877700990262788E-014
   1.7951958020513104        2.2492651113856607E-015
   1.8014727104500912       -2.5752741597846223E-014
   1.8077496188488720       -3.7997600377182916E-015
   1.8140265272476528       -2.2595082030773390E-014
   1.8203034356464336       -8.5128698118492594E-015
   1.8265803440452144       -1.8223375562983473E-014
   1.8328572524439952       -1.2356201980055501E-014
   1.8391341608427760       -1.3602764358242103E-014
   1.8454110692415568       -1.6610435924710978E-014
   1.8516879776403377       -9.3179253008496059E-015
   1.8579648860391185       -2.0262592493678489E-014
   1.8642417944378993       -4.8075884793867703E-015
   1.8705187028366801       -2.4214373605926882E-014
   1.8767956112354609       -5.4368403329496260E-016
   1.8830725196342417       -2.8438161637026032E-014
   1.8893494280330225        3.1944301713698531E-015
   1.8956263364318033       -3.3144889749049552E-014
   1.9019032448305841        6.8497169740910415E-015
   1.9081801532293650       -3.7052147167617420E-014
   1.9144570616281458        1.0986705262871469E-014
   1.9207339700269266       -4.1605064462827941E-014
   1.9270108784257074        1.4736503243943056E-014
   1.9332877868244882       -4.5954651099560606E-014
   1.9395646952232690        1.8205825205933433E-014
   1.9458416036220498       -5.0397471285784590E-014
   1.9521185120208304        2.1795798528419605E-014
   1.9583954204196112       -5.4668006329168282E-014
   1.9646723288183920        2.4968131156984565E-014
   1.9709492372171729       -5.9598410686047605E-014
   1.9772261456159537        2.7739482542588397E-014
   1.9835030540147345       -6.4359422818869735E-014
   1.9897799624135153        3.0848031767274134E-014
   1.9960568708122961       -6.8761380272442144E-014
   2.0023337792110771        3.4829738098735394E-014
   2.0086106876098579       -7.2060318494346241E-014
   2.0148875960086388        3.9057283174522011E-014
   2.0211645044074196       -7.5090872546455011E-014
   2.0274414128062004        4.3483771628937990E-014
   2.0337183212049812       -7.8585242117473286E-014
   2.0399952296037620        4.7508499906634017E-014
   2.0462721380025428       -8.1410748666408534E-014
   2.0525490464013236        5.2053566195316298E-014
   2.0588259548001044       -8.4000808315736063E-014
   2.0651028631988853        5.6870158951059162E-014
   2.0713797715976656       -8.6666174035260510E-014
   2.0776566799964464        6.1432216506560103E-014
   2.0839335883952272       -8.8910553819129427E-014
   2.0902104967940081        6.6428063241083796E-014
   2.0964874051927889       -9.1009216337507737E-014
   2.1027643135915697        7.1439586158506625E-014
   2.1090412219903505       -9.2717013315360497E-014
   2.1153181303891313        7.6519793415982856E-014
   2.1215950387879121       -9.4976105633720999E-014
   2.1278719471866929        8.0279416939615876E-014
   2.1341488555854737       -9.8110163735989554E-014
   2.1404257639842545        8.3878396129302358E-014
   2.1467026723830354       -1.0092902431147947E-013
   2.1529795807818162        8.7688908285986108E-014
   2.1592564891805970       -1.0352838618266271E-013
   2.1655333975793778        9.1710661063850271E-014
   2.1718103059781586       -1.0591737964410570E-013
   2.1780872143769394        9.6169522267776606E-014
   2.1843641227757202       -1.0749329656544731E-013
   2.1906410311745010        1.0021009649841198E-013
   2.1969179395732819       -1.0996426035200461E-013
   2.2031948479720627        1.0386335636897602E-013
   2.2094717563708435       -1.1176171345610936E-013
   2.2157486647696243        1.0802553385081982E-013
   2.2220255731684051       -1.1353089072485730E-013
   2.2283024815671859        1.1210614187088964E-013
   2.2345793899659667       -1.1560901798285704E-013
   2.2408562983647475        1.1520289571303094E-013
   2.2471332067635283       -1.1871150507840304E-013
   2.2534101151623092        1.1691009196200360E-013
   2.2596870235610900       -1.2229723852996668E-013
   2.2659639319598708        1.1874090521365046E-013
   2.2722408403586516       -1.2554968583830790E-013
   2.2785177487574324        1.2118964569970924E-013
   2.2847946571562132       -1.2746885192063869E-013
   2.2910715655549940        1.2433650557126269E-013
   2.2973484739537748       -1.2849770913955660E-013
   2.3036253823525557        1.2856898686883966E-013
   2.3099022907513365       -1.2868410825470519E-013
   2.3161791991501173        1.3251478975587521E-013
   2.3224561075488981       -1.2953523807619811E-013
   2.3287330159476789        1.3618519178559253E-013
   2.3350099243464597       -1.3060112121934550E-013
   2.3412868327452405        1.3785997115008092E-013
   2.3475637411440213       -1.3358054896852788E-013
   2.3538406495428021        1.3858254912154053E-013
   2.3601175579415830       -1.3604606740118986E-013
   2.3663944663403638        1.3951509342635919E-013
   2.3726713747391446       -1.3866884659869145E-013
   2.3789482831379254        1.4037410382386261E-013
   2.3852251915367062       -1.4061985293629473E-013
   2.3915020999354870        1.4141466012468929E-013
   2.3977790083342678       -1.4303138878529106E-013
   2.4040559167330486        1.4147705169017080E-013
   2.4103328251318294       -1.4481550548295120E-013
   2.4166097335306103        1.4230539634282925E-013
   2.4228866419293911       -1.4597418405452888E-013
   2.4291635503281719        1.4347079483822301E-013
   2.4354404587269527       -1.4571992574588933E-013
   2.4417173671257335        1.4606017548936198E-013
   2.4479942755245143       -1.4428895070053916E-013
   2.4542711839232951        1.4863039978521784E-013
   2.4605480923220759       -1.4321417836443250E-013
   2.4668250007208568        1.5009235084698366E-013
   2.4731019091196376       -1.4299060000705855E-013
   2.4793788175184184        1.5001859329266275E-013
   2.4856557259171992       -1.4342542817670923E-013
   2.4919326343159800        1.4931468254635661E-013
   2.4982095427147608       -1.4362386039671624E-013
   2.5044864511135416        1.4919421590738118E-013
   2.5107633595123224       -1.4259614482794583E-013
   2.5170402679111032        1.4883492385063309E-013
   2.5233171763098841       -1.4158518113369436E-013
   2.5295940847086644        1.4829261820289703E-013
   2.5358709931074452       -1.4074820885641885E-013
   2.5421479015062260        1.4671061743456759E-013
   2.5484248099050069       -1.4008294573389609E-013
   2.5547017183037877        1.4450481504783990E-013
   2.5609786267025685       -1.3898624622601471E-013
   2.5672555351013493        1.4171985824795263E-013
   2.5735324435001301       -1.3825587822494863E-013
   2.5798093518989109        1.3812579366018583E-013
   2.5860862602976917       -1.3706067559431762E-013
   2.5923631686964725        1.3478529702416603E-013
   2.5986400770952534       -1.3467038492234887E-013
   2.6049169854940342        1.3206787594352452E-013
   2.6111938938928150       -1.3133396709101645E-013
   2.6174708022915958        1.2882885808625138E-013
   2.6237477106903766       -1.2686072393104048E-013
   2.6300246190891574        1.2625608208741116E-013
   2.6363015274879382       -1.2172436833701242E-013
   2.6425784358867190        1.2233396239413748E-013
   2.6488553442854998       -1.1735085915117196E-013
   2.6551322526842807        1.1686739836724140E-013
   2.6614091610830615       -1.1294245675745607E-013
   2.6676860694818423        1.1064654623130523E-013
   2.6739629778806231       -1.0839227755499782E-013
   2.6802398862794039        1.0320788636941994E-013
   2.6865167946781847       -1.0296933659582748E-013
   2.6927937030769655        9.6267726420405808E-014
   2.6990706114757463       -9.5835388748972244E-014
   2.7053475198745272        8.9406438939906127E-014
   2.7116244282733080       -8.7642080339267022E-014
   2.7179013366720888        8.2280668838201640E-014
   2.7241782450708696       -7.8463195477450401E-014
   2.7304551534696504        7.3623431032730647E-014
   2.7367320618684312       -6.9338144994102751E-014
   2.7430089702672120        6.5038384989281501E-014
   2.7492858786659928       -5.8260746309972089E-014
   2.7555627870647736        5.4548211771804292E-014
   2.7618396954635545       -4.7879927453497139E-014
   2.7681166038623353        4.2959795820469388E-014
   2.7743935122611161       -3.5969854485074602E-014
   2.7806704206598969        3.0980644122256049E-014
   2.7869473290586777       -2.1669642273376956E-014
   2.7932242374574585        1.9635487978772757E-014
   2.7995011458562393       -5.3059649254175755E-015
   2.8057780542550201        7.4604220767357790E-015
   2.8120549626538009        1.2597985819709617E-014
   2.8183318710525818       -4.5818804091651384E-015
   2.8246087794513626        3.3939797400539647E-014
   2.8308856878501434       -1.5040861342442753E-014
   2.8371625962489242        6.0964709621409897E-014
   2.8434395046477050       -2.2009361495621542E-014
   2.8497164130464858        9.4969066391326230E-014
   2.8559933214452666       -2.2797735975137485E-014
   2.8622702298440474        1.4106548835193011E-013
   2.8685471382428283       -1.2348794728401432E-014
   2.8748240466416091        2.0485627327876285E-013
   2.8811009550403899        1.9531415693666826E-014
   2.8873778634391707        3.0289510805039885E-013
   2.8936547718379515        9.0883922996959522E-014
   2.8999316802367323        4.5632032626714427E-013
   2.9062085886355131        2.3035145474063409E-013
   2.9124854970342939        7.0294923630125758E-013
   2.9187624054330747        4.8621018435374827E-013
   2.9250393138318556        1.1082806447159920E-012
   2.9313162222306364        9.4701329387067679E-013
   2.9375931306294172        1.7893632885220863E-012
   2.9438700390281980        1.7649736430636091E-012
   2.9501469474269788        2.9470565462251974E-012
   2.9564238558257596        3.2047564952213600E-012
   2.9627007642245404        4.9305777736023751E-012
   2.9689776726233212        5.7264807246563485E-012
   2.9752545810221021        8.3472554437730614E-012
   2.9815314894208829        1.0126284942010089E-011
   2.9878083978196632        1.4230100817898510E-011
   2.9940853062184440        1.7728380098939850E-011
   3.0003622146172249        2.4278440114929615E-011
   3.0066391230160057        3.0721613095501652E-011
   3.0129160314147865        4.1313302101784229E-011
   3.0191929398135673        5.2732631658494777E-011
   3.0254698482123481        6.9988537069519436E-011
   3.0317467566111289        8.9718754993726443E-011
   3.0380236650099097        1.1791573399960083E-010
   3.0443005734086905        1.5138454133898684E-010
   3.0505774818074713        1.9744355481635868E-010
   3.0568543902062522        2.5340605892142502E-010
   3.0631312986050330        3.2843320135552052E-010
   3.0694082070038138        4.2088807449516639E-010
   3.0756851154025946        5.4254781163938131E-010
   3.0819620238013754        6.9367768283127921E-010
   3.0882389322001562        8.8982751516173709E-010
   3.0945158405989370        1.1344717408536897E-009
   3.1007927489977178        1.4486484965913795E-009
   3.1070696573964987        1.8410171884644716E-009
   3.1133465657952795        2.3406386618464947E-009
   3.1196234741940603        2.9642943367049217E-009
   3.1259003825928411        3.7527660342843579E-009
   3.1321772909916219        4.7352706630577657E-009
   3.1384541993904027        5.9696572751161347E-009
   3.1447311077891835        7.5037985529028878E-009
   3.1510080161879643        9.4205143888511682E-009
   3.1572849245867451        1.1798452412592168E-008
   3.1635618329855260        1.4762712862979504E-008
   3.1698387413843068        1.8440031246758272E-008
   3.1761156497830876        2.3015382894091627E-008
   3.1823925581818684        2.8686217240321888E-008
   3.1886694665806492        3.5726928522959429E-008
   3.1949463749794300        4.4441598293861590E-008
   3.2012232833782108        5.5237958607849585E-008
   3.2075001917769916        6.8579843835969925E-008
   3.2137771001757724        8.5073075642111237E-008
   3.2200540085745533        1.0541947174021189E-007
   3.2263309169733341        1.3051798120465239E-007
   3.2326078253721149        1.6142305846063973E-007
   3.2388847337708957        1.9946562768579310E-007
   3.2451616421696765        2.4621998877636245E-007
   3.2514385505684573        3.0365092018194326E-007
   3.2577154589672381        3.7409519155227567E-007
   3.2639923673660189        4.6044350511366004E-007
   3.2702692757647998        5.6614535381141304E-007
   3.2765461841635806        6.9543777907116154E-007
   3.2828230925623614        8.5338598645226545E-007
   3.2891000009611422        1.0461753885515892E-006
   3.2953769093599230        1.2812053976702046E-006
   3.3016538177587038        1.5674673577833792E-006
   3.3079307261574846        1.9157156140293300E-006
   3.3142076345562654        2.3389625841122414E-006
   3.3204845429550462        2.8527587150502717E-006
   3.3267614513538271        3.4758621595234440E-006
   3.3330383597526079        4.2307816884742748E-006
   3.3393152681513887        5.1446330214718813E-006
   3.3455921765501695        6.2498011087136465E-006
   3.3518690849489503        7.5851337948069310E-006
   3.3581459933477311        9.1969608221882452E-006
   3.3644229017465119        1.1140705039510265E-005
   3.3706998101452927        1.3482355282485978E-005
   3.3769767185440736        1.6300641836980885E-005
   3.3832536269428544        1.9689133915321470E-005
   3.3895305353416352        2.3759177194956791E-005
   3.3958074437404160        2.8642844727264992E-005
   3.4020843521391968        3.4496898253396472E-005
   3.4083612605379776        4.1506897369595616E-005
   3.4146381689367584        4.9892528051111954E-005
   3.4209150773355392        5.9913273794313848E-005
   3.4271919857343200        7.1875557632421642E-005
   3.4334688941331009        8.6140507657527356E-005
   3.4397458025318817        1.0313348500468632E-004
   3.4460227109306620        1.2335464517398119E-004
   3.4522996193294428        1.4739157170110318E-004
   3.4585765277282237        1.7593356453054500E-004
   3.4648534361270045        2.0978824759465149E-004
   3.4711303445257853        2.4990086416448585E-004
   3.4774072529245661        2.9737577340924827E-004
   3.4836841613233469        3.5350276841437852E-004
   3.4899610697221277        4.1978358978002209E-004
   3.4962379781209085        4.9797114179189175E-004
   3.5025148865196893        5.9007047836670480E-004
   3.5087917949184702        6.9820274159009498E-004
   3.5150687033172510        8.2473914073741587E-004
   3.5213456117160318        9.7235046413049616E-004
   3.5276225201148126        1.1440236944737776E-003
   3.5338994285135934        1.3430840283918249E-003
   3.5401763369123742        1.5732135062932675E-003
   3.5464532453111550        1.8384663497176426E-003
   3.5527301537099358        2.1432822810840356E-003
   3.5590070621087166        2.4924919922659533E-003
   3.5652839705074975        2.8913196940914903E-003
   3.5715608789062783        3.3453732659072671E-003
   3.5778377873050591        3.8606297756366113E-003
   3.5841146957038399        4.4434033810033073E-003
   3.5903916041026207        5.1003066388648774E-003
   3.5966685125014015        5.8381880938190613E-003
   3.6029454209001823        6.6640616736347901E-003
   3.6092223292989631        7.5850052655446832E-003
   3.6154992376977440        8.6080508382978867E-003
   3.6217761460965248        9.7400354115651250E-003
   3.6280530544953056        1.0987446373542832E-002
   3.6343299628940864        1.2356217210674732E-002
   3.6406068712928672        1.3851526814853209E-002
   3.6468837796916480        1.5477533607752262E-002
   3.6531606880904288        1.7237136773037162E-002
   3.6594375964892096        1.9131640865130074E-002
   3.6657145048879904        2.1160504948448202E-002
   3.6719914132867713        2.3321048670612160E-002
   3.6782683216855521        2.5610821906351645E-002
   3.6845452300843329        2.8032292476648735E-002
   3.6908221384831137        3.0587837594376319E-002
   3.6970990468818945        3.3278508615450474E-002
   3.7033759552806753        3.6104111503082827E-002
   3.7096528636794561        3.9062957825120842E-002
   3.7159297720782369        4.2151770207303353E-002
   3.7222066804770177        4.5365489684385606E-002
   3.7284835888757986        4.8697147534485785E-002
   3.7347604972745794        5.2137693996310942E-002
   3.7410374056733602        5.5675868108039102E-002
   3.7473143140721410        5.9298050131365000E-002
   3.7535912224709218        6.2988149606810623E-002
   3.7598681308697026        6.6727493226996032E-002
   3.7661450392684834        7.0494750243869642E-002
   3.7724219476672642        7.4265871877623776E-002
   3.7786988560660451        7.8014073934636982E-002
   3.7849757644648259        8.1709846186266699E-002
   3.7912526728636067        8.5321012566429738E-002
   3.7975295812623875        8.8812829711425983E-002
   3.8038064896611683        9.2148144493904974E-002
   3.8100833980599491        9.5287599934460981E-002
   3.8163603064587299        9.8189907363314219E-002
   3.8226372148575107       0.10081217519752839     
   3.8289141232562915       0.10311030717661336     
   3.8351910316550724       0.10503946850017343     
   3.8414679400538532       0.10655459344834663     
   3.8477448484526340       0.10761124910917383     
   3.8540217568514148       0.10816859207197919     
   3.8602986652501956       0.10819099749141077     
   3.8665755736489764       0.10764577032859526     
   3.8728524820477572       0.10650329079157424     
   3.8791293904465380       0.10473778955292160     
   3.8854062988453189       0.10232801066727816     
   3.8916832072440997        9.9257931805138130E-002
   3.8979601156428805        9.5517443818610423E-002
   3.9042370240416608        9.1103027027639394E-002
   3.9105139324404417        8.6018378442359628E-002
   3.9167908408392225        8.0274996453150699E-002
   3.9230677492380033        7.3892693020695288E-002
   3.9293446576367841        6.6900026996939727E-002
   3.9356215660355649        5.9334636302391663E-002
   3.9418984744343457        5.1243455973987412E-002
   3.9481753828331265        4.2682805709690012E-002
   3.9544522912319073        3.3718330531994432E-002
   3.9607291996306881        2.4424784708896259E-002
   3.9670061080294690        1.4885641126984560E-002
   3.9732830164282498        5.1925248707112952E-003
   3.9795599248270306       -4.5555474524611242E-003
   3.9858368332258114       -1.4253111370633198E-002
   3.9921137416245922       -2.3789402164172781E-002
   3.9983906500233730       -3.3049674219464094E-002
   4.0046675584221543       -4.1916727009613589E-002
   4.0109444668209351       -5.0272554188136649E-002
   4.0172213752197159       -5.8000245365481151E-002
   4.0234982836184967       -6.4985489003155122E-002
   4.0297751920172775       -7.1115786660168837E-002
   4.0360521004160583       -7.6282620684267943E-002
   4.0423290088148391       -8.0385818214061558E-002
   4.0486059172136200       -8.3336387577029644E-002
   4.0548828256124008       -8.5059067202692906E-002
   4.0611597340111816       -8.5494838989524716E-002
   4.0674366424099624       -8.4603305658655661E-002
   4.0737135508087432       -8.2364858841353222E-002
   4.0799904592075240       -7.8782581786563527E-002
   4.0862673676063048       -7.3883790785361711E-002
   4.0925442760050856       -6.7721171719654596E-002
   4.0988211844038664       -6.0373411784934217E-002
   4.1050980928026473       -5.1945301429116623E-002
   4.1113750012014281       -4.2567211534171860E-002
   4.1176519096002089       -3.2393951564302963E-002
   4.1239288179989897       -2.1602925088583309E-002
   4.1302057263977705       -1.0391633954455842E-002
   4.1364826347965504        1.0255387516312927E-003
   4.1427595431953312        1.2421152250384974E-002
   4.1490364515941121        2.3559200485616928E-002
   4.1553133599928929        3.4200070804495185E-002
   4.1615902683916737        4.4106048999599225E-002
   4.1678671767904545        5.3047034851187128E-002
   4.1741440851892353        6.0806642122693141E-002
   4.1804209935880161        6.7188084672480566E-002
   4.1866979019867969        7.2020401111343682E-002
   4.1929748103855777        7.5163456866230050E-002
   4.1992517187843585        7.6516460373313014E-002
   4.2055286271831394        7.6038454176449083E-002
   4.2118055355819202        7.3740031153857452E-002
   4.2180824439807010        6.9675705851037439E-002
   4.2243593523794818        6.3942395372628136E-002
   4.2306362607782626        5.6676999682022666E-002
   4.2369131691770434        4.8053254133422804E-002
   4.2431900775758242        3.8277520355489682E-002
   4.2494669859746050        2.7583919070911251E-002
   4.2557438943733858        1.6228694276967076E-002
   4.2620208027721667        4.4841166048949291E-003
   4.2682977111709475       -7.3680653119086144E-003
   4.2745746195697283       -1.9043358407019671E-002
   4.2808515279685091       -3.0261373103822528E-002
   4.2871284363672899       -4.0752545301763858E-002
   4.2934053447660707       -5.0264635105299667E-002
   4.2996822531648515       -5.8568790677018361E-002
   4.3059591615636323       -6.5465078553133355E-002
   4.3122360699624132       -7.0787305140813786E-002
   4.3185129783611940       -7.4407048987252658E-002
   4.3247898867599748       -7.6236773518577008E-002
   4.3310667951587556       -7.6231972702347259E-002
   4.3373437035575364       -7.4392271225703563E-002
   4.3436206119563172       -7.0761474039375258E-002
   4.3498975203550980       -6.5426542315642391E-002
   4.3561744287538788       -5.8515537286257337E-002
   4.3624513371526596       -5.0194563787964337E-002
   4.3687282455514405       -4.0663800473922644E-002
   4.3750051539502213       -3.0152698119721828E-002
   4.3812820623490021       -1.8914472328895024E-002
   4.3875589707477829       -7.2200122769493181E-003
   4.3938358791465637        4.6486393121922369E-003
   4.4001127875453445        1.6405085940822791E-002
   4.4063896959441253        2.7765486481439297E-002
   4.4126666043429061        3.8455412415945890E-002
   4.4189435127416870        4.8216483202907182E-002
   4.4252204211404678        5.6812622227244432E-002
   4.4314973295392486        6.4035779789000533E-002
   4.4377742379380294        6.9710984616215790E-002
   4.4440511463368102        7.3700601698793347E-002
   4.4503280547355910        7.5907690036232878E-002
   4.4566049631343718        7.6278381915955915E-002
   4.4628818715331526        7.4803218866494395E-002
   4.4691587799319334        7.1517418745542433E-002
   4.4754356883307143        6.6500055269520242E-002
   4.4817125967294951        5.9872182350992911E-002
   4.4879895051282759        5.1793929479436653E-002
   4.4942664135270567        4.2460659804557377E-002
   4.5005433219258375        3.2098253919938716E-002
   4.5068202303246183        2.0957669673211516E-002
   4.5130971387233991        9.3088605137663441E-003
   4.5193740471221799       -2.5657363500385861E-003
   4.5256509555209607       -1.4378073282204241E-002
   4.5319278639197416       -2.5841433672320072E-002
   4.5382047723185224       -3.6677463729552447E-002
   4.5444816807173032       -4.6622907596055245E-002
   4.5507585891160840       -5.5438359332603902E-002
   4.5570354975148648       -6.2919518732903912E-002
   4.5633124059136456       -6.8897990981651724E-002
   4.5695893143124264       -7.3243620978271265E-002
   4.5758662227112072       -7.5866918458502630E-002
   4.5821431311099881       -7.6720151433492520E-002
   4.5884200395087689       -7.5797548832836376E-002
   4.5946969479075497       -7.3134419624563476E-002
   4.6009738563063305       -6.8805387310427693E-002
   4.6072507647051113       -6.2921723877330152E-002
   4.6135276731038921       -5.5627944899007790E-002
   4.6198045815026729       -4.7097728302104597E-002
   4.6260814899014537       -3.7529311296245850E-002
   4.6323583983002345       -2.7140469053450019E-002
   4.6386353066990154       -1.6163222808463301E-002
   4.6449122150977962       -4.8383994441507103E-003
   4.6511891234965770        6.5898243471323335E-003
   4.6574660318953578        1.7879268828593160E-002
   4.6637429402941386        2.8794880054351008E-002
   4.6700198486929194        3.9113525002654817E-002
   4.6762967570917002        4.8628377489536703E-002
   4.6825736654904810        5.7152794350368116E-002
   4.6888505738892619        6.4523646826933720E-002
   4.6951274822880427        7.0604025313606433E-002
   4.7014043906868235        7.5285322237642213E-002
   4.7076812990856043        7.8488650690243841E-002
   4.7139582074843851        8.0165540546497466E-002
   4.7202351158831659        8.0298972865360585E-002
   4.7265120242819467        7.8911325096387666E-002
   4.7327889326807275        7.6066847219552314E-002
   4.7390658410795083        7.1856447146983873E-002
   4.7453427494782892        6.6391741230737267E-002
   4.7516196578770700        5.9801475201306090E-002
   4.7578965662758508        5.2227354545983956E-002
   4.7641734746746316        4.3820169632310134E-002
   4.7704503830734124        3.4735927775417536E-002
   4.7767272914721932        2.5132299108022550E-002
   4.7830041998709740        1.5165291918886289E-002
   4.7892811082697548        4.9863122721719609E-003
   4.7955580166685357       -5.2604326756753870E-003
   4.8018349250673165       -1.5440109010824175E-002
   4.8081118334660973       -2.5429041702065558E-002
   4.8143887418648781       -3.5116082080655822E-002
   4.8206656502636589       -4.4403592474258076E-002
   4.8269425586624397       -5.3208053740123495E-002
   4.8332194670612205       -6.1460330993515833E-002
   4.8394963754600013       -6.9105630505318330E-002
   4.8457732838587821       -7.6103175708553975E-002
   4.8520501922575630       -8.2425660616647065E-002
   4.8583271006563438       -8.8058487087704723E-002
   4.8646040090551246       -9.2998879957362515E-002
   4.8708809174539054       -9.7254831777228934E-002
   4.8771578258526862      -0.10084405917256849     
   4.8834347342514670      -0.10379273945992966     
   4.8897116426502478      -0.10613464893647513     
   4.8959885510490286      -0.10790808970670715     
   4.9022654594478094      -0.10914304839427270     
   4.9085423678465903      -0.10986202220663364     
   4.9148192762453711      -0.11008924982754849     
   4.9210961846441519      -0.10985153610332921     
   4.9273730930429327      -0.10917761339493412     
   4.9336500014417135      -0.10809773269270000     
   4.9399269098404943      -0.10664320626215916     
   4.9462038182392751      -0.10484601118736916     
   4.9524807266380559      -0.10273840276286227     
   4.9587576350368368      -0.10035257362163963     
   4.9650345434356176       -9.7720333483010818E-002
   4.9713114518343984       -9.4872833971434131E-002
   4.9775883602331792       -9.1840314565563547E-002
   4.9838652686319600       -8.8651895084881902E-002
   4.9901421770307408       -8.5335385035774369E-002
   4.9964190854295216       -8.1917141618626871E-002
   5.0026959938283024       -7.8421936494834282E-002
   5.0089729022270832       -7.4872874883097074E-002
   5.0152498106258641       -7.1291310750961082E-002
   5.0215267190246449       -6.7696822082506131E-002
   5.0278036274234257       -6.4107161981002914E-002
   5.0340805358222065       -6.0538287725845720E-002
   5.0403574442209873       -5.7004328383566449E-002
   5.0466343526197681       -5.3517676694331905E-002
   5.0529112610185480       -5.0088928933320738E-002
   5.0591881694173289       -4.6727110020830201E-002
   5.0654650778161097       -4.3439340912515112E-002
   5.0717419862148905       -4.0232892753963093E-002
   5.0780188946136713       -3.7124471066322488E-002
   5.0842958030124521       -3.4132379212018442E-002
   5.0905727114112329       -3.1271258748221474E-002
   5.0968496198100137       -2.8552176271783573E-002
   5.1031265282087945       -2.5982879761322283E-002
   5.1094034366075753       -2.3568206532270746E-002
   5.1156803450063562       -2.1310385387642135E-002
   5.1219572534051370       -1.9209413601450332E-002
   5.1282341618039178       -1.7263361299412208E-002
   5.1345110702026986       -1.5468706646886409E-002
   5.1407879786014794       -1.3820612484432353E-002
   5.1470648870002602       -1.2313210867029306E-002
   5.1533417953990410       -1.0939836953300308E-002
   5.1596187037978218       -9.6932589828465122E-003
   5.1658956121966026       -8.5658639831398646E-003
   5.1721725205953835       -7.5498341603675309E-003
   5.1784494289941643       -6.6372852363799960E-003
   5.1847263373929451       -5.8203938599589392E-003
   5.1910032457917259       -5.0914932558721966E-003
   5.1972801541905067       -4.4431584449795020E-003
   5.2035570625892875       -3.8682659896691115E-003
   5.2098339709880683       -3.3600446910403859E-003
   5.2161108793868491       -2.9121071005903960E-003
   5.2223877877856300       -2.5184731008455639E-003
   5.2286646961844108       -2.1735812722128356E-003
   5.2349416045831916       -1.8722907461337359E-003
   5.2412185129819724       -1.6098842498675741E-003
   5.2474954213807532       -1.3820189639197800E-003
   5.2537723297795340       -1.1845431097479043E-003
   5.2600492381783148       -1.0137027805767196E-003
   5.2663261465770956       -8.6616372531251099E-004
   5.2726030549758764       -7.3896649258791758E-004
   5.2788799633746573       -6.2949298076313601E-004
   5.2851568717734381       -5.3543182064775055E-004
   5.2914337801722189       -4.5474734952377454E-004
   5.2977106885709997       -3.8565104004529541E-004
   5.3039875969697805       -3.2657460706263659E-004
   5.3102645053685613       -2.7614641728012957E-004
   5.3165414137673421       -2.3316882640904711E-004
   5.3228183221661229       -1.9659892445981534E-004
   5.3290952305649038       -1.6552979181970454E-004
   5.3353721389636846       -1.3917500051585725E-004
   5.3416490473624654       -1.1685333703763261E-004
   5.3479259557612462       -9.7976504684831454E-005
   5.3542028641600270       -8.2036822870162511E-005
   5.3604797725588078       -6.8597609168534064E-005
   5.3667566809575886       -5.7283377244099118E-005
   5.3730335893563694       -4.7772423747276027E-005
   5.3793104977551502       -3.9789085871458756E-005
   5.3855874061539311       -3.3098113069119220E-005
   5.3918643145527119       -2.7498597183219538E-005
   5.3981412229514927       -2.2819766110191964E-005
   5.4044181313502735       -1.8916257296972766E-005
   5.4106950397490543       -1.5665023763894095E-005
   5.4169719481478351       -1.2961656139441067E-005
   5.4232488565466159       -1.0717550330433789E-005
   5.4295257649453967       -8.8561038407524653E-006
   5.4358026733441775       -7.3131865723202840E-006
   5.4420795817429584       -6.0350766387536274E-006
   5.4483564901417392       -4.9771303207618842E-006
   5.4546333985405200       -4.1019260363317511E-006
   5.4609103069393008       -3.3784711224457371E-006
   5.4671872153380816       -2.7807701306080455E-006
   5.4734641237368624       -2.2873760650019891E-006
   5.4797410321356432       -1.8802761321024049E-006
   5.4860179405344240       -1.5446786725537210E-006
   5.4922948489332049       -1.2681310205399916E-006
   5.4985717573319857       -1.0404676418841604E-006
   5.5048486657307665       -8.5309733315389699E-007
   5.5111255741295473       -6.9906038889469019E-007
   5.5174024825283281       -5.7243971117065297E-007
   5.5236793909271089       -4.6849037672581011E-007
   5.5299562993258897       -3.8314197984219269E-007
   5.5362332077246705       -3.1317497142813494E-007
   5.5425101161234513       -2.5579078630123333E-007
   5.5487870245222322       -2.0881712593729666E-007
   5.5550639329210130       -1.7032906401692161E-007
   5.5613408413197938       -1.3887095763083017E-007
   5.5676177497185746       -1.1311646896947374E-007
   5.5738946581173554       -9.2098690389677623E-008
   5.5801715665161362       -7.4900417610183152E-008
   5.5864484749149170       -6.0886762403113691E-008
   5.5927253833136978       -4.9419800302967801E-008
   5.5990022917124787       -4.0093118612676280E-008
   5.6052792001112595       -3.2465737774769972E-008
   5.6115561085100403       -2.6284250792618332E-008
   5.6178330169088211       -2.1232738043932321E-008
   5.6241099253076019       -1.7156203522292486E-008
   5.6303868337063827       -1.3824684018478943E-008
   5.6366637421051635       -1.1150001277304215E-008
   5.6429406505039443       -8.9614891190389816E-009
   5.6492175589027251       -7.2158842125162942E-009
   5.6554944673015060       -5.7833762573621519E-009
   5.6617713757002868       -4.6505578452988971E-009
   5.6680482840990676       -3.7157771643464353E-009
   5.6743251924978484       -2.9851974277891314E-009
   5.6806021008966292       -2.3766234753396394E-009
   5.6868790092954100       -1.9088134509070921E-009
   5.6931559176941908       -1.5130945431327217E-009
   5.6994328260929716       -1.2161197211307953E-009
   5.7057097344917524       -9.5870327085120100E-010
   5.7119866428905333       -7.7225446911563366E-010
   5.7182635512893141       -6.0433811930989139E-010
   5.7245404596880949       -4.8904031794034083E-010
   5.7308173680868757       -3.7882662155752486E-010
   5.7370942764856565       -3.0909628432353608E-010
   5.7433711848844373       -2.3596324302796390E-010
   5.7496480932832181       -1.9525745754303606E-010
   5.7559250016819989       -1.4589289601846799E-010
   5.7622019100807798       -1.2356955005638244E-010
   5.7684788184795606       -8.9422287825241425E-011
   5.7747557268783414       -7.8651667297201309E-011
   5.7810326352771222       -5.4193386422115416E-011
   5.7873095436759030       -5.0562721019410696E-011
   5.7935864520746838       -3.2256253507325356E-011
   5.7998633604734646       -3.2990982660256766E-011
   5.8061402688722454       -1.8618816911451367E-011
   5.8124171772710262       -2.1989256473375683E-011
   5.8186940856698071       -1.0161581298582093E-011
   5.8249709940685879       -1.5090437987685695E-011
   5.8312479024673687       -4.9345179217712999E-012
   5.8375248108661495       -1.0752726146507875E-011
   5.8438017192649303       -1.7202874296229758E-012
   5.8500786276637111       -8.0135218804020272E-012
   5.8563555360624919        2.4078103917236139E-013
   5.8626324444612727       -6.2721985414095999E-012
   5.8689093528600536        1.4233818428453811E-012
   5.8751862612588344       -5.1539055106205504E-012
   5.8814631696576152        2.1223736807962606E-012
   5.8877400780563960       -4.4240257816231868E-012
   5.8940169864551768        2.5233740316976760E-012
   5.9002938948539576       -3.9361832811928187E-012
   5.9065708032527384        2.7400216931263230E-012
   5.9128477116515192       -3.6016784066002069E-012
   5.9191246200503000        2.8432768478383026E-012
   5.9254015284490809       -3.3625512659547889E-012
   5.9316784368478617        2.8776076519159451E-012
   5.9379553452466425       -3.1840369613904867E-012
   5.9442322536454233        2.8701050643636304E-012
   5.9505091620442041       -3.0434183420533395E-012
   5.9567860704429849        2.8383183356636883E-012
   5.9630629788417657       -2.9278784326522706E-012
   5.9693398872405457        2.7911846037646828E-012
   5.9756167956393265       -2.8306055413383212E-012
   5.9818937040381073        2.7350712438578308E-012
   5.9881706124368881       -2.7446632441964273E-012
   5.9944475208356689        2.6749107480005691E-012
   6.0007244292344497       -2.6674357756132997E-012
   6.0070013376332305        2.6122160320041261E-012
   6.0132782460320113       -2.5967622308886737E-012
   6.0195551544307921        2.5494946885971292E-012
   6.0258320628295730       -2.5296236769707655E-012
   6.0321089712283538        2.4882615683375051E-012
   6.0383858796271346       -2.4657721149298292E-012
   6.0446627880259154        2.4284973851806257E-012
   6.0509396964246962       -2.4044214989653728E-012
   6.0572166048234770        2.3704048325712116E-012
   6.0634935132222578       -2.3457942913075312E-012
   6.0697704216210386        2.3140546167176102E-012
   6.0760473300198194       -2.2889872156352923E-012
   6.0823242384186003        2.2598178535779721E-012
   6.0886011468173811       -2.2335134428038039E-012
   6.0948780552161619        2.2083155622455772E-012
   6.1011549636149427       -2.1796548130413726E-012
   6.1074318720137235        2.1576917167097237E-012
   6.1137087804125043       -2.1283386720261611E-012
   6.1199856888112851        2.1080955024544962E-012
   6.1262625972100659       -2.0803701663466310E-012
   6.1325395056088468        2.0599800837038407E-012
   6.1388164140076276       -2.0336397351541276E-012
   6.1450933224064084        2.0135056137846667E-012
   6.1513702308051892       -1.9882911369741523E-012
   6.1576471392039700        1.9686019346867141E-012
   6.1639240476027508       -1.9444496837690241E-012
   6.1702009560015316        1.9245498085409825E-012
   6.1764778644003124       -1.9025528786350608E-012
   6.1827547727990932        1.8816919082136290E-012
   6.1890316811978741       -1.8618983586766305E-012
   6.1953085895966549        1.8403998354031634E-012
   6.2015854979954357       -1.8216035003597313E-012
   6.2078624063942165        1.8009235381531294E-012
   6.2141393147929973       -1.7829240041167302E-012
   6.2204162231917781        1.7619698831061072E-012
   6.2266931315905589       -1.7452555096202353E-012
   6.2329700399893397        1.7246553627455856E-012
   6.2392469483881206       -1.7084908058210000E-012
   6.2455238567869014        1.6883346336989625E-012
   6.2518007651856822       -1.6726021152860511E-012
   6.2580776735844630        1.6532091175733952E-012
   6.2643545819832438       -1.6376232600985546E-012
   6.2706314903820246        1.6197763925681085E-012
   6.2769083987808054       -1.6030337576773652E-012
   6.2831853071795862        1.5865594943215915E-012
