   6.2769083987808056E-003  -1.9193931584350240E-006
   1.2553816797561611E-002  -1.8442673524708305E-006
   1.8830725196342418E-002  -1.7442976923546066E-006
   2.5107633595123222E-002  -1.6188359969601847E-006
   3.1384541993904030E-002  -1.4681332921531959E-006
   3.7661450392684835E-002  -1.2928416967952811E-006
   4.3938358791465640E-002  -1.0946630688536368E-006
   5.0215267190246445E-002  -8.7581247902888965E-007
   5.6492175589027249E-002  -6.3962914682962011E-007
   6.2769083987808061E-002  -3.9002590350029145E-007
   6.9045992386588859E-002  -1.3222488943443412E-007
   7.5322900785369670E-002   1.2845303674189161E-007
   8.1599809184150468E-002   3.8635538641978563E-007
   8.7876717582931280E-002   6.3625336869469247E-007
   9.4153625981712077E-002   8.7282261322473818E-007
  0.10043053438049289        1.0913851625463475E-006
  0.10670744277927370        1.2873607342315435E-006
  0.11298435117805450        1.4570031994635094E-006
  0.11926125957683531        1.5968152085982780E-006
  0.12553816797561612        1.7042729035839509E-006
  0.13181507637439691        1.7771990550702683E-006
  0.13809198477317772        1.8144725176792617E-006
  0.14436889317195853        1.8153573410101394E-006
  0.15064580157073934        1.7801962086593706E-006
  0.15692270996952015        1.7096954609295720E-006
  0.16319961836830094        1.6056043188264417E-006
  0.16947652676708175        1.4699580875057738E-006
  0.17575343516586256        1.3057472120245934E-006
  0.18203034356464337        1.1161229151731066E-006
  0.18830725196342415        9.0506190858051648E-007
  0.19458416036220497        6.7654022865378431E-007
  0.20086106876098578        4.3520060955365236E-007
  0.20713797715976659        1.8550126032397404E-007
  0.21341488555854740       -6.7606637470080837E-008
  0.21969179395732819       -3.1954781849891114E-007
  0.22596870235610900       -5.6542876829463605E-007
  0.23224561075488981       -8.0091408272249060E-007
  0.23852251915367062       -1.0215359820793024E-006
  0.24479942755245140       -1.2237480517282562E-006
  0.25107633595123224       -1.4041119947763730E-006
  0.25735324435001306       -1.5601301160009407E-006
  0.26363015274879381       -1.6894293005213590E-006
  0.26990706114757462       -1.7906189088608184E-006
  0.27618396954635543       -1.8624305443013652E-006
  0.28246087794513625       -1.9045725984969772E-006
  0.28873778634391706       -1.9168289682436855E-006
  0.29501469474269787       -1.8999150692417561E-006
  0.30129160314147868       -1.8545404218480826E-006
  0.30756851154025949       -1.7822721563587397E-006
  0.31384541993904030       -1.6845666389004888E-006
  0.32012232833782106       -1.5636467670025668E-006
  0.32639923673660187       -1.4215075800084771E-006
  0.33267614513538268       -1.2608133145690948E-006
  0.33895305353416350       -1.0838812711900751E-006
  0.34522996193294431       -8.9360384502786419E-007
  0.35150687033172512       -6.9241395252102186E-007
  0.35778377873050593       -4.8323624463738008E-007
  0.36406068712928674       -2.6843626440205360E-007
  0.37033759552806755       -5.0803940391056315E-008
  0.37661450392684831        1.6751250248338277E-007
  0.38289141232562912        3.8398878606787008E-007
  0.38916832072440993        5.9680590119392445E-007
  0.39544522912319074        8.0379722072244193E-007
  0.40172213752197156        1.0035455989469399E-006
  0.40799904592075237        1.1942959025568876E-006
  0.41427595431953318        1.3750494869584374E-006
  0.42055286271831399        1.5443666246616135E-006
  0.42682977111709480        1.7015572327918723E-006
  0.43310667951587556        1.8455376709412364E-006
  0.43938358791465637        1.9759931393564323E-006
  0.44566049631343718        2.0921886517032661E-006
  0.45193740471221799        2.1941596269482678E-006
  0.45821431311099881        2.2814878866321487E-006
  0.46449122150977962        2.3545210961423392E-006
  0.47076812990856043        2.4131143387072415E-006
  0.47704503830734124        2.4578804401918081E-006
  0.48332194670612205        2.4888971003882821E-006
  0.48959885510490281        2.5069902742218718E-006
  0.49587576350368362        2.5124065610335851E-006
  0.50215267190246449        2.5061317751731159E-006
  0.50842958030124530        2.4885280342832722E-006
  0.51470648870002611        2.4606895691153063E-006
  0.52098339709880681        2.4230436854411884E-006
  0.52726030549758762        2.3767457694304430E-006
  0.53353721389636843        2.3222430243739394E-006
  0.53981412229514925        2.2607105502337813E-006
  0.54609103069393006        2.1925764836765429E-006
  0.55236793909271087        2.1190009917687631E-006
  0.55864484749149168        2.0403611588588917E-006
  0.56492175589027249        1.9577747466878083E-006
  0.57119866428905330        1.8715429340662120E-006
  0.57747557268783412        1.7827202170850365E-006
  0.58375248108661493        1.6915241011033396E-006
  0.59002938948539574        1.5990895474659816E-006
  0.59630629788417655        1.5059368675169085E-006
  0.60258320628295736        1.4133677237074591E-006
  0.60886011468173817        1.3217202339231694E-006
  0.61513702308051899        1.2320986768263610E-006
  0.62141393147929980        1.1446279340806768E-006
  0.62769083987808061        1.0602314597339108E-006
  0.63396774827686131        9.7883679826438135E-007
  0.64024465667564212        9.0120900740198670E-007
  0.64652156507442293        8.2710191013781780E-007
  0.65279847347320374        7.5714942739752036E-007
  0.65907538187198456        6.9095874005501963E-007
  0.66535229027076537        6.2906173823810334E-007
  0.67162919866954618        5.7094657844769502E-007
  0.67790610706832699        5.1707167140872530E-007
  0.68418301546710780        4.6683220841231740E-007
  0.69045992386588861        4.2063942339655405E-007
  0.69673683226466943        3.7781867156783456E-007
  0.70301374066345024        3.3875702516086130E-007
  0.70929064906223105        3.0272943555806091E-007
  0.71556755746101186        2.7011804362819778E-007
  0.72184446585979267        2.4016284873778704E-007
  0.72812137425857348        2.1325642695674973E-007
  0.73439828265735430        1.8861537137518299E-007
  0.74067519105613511        1.6665439732051170E-007
  0.74695209945491581        1.4657466803477752E-007
  0.75322900785369662        1.2882134631256394E-007
  0.75950591625247743        1.1258675120611212E-007
  0.76578282465125824        9.8371586079784134E-008
  0.77205973305003905        8.5389476194261690E-008
  0.77833664144881987        7.4187923716464924E-008
  0.78461354984760068        6.3959658847918681E-008
  0.79089045824638149        5.5282680683926916E-008
  0.79716736664516230        4.7332096102989149E-008
  0.80344427504394311        4.0723399805186798E-008
  0.80972118344272392        3.4616550402337792E-008
  0.81599809184150474        2.9668907969927865E-008
  0.82227500024028555        2.5025452797383773E-008
  0.82855190863906636        2.1387994849698465E-008
  0.83482881703784717        1.7885000870682164E-008
  0.84110572543662798        1.5264146953845606E-008
  0.84738263383540879        1.2634677709672162E-008
  0.85365954223418961        1.0790896287604474E-008
  0.85993645063297042        8.8193629139445141E-009
  0.86621335903175112        7.5615074056678534E-009
  0.87249026743053193        6.0773008166415533E-009
  0.87876717582931274        5.2558259664312910E-009
  0.88504408422809355        4.1263244654524858E-009
  0.89132099262687436        3.6262887298715114E-009
  0.89759790102565518        2.7499719919097294E-009
  0.90387480942443599        2.4843895300516406E-009
  0.91015171782321680        1.7844854701220954E-009
  0.91642862622199761        1.6883433122360508E-009
  0.92270553462077842        1.1072147002367347E-009
  0.92898244301955923        1.1322641492344355E-009
  0.93525935141834005        6.2657717721263540E-010
  0.94153625981712086        7.3701978641633274E-010
  0.94781316821590167        2.7401714043027819E-010
  0.95409007661468248        4.4282157020972512E-010
  0.96036698501346329       -3.9206647512308984E-012
  0.96664389341224410        2.0078139101503953E-010
  0.97292080181102492       -2.5347569391925647E-010
  0.97919771020980562       -3.4175633688323649E-011
  0.98547461860858643       -5.2066637411253209E-010
  0.99175152700736724       -3.1090220937149530E-010
  0.99802843540614805       -8.5996081265857988E-010
   1.0043053438049290       -6.9223940090208626E-010
   1.0105822522037098       -1.3466368126905556E-009
   1.0168591606024906       -1.2703267980693000E-009
   1.0231360690012714       -2.0960988963540421E-009
   1.0294129774000522       -2.1912977994884552E-009
   1.0356898857988328       -3.2957949030585013E-009
   1.0419667941976136       -3.6968564670783255E-009
   1.0482437025963944       -5.2597090384181764E-009
   1.0545206109951752       -6.1960186581976170E-009
   1.0607975193939561       -8.5231777985585022E-009
   1.0670744277927369       -1.0390799837008715E-008
   1.0733513361915177       -1.4009959174678424E-008
   1.0796282445902985       -1.7498797494763229E-008
   1.0859051529890793       -2.3329432470689061E-008
   1.0921820613878601       -2.9650822576191884E-008
   1.0984589697866409       -3.9309687006437075E-008
   1.1047358781854217       -5.0606898712697828E-008
   1.1110127865842025       -6.6961689525726561E-008
   1.1172896949829834       -8.7065115999486158E-008
   1.1235666033817642       -1.1527270872896755E-007
   1.1298435117805450       -1.5111036541831004E-007
   1.1361204201793258       -2.0051571918443254E-007
   1.1423973285781066       -2.6468995845373949E-007
   1.1486742369768874       -3.5235385303499538E-007
   1.1549511453756682       -4.6797843301661155E-007
   1.1612280537744490       -6.2531369713613460E-007
   1.1675049621732299       -8.3513326278600032E-007
   1.1737818705720107       -1.1204609178784190E-006
   1.1800587789707915       -1.5041721296709782E-006
   1.1863356873695723       -2.0266609349995276E-006
   1.1926125957683531       -2.7340630446131078E-006
   1.1988895041671339       -3.6997201590803664E-006
   1.2051664125659147       -5.0146420439995890E-006
   1.2114433209646955       -6.8153330932228242E-006
   1.2177202293634763       -9.2798354770682932E-006
   1.2239971377622572       -1.2666881831161097E-005
   1.2302740461610380       -1.7324365548816635E-005
   1.2365509545598188       -2.3749585486760500E-005
   1.2428278629585996       -3.2624162803829125E-005
   1.2491047713573804       -4.4914787129117708E-005
   1.2553816797561612       -6.1963484035990816E-005
   1.2616585881549420       -8.5667480916623857E-005
   1.2679354965537226       -1.1868566015406654E-004
   1.2742124049525034       -1.6477186559119047E-004
   1.2804893133512842       -2.2923549110889121E-004
   1.2867662217500651       -3.1930961529724332E-004
   1.2930431301488459       -4.4356499675533108E-004
   1.2993200385476267       -6.1301558929258365E-004
   1.3055969469464075       -8.4177750936846628E-004
   1.3118738553451883       -1.1476825150494134E-003
   1.3181507637439691       -1.5528759491750281E-003
   1.3244276721427499       -2.0844870827994759E-003
   1.3307045805415307       -2.7751243227983622E-003
   1.3369814889403115       -3.6633305621415354E-003
   1.3432583973390924       -4.7936316866939053E-003
   1.3495353057378732       -6.2163223439282815E-003
   1.3558122141366540       -7.9865009735812613E-003
   1.3620891225354348       -1.0162524411246564E-002
   1.3683660309342156       -1.2803283601806785E-002
   1.3746429393329964       -1.5964568841391146E-002
   1.3809198477317772       -1.9693864636787312E-002
   1.3871967561305580       -2.4024089250366712E-002
   1.3934736645293389       -2.8965652167226654E-002
   1.3997505729281197       -3.4497828139650848E-002
   1.4060274813269005       -4.0558960287532725E-002
   1.4123043897256813       -4.7037279886458762E-002
   1.4185812981244621       -5.3761997704394493E-002
   1.4248582065232429       -6.0497561413303064E-002
   1.4311351149220237       -6.6940533423821585E-002
   1.4374120233208045       -7.2723388055871016E-002
   1.4436889317195853       -7.7423391682425194E-002
   1.4499658401183662       -8.0582389039872263E-002
   1.4562427485171470       -8.1739960953985072E-002
   1.4625196569159278       -8.0577199424343326E-002
   1.4687965653147086       -7.7076889496426965E-002
   1.4750734737134894       -7.1326503325655141E-002
   1.4813503821122702       -6.3475742112739472E-002
   1.4876272905110510       -5.3741652756619067E-002
   1.4939041989098316       -4.2400079136533562E-002
   1.5001811073086124       -2.9780680231948291E-002
   1.5064580157073932       -1.6256755210449593E-002
   1.5127349241061741       -2.2356155317349194E-003
   1.5190118325049549        1.1854011043383494E-002
   1.5252887409037357        2.5574450102467172E-002
   1.5315656493025165        3.8493149545933712E-002
   1.5378425577012973        5.0196265994497148E-002
   1.5441194661000781        6.0302663757477823E-002
   1.5503963744988589        6.8476754648356800E-002
   1.5566732828976397        7.4440650916170414E-002
   1.5629501912964205        7.7984393946452749E-002
   1.5692270996952014        7.8974536417537711E-002
   1.5755040080939822        7.7360121254929040E-002
   1.5817809164927630        7.3176291516415540E-002
   1.5880578248915438        6.6544849000240117E-002
   1.5943347332903246        5.7672057228398799E-002
   1.6006116416891054        4.6843286214814685E-002
   1.6068885500878862        3.4414923672925431E-002
   1.6131654584866670        2.0803425226420466E-002
   1.6194423668854478        6.4720878861888285E-003
   1.6257192752842287       -8.0843282238772466E-003
   1.6319961836830095       -2.2356472040532583E-002
   1.6382730920817903       -3.5839270086271503E-002
   1.6445500004805711       -4.8051646659735818E-002
   1.6508269088793519       -5.8553963789396972E-002
   1.6571038172781327       -6.6964140973598055E-002
   1.6633807256769135       -7.2972158556520145E-002
   1.6696576340756943       -7.6352075219437460E-002
   1.6759345424744752       -7.6971271351368456E-002
   1.6822114508732560       -7.4796357634585448E-002
   1.6884883592720368       -6.9895612696492276E-002
   1.6947652676708176       -6.2437656042843036E-002
   1.7010421760695984       -5.2686455751488455E-002
   1.7073190844683792       -4.0992667177383993E-002
   1.7135959928671600       -2.7781664233166734E-002
   1.7198729012659408       -1.3538542043374855E-002
   1.7261498096647214        1.2093040115079003E-003
   1.7324267180635022        1.5911508406963780E-002
   1.7387036264622830        3.0015186534013950E-002
   1.7449805348610639        4.2985840639410654E-002
   1.7512574432598447        5.4327843096402872E-002
   1.7575343516586255        6.3603791361638601E-002
   1.7638112600574063        7.0451881368696387E-002
   1.7700881684561871        7.4600680308145206E-002
   1.7763650768549679        7.5880583991123060E-002
   1.7826419852537487        7.4231552330067077E-002
   1.7889188936525295        6.9706633854945341E-002
   1.7951958020513104        6.2471212648293133E-002
   1.8014727104500912        5.2797694327122065E-002
   1.8077496188488720        4.1056425261505519E-002
   1.8140265272476528        2.7703899459686987E-002
   1.8203034356464336        1.3263001736182552E-002
   1.8265803440452144       -1.6994014037756814E-003
   1.8328572524439952       -1.6594807641778328E-002
   1.8391341608427760       -3.0836218970111070E-002
   1.8454110692415568       -4.3861283956819659E-002
   1.8516879776403377       -5.5154592496457669E-002
   1.8579648860391185       -6.4268167684339905E-002
   1.8642417944378993       -7.0839400925881257E-002
   1.8705187028366801       -7.4605645562180800E-002
   1.8767956112354609       -7.5414932669262913E-002
   1.8830725196342417       -7.3232308660645298E-002
   1.8893494280330225       -6.8141576356111178E-002
   1.8956263364318033       -6.0342294198488779E-002
   1.9019032448305841       -5.0142183757878885E-002
   1.9081801532293650       -3.7945171738635167E-002
   1.9144570616281458       -2.4235577682875625E-002
   1.9207339700269266       -9.5590025516404248E-003
   1.9270108784257074        5.4992732921431272E-003
   1.9332877868244882        2.0337596160036279E-002
   1.9395646952232690        3.4361951836052756E-002
   1.9458416036220498        4.7009808790415435E-002
   1.9521185120208304        5.7772736629812020E-002
   1.9583954204196112        6.6217007950004278E-002
   1.9646723288183920        7.2001182380918530E-002
   1.9709492372171729        7.4890194129914461E-002
   1.9772261456159537        7.4764924193467960E-002
   1.9835030540147345        7.1628269473543116E-002
   1.9897799624135153        6.5609469483445926E-002
   1.9960568708122961        5.6955020387399219E-002
   2.0023337792110771        4.6016338271994368E-002
   2.0086106876098579        3.3235176036433861E-002
   2.0148875960086388        1.9125447010895774E-002
   2.0211645044074196        4.2523930356009303E-003
   2.0274414128062004       -1.0790231442856636E-002
   2.0337183212049812       -2.5403899984582787E-002
   2.0399952296037620       -3.9009132473940680E-002
   2.0462721380025428       -5.1068359157491153E-002
   2.0525490464013236       -6.1107006048709368E-002
   2.0588259548001044       -6.8731917077940879E-002
   2.0651028631988853       -7.3646467669878521E-002
   2.0713797715976656       -7.5661745442224482E-002
   2.0776566799964464       -7.4703445281307040E-002
   2.0839335883952272       -7.0814190585529110E-002
   2.0902104967940081       -6.4151282198746010E-002
   2.0964874051927889       -5.4979946161573756E-002
   2.1027643135915697       -4.3662441431150001E-002
   2.1090412219903505       -3.0643423549634806E-002
   2.1153181303891313       -1.6432238414870834E-002
   2.1215950387879121       -1.5827771787923937E-003
   2.1278719471866929        1.3328203315146888E-002
   2.1341488555854737        2.7723570598660693E-002
   2.1404257639842545        4.1048063216797354E-002
   2.1467026723830354        5.2789703385820216E-002
   2.1529795807818162        6.2499089105701407E-002
   2.1592564891805970        6.9807574429611274E-002
   2.1655333975793778        7.4445886132397360E-002
   2.1718103059781586        7.6249763037794474E-002
   2.1780872143769394        7.5163860360513854E-002
   2.1843641227757202        7.1242541551506708E-002
   2.1906410311745010        6.4646212461035815E-002
   2.1969179395732819        5.5633886369614964E-002
   2.2031948479720627        4.4552096649246815E-002
   2.2094717563708435        3.1820820692847973E-002
   2.2157486647696243        1.7916891354412493E-002
   2.2220255731684051        3.3556601158234254E-003
   2.2283024815671859       -1.1328441468029291E-002
   2.2345793899659667       -2.5601642416690214E-002
   2.2408562983647475       -3.8950195393094980E-002
   2.2471332067635283       -5.0898622977789437E-002
   2.2534101151623092       -6.1026250107253877E-002
   2.2596870235610900       -6.8981433770153228E-002
   2.2659639319598708       -7.4493064883812049E-002
   2.2722408403586516       -7.7378969664744071E-002
   2.2785177487574324       -7.7551012925630658E-002
   2.2847946571562132       -7.5016779123390512E-002
   2.2910715655549940       -6.9877879243372742E-002
   2.2973484739537748       -6.2325003439227422E-002
   2.3036253823525557       -5.2629995723935154E-002
   2.3099022907513365       -4.1135275486314883E-002
   2.3161791991501173       -2.8241065928549271E-002
   2.3224561075488981       -1.4390885692696373E-002
   2.3287330159476789       -5.5910062672455460E-005
   2.3350099243464597        1.4281509672477835E-002
   2.3412868327452405        2.8145609503131209E-002
   2.3475637411440213        4.1083934751785976E-002
   2.3538406495428021        5.2681823541299022E-002
   2.3601175579415830        6.2575064364507271E-002
   2.3663944663403638        7.0460486477633574E-002
   2.3726713747391446        7.6104212110907649E-002
   2.3789482831379254        7.9347386998761357E-002
   2.3852251915367062        8.0109312946209585E-002
   2.3915020999354870        7.8387979624634480E-002
   2.3977790083342678        7.4258093917345447E-002
   2.4040559167330486        6.7866767182723400E-002
   2.4103328251318294        5.9427102132999753E-002
   2.4166097335306103        4.9209964129816770E-002
   2.4228866419293911        3.7534276405990045E-002
   2.4291635503281719        2.4756198356328564E-002
   2.4354404587269527        1.1257571596110912E-002
   2.4417173671257335       -2.5659859541373748E-003
   2.4479942755245143       -1.6316960050273742E-002
   2.4542711839232951       -2.9607441918424630E-002
   2.4605480923220759       -4.2069925439507987E-002
   2.4668250007208568       -5.3367115052582653E-002
   2.4731019091196376       -6.3200501671571804E-002
   2.4793788175184184       -7.1317517233268998E-002
   2.4856557259171992       -7.7517122947962439E-002
   2.4919326343159800       -8.1653761502704106E-002
   2.4982095427147608       -8.3639582858346759E-002
   2.5044864511135416       -8.3445377302387186E-002
   2.5107633595123224       -8.1102208118965749E-002
   2.5170402679111032       -7.6699371369813113E-002
   2.5233171763098841       -7.0376521639642434E-002
   2.5295940847086644       -6.2317406780960760E-002
   2.5358709931074452       -5.2743402218183313E-002
   2.5421479015062260       -4.1906278706555181E-002
   2.5484248099050069       -3.0080633921234414E-002
   2.5547017183037877       -1.7556127603758857E-002
   2.5609786267025685       -4.6297929203605905E-003
   2.5672555351013493        8.4014111041612778E-003
   2.5735324435001301        2.1247602398647536E-002
   2.5798093518989109        3.3632401108770325E-002
   2.5860862602976917        4.5298636906577733E-002
   2.5923631686964725        5.6013256280511008E-002
   2.5986400770952534        6.5571351302452827E-002
   2.6049169854940342        7.3799283176299968E-002
   2.6111938938928150        8.0556878485711941E-002
   2.6174708022915958        8.5738723273316261E-002
   2.6237477106903766        8.9274579046432601E-002
   2.6300246190891574        9.1128989333264410E-002
   2.6363015274879382        9.1300132904618359E-002
   2.6425784358867190        8.9818025944191346E-002
   2.6488553442854998        8.6742143508242817E-002
   2.6551322526842807        8.2158589853881733E-002
   2.6614091610830615        7.6176876307805702E-002
   2.6676860694818423        6.8926477447375942E-002
   2.6739629778806231        6.0553132148459220E-002
   2.6802398862794039        5.1215465339477829E-002
   2.6865167946781847        4.1082868602017007E-002
   2.6927937030769655        3.0330346563921771E-002
   2.6990706114757463        1.9133241377475983E-002
   2.7053475198745272        7.6637625320445163E-003
   2.7116244282733080       -3.9119611845086031E-003
   2.7179013366720888       -1.5436451626368908E-002
   2.7241782450708696       -2.6763054483874414E-002
   2.7304551534696504       -3.7757693284097248E-002
   2.7367320618684312       -4.8300222594597868E-002
   2.7430089702672120       -5.8285377203350988E-002
   2.7492858786659928       -6.7623351613222346E-002
   2.7555627870647736       -7.6240022643125752E-002
   2.7618396954635545       -8.4076859959887729E-002
   2.7681166038623353       -9.1090546959868693E-002
   2.7743935122611161       -9.7252362530388950E-002
   2.7806704206598969      -0.10254734987304434     
   2.7869473290586777      -0.10697332435903259     
   2.7932242374574585      -0.11053974557158647     
   2.7995011458562393      -0.11326650353286315     
   2.8057780542550201      -0.11518263970973630     
   2.8120549626538009      -0.11632504841022140     
   2.8183318710525818      -0.11673717239760524     
   2.8246087794513626      -0.11646773241218016     
   2.8308856878501434      -0.11556949693129288     
   2.8371625962489242      -0.11409812458794416     
   2.8434395046477050      -0.11211108005065691     
   2.8497164130464858      -0.10966664276537161     
   2.8559933214452666      -0.10682303785219084     
   2.8622702298440474      -0.10363779175009880     
   2.8685471382428283      -0.10016692729298869     
   2.8748240466416091       -9.6464321041532172E-002
   2.8811009550403899       -9.2581213518598354E-002
   2.8873778634391707       -8.8565835290857972E-002
   2.8936547718379515       -8.4463110536575889E-002
   2.8999316802367323       -8.0314466386597005E-002
   2.9062085886355131       -7.6157701026431712E-002
   2.9124854970342939       -7.2026947608996680E-002
   2.9187624054330747       -6.7952675676590343E-002
   2.9250393138318556       -6.3961778290577545E-002
   2.9313162222306364       -6.0077673738914983E-002
   2.9375931306294172       -5.6320485291987452E-002
   2.9438700390281980       -5.2707211208948432E-002
   2.9501469474269788       -4.9251970034932473E-002
   2.9564238558257596       -4.5966209668836147E-002
   2.9627007642245404       -4.2858996872860149E-002
   2.9689776726233212       -3.9937239326990649E-002
   2.9752545810221021       -3.7206006078168929E-002
   2.9815314894208829       -3.4668738176885851E-002
   2.9878083978196632       -3.2327598770229511E-002
   2.9940853062184440       -3.0183643667865828E-002
   3.0003622146172249       -2.8237223000663905E-002
   3.0066391230160057       -2.6488056363358572E-002
   3.0129160314147865       -2.4935780666646583E-002
   3.0191929398135673       -2.3579717908321193E-002
   3.0254698482123481       -2.2420186213911654E-002
   3.0317467566111289       -2.1453769618431338E-002
   3.0380236650099097       -2.0652801311857445E-002
   3.0443005734086905       -1.9988159846843816E-002
   3.0505774818074713       -1.9433979830445130E-002
   3.0568543902062522       -1.8966011167041601E-002
   3.0631312986050330       -1.8561680953322460E-002
   3.0694082070038138       -1.8199468507577646E-002
   3.0756851154025946       -1.7858865260038808E-002
   3.0819620238013754       -1.7520098836502337E-002
   3.0882389322001562       -1.7164184098240939E-002
   3.0945158405989370       -1.6772876607346728E-002
   3.1007927489977178       -1.6328849112733301E-002
   3.1070696573964987       -1.5815826986778938E-002
   3.1133465657952795       -1.5218889394148597E-002
   3.1196234741940603       -1.4524750424872689E-002
   3.1259003825928411       -1.3722162932171362E-002
   3.1321772909916219       -1.2802300306762025E-002
   3.1384541993904027       -1.1759218704622602E-002
   3.1447311077891835       -1.0590275995572289E-002
   3.1510080161879643       -9.2965839616504699E-003
   3.1572849245867451       -7.8833789386382417E-003
   3.1635618329855260       -6.3603732589283223E-003
   3.1698387413843068       -4.7419725659117850E-003
   3.1761156497830876       -3.0474219641817603E-003
   3.1823925581818684       -1.3007540214214298E-003
   3.1886694665806492        4.6936998004912890E-004
   3.1949463749794300        2.2300976696424430E-003
   3.2012232833782108        3.9449534348359530E-003
   3.2075001917769916        5.5760641063550562E-003
   3.2137771001757724        7.0889284241389865E-003
   3.2200540085745533        8.4521631384379559E-003
   3.2263309169733341        9.6377412025818610E-003
   3.2326078253721149        1.0621634992540256E-002
   3.2388847337708957        1.1384218259440922E-002
   3.2451616421696765        1.1910649090154976E-002
   3.2514385505684573        1.2191093421079288E-002
   3.2577154589672381        1.2220878929379519E-002
   3.2639923673660189        1.2000509672331603E-002
   3.2702692757647998        1.1535597691351490E-002
   3.2765461841635806        1.0836671104601575E-002
   3.2828230925623614        9.9189020318139441E-003
   3.2891000009611422        8.8017303148110997E-003
   3.2953769093599230        7.5084202658289240E-003
   3.3016538177587038        6.0655370515228695E-003
   3.3079307261574846        4.5023762118585834E-003
   3.3142076345562654        2.8503401358339923E-003
   3.3204845429550462        1.1422918369022690E-003
   3.3267614513538271       -5.8811531376756494E-004
   3.3330383597526079       -2.3071049845196151E-003
   3.3393152681513887       -3.9814406801183871E-003
   3.3455921765501695       -5.5790610992598457E-003
   3.3518690849489503       -7.0696847076912100E-003
   3.3581459933477311       -8.4253649218709384E-003
   3.3644229017465119       -9.6209943933417679E-003
   3.3706998101452927       -1.0634733088020433E-002
   3.3769767185440736       -1.1448480081295157E-002
   3.3832536269428544       -1.2049121586167139E-002
   3.3895305353416352       -1.2429277038714078E-002
   3.3958074437404160       -1.2586109717005120E-002
   3.4020843521391968       -1.2520947256232630E-002
   3.4083612605379776       -1.2239073351579755E-002
   3.4146381689367584       -1.1749403454017324E-002
   3.4209150773355392       -1.1064128665710528E-002
   3.4271919857343200       -1.0198306577666521E-002
   3.4334688941331009       -9.1694289389601339E-003
   3.4397458025318817       -7.9969671520335826E-003
   3.4460227109306620       -6.7019130113741806E-003
   3.4522996193294428       -5.3063208487231697E-003
   3.4585765277282237       -3.8328628419074359E-003
   3.4648534361270045       -2.3044039906966914E-003
   3.4711303445257853       -7.4360486899954347E-004
   3.4774072529245661        8.2744301469257308E-004
   3.4836841613233469        2.3875437683451182E-003
   3.4899610697221277        3.9166834701103428E-003
   3.4962379781209085        5.3962724800410969E-003
   3.5025148865196893        6.8093451468471356E-003
   3.5087917949184702        8.1407132027664815E-003
   3.5150687033172510        9.3770791873734240E-003
   3.5213456117160318        1.0507103324586362E-002
   3.5276225201148126        1.1521439038809280E-002
   3.5338994285135934        1.2412718964489824E-002
   3.5401763369123742        1.3175532879516920E-002
   3.5464532453111550        1.3806317551204390E-002
   3.5527301537099358        1.4303530527189834E-002
   3.5590070621087166        1.4669141946863156E-002
   3.5652839705074975        1.4908217275788388E-002
   3.5715608789062783        1.5027416842803959E-002
   3.5778377873050591        1.5034561589268094E-002
   3.5841146957038399        1.4938387631523111E-002
   3.5903916041026207        1.4748289247699645E-002
   3.5966685125014015        1.4474086041765762E-002
   3.6029454209001823        1.4125806801126999E-002
   3.6092223292989631        1.3713496837516329E-002
   3.6154992376977440        1.3247047857616965E-002
   3.6217761460965248        1.2736052413423248E-002
   3.6280530544953056        1.2189681858233449E-002
   3.6343299628940864        1.1616588088190168E-002
   3.6406068712928672        1.1024827167739103E-002
   3.6468837796916480        1.0421804239111708E-002
   3.6531606880904288        9.8142371357309612E-003
   3.6594375964892096        9.2081377000597254E-003
   3.6657145048879904        8.6088078281867618E-003
   3.6719914132867713        8.0208491840203719E-003
   3.6782683216855521        7.4481834501332004E-003
   3.6845452300843329        6.8940822703758295E-003
   3.6908221384831137        6.3612037356600114E-003
   3.6970990468818945        5.8516350315135539E-003
   3.7033759552806753        5.3669380418440559E-003
   3.7096528636794561        4.9081983855623562E-003
   3.7159297720782369        4.4760740455535141E-003
   3.7222066804770177        4.0708465951997857E-003
   3.7284835888757986        3.6924620303187988E-003
   3.7347604972745794        3.3405438855176398E-003
   3.7410374056733602        3.0144694382480148E-003
   3.7473143140721410        2.7134300012295999E-003
   3.7535912224709218        2.4364681260797072E-003
   3.7598681308697026        2.1825117753810513E-003
   3.7661450392684834        1.9504041487442829E-003
   3.7724219476672642        1.7389310383113888E-003
   3.7786988560660451        1.5468441950055700E-003
   3.7849757644648259        1.3728821774885596E-003
   3.7912526728636067        1.2157876309195385E-003
   3.7975295812623875        1.0743222833518909E-003
   3.8038064896611683        9.4727884813933651E-004
   3.8100833980599491        8.3349101392588378E-004
   3.8163603064587299        7.3184084395180372E-004
   3.8226372148575107        6.4126468187355990E-004
   3.8289141232562915        5.6075696040572298E-004
   3.8351910316550724        4.8937293046823714E-004
   3.8414679400538532        4.2622974819483484E-004
   3.8477448484526340        3.7050685832887265E-004
   3.8540217568514148        3.2144513462838012E-004
   3.8602986652501956        2.7834563570189281E-004
   3.8665755736489764        2.4056745448260475E-004
   3.8728524820477572        2.0752543559414215E-004
   3.8791293904465380        1.7868726490893603E-004
   3.8854062988453189        1.5357060302875677E-004
   3.8916832072440997        1.3173983974680239E-004
   3.8979601156428805        1.1280292705618148E-004
   3.9042370240416608        9.6408515199730238E-005
   3.9105139324404417        8.2244905674157097E-005
   3.9167908408392225        7.0034119636861142E-005
   3.9230677492380033        5.9528596003945798E-005
   3.9293446576367841        5.0508523946488915E-005
   3.9356215660355649        4.2779401257862859E-005
   3.9418984744343457        3.6169535735429779E-005
   3.9481753828331265        3.0527903490720912E-005
   3.9544522912319073        2.5721928920616145E-005
   3.9607291996306881        2.1635650126885864E-005
   3.9670061080294690        1.8167802127113751E-005
   3.9732830164282498        1.5230285202720634E-005
   3.9795599248270306        1.2746544899665092E-005
   3.9858368332258114        1.0650323926313334E-005
   3.9921137416245922        8.8843160498857660E-006
   3.9983906500233730        7.3991724505617531E-006
   4.0046675584221543        6.1523982688050758E-006
   4.0109444668209351        5.1075797902037857E-006
   4.0172213752197159        4.2334892948351471E-006
   4.0234982836184967        3.5034987378216257E-006
   4.0297751920172775        2.8948588128638585E-006
   4.0360521004160583        2.3882666692081869E-006
   4.0423290088148391        1.9672872924941559E-006
   4.0486059172136200        1.6180463618554532E-006
   4.0548828256124008        1.3287649301665997E-006
   4.0611597340111816        1.0895535251765871E-006
   4.0674366424099624        8.9203349113827743E-007
   4.0737135508087432        7.2919685160576541E-007
   4.0799904592075240        5.9474983590511922E-007
   4.0862673676063048        4.8257615690282749E-007
   4.0925442760050856        3.8757618437271568E-007
   4.0988211844038664        3.0570922615286022E-007
   4.1050980928026473        2.3363552338717884E-007
   4.1113750012014281        1.6865579685839936E-007
   4.1176519096002089        1.0848043937409661E-007
   4.1239288179989897        5.1227100547061223E-008
   4.1302057263977705       -4.7456528799364614E-009
   4.1364826347965504       -6.0800497805338324E-008
   4.1427595431953312       -1.1814725684463171E-007
   4.1490364515941121       -1.7777781924797212E-007
   4.1553133599928929       -2.4056431518835335E-007
   4.1615902683916737       -3.0717486000121450E-007
   4.1678671767904545       -3.7815168545684744E-007
   4.1741440851892353       -4.5381332119193834E-007
   4.1804209935880161       -5.3431854901331691E-007
   4.1866979019867969       -6.1956022346208949E-007
   4.1929748103855777       -7.0922115951707234E-007
   4.1992517187843585       -8.0266587054304937E-007
   4.2055286271831394       -8.9899606882492975E-007
   4.2118055355819202       -9.9694859025457216E-007
   4.2180824439807010       -1.0949603551498710E-006
   4.2243593523794818       -1.1910829171572003E-006
   4.2306362607782626       -1.2830684190286051E-006
   4.2369131691770434       -1.3683133620670775E-006
   4.2431900775758242       -1.4439724109932348E-006
   4.2494669859746050       -1.5070150236541323E-006
   4.2557438943733858       -1.5551119202855130E-006
   4.2620208027721667       -1.5871268109383264E-006
   4.2682977111709475       -1.6022607876241447E-006
   4.2745746195697283       -1.5998188259391248E-006
   4.2808515279685091       -1.5793408629505972E-006
   4.2871284363672899       -1.5405359257131182E-006
   4.2934053447660707       -1.4833841971470545E-006
   4.2996822531648515       -1.4080765029266985E-006
   4.3059591615636323       -1.3151058578806840E-006
   4.3122360699624132       -1.2052031683128012E-006
   4.3185129783611940       -1.0794188773954085E-006
   4.3247898867599748       -9.3905110178034234E-007
   4.3310667951587556       -7.8571615344267847E-007
   4.3373437035575364       -6.2126664434208157E-007
   4.3436206119563172       -4.4784965043539508E-007
   4.3498975203550980       -2.6781323994279649E-007
   4.3561744287538788       -8.3751642422355925E-008
   4.3624513371526596        1.0160033130801144E-007
   4.3687282455514405        2.8533479221987514E-007
   4.3750051539502213        4.6448779885830828E-007
   4.3812820623490021        6.3601800491145574E-007
   4.3875589707477829        7.9693313251043694E-007
   4.3938358791465637        9.4427689488658625E-007
   4.4001127875453445        1.0752615402293167E-006
   4.4063896959441253        1.1872588256986610E-006
   4.4126666043429061        1.2779339963599786E-006
   4.4189435127416870        1.3452352796294107E-006
   4.4252204211404678        1.3875249172583166E-006
   4.4314973295392486        1.4035706092226987E-006
   4.4377742379380294        1.3926628650308342E-006
   4.4440511463368102        1.3545738557000393E-006
   4.4503280547355910        1.2896564377330811E-006
   4.4566049631343718        1.1987905782773052E-006
   4.4628818715331526        1.0834609487426388E-006
   4.4691587799319334        9.4567828341325848E-007
   4.4754356883307143        7.8803073970921818E-007
   4.4817125967294951        6.1357743265063694E-007
   4.4879895051282759        4.2587197129681664E-007
   4.4942664135270567        2.2882788366147240E-007
   4.5005433219258375        2.6715594954621837E-008
   4.5068202303246183       -1.7599751286003254E-007
   4.5130971387233991       -3.7467223037236881E-007
   4.5193740471221799       -5.6467682027315114E-007
   4.5256509555209607       -7.4142658789885781E-007
   4.5319278639197416       -9.0057345585238456E-007
   4.5382047723185224       -1.0380494581615693E-006
   4.5444816807173032       -1.1502549949730708E-006
   4.5507585891160840       -1.2340936930531438E-006
   4.5570354975148648       -1.2871462468430258E-006
   4.5633124059136456       -1.3076832510878431E-006
   4.5695893143124264       -1.2948114153657299E-006
   4.5758662227112072       -1.2484517042298675E-006
   4.5821431311099881       -1.1694461910390515E-006
   4.5884200395087689       -1.0594914013279871E-006
   4.5946969479075497       -9.2119688775657089E-007
   4.6009738563063305       -7.5797140075622254E-007
   4.6072507647051113       -5.7404965165706054E-007
   4.6135276731038921       -3.7429528696402441E-007
   4.6198045815026729       -1.6414330498437273E-007
   4.6260814899014537        5.0618197083475683E-008
   4.6323583983002345        2.6392712386500990E-007
   4.6386353066990154        4.6969465824768083E-007
   4.6449122150977962        6.6190399990179878E-007
   4.6511891234965770        8.3486924253809320E-007
   4.6574660318953578        9.8333360954924477E-007
   4.6637429402941386        1.1027184023706270E-006
   4.6700198486929194        1.1891984452752967E-006
   4.6762967570917002        1.2399187568926398E-006
   4.6825736654904810        1.2530254836378314E-006
   4.6888505738892619        1.2278300185599516E-006
   4.6951274822880427        1.1647772695903770E-006
   4.7014043906868235        1.0655420047559444E-006
   4.7076812990856043        9.3292275751081673E-007
   4.7139582074843851        7.7086290151812317E-007
   4.7202351158831659        5.8426730509142423E-007
   4.7265120242819467        3.7895027081606607E-007
   4.7327889326807275        1.6138225208212445E-007
   4.7390658410795083       -6.1422812623414740E-008
   4.7453427494782892       -2.8221308563502595E-007
   4.7516196578770700       -4.9364987931258503E-007
   4.7578965662758508       -6.8863888042276904E-007
   4.7641734746746316       -8.6049011403092114E-007
   4.7704503830734124       -1.0032409513491156E-006
   4.7767272914721932       -1.1118010561624598E-006
   4.7830041998709740       -1.1822909503240717E-006
   4.7892811082697548       -1.2120717239145061E-006
   4.7955580166685357       -1.1999321581461222E-006
   4.8018349250673165       -1.1460639287071282E-006
   4.8081118334660973       -1.0521656879503032E-006
   4.8143887418648781       -9.2131498740275889E-007
   4.8206656502636589       -7.5797112745934868E-007
   4.8269425586624397       -5.6774472147810944E-007
   4.8332194670612205       -3.5730664624982180E-007
   4.8394963754600013       -1.3407040724503766E-007
   4.8457732838587821        9.3970813215817508E-008
   4.8520501922575630        3.1862041229551914E-007
   4.8583271006563438        5.3167904582979438E-007
   4.8646040090551246        7.2534078162080832E-007
   4.8708809174539054        8.9238950564541874E-007
   4.8771578258526862        1.0265712160950776E-006
   4.8834347342514670        1.1227421804146256E-006
   4.8897116426502478        1.1771748951967440E-006
   4.8959885510490286        1.1876186236878926E-006
   4.9022654594478094        1.1535044365610929E-006
   4.9085423678465903        1.0758897307664174E-006
   4.9148192762453711        9.5754152423874365E-007
   4.9210961846441519        8.0275267273810410E-007
   4.9273730930429327        6.1730047823560977E-007
   4.9336500014417135        4.0814143604969031E-007
   4.9399269098404943        1.8326165568907373E-007
   4.9462038182392751       -4.8723513428018891E-008
   4.9524807266380559       -2.7879702708834855E-007
   4.9587576350368368       -4.9802455792137414E-007
   4.9650345434356176       -6.9781684758736540E-007
   4.9713114518343984       -8.7037507121609658E-007
   4.9775883602331792       -1.0088911830700362E-006
   4.9838652686319600       -1.1079266436229974E-006
   4.9901421770307408       -1.1635218600590044E-006
   4.9964190854295216       -1.1734671427395276E-006
   5.0026959938283024       -1.1372857104074082E-006
   5.0089729022270832       -1.0563704729463971E-006
   5.0152498106258641       -9.3382418415547630E-007
   5.0215267190246449       -7.7445649132340755E-007
   5.0278036274234257       -5.8448674751517631E-007
   5.0340805358222065       -3.7141788514112440E-007
   5.0403574442209873       -1.4362883323776953E-007
   5.0466343526197681        8.9838312314799630E-008
   5.0529112610185480        3.1975175140702579E-007
   5.0591881694173289        5.3693853624744048E-007
   5.0654650778161097        7.3276856155646887E-007
   5.0717419862148905        8.9938117672703879E-007
   5.0780188946136713        1.0301221056605459E-006
   5.0842958030124521        1.1196927752756563E-006
   5.0905727114112329        1.1644894444001232E-006
   5.0968496198100137        1.1626310997586236E-006
   5.1031265282087945        1.1141651346238432E-006
   5.1094034366075753        1.0209481468668609E-006
   5.1156803450063562        8.8670327711225817E-007
   5.1219572534051370        7.1675438552824880E-007
   5.1282341618039178        5.1797146163555993E-007
   5.1345110702026986        2.9836112176506273E-007
   5.1407879786014794        6.6804336011107363E-008
   5.1470648870002602       -1.6744436732470596E-007
   5.1533417953990410       -3.9499695722458041E-007
   5.1596187037978218       -6.0683881923628678E-007
   5.1658956121966026       -7.9455227495701263E-007
   5.1721725205953835       -9.5078006943288919E-007
   5.1784494289941643       -1.0693755296814441E-006
   5.1847263373929451       -1.1457726649609032E-006
   5.1910032457917259       -1.1770197155994772E-006
   5.1972801541905067       -1.1620217495796870E-006
   5.2035570625892875       -1.1014333950612395E-006
   5.2098339709880683       -9.9776072138755201E-007
   5.2161108793868491       -8.5511107152865942E-007
   5.2223877877856300       -6.7916337568333770E-007
   5.2286646961844108       -4.7679476634155370E-007
   5.2349416045831916       -2.5594876093569751E-007
   5.2412185129819724       -2.5176420196349088E-008
   5.2474954213807532        2.0655299410742423E-007
   5.2537723297795340        4.3034680762519650E-007
   5.2600492381783148        6.3758328961178351E-007
   5.2663261465770956        8.2038901484340635E-007
   5.2726030549758764        9.7178606268870852E-007
   5.2788799633746573        1.0861028533456811E-006
   5.2851568717734381        1.1590304499101120E-006
   5.2914337801722189        1.1879285083983831E-006
   5.2977106885709997        1.1717698033200842E-006
   5.3039875969697805        1.1113815616289338E-006
   5.3102645053685613        1.0092305229406796E-006
   5.3165414137673421        8.6940437808466908E-007
   5.3228183221661229        6.9726652353523026E-007
   5.3290952305649038        4.9939548292663748E-007
   5.3353721389636846        2.8316135701173739E-007
   5.3416490473624654        5.6603206960416341E-008
   5.3479259557612462       -1.7203805997794310E-007
   5.3542028641600270       -3.9445863935522580E-007
   5.3604797725588078       -6.0275717106412975E-007
   5.3667566809575886       -7.8954527901501689E-007
   5.3730335893563694       -9.4836919858988207E-007
   5.3793104977551502       -1.0737538710574806E-006
   5.3855874061539311       -1.1615482012655254E-006
   5.3918643145527119       -1.2088762196689498E-006
   5.3981412229514927       -1.2143865435448158E-006
   5.4044181313502735       -1.1780984894366185E-006
   5.4106950397490543       -1.1015512370347929E-006
   5.4169719481478351       -9.8754771329143062E-007
   5.4232488565466159       -8.4021334920845952E-007
   5.4295257649453967       -6.6465392148135590E-007
   5.4358026733441775       -4.6694569488814717E-007
   5.4420795817429584       -2.5373351901650893E-007
   5.4483564901417392       -3.2182125314884849E-008
   5.4546333985405200        1.9045341767282296E-007
   5.4609103069393008        4.0688226761271125E-007
   5.4671872153380816        6.1020130132581838E-007
   5.4734641237368624        7.9392912913217105E-007
   5.4797410321356432        9.5243254546695156E-007
   5.4860179405344240        1.0808985364197269E-006
   5.4922948489332049        1.1756439681730430E-006
   5.4985717573319857        1.2340060925473606E-006
   5.5048486657307665        1.2545914028073371E-006
   5.5111255741295473        1.2370873443710252E-006
   5.5174024825283281        1.1824382816936814E-006
   5.5236793909271089        1.0925823148142715E-006
   5.5299562993258897        9.7056435556308934E-007
   5.5362332077246705        8.2021171590696522E-007
   5.5425101161234513        6.4620127722600504E-007
   5.5487870245222322        4.5369319201774372E-007
   5.5550639329210130        2.4837327234847767E-007
   5.5613408413197938        3.6066733043989722E-008
   5.5676177497185746       -1.7722201118644252E-007
   5.5738946581173554       -3.8569403499806266E-007
   5.5801715665161362       -5.8369824680031792E-007
   5.5864484749149170       -7.6609592546198034E-007
   5.5927253833136978       -9.2816869549694990E-007
   5.5990022917124787       -1.0659491100443429E-006
   5.6052792001112595       -1.1760831109264800E-006
   5.6115561085100403       -1.2561186523584388E-006
   5.6178330169088211       -1.3043174280291994E-006
   5.6241099253076019       -1.3198995680694649E-006
   5.6303868337063827       -1.3028050363115977E-006
   5.6366637421051635       -1.2538982182046305E-006
   5.6429406505039443       -1.1746831705778345E-006
   5.6492175589027251       -1.0674851430925665E-006
   5.6554944673015060       -9.3517798836062178E-007
   5.6617713757002868       -7.8127335584022032E-007
   5.6680482840990676       -6.0955548924765322E-007
   5.6743251924978484       -4.2421586634563106E-007
   5.6806021008966292       -2.2949662911827924E-007
   5.6868790092954100       -2.9829787856207947E-008
   5.6931559176941908        1.7051526614974891E-007
   5.6994328260929716        3.6727688112349016E-007
   5.7057097344917524        5.5654091356149757E-007
   5.7119866428905333        7.3456231271989976E-007
   5.7182635512893141        8.9808631997120115E-007
   5.7245404596880949        1.0441419623763633E-006
   5.7308173680868757        1.1703419437738898E-006
   5.7370942764856565        1.2746466180963908E-006
   5.7433711848844373        1.3556427401324931E-006
   5.7496480932832181        1.4122791905815954E-006
   5.7559250016819989        1.4441271445959297E-006
   5.7622019100807798        1.4510908964004246E-006
   5.7684788184795606        1.4336537324137288E-006
   5.7747557268783414        1.3925685668232361E-006
   5.7810326352771222        1.3290947981741435E-006
   5.7873095436759030        1.2446741160736438E-006
   5.7935864520746838        1.1411639252449239E-006
   5.7998633604734646        1.0205036962315893E-006
   5.8061402688722454        8.8495025722027566E-007
   5.8124171772710262        7.3673957113722225E-007
   5.8186940856698071        5.7832852205126450E-007
   5.8249709940685879        4.1205841032420949E-007
   5.8312479024673687        2.4041026493553643E-007
   5.8375248108661495        6.5655421958544907E-008
   5.8438017192649303       -1.0988233727047883E-007
   5.8500786276637111       -2.8415902949999195E-007
   5.8563555360624919       -4.5513150297908673E-007
   5.8626324444612727       -6.2108475133019602E-007
   5.8689093528600536       -7.8033789654137825E-007
   5.8751862612588344       -9.3156672076711421E-007
   5.8814631696576152       -1.0734953125405230E-006
   5.8877400780563960       -1.2052149340918583E-006
   5.8940169864551768       -1.3258625795592768E-006
   5.9002938948539576       -1.4349378132560560E-006
   5.9065708032527384       -1.5319698430960111E-006
   5.9128477116515192       -1.6168342180855564E-006
   5.9191246200503000       -1.6894101550278961E-006
   5.9254015284490809       -1.7498990357110807E-006
   5.9316784368478617       -1.7984736746630737E-006
   5.9379553452466425       -1.8356004418579398E-006
   5.9442322536454233       -1.8616819747365188E-006
   5.9505091620442041       -1.8773845274419802E-006
   5.9567860704429849       -1.8832753579786071E-006
   5.9630629788417657       -1.8801566041569407E-006
   5.9693398872405457       -1.8686982631151623E-006
   5.9756167956393265       -1.8497795814045353E-006
   5.9818937040381073       -1.8241182160374878E-006
   5.9881706124368881       -1.7926198238669310E-006
   5.9944475208356689       -1.7560035734874911E-006
   6.0007244292344497       -1.7151589901806355E-006
   6.0070013376332305       -1.6707670462712397E-006
   6.0132782460320113       -1.6236694698992516E-006
   6.0195551544307921       -1.5744876514118585E-006
   6.0258320628295730       -1.5239983232274560E-006
   6.0321089712283538       -1.4727480329883427E-006
   6.0383858796271346       -1.4214375432804054E-006
   6.0446627880259154       -1.3705318449634017E-006
   6.0509396964246962       -1.3206530706331793E-006
   6.0572166048234770       -1.2721856111915890E-006
   6.0634935132222578       -1.2256773680852010E-006
   6.0697704216210386       -1.1814395220896284E-006
   6.0760473300198194       -1.1399559874614085E-006
   6.0823242384186003       -1.1014774111412866E-006
   6.0886011468173811       -1.0664387531747903E-006
   6.0948780552161619       -1.0350471542968742E-006
   6.1011549636149427       -1.0077076561279828E-006
   6.1074318720137235       -9.8460465185525266E-007
   6.1137087804125043       -9.6613588473956680E-007
   6.1199856888112851       -9.5248726951625469E-007
   6.1262625972100659       -9.4407547526135071E-007
   6.1325395056088468       -9.4111595652782206E-007
   6.1388164140076276       -9.4407472348003410E-007
   6.1450933224064084       -9.5322924877194680E-007
   6.1513702308051892       -9.6913094572250691E-007
   6.1576471392039700       -9.9215672097972291E-007
   6.1639240476027508       -1.0229918250831980E-006
   6.1702009560015316       -1.0620897012845315E-006
   6.1764778644003124       -1.1095243036458242E-006
   6.1827547727990932       -1.1644340534518387E-006
   6.1890316811978741       -1.2260563874131584E-006
   6.1953085895966549       -1.2933114383327640E-006
   6.2015854979954357       -1.3652481615000266E-006
   6.2078624063942165       -1.4405395866167559E-006
   6.2141393147929973       -1.5179572069440007E-006
   6.2204162231917781       -1.5958630599191773E-006
   6.2266931315905589       -1.6727058995431734E-006
   6.2329700399893397       -1.7465158267668953E-006
   6.2392469483881206       -1.8154247512082197E-006
   6.2455238567869014       -1.8771673255092078E-006
   6.2518007651856822       -1.9296289324204075E-006
   6.2580776735844630       -1.9703557416665481E-006
   6.2643545819832438       -1.9971325556901891E-006
   6.2706314903820246       -2.0075030705809987E-006
   6.2769083987808054       -1.9993777340808868E-006
   6.2831853071795862       -1.9705624440094727E-006
