   6.2769083987808056E-003   1.3179629376820216E-007
   1.2553816797561611E-002   1.4184417430444416E-007
   1.8830725196342418E-002   1.4978978515275827E-007
   2.5107633595123222E-002   1.5532559906628157E-007
   3.1384541993904030E-002   1.5822785070105464E-007
   3.7661450392684835E-002   1.5824858144717979E-007
   4.3938358791465640E-002   1.5524966355298918E-007
   5.0215267190246445E-002   1.4909310176125164E-007
   5.6492175589027249E-002   1.3977516029097849E-007
   6.2769083987808061E-002   1.2732546683502504E-007
   6.9045992386588859E-002   1.1201330218035224E-007
   7.5322900785369670E-002   9.4160441420348136E-008
   8.1599809184150468E-002   7.4211774125725435E-008
   8.7876717582931280E-002   5.2589122292126636E-008
   9.4153625981712077E-002   2.9814249238464909E-008
  0.10043053438049289        6.3623399864354152E-009
  0.10670744277927370       -1.7212749747712874E-008
  0.11298435117805450       -4.0428533239236321E-008
  0.11926125957683531       -6.2745130430000013E-008
  0.12553816797561612       -8.3717843861984212E-008
  0.13181507637439691       -1.0286387362836242E-007
  0.13809198477317772       -1.1981656712667831E-007
  0.14436889317195853       -1.3418674080363179E-007
  0.15064580157073934       -1.4571795269143423E-007
  0.15692270996952015       -1.5414176860166398E-007
  0.16319961836830094       -1.5933365594598467E-007
  0.16947652676708175       -1.6116178056985795E-007
  0.17575343516586256       -1.5964339610265942E-007
  0.18203034356464337       -1.5478702325488164E-007
  0.18830725196342415       -1.4674948185409610E-007
  0.19458416036220497       -1.3567155831923119E-007
  0.20086106876098578       -1.2183607845641642E-007
  0.20713797715976659       -1.0549738801153112E-007
  0.21341488555854740       -8.7041076447574078E-008
  0.21969179395732819       -6.6807762623879770E-008
  0.22596870235610900       -4.5255243658137789E-008
  0.23224561075488981       -2.2777153223859501E-008
  0.23852251915367062        1.3147188936632708E-010
  0.24479942755245140        2.3061270488849955E-008
  0.25107633595123224        4.5527655617080233E-008
  0.25735324435001306        6.7161602475467521E-008
  0.26363015274879381        8.7533972844885559E-008
  0.26990706114757462        1.0634646064151674E-007
  0.27618396954635543        1.2324933771307611E-007
  0.28246087794513625        1.3803424584279629E-007
  0.28873778634391706        1.5044510401320802E-007
  0.29501469474269787        1.6037296275400845E-007
  0.30129160314147868        1.6766010220850744E-007
  0.30756851154025949        1.7229734762331732E-007
  0.31384541993904030        1.7422157465127688E-007
  0.32012232833782106        1.7351603084771055E-007
  0.32639923673660187        1.7020157014679595E-007
  0.33267614513538268        1.6444060864911972E-007
  0.33895305353416350        1.5632245915961972E-007
  0.34522996193294431        1.4607157034941508E-007
  0.35150687033172512        1.3382732025112528E-007
  0.35778377873050593        1.1985716668534289E-007
  0.36406068712928674        1.0433119657586696E-007
  0.37033759552806755        8.7540755462500385E-008
  0.37661450392684831        6.9667965275612164E-008
  0.38289141232562912        5.1010312825670801E-008
  0.38916832072440993        3.1745250969680139E-008
  0.39544522912319074        1.2161124854821907E-008
  0.40172213752197156       -7.5831284160017762E-009
  0.40799904592075237       -2.7220450373808272E-008
  0.41427595431953318       -4.6620359360331173E-008
  0.42055286271831399       -6.5541547135855816E-008
  0.42682977111709480       -8.3882588554666408E-008
  0.43310667951587556       -1.0143084472710742E-007
  0.43938358791465637       -1.1811879682526752E-007
  0.44566049631343718       -1.3376580166241254E-007
  0.45193740471221799       -1.4834037069636816E-007
  0.45821431311099881       -1.6169476036530627E-007
  0.46449122150977962       -1.7383347162385790E-007
  0.47076812990856043       -1.8464055586319618E-007
  0.47704503830734124       -1.9415466034803728E-007
  0.48332194670612205       -2.0228892135593809E-007
  0.48959885510490281       -2.0911290013241513E-007
  0.49587576350368362       -2.1456492618472710E-007
  0.50215267190246449       -2.1874128031089351E-007
  0.50842958030124530       -2.2160083130998473E-007
  0.51470648870002611       -2.2326182735059539E-007
  0.52098339709880681       -2.2369864566519041E-007
  0.52726030549758762       -2.2304655499559524E-007
  0.53353721389636843       -2.2129036505531577E-007
  0.53981412229514925       -2.1857752567184865E-007
  0.54609103069393006       -2.1489842719346406E-007
  0.55236793909271087       -2.1040820563353034E-007
  0.55864484749149168       -2.0509840864551812E-007
  0.56492175589027249       -1.9912787735441268E-007
  0.57119866428905330       -1.9248545898131328E-007
  0.57747557268783412       -1.8533029324298165E-007
  0.58375248108661493       -1.7764638341266637E-007
  0.59002938948539574       -1.6960707668601982E-007
  0.59630629788417655       -1.6123142736278425E-007
  0.60258320628295736       -1.5271603620171084E-007
  0.60886011468173817       -1.4406340441769860E-007
  0.61513702308051899       -1.3545355341522689E-007
  0.62141393147929980       -1.2686719307061833E-007
  0.62769083987808061       -1.1846778448770749E-007
  0.63396774827686131       -1.1021429666864607E-007
  0.64024465667564212       -1.0225467368871557E-007
  0.64652156507442293       -9.4527409294314778E-008
  0.65279847347320374       -8.7166883613105821E-008
  0.65907538187198456       -8.0093123491000182E-008
  0.66535229027076537       -7.3429453757753760E-008
  0.67162919866954618       -6.7079825616472819E-008
  0.67790610706832699       -6.1159264552174852E-008
  0.68418301546710780       -5.5558139517636831E-008
  0.69045992386588861       -5.0385934818648030E-008
  0.69673683226466943       -4.5521820255626150E-008
  0.70301374066345024       -4.1072325747973198E-008
  0.70929064906223105       -3.6907550690650347E-008
  0.71556755746101186       -3.3133375550851314E-008
  0.72184446585979267       -2.9612621557447921E-008
  0.72812137425857348       -2.6452483451286637E-008
  0.73439828265735430       -2.3509920502633739E-008
  0.74067519105613511       -2.0895048408250265E-008
  0.74695209945491581       -1.8460006387842199E-008
  0.75322900785369662       -1.6319076550739075E-008
  0.75950591625247743       -1.4320491192082682E-008
  0.76578282465125824       -1.2586125668285569E-008
  0.77205973305003905       -1.0964266863847539E-008
  0.77833664144881987       -9.5835602064936164E-009
  0.78461354984760068       -8.2870715024545721E-009
  0.79089045824638149       -7.2083434391274274E-009
  0.79716736664516230       -6.1856680963480688E-009
  0.80344427504394311       -5.3585892338531987E-009
  0.80972118344272392       -4.5609803416398260E-009
  0.81599809184150474       -3.9391657246220563E-009
  0.82227500024028555       -3.3226515175310161E-009
  0.82855190863906636       -2.8650936982721351E-009
  0.83482881703784717       -2.3914436688241199E-009
  0.84110572543662798       -2.0630841181385409E-009
  0.84738263383540879       -1.7000494164169208E-009
  0.85365954223418961       -1.4717478591609992E-009
  0.85993645063297042       -1.1928090111225084E-009
  0.86621335903175112       -1.0409237547529824E-009
  0.87249026743053193       -8.2474511374046493E-010
  0.87876717582931274       -7.3049859585747606E-010
  0.88504408422809355       -5.6023220030667361E-010
  0.89132099262687436       -5.0898455576090944E-010
  0.89759790102565518       -3.7152843432127687E-010
  0.90387480942443599       -3.5204021995459854E-010
  0.91015171782321680       -2.3731405349118617E-010
  0.91642862622199761       -2.4104829502883326E-010
  0.92270553462077842       -1.4132487518066567E-010
  0.92898244301955923       -1.6181452483553509E-010
  0.93525935141834005       -7.1114804457952075E-011
  0.94153625981712086       -1.0340600420990309E-010
  0.94781316821590167       -1.7005040575064435E-011
  0.95409007661468248       -5.7148445076494728E-011
  0.96036698501346329        2.9039170886779948E-011
  0.96664389341224410       -1.5384228253382451E-011
  0.97292080181102492        7.4618549526420630E-011
  0.97919771020980562        2.9690447501543363E-011
  0.98547461860858643        1.2813042950079821E-010
  0.99175152700736724        8.7433075627193802E-011
  0.99802843540614805        2.0044425514912044E-010
   1.0043053438049290        1.7079705065315707E-010
   1.0105822522037098        3.0744028840200030E-010
   1.0168591606024906        2.9953595773236337E-010
   1.0231360690012714        4.7410265341822365E-010
   1.0294129774000522        5.0547744574833240E-010
   1.0356898857988328        7.4136743438799630E-010
   1.0419667941976136        8.4146610906701092E-010
   1.0482437025963944        1.1778553507507163E-009
   1.0545206109951752        1.3968079136048652E-009
   1.0607975193939561        1.9002631677092305E-009
   1.0670744277927369        2.3242602445556433E-009
   1.0733513361915177        3.1091735510555158E-009
   1.0796282445902985        3.8876511396065875E-009
   1.0859051529890793        5.1525218716490195E-009
   1.0921820613878601        6.5466291765873285E-009
   1.0984589697866409        8.6389792709345215E-009
   1.1047358781854217        1.1108624041789629E-008
   1.1110127865842025        1.4642156213303564E-008
   1.1172896949829834        1.9005544292441148E-008
   1.1235666033817642        2.5079141233883463E-008
   1.1298435117805450        3.2809682156145116E-008
   1.1361204201793258        4.3406095136132143E-008
   1.1423973285781066        5.7172196771874159E-008
   1.1486742369768874        7.5895649284361643E-008
   1.1549511453756682        1.0057014349189094E-007
   1.1612280537744490        1.3402845080034579E-007
   1.1675049621732299        1.7858411872641962E-007
   1.1737818705720107        2.3899333999408887E-007
   1.1800587789707915        3.2008891364741029E-007
   1.1863356873695723        4.3021978213784551E-007
   1.1926125957683531        5.7903614049799979E-007
   1.1988895041671339        7.8167953802642199E-007
   1.2051664125659147        1.0570511219965976E-006
   1.2114433209646955        1.4332684312995812E-006
   1.2177202293634763        1.9470972747873705E-006
   1.2239971377622572        2.6516731704042281E-006
   1.2302740461610380        3.6184824567366498E-006
   1.2365509545598188        4.9493077212892530E-006
   1.2428278629585996        6.7835818312007252E-006
   1.2491047713573804        9.3184405366536546E-006
   1.2553816797561612        1.2827247348748570E-005
   1.2616585881549420        1.7695452319662413E-005
   1.2679354965537226        2.4462451622611372E-005
   1.2742124049525034        3.3887991188742576E-005
   1.2804893133512842        4.7044915737937457E-005
   1.2867662217500651        6.5390688146456263E-005
   1.2930431301488459        9.0643480132940858E-005
   1.2993200385476267        1.2500313148786730E-004
   1.3055969469464075        1.7127991583224068E-004
   1.3118738553451883        2.3301027866731038E-004
   1.3181507637439691        3.1456876793586425E-004
   1.3244276721427499        4.2129039296994874E-004
   1.3307045805415307        5.5955653596021881E-004
   1.3369814889403115        7.3686807227139959E-004
   1.3432583973390924        9.6183584290343246E-004
   1.3495353057378732        1.2441139319257200E-003
   1.3558122141366540        1.5941834712947230E-003
   1.3620891225354348        2.0230180940962413E-003
   1.3683660309342156        2.5415195138254621E-003
   1.3746429393329964        3.1597747317851201E-003
   1.3809198477317772        3.8860149420779141E-003
   1.3871967561305580        4.7253773746302264E-003
   1.3934736645293389        5.6783610926840790E-003
   1.3997505729281197        6.7391730242282585E-003
   1.4060274813269005        7.8938865198199173E-003
   1.4123043897256813        9.1187596317569460E-003
   1.4185812981244621        1.0378664864699294E-002
   1.4248582065232429        1.1626182438035067E-002
   1.4311351149220237        1.2801267524424197E-002
   1.4374120233208045        1.3832292591111321E-002
   1.4436889317195853        1.4638120881550011E-002
   1.4499658401183662        1.5132265258058599E-002
   1.4562427485171470        1.5229578248472452E-002
   1.4625196569159278        1.4873410075834549E-002
   1.4687965653147086        1.4065056973654290E-002
   1.4750734737134894        1.2826540444214758E-002
   1.4813503821122702        1.1192467409829781E-002
   1.4876272905110510        9.2107473278795378E-003
   1.4939041989098316        6.9407113380610709E-003
   1.5001811073086124        4.4518600364632493E-003
   1.5064580157073932        1.8216174264890142E-003
   1.5127349241061741       -8.6682533678569124E-004
   1.5190118325049549       -3.5272171380622370E-003
   1.5252887409037357       -6.0729126249298767E-003
   1.5315656493025165       -8.4198026977593196E-003
   1.5378425577012973       -1.0489106236249188E-002
   1.5441194661000781       -1.2210176174696842E-002
   1.5503963744988589       -1.3523014264687213E-002
   1.5566732828976397       -1.4380573129652942E-002
   1.5629501912964205       -1.4750607595361991E-002
   1.5692270996952014       -1.4617124198583180E-002
   1.5755040080939822       -1.3981250453072795E-002
   1.5817809164927630       -1.2861572669276249E-002
   1.5880578248915438       -1.1293823280714163E-002
   1.5943347332903246       -9.3299861930134058E-003
   1.6006116416891054       -7.0367610836262542E-003
   1.6068885500878862       -4.4934862240339534E-003
   1.6131654584866670       -1.7895182258733542E-003
   1.6194423668854478        9.7879802396896192E-004
   1.6257192752842287        3.7115192266369231E-003
   1.6319961836830095        6.3087176447554731E-003
   1.6382730920817903        8.6744388014800018E-003
   1.6445500004805711        1.0720629728447015E-002
   1.6508269088793519        1.2370404494915730E-002
   1.6571038172781327        1.3560996022157117E-002
   1.6633807256769135        1.4246279388081909E-002
   1.6696576340756943        1.4398684638936947E-002
   1.6759345424744752        1.4010457505520836E-002
   1.6822114508732560        1.3094173613710279E-002
   1.6884883592720368        1.1682501752848620E-002
   1.6947652676708176        9.8271841715648293E-003
   1.7010421760695984        7.5972827589263197E-003
   1.7073190844683792        5.0767217470386846E-003
   1.7135959928671600        2.3612303806914009E-003
   1.7198729012659408       -4.4522761582679464E-004
   1.7261498096647214       -3.2343886248830771E-003
   1.7324267180635022       -5.8978595071458818E-003
   1.7387036264622830       -8.3313462807682280E-003
   1.7449805348610639       -1.0438793172777175E-002
   1.7512574432598447       -1.2136249542726664E-002
   1.7575343516586255       -1.3355323085226046E-002
   1.7638112600574063       -1.4046057399761806E-002
   1.7700881684561871       -1.4179125273871860E-002
   1.7763650768549679       -1.3747219847844631E-002
   1.7826419852537487       -1.2765591478973125E-002
   1.7889188936525295       -1.1271672672782420E-002
   1.7951958020513104       -9.3238145950268001E-003
   1.8014727104500912       -6.9991351525644872E-003
   1.8077496188488720       -4.3906374804489629E-003
   1.8140265272476528       -1.6037392339925574E-003
   1.8203034356464336        1.2483788471658755E-003
   1.8265803440452144        4.0496489469100880E-003
   1.8328572524439952        6.6858560442446917E-003
   1.8391341608427760        9.0493064358844032E-003
   1.8454110692415568        1.1043240146512881E-002
   1.8516879776403377        1.2585820476519289E-002
   1.8579648860391185        1.3613520933731641E-002
   1.8642417944378993        1.4083781417556101E-002
   1.8705187028366801        1.3976808706305811E-002
   1.8767956112354609        1.3296455340988772E-002
   1.8830725196342417        1.2070124899978604E-002
   1.8893494280330225        1.0347714316546248E-002
   1.8956263364318033        8.1996210916052692E-003
   1.9019032448305841        5.7139042762297228E-003
   1.9081801532293650        2.9927010883556340E-003
   1.9144570616281458        1.4805505446737635E-004
   1.9207339700269266       -2.7026865753037332E-003
   1.9270108784257074       -5.4417054185365542E-003
   1.9332877868244882       -7.9555888683392594E-003
   1.9395646952232690       -1.0140035064979349E-002
   1.9458416036220498       -1.1904206219025323E-002
   1.9521185120208304       -1.3174529218121112E-002
   1.9583954204196112       -1.3897805937503447E-002
   1.9646723288183920       -1.4043470958003144E-002
   1.9709492372171729       -1.3604941777038923E-002
   1.9772261456159537       -1.2599926661679365E-002
   1.9835030540147345       -1.1069903701766307E-002
   1.9897799624135153       -9.0790618886721977E-003
   1.9960568708122961       -6.7108704847043529E-003
   2.0023337792110771       -4.0641929589380812E-003
   2.0086106876098579       -1.2491208463555094E-003
   2.0148875960086388        1.6176471828516655E-003
   2.0211645044074196        4.4176494403941110E-003
   2.0274414128062004        7.0355616692503436E-003
   2.0337183212049812        9.3639251765913305E-003
   2.0399952296037620        1.1307530502657179E-002
   2.0462721380025428        1.2787261582493858E-002
   2.0525490464013236        1.3743262763519237E-002
   2.0588259548001044        1.4137290195621519E-002
   2.0651028631988853        1.3954171504413587E-002
   2.0713797715976656        1.3202308514864708E-002
   2.0776566799964464        1.1913223002212746E-002
   2.0839335883952272        1.0140159042335598E-002
   2.0902104967940081        7.9558193975695080E-003
   2.0964874051927889        5.4493212737178418E-003
   2.1027643135915697        2.7225154449526294E-003
   2.1090412219903505       -1.1419293731526306E-004
   2.1153181303891313       -2.9463316618401621E-003
   2.1215950387879121       -5.6599937874773727E-003
   2.1278719471866929       -8.1464033800377113E-003
   2.1341488555854737       -1.0306262271886036E-002
   2.1404257639842545       -1.2053664684593006E-002
   2.1467026723830354       -1.3319486943163782E-002
   2.1529795807818162       -1.4054017967818773E-002
   2.1592564891805970       -1.4229100696327582E-002
   2.1655333975793778       -1.3840094166728626E-002
   2.1718103059781586       -1.2904869899467770E-002
   2.1780872143769394       -1.1462589841350564E-002
   2.1843641227757202       -9.5719340471758455E-003
   2.1906410311745010       -7.3085247765336562E-003
   2.1969179395732819       -4.7617724768752772E-003
   2.2031948479720627       -2.0312192358424713E-003
   2.2094717563708435        7.7742679210442980E-004
   2.2157486647696243        3.5564356667687584E-003
   2.2220255731684051        6.2001916634349822E-003
   2.2283024815671859        8.6091822611474682E-003
   2.2345793899659667        1.0693674673984450E-002
   2.2408562983647475        1.2376962283528298E-002
   2.2471332067635283        1.3598054821278691E-002
   2.2534101151623092        1.4313736282789121E-002
   2.2596870235610900        1.4499916535415849E-002
   2.2659639319598708        1.4152253789480245E-002
   2.2722408403586516        1.3286031031893058E-002
   2.2785177487574324        1.1935319186439548E-002
   2.2847946571562132        1.0151463758778781E-002
   2.2910715655549940        8.0009774052702612E-003
   2.2973484739537748        5.5629175929192160E-003
   2.3036253823525557        2.9258692952112905E-003
   2.3099022907513365        1.8463674176235123E-004
   2.3161791991501173       -2.5632131667078623E-003
   2.3224561075488981       -5.2208498994654219E-003
   2.3287330159476789       -7.6955770386526361E-003
   2.3350099243464597       -9.9022441453198509E-003
   2.3412868327452405       -1.1766589755689345E-002
   2.3475637411440213       -1.3227356845037274E-002
   2.3538406495428021       -1.4238029643233594E-002
   2.3601175579415830       -1.4768089816017483E-002
   2.3663944663403638       -1.4803661060321546E-002
   2.3726713747391446       -1.4347581876298584E-002
   2.3789482831379254       -1.3418902564956219E-002
   2.3852251915367062       -1.2051863540041625E-002
   2.3915020999354870       -1.0294395855914559E-002
   2.3977790083342678       -8.2062251610002159E-003
   2.4040559167330486       -5.8566472318571866E-003
   2.4103328251318294       -3.3220714843287258E-003
   2.4166097335306103       -6.8341303539664786E-004
   2.4228866419293911        1.9765671002178286E-003
   2.4291635503281719        4.5758943299678313E-003
   2.4354404587269527        7.0358941935123121E-003
   2.4417173671257335        9.2835208106691620E-003
   2.4479942755245143        1.1253426790860612E-002
   2.4542711839232951        1.2889728950184011E-002
   2.4605480923220759        1.4147420433591929E-002
   2.4668250007208568        1.4993409204484458E-002
   2.4731019091196376        1.5407159501771576E-002
   2.4793788175184184        1.5380942990069008E-002
   2.4856557259171992        1.4919700009217694E-002
   2.4919326343159800        1.4040544214589277E-002
   2.4982095427147608        1.2771922801156032E-002
   2.5044864511135416        1.1152542985325403E-002
   2.5107633595123224        9.2303266810341705E-003
   2.5170402679111032        7.0607381354179178E-003
   2.5233171763098841        4.7044548652680060E-003
   2.5295940847086644        2.2254355584982190E-003
   2.5358709931074452       -3.1091674954618792E-004
   2.5421479015062260       -2.8395480896832559E-003
   2.5484248099050069       -5.2974403614228860E-003
   2.5547017183037877       -7.6251527085881973E-003
   2.5609786267025685       -9.7681868184580304E-003
   2.5672555351013493       -1.1678144491125269E-002
   2.5735324435001301       -1.3313666262521229E-002
   2.5798093518989109       -1.4641132431885417E-002
   2.5860862602976917       -1.5635132043220576E-002
   2.5923631686964725       -1.6278694078904046E-002
   2.5986400770952534       -1.6563300482344143E-002
   2.6049169854940342       -1.6488685859003829E-002
   2.6111938938928150       -1.6062454133446483E-002
   2.6174708022915958       -1.5299524203214437E-002
   2.6237477106903766       -1.4221441727800136E-002
   2.6300246190891574       -1.2855572517929948E-002
   2.6363015274879382       -1.1234217789073905E-002
   2.6425784358867190       -9.3936665623950751E-003
   2.6488553442854998       -7.3732253573104796E-003
   2.6551322526842807       -5.2142371560157151E-003
   2.6614091610830615       -2.9591273426264231E-003
   2.6676860694818423       -6.5048241650717410E-004
   2.6739629778806231        1.6698025903266725E-003
   2.6802398862794039        3.9613304479355089E-003
   2.6865167946781847        6.1860621961436447E-003
   2.6927937030769655        8.3090930385932883E-003
   2.6990706114757463        1.0299105640749727E-002
   2.7053475198745272        1.2128720014861210E-002
   2.7116244282733080        1.3774730877011037E-002
   2.7179013366720888        1.5218242068339903E-002
   2.7241782450708696        1.6444690099798126E-002
   2.7304551534696504        1.7443784143302842E-002
   2.7367320618684312        1.8209352806545613E-002
   2.7430089702672120        1.8739130402884482E-002
   2.7492858786659928        1.9034471851170208E-002
   2.7555627870647736        1.9100032000435457E-002
   2.7618396954635545        1.8943396082620113E-002
   2.7681166038623353        1.8574698905275577E-002
   2.7743935122611161        1.8006215791178871E-002
   2.7806704206598969        1.7251963999863756E-002
   2.7869473290586777        1.6327292895617063E-002
   2.7932242374574585        1.5248502516032717E-002
   2.7995011458562393        1.4032463263641852E-002
   2.8057780542550201        1.2696277534947288E-002
   2.8120549626538009        1.1256949862662910E-002
   2.8183318710525818        9.7311081853216890E-003
   2.8246087794513626        8.1347361712295879E-003
   2.8308856878501434        6.4829620050319923E-003
   2.8371625962489242        4.7898563970145691E-003
   2.8434395046477050        3.0682893433263136E-003
   2.8497164130464858        1.3297905460250465E-003
   2.8559933214452666       -4.1553119382215371E-004
   2.8622702298440474       -2.1590749394764471E-003
   2.8685471382428283       -3.8937806375707951E-003
   2.8748240466416091       -5.6141735890835806E-003
   2.8811009550403899       -7.3163502878047541E-003
   2.8873778634391707       -8.9979930551287290E-003
   2.8936547718379515       -1.0658327367586228E-002
   2.8999316802367323       -1.2298122899979972E-002
   2.9062085886355131       -1.3919635249892237E-002
   2.9124854970342939       -1.5526608622957619E-002
   2.9187624054330747       -1.7124214019976061E-002
   2.9250393138318556       -1.8719068855120372E-002
   2.9313162222306364       -2.0319182314583878E-002
   2.9375931306294172       -2.1934007636238394E-002
   2.9438700390281980       -2.3574403618229475E-002
   2.9501469474269788       -2.5252736820376959E-002
   2.9564238558257596       -2.6982865952139244E-002
   2.9627007642245404       -2.8780315018234123E-002
   2.9689776726233212       -3.0662283705598637E-002
   2.9752545810221021       -3.2647920781575718E-002
   2.9815314894208829       -3.4758355812663309E-002
   2.9878083978196632       -3.7017120882029624E-002
   2.9940853062184440       -3.9450177319249463E-002
   3.0003622146172249       -4.2086583293169659E-002
   3.0066391230160057       -4.4958412312472718E-002
   3.0129160314147865       -4.8101944943643504E-002
   3.0191929398135673       -5.1556963281071462E-002
   3.0254698482123481       -5.5370119284532275E-002
   3.0317467566111289       -5.9582288631836927E-002
   3.0380236650099097       -6.4169070692668709E-002
   3.0443005734086905       -6.9088402308475377E-002
   3.0505774818074713       -7.4291438161269208E-002
   3.0568543902062522       -7.9718787009979877E-002
   3.0631312986050330       -8.5300673872738347E-002
   3.0694082070038138       -9.0955455820177417E-002
   3.0756851154025946       -9.6589603162817478E-002
   3.0819620238013754      -0.10209726399180930     
   3.0882389322001562      -0.10736083081035107     
   3.0945158405989370      -0.11225157754275925     
   3.1007927489977178      -0.11663118989161779     
   3.1070696573964987      -0.12035363954953310     
   3.1133465657952795      -0.12326792456163828     
   3.1196234741940603      -0.12522130069763548     
   3.1259003825928411      -0.12606332822270125     
   3.1321772909916219      -0.12565043103735446     
   3.1384541993904027      -0.12385113165427673     
   3.1447311077891835      -0.12055167268195446     
   3.1510080161879643      -0.11566203988421060     
   3.1572849245867451      -0.10912208012513752     
   3.1635618329855260      -0.10090758782272426     
   3.1698387413843068       -9.1036030583474842E-002
   3.1761156497830876       -7.9571658637997755E-002
   3.1823925581818684       -6.6629668870732947E-002
   3.1886694665806492       -5.2379071952814778E-002
   3.1949463749794300       -3.7043938185072123E-002
   3.2012232833782108       -2.0903190229183074E-002
   3.2075001917769916       -4.2910682864952610E-003
   3.2137771001757724        1.2418569906844581E-002
   3.2200540085745533        2.8848880345379208E-002
   3.2263309169733341        4.4632841789884171E-002
   3.2326078253721149        5.9420695132582114E-002
   3.2388847337708957        7.2887808331799156E-002
   3.2451616421696765        8.4741451046991989E-002
   3.2514385505684573        9.4726967366306494E-002
   3.2577154589672381       0.10263286950894915     
   3.2639923673660189       0.10829498411690439     
   3.2702692757647998       0.11159942788645713     
   3.2765461841635806       0.11248447842552767     
   3.2828230925623614       0.11094124267063732     
   3.2891000009611422       0.10701319392836711     
   3.2953769093599230       0.10079456304605221     
   3.3016538177587038        9.2427681936770298E-002
   3.3079307261574846        8.2099325090043598E-002
   3.3142076345562654        7.0036178826217960E-002
   3.3204845429550462        5.6499525553203818E-002
   3.3267614513538271        4.1779300738015376E-002
   3.3330383597526079        2.6187633383951584E-002
   3.3393152681513887        1.0052048641833037E-002
   3.3455921765501695       -6.2915517888111573E-003
   3.3518690849489503       -2.2505940155343997E-002
   3.3581459933477311       -3.8259540019378202E-002
   3.3644229017465119       -5.3233145898134389E-002
   3.3706998101452927       -6.7126243695636481E-002
   3.3769767185440736       -7.9663543183145377E-002
   3.3832536269428544       -9.0607176534371864E-002
   3.3895305353416352       -9.9766798179911173E-002
   3.3958074437404160      -0.10699505230912600     
   3.4020843521391968      -0.11218721011152018     
   3.4083612605379776      -0.11528147640745394     
   3.4146381689367584      -0.11625799304340198     
   3.4209150773355392      -0.11513718043545826     
   3.4271919857343200      -0.11197723582535578     
   3.4334688941331009      -0.10687106968892861     
   3.4397458025318817       -9.9942678557022380E-002
   3.4460227109306620       -9.1343157352630114E-002
   3.4522996193294428       -8.1246402334155629E-002
   3.4585765277282237       -6.9844671747740117E-002
   3.4648534361270045       -5.7344066577311892E-002
   3.4711303445257853       -4.3960071441637286E-002
   3.4774072529245661       -2.9913208563320935E-002
   3.4836841613233469       -1.5424920591533017E-002
   3.4899610697221277       -7.1371301286879028E-004
   3.4962379781209085        1.4008348388913804E-002
   3.5025148865196893        2.8538786320375875E-002
   3.5087917949184702        4.2687422608012532E-002
   3.5150687033172510        5.6278696805390958E-002
   3.5213456117160318        6.9153496933951231E-002
   3.5276225201148126        8.1170625464321355E-002
   3.5338994285135934        9.2207724174796474E-002
   3.5401763369123742       0.10216199710497646     
   3.5464532453111550       0.11095006829415655     
   3.5527301537099358       0.11851002059992205     
   3.5590070621087166       0.12481438853823772     
   3.5652839705074975       0.12986806680211621     
   3.5715608789062783       0.13369634469677918     
   3.5778377873050591       0.13634116296138224     
   3.5841146957038399       0.13785877374571825     
   3.5903916041026207       0.13831718780543781     
   3.5966685125014015       0.13779373057297653     
   3.6029454209001823       0.13637267341752979     
   3.6092223292989631       0.13414301284657287     
   3.6154992376977440       0.13119641844133834     
   3.6217761460965248       0.12762537621949421     
   3.6280530544953056       0.12352154371713107     
   3.6343299628940864       0.11897432297987874     
   3.6406068712928672       0.11406965603630090     
   3.6468837796916480       0.10888903665692655     
   3.6531606880904288       0.10350873236143257     
   3.6594375964892096        9.7999202991718687E-002
   3.6657145048879904        9.2424702037566364E-002
   3.6719914132867713        8.6843043485551691E-002
   3.6782683216855521        8.1305515384442292E-002
   3.6845452300843329        7.5856922805631721E-002
   3.6908221384831137        7.0535738302306791E-002
   3.6970990468818945        6.5374345878330201E-002
   3.7033759552806753        6.0399353480211845E-002
   3.7096528636794561        5.5631968498144217E-002
   3.7159297720782369        5.1088402084038427E-002
   3.7222066804770177        4.6780325082322848E-002
   3.7284835888757986        4.2715234374171726E-002
   3.7347604972745794        3.8896515825135348E-002
   3.7410374056733602        3.5324258680612515E-002
   3.7473143140721410        3.1995906631055185E-002
   3.7535912224709218        2.8906664872021440E-002
   3.7598681308697026        2.6049881035571838E-002
   3.7661450392684834        2.3417392028651292E-002
   3.7724219476672642        2.0999847379531193E-002
   3.7786988560660451        1.8786998505958292E-002
   3.7849757644648259        1.6767960628868768E-002
   3.7912526728636067        1.4931442036250740E-002
   3.7975295812623875        1.3265946046379146E-002
   3.8038064896611683        1.1759943134753750E-002
   3.8100833980599491        1.0402018061482100E-002
   3.8163603064587299        9.1809909824197514E-003
   3.8226372148575107        8.0860170626849536E-003
   3.8289141232562915        7.1066643938598089E-003
   3.8351910316550724        6.2329743995920509E-003
   3.8414679400538532        5.4555049279404423E-003
   3.8477448484526340        4.7653598076389221E-003
   3.8540217568514148        4.1542052239131495E-003
   3.8602986652501956        3.6142761942256942E-003
   3.8665755736489764        3.1383735652781839E-003
   3.8728524820477572        2.7198541883494665E-003
   3.8791293904465380        2.3526148539203002E-003
   3.8854062988453189        2.0310717082729773E-003
   3.8916832072440997        1.7501364982828534E-003
   3.8979601156428805        1.5051888819709385E-003
   3.9042370240416608        1.2920545955536690E-003
   3.9105139324404417        1.1070032463511305E-003
   3.9167908408392225        9.4668260082026074E-004
   3.9230677492380033        8.0808332545779908E-004
   3.9293446576367841        6.8851406499751083E-004
   3.9356215660355649        5.8557543536814666E-004
   3.9418984744343457        4.9713520929776272E-004
   3.9481753828331265        4.2130445008588014E-004
   3.9544522912319073        3.5641461889668509E-004
   3.9607291996306881        3.0099628855366072E-004
   3.9670061080294690        2.5375884155664667E-004
   3.9732830164282498        2.1357202749933558E-004
   3.9795599248270306        1.7944847298442779E-004
   3.9858368332258114        1.5052810467052868E-004
   3.9921137416245922        1.2606342993303895E-004
   3.9983906500233730        1.0540667357414980E-004
   4.0046675584221543        8.7997631337855019E-005
   4.0109444668209351        7.3353263672329332E-005
   4.0172213752197159        6.1057839861398697E-005
   4.0234982836184967        5.0754682749789080E-005
   4.0297751920172775        4.2138286806117290E-005
   4.0360521004160583        3.4947898901091016E-005
   4.0423290088148391        2.8961291188045738E-005
   4.0486059172136200        2.3989884367272305E-005
   4.0548828256124008        1.9873868934054804E-005
   4.0611597340111816        1.6478627426895978E-005
   4.0674366424099624        1.3690907382549283E-005
   4.0737135508087432        1.1416102777320241E-005
   4.0799904592075240        9.5698041400251091E-006
   4.0862673676063048        8.0681647588442762E-006
   4.0925442760050856        6.8423603028409420E-006
   4.0988211844038664        5.8384749118750496E-006
   4.1050980928026473        5.0134402916797345E-006
   4.1113750012014281        4.3331544634214099E-006
   4.1176519096002089        3.7701866331030094E-006
   4.1239288179989897        3.3026628070607183E-006
   4.1302057263977705        2.9128061099251733E-006
   4.1364826347965504        2.5863367986089091E-006
   4.1427595431953312        2.3114909263109997E-006
   4.1490364515941121        2.0787384189372923E-006
   4.1553133599928929        1.8800889715294565E-006
   4.1615902683916737        1.7090057972325872E-006
   4.1678671767904545        1.5598898255356466E-006
   4.1741440851892353        1.4281154735799889E-006
   4.1804209935880161        1.3096296701531696E-006
   4.1866979019867969        1.2010656742008949E-006
   4.1929748103855777        1.0994192905297392E-006
   4.1992517187843585        1.0022141295464379E-006
   4.2055286271831394        9.0723184092935148E-007
   4.2118055355819202        8.1271173299164907E-007
   4.2180824439807010        7.1711925517964304E-007
   4.2243593523794818        6.1936732453909836E-007
   4.2306362607782626        5.1861008438337457E-007
   4.2369131691770434        4.1447465325083178E-007
   4.2431900775758242        3.0686596068342600E-007
   4.2494669859746050        1.9620849462716900E-007
   4.2557438943733858        8.3318843036058490E-008
   4.2620208027721667       -3.0518230114679635E-008
   4.2682977111709475       -1.4400625681767550E-007
   4.2745746195697283       -2.5568405558269362E-007
   4.2808515279685091       -3.6413913312919376E-007
   4.2871284363672899       -4.6783234479838547E-007
   4.2934053447660707       -5.6531578692215174E-007
   4.2996822531648515       -6.5506434781159090E-007
   4.3059591615636323       -7.3569392396024492E-007
   4.3122360699624132       -8.0579932255109515E-007
   4.3185129783611940       -8.6417090052272354E-007
   4.3247898867599748       -9.0963698741143277E-007
   4.3310667951587556       -9.4127678623807773E-007
   4.3373437035575364       -9.5826488942438448E-007
   4.3436206119563172       -9.6007790817649418E-007
   4.3498975203550980       -9.4633829186654576E-007
   4.3561744287538788       -9.1701192326727745E-007
   4.3624513371526596       -8.7224832280981987E-007
   4.3687282455514405       -8.1256645269908183E-007
   4.3750051539502213       -7.3868853383910666E-007
   4.3812820623490021       -6.5171161244841260E-007
   4.3875589707477829       -5.5293269993377437E-007
   4.3938358791465637       -4.4400430134261635E-007
   4.4001127875453445       -3.2674940760508810E-007
   4.4063896959441253       -2.0330016645057891E-007
   4.4126666043429061       -7.5902399416877501E-008
   4.4189435127416870        5.2962113472496611E-008
   4.4252204211404678        1.8078065621659679E-007
   4.4314973295392486        3.0490330834467038E-007
   4.4377742379380294        4.2275679808901839E-007
   4.4440511463368102        5.3174724885623575E-007
   4.4503280547355910        6.2947373566700592E-007
   4.4566049631343718        7.1363652087768798E-007
   4.4628818715331526        7.8224741067951962E-007
   4.4691587799319334        8.3353747746748759E-007
   4.4754356883307143        8.6615789230547195E-007
   4.4817125967294951        8.7908059416221379E-007
   4.4879895051282759        8.7178310024342134E-007
   4.4942664135270567        8.4413569489854545E-007
   4.5005433219258375        7.9656422863907679E-007
   4.5068202303246183        7.2991830000747103E-007
   4.5130971387233991        6.4560737019597511E-007
   4.5193740471221799        5.4544613909858275E-007
   4.5256509555209607        4.3176141088665268E-007
   4.5319278639197416        3.0721333602922479E-007
   4.5382047723185224        1.7487324346611184E-007
   4.5444816807173032        3.8022460093110728E-008
   4.5507585891160840       -9.9795470574163612E-008
   4.5570354975148648       -2.3499339073494048E-007
   4.5633124059136456       -3.6390722245976971E-007
   4.5695893143124264       -4.8302380683222314E-007
   4.5758662227112072       -5.8895691524676016E-007
   4.5821431311099881       -6.7867349340408336E-007
   4.5884200395087689       -7.4946740082933609E-007
   4.5946969479075497       -7.9917123305328520E-007
   4.6009738563063305       -8.2611903729320473E-007
   4.6072507647051113       -8.2935510224687509E-007
   4.6135276731038921       -8.0855030989493195E-007
   4.6198045815026729       -7.6413528735318734E-007
   4.6260814899014537       -6.9718929713931543E-007
   4.6323583983002345       -6.0954029181505988E-007
   4.6386353066990154       -5.0361368977614289E-007
   4.6449122150977962       -3.8248672542202052E-007
   4.6511891234965770       -2.4969733667123353E-007
   4.6574660318953578       -1.0925674019747622E-007
   4.6637429402941386        3.4574831077486964E-008
   4.6700198486929194        1.7730777228796622E-007
   4.6762967570917002        3.1446837412523834E-007
   4.6825736654904810        4.4163613563134806E-007
   4.6888505738892619        5.5469355906874646E-007
   4.6951274822880427        6.4986306879174561E-007
   4.7014043906868235        7.2394233902818684E-007
   4.7076812990856043        7.7432139901228977E-007
   4.7139582074843851        7.9918441663550269E-007
   4.7202351158831659        7.9748883463263126E-007
   4.7265120242819467        7.6911717782392094E-007
   4.7327889326807275        7.1480408238225814E-007
   4.7390658410795083        6.3622702665720253E-007
   4.7453427494782892        5.3587362531115995E-007
   4.7516196578770700        4.1706769406586604E-007
   4.7578965662758508        2.8377751078655679E-007
   4.7641734746746316        1.4058244213622034E-007
   4.7704503830734124       -7.5679665776474073E-009
   4.7767272914721932       -1.5543371303656078E-007
   4.7830041998709740       -2.9776654168561181E-007
   4.7892811082697548       -4.2942076563477391E-007
   4.7955580166685357       -5.4562916608898435E-007
   4.8018349250673165       -6.4209506688156061E-007
   4.8081118334660973       -7.1524116157107392E-007
   4.8143887418648781       -7.6226655396904518E-007
   4.8206656502636589       -7.8134431380422163E-007
   4.8269425586624397       -7.7162047746086830E-007
   4.8332194670612205       -7.3334097395002020E-007
   4.8394963754600013       -6.6777743679418961E-007
   4.8457732838587821       -5.7727343072570938E-007
   4.8520501922575630       -4.6509252078317765E-007
   4.8583271006563438       -3.3538521393582491E-007
   4.8646040090551246       -1.9296670823181633E-007
   4.8708809174539054       -4.3217996902322132E-008
   4.8771578258526862        1.0818767032858329E-007
   4.8834347342514670        2.5542537122455939E-007
   4.8897116426502478        3.9281494803288821E-007
   4.8959885510490286        5.1497153837132403E-007
   4.9022654594478094        6.1709107356413549E-007
   4.9085423678465903        6.9507598251827546E-007
   4.9148192762453711        7.4577554396023300E-007
   4.9210961846441519        7.6705433312020210E-007
   4.9273730930429327        7.5795836291547684E-007
   4.9336500014417135        7.1870153368870052E-007
   4.9399269098404943        6.5073877042925258E-007
   4.9462038182392751        5.5665833340268502E-007
   4.9524807266380559        4.4016927479731340E-007
   4.9587576350368368        3.0591921744900189E-007
   4.9650345434356176        1.5932395845300763E-007
   4.9713114518343984        6.2802008116958435E-009
   4.9775883602331792       -1.4700905085501156E-007
   4.9838652686319600       -2.9434535678433168E-007
   4.9901421770307408       -4.2972715513767390E-007
   4.9964190854295216       -5.4765275829547591E-007
   5.0026959938283024       -6.4328868370637749E-007
   5.0089729022270832       -7.1272561944282845E-007
   5.0152498106258641       -7.5308564002101578E-007
   5.0215267190246449       -7.6269843144677033E-007
   5.0278036274234257       -7.4112003729635177E-007
   5.0340805358222065       -6.8920877739965818E-007
   5.0403574442209873       -6.0904246159636073E-007
   5.0466343526197681       -5.0388919000274811E-007
   5.0529112610185480       -3.7802662548514944E-007
   5.0591881694173289       -2.3661968986525373E-007
   5.0654650778161097       -8.5461821411262898E-008
   5.0717419862148905        6.9213260962476063E-008
   5.0780188946136713        2.2103504019041540E-007
   5.0842958030124521        3.6371224014301282E-007
   5.0905727114112329        4.9133967388150272E-007
   5.0968496198100137        5.9859907786415256E-007
   5.1031265282087945        6.8102653688865237E-007
   5.1094034366075753        7.3515727046075731E-007
   5.1156803450063562        7.5871626204660645E-007
   5.1219572534051370        7.5067820266167745E-007
   5.1282341618039178        7.1138788467461819E-007
   5.1345110702026986        6.4252545536731383E-007
   5.1407879786014794        5.4701879572152469E-007
   5.1470648870002602        4.2886606036725560E-007
   5.1533417953990410        2.9300368440519040E-007
   5.1596187037978218        1.4505874678800543E-007
   5.1658956121966026       -8.8498107788554693E-009
   5.1721725205953835       -1.6240179490590586E-007
   5.1784494289941643       -3.0930062085010145E-007
   5.1847263373929451       -4.4356528967639202E-007
   5.1910032457917259       -5.5973860645781187E-007
   5.1972801541905067       -6.5313920057095044E-007
   5.2035570625892875       -7.2001446959397715E-007
   5.2098339709880683       -7.5771846220736247E-007
   5.2161108793868491       -7.6478100347204784E-007
   5.2223877877856300       -7.4098970166539393E-007
   5.2286646961844108       -6.8736103586424834E-007
   5.2349416045831916       -6.0612030978396763E-007
   5.2412185129819724       -5.0057664199193243E-007
   5.2474954213807532       -3.7501077023662464E-007
   5.2537723297795340       -2.3447127539962898E-007
   5.2600492381783148       -8.4594191702310130E-008
   5.2663261465770956        6.8650011996743476E-008
   5.2726030549758764        2.1917120852350790E-007
   5.2788799633746573        3.6102510392239720E-007
   5.2851568717734381        4.8862442905839696E-007
   5.2914337801722189        5.9697843079958021E-007
   5.2977106885709997        6.8186893272216827E-007
   5.3039875969697805        7.4006784624857066E-007
   5.3102645053685613        7.6944249380168987E-007
   5.3165414137673421        7.6901467856346363E-007
   5.3228183221661229        7.3895700185540028E-007
   5.3290952305649038        6.8058624235570107E-007
   5.3353721389636846        5.9627689584548441E-007
   5.3416490473624654        4.8937016139945576E-007
   5.3479259557612462        3.6401565277165639E-007
   5.3542028641600270        2.2501697004003430E-007
   5.3604797725588078        7.7626478703264281E-008
   5.3667566809575886       -7.2644024026458152E-008
   5.3730335893563694       -2.2024485739423424E-007
   5.3793104977551502       -3.5978110309792298E-007
   5.3855874061539311       -4.8621920727320434E-007
   5.3918643145527119       -5.9505310986094607E-007
   5.3981412229514927       -6.8246860550729647E-007
   5.4044181313502735       -7.4545909978436931E-007
   5.4106950397490543       -7.8192808178544136E-007
   5.4169719481478351       -7.9073961215180495E-007
   5.4232488565466159       -7.7174914589512338E-007
   5.4295257649453967       -7.2578426781106348E-007
   5.4358026733441775       -6.5460462280297218E-007
   5.4420795817429584       -5.6081865747374162E-007
   5.4483564901417392       -4.4778301702531256E-007
   5.4546333985405200       -3.1946969219956068E-007
   5.4609103069393008       -1.8032266288823066E-007
   5.4671872153380816       -3.5095850250597891E-008
   5.4734641237368624        1.1131136712687191E-007
   5.4797410321356432        2.5402966590030524E-007
   5.4860179405344240        3.8839449767719110E-007
   5.4922948489332049        5.1009760410475668E-007
   5.4985717573319857        6.1531948307551310E-007
   5.5048486657307665        7.0083917376138398E-007
   5.5111255741295473        7.6412404841405227E-007
   5.5174024825283281        8.0338919995082201E-007
   5.5236793909271089        8.1763696143739812E-007
   5.5299562993258897        8.0666221195277185E-007
   5.5362332077246705        7.7104152529874373E-007
   5.5425101161234513        7.1208777645629712E-007
   5.5487870245222322        6.3179541252369910E-007
   5.5550639329210130        5.3275358985553017E-007
   5.5613408413197938        4.1805905083872643E-007
   5.5676177497185746        2.9120102131610043E-007
   5.5738946581173554        1.5595613034153479E-007
   5.5801715665161362        1.6260174486253879E-008
   5.5864484749149170       -1.2389967736216486E-007
   5.5927253833136978       -2.6061135021481314E-007
   5.5990022917124787       -3.9013429063966373E-007
   5.6052792001112595       -5.0901125024397234E-007
   5.6115561085100403       -6.1414198653774016E-007
   5.6178330169088211       -7.0287070795340008E-007
   5.6241099253076019       -7.7302947019267640E-007
   5.6303868337063827       -8.2299552756512913E-007
   5.6366637421051635       -8.5170126592581788E-007
   5.6429406505039443       -8.5865897348440424E-007
   5.6492175589027251       -8.4394508355359949E-007
   5.6554944673015060       -8.0823460885966371E-007
   5.6617713757002868       -7.5270833206710751E-007
   5.6680482840990676       -6.7900878401931624E-007
   5.6743251924978484       -5.8915954249671557E-007
   5.6806021008966292       -4.8551856720097610E-007
   5.6868790092954100       -3.7068421492391111E-007
   5.6931559176941908       -2.4744375594447907E-007
   5.6994328260929716       -1.1867533812188304E-007
   5.7057097344917524        1.2700150332547775E-008
   5.7119866428905333        1.4381324496950809E-007
   5.7182635512893141        2.7188377143480784E-007
   5.7245404596880949        3.9430505509617672E-007
   5.7308173680868757        5.0866651099018105E-007
   5.7370942764856565        6.1282394515361463E-007
   5.7433711848844373        7.0490402001486997E-007
   5.7496480932832181        7.8335886880763402E-007
   5.7559250016819989        8.4695167841654459E-007
   5.7622019100807798        8.9479582466979849E-007
   5.7684788184795606        9.2632262039892629E-007
   5.7747557268783414        9.4130679674619788E-007
   5.7810326352771222        9.3981884868037684E-007
   5.7873095436759030        9.2223982919120127E-007
   5.7935864520746838        8.8920161409056765E-007
   5.7998633604734646        8.4159463373812593E-007
   5.8061402688722454        7.8049976066711697E-007
   5.8124171772710262        7.0719281834657272E-007
   5.8186940856698071        6.2307177329986015E-007
   5.8249709940685879        5.2966433820228301E-007
   5.8312479024673687        4.2855963855019764E-007
   5.8375248108661495        3.2140422798751441E-007
   5.8438017192649303        2.0982664674872570E-007
   5.8500786276637111        9.5451215601806028E-008
   5.8563555360624919       -2.0171466338843403E-008
   5.8626324444612727       -1.3554330967621075E-007
   5.8689093528600536       -2.4928317215460631E-007
   5.8751862612588344       -3.6009723340247196E-007
   5.8814631696576152       -4.6683813685915037E-007
   5.8877400780563960       -5.6846689800524645E-007
   5.8940169864551768       -6.6410709492144641E-007
   5.9002938948539576       -7.5299885294758179E-007
   5.9065708032527384       -8.3454889319660696E-007
   5.9128477116515192       -9.0827753698836546E-007
   5.9191246200503000       -9.7386573216380188E-007
   5.9254015284490809       -1.0310962471928000E-006
   5.9316784368478617       -1.0798989420067801E-006
   5.9379553452466425       -1.1202873983394297E-006
   5.9442322536454233       -1.1524037098426381E-006
   5.9505091620442041       -1.1764517485379396E-006
   5.9567860704429849       -1.1927426536448839E-006
   5.9630629788417657       -1.2016257928272787E-006
   5.9693398872405457       -1.2035359602056113E-006
   5.9756167956393265       -1.1989228998166198E-006
   5.9818937040381073       -1.1883010093966751E-006
   5.9881706124368881       -1.1721780733214483E-006
   5.9944475208356689       -1.1511079701002893E-006
   6.0007244292344497       -1.1256181511978120E-006
   6.0070013376332305       -1.0962651822535814E-006
   6.0132782460320113       -1.0635644933315502E-006
   6.0195551544307921       -1.0280505244471576E-006
   6.0258320628295730       -9.9020477964438067E-007
   6.0321089712283538       -9.5051931271576043E-007
   6.0383858796271346       -9.0942459035056224E-007
   6.0446627880259154       -8.6735646898995706E-007
   6.0509396964246962       -8.2468364149353949E-007
   6.0572166048234770       -7.8177794015575030E-007
   6.0634935132222578       -7.3894110555985803E-007
   6.0697704216210386       -6.9647819780289387E-007
   6.0760473300198194       -6.5462340499712531E-007
   6.0823242384186003       -6.1361632367747396E-007
   6.0886011468173811       -5.7362651898717757E-007
   6.0948780552161619       -5.3483244362002166E-007
   6.1011549636149427       -4.9734447958534252E-007
   6.1074318720137235       -4.6128628573492146E-007
   6.1137087804125043       -4.2671607872579629E-007
   6.1199856888112851       -3.9371022797659931E-007
   6.1262625972100659       -3.6228258139839621E-007
   6.1325395056088468       -3.3247014199774287E-007
   6.1388164140076276       -3.0425031717134468E-007
   6.1450933224064084       -2.7762847939066977E-007
   6.1513702308051892       -2.5255321324849874E-007
   6.1576471392039700       -2.2900516467856018E-007
   6.1639240476027508       -2.0691197094711200E-007
   6.1702009560015316       -1.8622307880939205E-007
   6.1764778644003124       -1.6671661953288467E-007
   6.1827547727990932       -1.4812562087202292E-007
   6.1890316811978741       -1.3016600290962631E-007
   6.1953085895966549       -1.1264513855421242E-007
   6.2015854979954357       -9.5360942786572547E-008
   6.2078624063942165       -7.8198334224895483E-008
   6.2141393147929973       -6.1029588295329339E-008
   6.2204162231917781       -4.3813946600041873E-008
   6.2266931315905589       -2.6496705585986857E-008
   6.2329700399893397       -9.1116839017098693E-009
   6.2392469483881206        8.3219581638954935E-009
   6.2455238567869014        2.5695067221980374E-008
   6.2518007651856822        4.2914826448689514E-008
   6.2580776735844630        5.9798648801842865E-008
   6.2643545819832438        7.6184492259023642E-008
   6.2706314903820246        9.1823992784961962E-008
   6.2769083987808054        1.0649749451680148E-007
   6.2831853071795862        1.1990697439669224E-007
