   6.2769083987808056E-003   3.9058946598390647E-002
   1.2553816797561611E-002   3.6448115889871915E-002
   1.8830725196342418E-002   3.1648961561580390E-002
   2.5107633595123222E-002   2.4916557717914727E-002
   3.1384541993904030E-002   1.6636315023317437E-002
   3.7661450392684835E-002   7.3056599829325036E-003
   4.3938358791465640E-002  -2.4929509854149444E-003
   5.0215267190246445E-002  -1.2126966901292967E-002
   5.6492175589027249E-002  -2.0953808929656731E-002
   6.2769083987808061E-002  -2.8367637304397880E-002
   6.9045992386588859E-002  -3.3861147057532300E-002
   7.5322900785369670E-002  -3.7065022623472652E-002
   8.1599809184150468E-002  -3.7766415392216625E-002
   8.7876717582931280E-002  -3.5921772103686682E-002
   9.4153625981712077E-002  -3.1659072540041758E-002
  0.10043053438049289       -2.5268446550341665E-002
  0.10670744277927370       -1.7181957114866520E-002
  0.11298435117805450       -7.9440116382252582E-003
  0.11926125957683531        1.8255913945452572E-003
  0.12553816797561612        1.1473406509748476E-002
  0.13181507637439691        2.0356100365489519E-002
  0.13809198477317772        2.7883249212653328E-002
  0.14436889317195853        3.3556377568010332E-002
  0.15064580157073934        3.7001630355293136E-002
  0.15692270996952015        3.7994001976043995E-002
  0.16319961836830094        3.6471538657339118E-002
  0.16947652676708175        3.2538696477994233E-002
  0.17575343516586256        2.6458668200154096E-002
  0.18203034356464337        1.8635322239718199E-002
  0.18830725196342415        9.5859628457747818E-003
  0.19458416036220497       -9.3158000829621113E-005
  0.20086106876098578       -9.7663416015608441E-003
  0.20713797715976659       -1.8800224256835203E-002
  0.21341488555854740       -2.6605227631149895E-002
  0.21969179395732819       -3.2673776452158847E-002
  0.22596870235610900       -3.6613122035578906E-002
  0.23224561075488981       -3.8170107890688074E-002
  0.23852251915367062       -3.7248227954548234E-002
  0.24479942755245140       -3.3918531744930126E-002
  0.25107633595123224       -2.8408146185509981E-002
  0.25735324435001306       -2.1081220736635195E-002
  0.26363015274879381       -1.2413568787387435E-002
  0.26990706114757462       -2.9605668260129360E-003
  0.27618396954635543        6.6791246379480189E-003
  0.28246087794513625        1.5901858959940170E-002
  0.28873778634391706        2.4136695797382420E-002
  0.29501469474269787        3.0880268460133333E-002
  0.30129160314147868        3.5726652493991352E-002
  0.30756851154025949        3.8390598614439400E-002
  0.31384541993904030        3.8722836967865049E-002
  0.32012232833782106        3.6716785519563401E-002
  0.32639923673660187        3.2506465257382169E-002
  0.33267614513538268        2.6356027751069593E-002
  0.33895305353416350        1.8641742230250974E-002
  0.34522996193294431        9.8277529146225031E-003
  0.35150687033172512        4.3721245485296218E-004
  0.35778377873050593       -8.9793618133970181E-003
  0.36406068712928674       -1.7876576731305337E-002
  0.37033759552806755       -2.5745579208162912E-002
  0.37661450392684831       -3.2142605189711543E-002
  0.38289141232562912       -3.6713117401128995E-002
  0.38916832072440993       -3.9210259136859001E-002
  0.39544522912319074       -3.9506787304684529E-002
  0.40172213752197156       -3.7599940644355206E-002
  0.40799904592075237       -3.3609297682291019E-002
  0.41427595431953318       -2.7767344438654130E-002
  0.42055286271831399       -2.0403456982462282E-002
  0.42682977111709480       -1.1926524364982798E-002
  0.43310667951587556       -2.8019863262211536E-003
  0.43938358791465637        6.4742759549176439E-003
  0.44566049631343718        1.5403065670626376E-002
  0.45193740471221799        2.3508703227790959E-002
  0.45821431311099881        3.0364042886158332E-002
  0.46449122150977962        3.5612434000779215E-002
  0.47076812990856043        3.8985500816651537E-002
  0.47704503830734124        4.0315925280994508E-002
  0.48332194670612205        3.9544669691266243E-002
  0.48959885510490281        3.6722408100295374E-002
  0.49587576350368362        3.2005232317534917E-002
  0.50215267190246449        2.5645000389388172E-002
  0.50842958030124530        1.7974962703730477E-002
  0.51470648870002611        9.3915191063027523E-003
  0.52098339709880681        3.3314454454302743E-004
  0.52726030549758762       -8.7423831944855174E-003
  0.53353721389636843       -1.7381245969963086E-002
  0.53981412229514925       -2.5156171954571708E-002
  0.54609103069393006       -3.1687213713140983E-002
  0.55236793909271087       -3.6659757011260875E-002
  0.55864484749149168       -3.9838909475284429E-002
  0.56492175589027249       -4.1079697275452111E-002
  0.57119866428905330       -4.0332632441970342E-002
  0.57747557268783412       -3.7644551206973798E-002
  0.58375248108661493       -3.3154996250713407E-002
  0.59002938948539574       -2.7090534710829464E-002
  0.59630629788417655       -1.9753392661821797E-002
  0.60258320628295736       -1.1499059796281014E-002
  0.60886011468173817       -2.7168025198688593E-003
  0.61513702308051899        6.1893031894831455E-003
  0.62141393147929980        1.4819408455883108E-002
  0.62769083987808061        2.2795717255195577E-002
  0.63396774827686131        2.9778535017094501E-002
  0.64024465667564212        3.5479788579642069E-002
  0.64652156507442293        3.9673630433616457E-002
  0.65279847347320374        4.2203766761332695E-002
  0.65907538187198456        4.2987423314025365E-002
  0.66535229027076537        4.2015945732049260E-002
  0.67162919866954618        3.9352242341397371E-002
  0.67790610706832699        3.5125354386015266E-002
  0.68418301546710780        2.9522584228809146E-002
  0.69045992386588861        2.2779653758593924E-002
  0.69673683226466943        1.5169442697112902E-002
  0.70301374066345024        6.9898531993970734E-003
  0.70929064906223105       -1.4486391914534935E-003
  0.71556755746101186       -9.8352312057983157E-003
  0.72184446585979267       -1.7870358165331963E-002
  0.72812137425857348       -2.5276168956936854E-002
  0.73439828265735430       -3.1805589273915115E-002
  0.74067519105613511       -3.7249694200101491E-002
  0.74695209945491581       -4.1443299262808105E-002
  0.75322900785369662       -4.4268491601958657E-002
  0.75950591625247743       -4.5657273239074044E-002
  0.76578282465125824       -4.5597872832800944E-002
  0.77205973305003905       -4.4133214251174849E-002
  0.77833664144881987       -4.1349095653551202E-002
  0.78461354984760068       -3.7366724203173968E-002
  0.79089045824638149       -3.2335833309893001E-002
  0.79716736664516230       -2.6427234722528562E-002
  0.80344427504394311       -1.9825471827573087E-002
  0.80972118344272392       -1.2721699739646229E-002
  0.81599809184150474       -5.3071211009138178E-003
  0.82227500024028555        2.2328986284886982E-003
  0.82855190863906636        9.7238590663321096E-003
  0.83482881703784717        1.7006248995313302E-002
  0.84110572543662798        2.3938702130129916E-002
  0.84738263383540879        3.0400217395890244E-002
  0.85365954223418961        3.6291461037290841E-002
  0.85993645063297042        4.1535245643703429E-002
  0.86621335903175112        4.6076252604774041E-002
  0.87249026743053193        4.9880132375050033E-002
  0.87876717582931274        5.2932065953417415E-002
  0.88504408422809355        5.5234941655140445E-002
  0.89132099262687436        5.6807216948245830E-002
  0.89759790102565518        5.7680630273503515E-002
  0.90387480942443599        5.7897786311047139E-002
  0.91015171782321680        5.7509805312017548E-002
  0.91642862622199761        5.6573954880403045E-002
  0.92270553462077842        5.5151578896812548E-002
  0.92898244301955923        5.3305860508076224E-002
  0.93525935141834005        5.1101375698991668E-002
  0.94153625981712086        4.8609390638120593E-002
  0.94781316821590167        4.5902465094361689E-002
  0.95409007661468248        4.3048250445114990E-002
  0.96036698501346329        4.0108125034730220E-002
  0.96664389341224410        3.7136617215531492E-002
  0.97292080181102492        3.4181125341937020E-002
  0.97919771020980562        3.1281865862672870E-002
  0.98547461860858643        2.8472054260084707E-002
  0.99175152700736724        2.5778234367287333E-002
  0.99802843540614805        2.3220748360552500E-002
   1.0043053438049290        2.0814284699985225E-002
   1.0105822522037098        1.8568489710496010E-002
   1.0168591606024906        1.6488599915257109E-002
   1.0231360690012714        1.4576080824221668E-002
   1.0294129774000522        1.2829246155592923E-002
   1.0356898857988328        1.1243845959087371E-002
   1.0419667941976136        9.8136114393312917E-003
   1.0482437025963944        8.5307480580580353E-003
   1.0545206109951752        7.3863754838023182E-003
   1.0607975193939561        6.3709082438000103E-003
   1.0670744277927369        5.4743835135463411E-003
   1.0733513361915177        4.6867310354988699E-003
   1.0796282445902985        3.9979967472058295E-003
   1.0859051529890793        3.3985155667496849E-003
   1.0921820613878601        2.8790469933522656E-003
   1.0984589697866409        2.4308709599263597E-003
   1.1047358781854217        2.0458516574302374E-003
   1.1110127865842025        1.7165020507568889E-003
   1.1172896949829834        1.4361303963372686E-003
   1.1235666033817642        1.1986804703659527E-003
   1.1298435117805450        9.9868045257702170E-004
   1.1361204201793258        8.3123425364816771E-004
   1.1423973285781066        6.9201226846013107E-004
   1.1486742369768874        5.7722426323603214E-004
   1.1549511453756682        4.8360271747049265E-004
   1.1612280537744490        4.0836922862326003E-004
   1.1675049621732299        3.4922085438276768E-004
   1.1737818705720107        3.0430036909366006E-004
   1.1800587789707915        2.7219543944742943E-004
   1.1863356873695723        2.5192205856798100E-004
   1.1926125957683531        2.4294729593464100E-004
   1.1988895041671339        2.4519669061187161E-004
   1.2051664125659147        2.5911513087990352E-004
   1.2114433209646955        2.8571386651728099E-004
   1.2177202293634763        3.2669266427784200E-004
   1.2239971377622572        3.8455232265270916E-004
   1.2302740461610380        4.6281800500489048E-004
   1.2365509545598188        5.6626213261633902E-004
   1.2428278629585996        7.0130036343686955E-004
   1.2491047713573804        8.7640305751640775E-004
   1.2553816797561612        1.1027959402722986E-003
   1.2616585881549420        1.3951918255120420E-003
   1.2679354965537226        1.7730560546749177E-003
   1.2742124049525034        2.2618376389010320E-003
   1.2804893133512842        2.8954295555085490E-003
   1.2867662217500651        3.7149628662215459E-003
   1.2930431301488459        4.7561453776499832E-003
   1.2993200385476267        6.0565700565808744E-003
   1.3055969469464075        7.6564195313750562E-003
   1.3118738553451883        9.5958068571005539E-003
   1.3181507637439691        1.1912056154931541E-002
   1.3244276721427499        1.4635679385100488E-002
   1.3307045805415307        1.7785673908260587E-002
   1.3369814889403115        2.1363738134498877E-002
   1.3432583973390924        2.5347946272813286E-002
   1.3495353057378732        2.9685933739046929E-002
   1.3558122141366540        3.4288393834363377E-002
   1.3620891225354348        3.9023381939163153E-002
   1.3683660309342156        4.3712601277079717E-002
   1.3746429393329964        4.8130523882516991E-002
   1.3809198477317772        5.2007764334932434E-002
   1.3871967561305580        5.5039566645725589E-002
   1.3934736645293389        5.6900600683889246E-002
   1.3997505729281197        5.7266232050838868E-002
   1.4060274813269005        5.5840463911718416E-002
   1.4123043897256813        5.2389072861618348E-002
   1.4185812981244621        4.6776344964364967E-002
   1.4248582065232429        3.9001517136411951E-002
   1.4311351149220237        2.9231379124860006E-002
   1.4374120233208045        1.7822760364024477E-002
   1.4436889317195853        5.3308181997860395E-003
   1.4499658401183662       -7.5042966328872727E-003
   1.4562427485171470       -1.9794421725272460E-002
   1.4625196569159278       -3.0599949443748595E-002
   1.4687965653147086       -3.9097531208043712E-002
   1.4750734737134894       -4.4638268930529065E-002
   1.4813503821122702       -4.6792481519064205E-002
   1.4876272905110510       -4.5386130177801735E-002
   1.4939041989098316       -4.0515634118899364E-002
   1.5001811073086124       -3.2543482079865751E-002
   1.5064580157073932       -2.2072475474961942E-002
   1.5127349241061741       -9.9017070836083052E-003
   1.5190118325049549        3.0336176756542376E-003
   1.5252887409037357        1.5733323884283616E-002
   1.5315656493025165        2.7209592855126197E-002
   1.5378425577012973        3.6564045572832632E-002
   1.5441194661000781        4.3058928326625577E-002
   1.5503963744988589        4.6176390047998325E-002
   1.5566732828976397        4.5661274728047770E-002
   1.5629501912964205        4.1543560938146214E-002
   1.5692270996952014        3.4138570714514892E-002
   1.5755040080939822        2.4024419713922898E-002
   1.5817809164927630        1.1998329133929328E-002
   1.5880578248915438       -9.8515965182762073E-004
   1.5943347332903246       -1.3889250703415259E-002
   1.6006116416891054       -2.5677506636928391E-002
   1.6068885500878862       -3.5397352584104813E-002
   1.6131654584866670       -4.2257811664240107E-002
   1.6194423668854478       -4.5695009536162588E-002
   1.6257192752842287       -4.5419968736109706E-002
   1.6319961836830095       -4.1444725822319090E-002
   1.6382730920817903       -3.4085248782032854E-002
   1.6445500004805711       -2.3937528865262833E-002
   1.6508269088793519       -1.1828399569500717E-002
   1.6571038172781327        1.2514549447712464E-003
   1.6633807256769135        1.4228077362175193E-002
   1.6696576340756943        2.6032321620037796E-002
   1.6759345424744752        3.5688103307580099E-002
   1.6822114508732560        4.2393599275632660E-002
   1.6884883592720368        4.5588544227311352E-002
   1.6947652676708176        4.5001970533328932E-002
   1.7010421760695984        4.0676206919530722E-002
   1.7073190844683792        3.2964974485583970E-002
   1.7135959928671600        2.2505477834297773E-002
   1.7198729012659408        1.0166636582616228E-002
   1.7261498096647214       -3.0224468267079983E-003
   1.7324267180635022       -1.5957921252572956E-002
   1.7387036264622830       -2.7553495295033960E-002
   1.7449805348610639       -3.6831881990247617E-002
   1.7512574432598447       -4.3007693000074898E-002
   1.7575343516586255       -4.5554683335149670E-002
   1.7638112600574063       -4.4251554090581610E-002
   1.7700881684561871       -3.9202224335942379E-002
   1.7763650768549679       -3.0828664322657500E-002
   1.7826419852537487       -1.9836637751820711E-002
   1.7889188936525295       -7.1570765720254843E-003
   1.7951958020513104        6.1321626593601273E-003
   1.8014727104500912        1.8897561073519746E-002
   1.8077496188488720        3.0046847228594291E-002
   1.8140265272476528        3.8624438498458605E-002
   1.8203034356464336        4.3894650705349550E-002
   1.8265803440452144        4.5404566775124021E-002
   1.8328572524439952        4.3023132410015194E-002
   1.8391341608427760        3.6952832744669567E-002
   1.8454110692415568        2.7712763432998527E-002
   1.8516879776403377        1.6094501186878753E-002
   1.8579648860391185        3.0945047616842102E-003
   1.8642417944378993       -1.0171207591242012E-002
   1.8705187028366801       -2.2562799676541619E-002
   1.8767956112354609       -3.3014582652149495E-002
   1.8830725196342417       -4.0626768848151494E-002
   1.8893494280330225       -4.4743119546548651E-002
   1.8956263364318033       -4.5007755744101409E-002
   1.9019032448305841       -4.1396208843895693E-002
   1.9081801532293650       -3.4217962301265822E-002
   1.9144570616281458       -2.4090219789051584E-002
   1.9207339700269266       -1.1885079875978574E-002
   1.9270108784257074        1.3453633119088447E-003
   1.9332877868244882        1.4459599600700541E-002
   1.9395646952232690        2.6325149411201943E-002
   1.9458416036220498        3.5916419650713446E-002
   1.9521185120208304        4.2403473536418566E-002
   1.9583954204196112        4.5224064615216109E-002
   1.9646723288183920        4.4132604130110338E-002
   1.9709492372171729        3.9221866627814080E-002
   1.9772261456159537        3.0915330086374551E-002
   1.9835030540147345        1.9931233996024634E-002
   1.9897799624135153        7.2215909949982660E-003
   1.9960568708122961       -6.1128790584196362E-003
   2.0023337792110771       -1.8919126106618025E-002
   2.0086106876098579       -3.0091461267200876E-002
   2.0148875960086388       -3.8666908183504316E-002
   2.0211645044074196       -4.3907904650045883E-002
   2.0274414128062004       -4.5365358101245805E-002
   2.0337183212049812       -4.2916644509907988E-002
   2.0399952296037620       -3.6775416101946623E-002
   2.0462721380025428       -2.7472453896986177E-002
   2.0525490464013236       -1.5809342740796203E-002
   2.0588259548001044       -2.7890342565371016E-003
   2.0651028631988853        1.0470645198265080E-002
   2.0713797715976656        2.2833069844393671E-002
   2.0776566799964464        3.3240202694116157E-002
   2.0839335883952272        4.0802957593538698E-002
   2.0902104967940081        4.4876836893845307E-002
   2.0964874051927889        4.5116431794840602E-002
   2.1027643135915697        4.1504224093952283E-002
   2.1090412219903505        3.4351315091599471E-002
   2.1153181303891313        2.4270151200961362E-002
   2.1215950387879121        1.2121645597954173E-002
   2.1278719471866929       -1.0586580664477066E-003
   2.1341488555854737       -1.4149084397720574E-002
   2.1404257639842545       -2.6037310112971876E-002
   2.1467026723830354       -3.5714857928087401E-002
   2.1529795807818162       -4.2362288921934450E-002
   2.1592564891805970       -4.5419041791536705E-002
   2.1655333975793778       -4.4633375052596111E-002
   2.1718103059781586       -4.0079528894949833E-002
   2.1780872143769394       -3.2148844992137104E-002
   2.1843641227757202       -2.1515027933365013E-002
   2.1906410311745010       -9.0757926170988955E-003
   2.1969179395732819        4.1236744384062453E-003
   2.2031948479720627        1.6979007448127779E-002
   2.2094717563708435        2.8419118488942831E-002
   2.2157486647696243        3.7495142326655156E-002
   2.2220255731684051        4.3458465551547393E-002
   2.2283024815671859        4.5821517616712583E-002
   2.2345793899659667        4.4396446043736049E-002
   2.2408562983647475        3.9308733935731296E-002
   2.2471332067635283        3.0984884510346582E-002
   2.2534101151623092        2.0115470751160339E-002
   2.2596870235610900        7.5968322455083849E-003
   2.2659639319598708       -5.5435732990452473E-003
   2.2722408403586516       -1.8231896981746071E-002
   2.2785177487574324       -2.9435684347122112E-002
   2.2847946571562132       -3.8247547836212044E-002
   2.2910715655549940       -4.3957974745509547E-002
   2.2973484739537748       -4.6111489138508550E-002
   2.3036253823525557       -4.4541806247789882E-002
   2.3099022907513365       -3.9383366900376658E-002
   2.3161791991501173       -3.1058582486590530E-002
   2.3224561075488981       -2.0242064330029390E-002
   2.3287330159476789       -7.8049992717924878E-003
   2.3350099243464597        5.2557177445183142E-003
   2.3412868327452405        1.7898817716335055E-002
   2.3475637411440213        2.9123038070524437E-002
   2.3538406495428021        3.8046092874965548E-002
   2.3601175579415830        4.3972989947266394E-002
   2.3663944663403638        4.6448722681197804E-002
   2.3726713747391446        4.5291426830458906E-002
   2.3789482831379254        4.0603758314064778E-002
   2.3852251915367062        3.2761971779998768E-002
   2.3915020999354870        2.2383932683495793E-002
   2.3977790083342678        1.0278901257250781E-002
   2.4040559167330486       -2.6167266334452106E-003
   2.4103328251318294       -1.5312537714612480E-002
   2.4166097335306103       -2.6840330013276802E-002
   2.4228866419293911       -3.6327577227408779E-002
   2.4291635503281719       -4.3062597285908472E-002
   2.4354404587269527       -4.6546628431922428E-002
   2.4417173671257335       -4.6529119320733885E-002
   2.4479942755245143       -4.3023869396833114E-002
   2.4542711839232951       -3.6305157851868324E-002
   2.4605480923220759       -2.6884499466829029E-002
   2.4668250007208568       -1.5470112410220411E-002
   2.4731019091196376       -2.9124046594866670E-003
   2.4793788175184184        9.8602326365816485E-003
   2.4856557259171992        2.1910432666065290E-002
   2.4919326343159800        3.2360508985017258E-002
   2.4982095427147608        4.0455737728046684E-002
   2.5044864511135416        4.5617956590834167E-002
   2.5107633595123224        4.7486915752249122E-002
   2.5170402679111032        4.5944391574622039E-002
   2.5233171763098841        4.1117619235179446E-002
   2.5295940847086644        3.3366264877338458E-002
   2.5358709931074452        2.3253485162014656E-002
   2.5421479015062260        1.1503100725174560E-002
   2.5484248099050069       -1.0536339266192624E-003
   2.5547017183037877       -1.3537726419704159E-002
   2.5609786267025685       -2.5084237582085882E-002
   2.5672555351013493       -3.4901849050038868E-002
   2.5735324435001301       -4.2326124493700337E-002
   2.5798093518989109       -4.6862981283234566E-002
   2.5860862602976917       -4.8219635113953892E-002
   2.5923631686964725       -4.6321249435191267E-002
   2.5986400770952534       -4.1312522246786769E-002
   2.6049169854940342       -3.3544508467847720E-002
   2.6111938938928150       -2.3547938945708728E-002
   2.6174708022915958       -1.1995180041398561E-002
   2.6237477106903766        3.4635081082637765E-004
   2.6300246190891574        1.2666007481161647E-002
   2.6363015274879382        2.4163441663784632E-002
   2.6425784358867190        3.4100293978031875E-002
   2.6488553442854998        4.1846746147160607E-002
   2.6551322526842807        4.6920077580826502E-002
   2.6614091610830615        4.9012957321251070E-002
   2.6676860694818423        4.8009983302014704E-002
   2.6739629778806231        4.3991666224272481E-002
   2.6802398862794039        3.7226290935325208E-002
   2.6865167946781847        2.8151123078134187E-002
   2.6927937030769655        1.7341147020461783E-002
   2.6990706114757463        5.4697050097326583E-003
   2.7053475198745272       -6.7347822177112049E-003
   2.7116244282733080       -1.8534108023731198E-002
   2.7179013366720888       -2.9224906712833461E-002
   2.7241782450708696       -3.8179919034340780E-002
   2.7304551534696504       -4.4883550756101613E-002
   2.7367320618684312       -4.8959794982672798E-002
   2.7430089702672120       -5.0191152357468863E-002
   2.7492858786659928       -4.8527745812537118E-002
   2.7555627870647736       -4.4086470273020838E-002
   2.7618396954635545       -3.7140571563521081E-002
   2.7681166038623353       -2.8100625361515051E-002
   2.7743935122611161       -1.7488298672640550E-002
   2.7806704206598969       -5.9046724767129553E-003
   2.7869473290586777        6.0049131326632551E-003
   2.7932242374574585        1.7587371406615943E-002
   2.7995011458562393        2.8217691957448197E-002
   2.8057780542550201        3.7332101891330322E-002
   2.8120549626538009        4.4456889587260198E-002
   2.8183318710525818        4.9231466675622164E-002
   2.8246087794513626        5.1424690270740175E-002
   2.8308856878501434        5.0943805405821066E-002
   2.8371625962489242        4.7835868083807534E-002
   2.8434395046477050        4.2281836093882343E-002
   2.8497164130464858        3.4583974641319272E-002
   2.8559933214452666        2.5147463941005595E-002
   2.8622702298440474        1.4457452873102117E-002
   2.8685471382428283        3.0527514662227477E-003
   2.8748240466416091       -8.5021936834283034E-003
   2.8811009550403899       -1.9645634441031658E-002
   2.8873778634391707       -2.9845699829428220E-002
   2.8936547718379515       -3.8625206911409186E-002
   2.8999316802367323       -4.5582914258019400E-002
   2.9062085886355131       -5.0410437101344185E-002
   2.9124854970342939       -5.2904104833874595E-002
   2.9187624054330747       -5.2971533891290348E-002
   2.9250393138318556       -5.0632721125850828E-002
   2.9313162222306364       -4.6015993093798883E-002
   2.9375931306294172       -3.9349080522604787E-002
   2.9438700390281980       -3.0946127564509020E-002
   2.9501469474269788       -2.1191218511040028E-002
   2.9564238558257596       -1.0519556636715529E-002
   2.9627007642245404        6.0301569816165353E-004
   2.9689776726233212        1.1700859628187819E-002
   2.9752545810221021        2.2309180023294541E-002
   2.9815314894208829        3.1993131902400017E-002
   2.9878083978196632        4.0365191326045630E-002
   2.9940853062184440        4.7099446942171379E-002
   3.0003622146172249        5.1943257838699082E-002
   3.0066391230160057        5.4724709711263676E-002
   3.0129160314147865        5.5357516508571451E-002
   3.0191929398135673        5.3840565709808164E-002
   3.0254698482123481        5.0257454076878552E-002
   3.0317467566111289        4.4759767839219360E-002
   3.0380236650099097        3.7517656636666646E-002
   3.0443005734086905        2.8772388814947453E-002
   3.0505774818074713        1.8844386880029401E-002
   3.0568543902062522        8.1220565914691088E-003
   3.0631312986050330       -2.9501003237122079E-003
   3.0694082070038138       -1.3889332614004952E-002
   3.0756851154025946       -2.4195044845339242E-002
   3.0819620238013754       -3.3372834685129367E-002
   3.0882389322001562       -4.0959860832057465E-002
   3.0945158405989370       -4.6551181480528107E-002
   3.1007927489977178       -4.9824895872582341E-002
   3.1070696573964987       -5.0565029772909040E-002
   3.1133465657952795       -4.8680114172785040E-002
   3.1196234741940603       -4.4216233792257337E-002
   3.1259003825928411       -3.7362912804498015E-002
   3.1321772909916219       -2.8450978242008547E-002
   3.1384541993904027       -1.7941601893899439E-002
   3.1447311077891835       -6.4064978666326100E-003
   3.1510080161879643        5.5003262959671109E-003
   3.1572849245867451        1.7078161309539357E-002
   3.1635618329855260        2.7620781500552707E-002
   3.1698387413843068        3.6461029571940362E-002
   3.1761156497830876        4.3015869014973028E-002
   3.1823925581818684        4.6829087885363059E-002
   3.1886694665806492        4.7608034114487156E-002
   3.1949463749794300        4.5251869252102186E-002
   3.2012232833782108        3.9868358281934323E-002
   3.2075001917769916        3.1786806163003112E-002
   3.2137771001757724        2.1553202593876771E-002
   3.2200540085745533        9.8627249611530944E-003
   3.2263309169733341       -2.4937593652545457E-003
   3.2326078253721149       -1.4682288950896025E-002
   3.2388847337708957       -2.5882616104600999E-002
   3.2451616421696765       -3.5343037658040768E-002
   3.2514385505684573       -4.2430761783833475E-002
   3.2577154589672381       -4.6673746389480811E-002
   3.2639923673660189       -4.7791739977521175E-002
   3.2702692757647998       -4.5714184863778561E-002
   3.2765461841635806       -4.0584123009990695E-002
   3.2828230925623614       -3.2747751105608604E-002
   3.2891000009611422       -2.2730563398307622E-002
   3.2953769093599230       -1.1201646496261992E-002
   3.3016538177587038        1.0713299678223047E-003
   3.3079307261574846        1.3273449562852464E-002
   3.3142076345562654        2.4596709043158138E-002
   3.3204845429550462        3.4293445347656923E-002
   3.3267614513538271        4.1725467596275427E-002
   3.3330383597526079        4.6405709017443064E-002
   3.3393152681513887        4.8029685582400186E-002
   3.3455921765501695        4.6494772740117631E-002
   3.3518690849489503        4.1906114495684189E-002
   3.3581459933477311        3.4568860488360664E-002
   3.3644229017465119        2.4967359881575196E-002
   3.3706998101452927        1.3732705168601724E-002
   3.3769767185440736        1.6009824130369362E-003
   3.3832536269428544       -1.0635538735934856E-002
   3.3895305353416352       -2.2183517481572358E-002
   3.3958074437404160       -3.2301831533371170E-002
   3.4020843521391968       -4.0348618542884337E-002
   3.4083612605379776       -4.5820829464929790E-002
   3.4146381689367584       -4.8384133553464853E-002
   3.4209150773355392       -4.7891511836506258E-002
   3.4271919857343200       -4.4389636993037308E-002
   3.4334688941331009       -3.8112958553331404E-002
   3.4397458025318817       -2.9466168461731796E-002
   3.4460227109306620       -1.8996448500384084E-002
   3.4522996193294428       -7.3574774089894069E-003
   3.4585765277282237        4.7323580762723867E-003
   3.4648534361270045        1.6534837875906757E-002
   3.4711303445257853        2.7337038717552980E-002
   3.4774072529245661        3.6493977231825771E-002
   3.4836841613233469        4.3466246820077194E-002
   3.4899610697221277        4.7850525156771309E-002
   3.4962379781209085        4.9401311961532524E-002
   3.5025148865196893        4.8042846150981713E-002
   3.5087917949184702        4.3870757510078968E-002
   3.5150687033172510        3.7143639647316998E-002
   3.5213456117160318        2.8265310534989374E-002
   3.5276225201148126        1.7759048532108648E-002
   3.5338994285135934        6.2355254910888549E-003
   3.5401763369123742       -5.6435685018624941E-003
   3.5464532453111550       -1.7203920680060165E-002
   3.5527301537099358       -2.7797329828834361E-002
   3.5590070621087166       -3.6841190150663242E-002
   3.5652839705074975       -4.3851984467749981E-002
   3.5715608789062783       -4.8467948783663263E-002
   3.5778377873050591       -5.0464823145250852E-002
   3.5841146957038399       -4.9763736663759953E-002
   3.5903916041026207       -4.6430807540962578E-002
   3.5966685125014015       -4.0669011387089900E-002
   3.6029454209001823       -3.2803100533003629E-002
   3.6092223292989631       -2.3258780373327216E-002
   3.6154992376977440       -1.2537520877472451E-002
   3.6217761460965248       -1.1885779289878653E-003
   3.6280530544953056        1.0220192745480144E-002
   3.6343299628940864        2.1131147717910057E-002
   3.6406068712928672        3.1023866087676700E-002
   3.6468837796916480        3.9439084351629149E-002
   3.6531606880904288        4.5998551703649700E-002
   3.6594375964892096        5.0420045056203538E-002
   3.6657145048879904        5.2527103759274663E-002
   3.6719914132867713        5.2253306636369817E-002
   3.6782683216855521        4.9641221513433073E-002
   3.6845452300843329        4.4836378034672476E-002
   3.6908221384831137        3.8076858309188333E-002
   3.6970990468818945        2.9679236139190004E-002
   3.7033759552806753        2.0021747096899269E-002
   3.7096528636794561        9.5256036251250113E-003
   3.7159297720782369       -1.3645737428975790E-003
   3.7222066804770177       -1.2200315151344602E-002
   3.7284835888757986       -2.2547929788157974E-002
   3.7347604972745794       -3.2005300604669315E-002
   3.7410374056733602       -4.0216598954133341E-002
   3.7473143140721410       -4.6884480726574390E-002
   3.7535912224709218       -5.1779233965718409E-002
   3.7598681308697026       -5.4744738320459667E-002
   3.7661450392684834       -5.5701195259207137E-002
   3.7724219476672642       -5.4644757720269305E-002
   3.7786988560660451       -5.1644265904378303E-002
   3.7849757644648259       -4.6835440182556622E-002
   3.7912526728636067       -4.0412912617727448E-002
   3.7975295812623875       -3.2620580322028504E-002
   3.8038064896611683       -2.3740742653289928E-002
   3.8100833980599491       -1.4082544065130435E-002
   3.8163603064587299       -3.9701748196208650E-003
   3.8226372148575107        6.2686915046500438E-003
   3.8289141232562915        1.6313853568262770E-002
   3.8351910316550724        2.5862553126908716E-002
   3.8414679400538532        3.4638219636034751E-002
   3.8477448484526340        4.2397742157472738E-002
   3.8540217568514148        4.8937174870335269E-002
   3.8602986652501956        5.4095763418597696E-002
   3.8665755736489764        5.7758342201761709E-002
   3.8728524820477572        5.9856101694149386E-002
   3.8791293904465380        6.0365901376188330E-002
   3.8854062988453189        5.9308195135888184E-002
   3.8916832072440997        5.6743858264663272E-002
   3.8979601156428805        5.2769953876883754E-002
   3.9042370240416608        4.7515084905493707E-002
   3.9105139324404417        4.1134919884456445E-002
   3.9167908408392225        3.3805093626331439E-002
   3.9230677492380033        2.5714898206444136E-002
   3.9293446576367841        1.7061499991707262E-002
   3.9356215660355649        8.0443316042416758E-003
   3.9418984744343457       -1.1400107219027963E-003
   3.9481753828331265       -1.0302402138221239E-002
   3.9544522912319073       -1.9265143126514613E-002
   3.9607291996306881       -2.7865307763433499E-002
   3.9670061080294690       -3.5957329154222804E-002
   3.9732830164282498       -4.3414957272460100E-002
   3.9795599248270306       -5.0132461088444991E-002
   3.9858368332258114       -5.6025273047695327E-002
   3.9921137416245922       -6.1029950420954132E-002
   3.9983906500233730       -6.5103715295705578E-002
   4.0046675584221543       -6.8223419697610921E-002
   4.0109444668209351       -7.0384268396422645E-002
   4.0172213752197159       -7.1598078908329282E-002
   4.0234982836184967       -7.1891504684881813E-002
   4.0297751920172775       -7.1303877357106416E-002
   4.0360521004160583       -6.9885243085046914E-002
   4.0423290088148391       -6.7694025390033163E-002
   4.0486059172136200       -6.4795171183165134E-002
   4.0548828256124008       -6.1257769475113445E-002
   4.0611597340111816       -5.7153629414865674E-002
   4.0674366424099624       -5.2554789622950834E-002
   4.0737135508087432       -4.7531880395310908E-002
   4.0799904592075240       -4.2128227922478736E-002
   4.0862673676063048       -3.6323069980367051E-002
   4.0925442760050856       -3.0106639308478473E-002
   4.0988211844038664       -2.3497073417509447E-002
   4.1050980928026473       -1.6539505758228181E-002
   4.1113750012014281       -9.3086199605895044E-003
   4.1176519096002089       -1.9083914692858955E-003
   4.1239288179989897        5.5281310713675173E-003
   4.1302057263977705        1.2841185211117784E-002
   4.1364826347965504        1.9847677949156432E-002
   4.1427595431953312        2.6346695159211148E-002
   4.1490364515941121        3.2126470099550594E-002
   4.1553133599928929        3.6973325512784636E-002
   4.1615902683916737        4.0681962523159157E-002
   4.1678671767904545        4.3067136361363882E-002
   4.1741440851892353        4.3975951869275005E-002
   4.1804209935880161        4.3300395838003748E-002
   4.1866979019867969        4.0989155147623038E-002
   4.1929748103855777        3.7058011543681046E-002
   4.1992517187843585        3.1597768069641513E-002
   4.2055286271831394        2.4778861343201529E-002
   4.2118055355819202        1.6851744765457907E-002
   4.2180824439807010        8.1423436093256418E-003
   4.2243593523794818       -9.5787593204936018E-004
   4.2306362607782626       -1.0007448918548991E-002
   4.2369131691770434       -1.8535732059051326E-002
   4.2431900775758242       -2.6068374930044429E-002
   4.2494669859746050       -3.2157733129917668E-002
   4.2557438943733858       -3.6429944573271762E-002
   4.2620208027721667       -3.8629202975966379E-002
   4.2682977111709475       -3.8618663011073945E-002
   4.2745746195697283       -3.6386715520171524E-002
   4.2808515279685091       -3.2050433494828882E-002
   4.2871284363672899       -2.5850563727113099E-002
   4.2934053447660707       -1.8139601541533632E-002
   4.2996822531648515       -9.3627278733706080E-003
   4.3059591615636323       -3.2993134624412876E-005
   4.3122360699624132        9.2982075569856357E-003
   4.3185129783611940        1.8073514221268482E-002
   4.3247898867599748        2.5763094864521406E-002
   4.3310667951587556        3.1897133609924765E-002
   4.3373437035575364        3.6095378955367290E-002
   4.3436206119563172        3.8091794039391877E-002
   4.3498975203550980        3.7752703894962464E-002
   4.3561744287538788        3.5087104320767518E-002
   4.3624513371526596        3.0248314303269304E-002
   4.3687282455514405        2.3526621749673491E-002
   4.3750051539502213        1.5333173004894396E-002
   4.3812820623490021        6.1758902557261085E-003
   4.3875589707477829       -3.3712413643240823E-003
   4.3938358791465637       -1.2703725293099401E-002
   4.4001127875453445       -2.1224774060528282E-002
   4.4063896959441253       -2.8383795957176768E-002
   4.4126666043429061       -3.3712657418380927E-002
   4.4189435127416870       -3.6857288111106848E-002
   4.4252204211404678       -3.7602497175911326E-002
   4.4314973295392486       -3.5888353134502733E-002
   4.4377742379380294       -3.1816302297132414E-002
   4.4440511463368102       -2.5644471357173772E-002
   4.4503280547355910       -1.7772637239386366E-002
   4.4566049631343718       -8.7174855383627195E-003
   4.4628818715331526        9.2043447903897128E-004
   4.4691587799319334        1.0496009126895505E-002
   4.4754356883307143        1.9362585073937580E-002
   4.4817125967294951        2.6915871842540424E-002
   4.4879895051282759        3.2635730643988621E-002
   4.4942664135270567        3.6122931757642293E-002
   4.5005433219258375        3.7128224616055652E-002
   4.5068202303246183        3.5571538602329804E-002
   4.5130971387233991        3.1549754423538467E-002
   4.5193740471221799        2.5332257530551440E-002
   4.5256509555209607        1.7344314094013925E-002
   4.5319278639197416        8.1391847351420053E-003
   4.5382047723185224       -1.6392974728738339E-003
   4.5444816807173032       -1.1301219444579784E-002
   4.5507585891160840       -2.0159130558818412E-002
   4.5570354975148648       -2.7577229281047947E-002
   4.5633124059136456       -3.3017673473878136E-002
   4.5695893143124264       -3.6080590752447440E-002
   4.5758662227112072       -3.6534764668449064E-002
   4.5821431311099881       -3.4336542546329528E-002
   4.5884200395087689       -2.9635364170530240E-002
   4.5946969479075497       -2.2765174570472002E-002
   4.6009738563063305       -1.4222215896163373E-002
   4.6072507647051113       -4.6306209952186881E-003
   4.6135276731038921        5.3032659319481182E-003
   4.6198045815026729        1.4842944418738822E-002
   4.6260814899014537        2.3276384221407976E-002
   4.6323583983002345        2.9969549704274366E-002
   4.6386353066990154        3.4414765956813899E-002
   4.6449122150977962        3.6270212478531967E-002
   4.6511891234965770        3.5387390874423691E-002
   4.6574660318953578        3.1824292458819618E-002
   4.6637429402941386        2.5843017558878134E-002
   4.6700198486929194        1.7891779188512150E-002
   4.6762967570917002        8.5724104867745989E-003
   4.6825736654904810       -1.4043574280239285E-003
   4.6888505738892619       -1.1272596345483551E-002
   4.6951274822880427       -2.0269846894734499E-002
   4.7014043906868235       -2.7696272058700913E-002
   4.7076812990856043       -3.2969697819559080E-002
   4.7139582074843851       -3.5672168625996287E-002
   4.7202351158831659       -3.5584235556758888E-002
   4.7265120242819467       -3.2704076471524790E-002
   4.7327889326807275       -2.7249707868129483E-002
   4.7390658410795083       -1.9643830831774123E-002
   4.7453427494782892       -1.0482259605619109E-002
   4.7516196578770700       -4.8816014505217076E-004
   4.7578965662758508        9.5444245868919978E-003
   4.7641734746746316        1.8813475246947351E-002
   4.7704503830734124        2.6573227215286391E-002
   4.7767272914721932        3.2195067277478333E-002
   4.7830041998709740        3.5220967365185561E-002
   4.7892811082697548        3.5401013665576679E-002
   4.7955580166685357        3.2714667549648767E-002
   4.8018349250673165        2.7373923062999669E-002
   4.8081118334660973        1.9807514201349949E-002
   4.8143887418648781        1.0627351544186316E-002
   4.8206656502636589        5.7968674349565181E-004
   4.8269425586624397       -9.5151183010332482E-003
   4.8332194670612205       -1.8829419774773669E-002
   4.8394963754600013       -2.6596270391358822E-002
   4.8457732838587821       -3.2172971896577314E-002
   4.8520501922575630       -3.5094893829224455E-002
   4.8583271006563438       -3.5115012631670675E-002
   4.8646040090551246       -3.2225734345073441E-002
   4.8708809174539054       -2.6661010975659510E-002
   4.8771578258526862       -1.8878362781092558E-002
   4.8834347342514670       -9.5221059219231432E-003
   4.8897116426502478        6.2934049868231055E-004
   4.8959885510490286        1.0727809211471479E-002
   4.9022654594478094        1.9926125737358191E-002
   4.9085423678465903        2.7449339907827480E-002
   4.9148192762453711        3.2660458576346467E-002
   4.9210961846441519        3.5115056868839263E-002
   4.9273730930429327        3.4600049146471572E-002
   4.9336500014417135        3.1153146917506300E-002
   4.9399269098404943        2.5061185241744773E-002
   4.9462038182392751        1.6837222940332377E-002
   4.9524807266380559        7.1784573309707196E-003
   4.9587576350368368       -3.0924667989303675E-003
   4.9650345434356176       -1.3099399912214775E-002
   4.9713114518343984       -2.1987759338047447E-002
   4.9775883602331792       -2.8997518080549133E-002
   4.9838652686319600       -3.3528368555210603E-002
   4.9901421770307408       -3.5191335812712173E-002
   4.9964190854295216       -3.3842446219117389E-002
   5.0026959938283024       -2.9595478537846581E-002
   5.0089729022270832       -2.2812667840045410E-002
   5.0152498106258641       -1.4074078838817282E-002
   5.0215267190246449       -4.1282252398893819E-003
   5.0278036274234257        6.1718881843553257E-003
   5.0340805358222065        1.5941844764797694E-002
   5.0403574442209873        2.4341765235959347E-002
   5.0466343526197681        3.0648603393956451E-002
   5.0529112610185480        3.4318556692410865E-002
   5.0591881694173289        3.5034191996815935E-002
   5.0654650778161097        3.2732179380604791E-002
   5.0717419862148905        2.7609192272236162E-002
   5.0780188946136713        2.0105395296600718E-002
   5.0842958030124521        1.0866888386421320E-002
   5.0905727114112329        6.9027794587598885E-004
   5.0968496198100137       -9.5458742187815686E-003
   5.1031265282087945       -1.8956853731425985E-002
   5.1094034366075753       -2.6728292807519104E-002
   5.1156803450063562       -3.2186762648896569E-002
   5.1219572534051370       -3.4858459960228495E-002
   5.1282341618039178       -3.4512104299264192E-002
   5.1345110702026986       -3.1180285535280995E-002
   5.1407879786014794       -2.5153896630752078E-002
   5.1470648870002602       -1.6955832354151504E-002
   5.1533417953990410       -7.2952800198684154E-003
   5.1596187037978218        2.9939761796066657E-003
   5.1658956121966026        1.3025678160207369E-002
   5.1721725205953835        2.1937475336469517E-002
   5.1784494289941643        2.8964927710318184E-002
   5.1847263373929451        3.3506826067363493E-002
   5.1910032457917259        3.5176245439379035E-002
   5.1972801541905067        3.3833048864466302E-002
   5.2035570625892875        2.9595137110323300E-002
   5.2098339709880683        2.2827600675663730E-002
   5.2161108793868491        1.4110801163369923E-002
   5.2223877877856300        4.1902185835355982E-003
   5.2286646961844108       -6.0875758680468016E-003
   5.2349416045831916       -1.5847295059444291E-002
   5.2412185129819724       -2.4259464926700381E-002
   5.2474954213807532       -3.0610760255993581E-002
   5.2537723297795340       -3.4364199246603978E-002
   5.2600492381783148       -3.5204142485754861E-002
   5.2663261465770956       -3.3062359679662714E-002
   5.2726030549758764       -2.8123056179999384E-002
   5.2788799633746573       -2.0806535234732859E-002
   5.2851568717734381       -1.1732992451312166E-002
   5.2914337801722189       -1.6695853277468107E-003
   5.2977106885709997        8.5346977516593467E-003
   5.3039875969697805        1.8021417962162060E-002
   5.3102645053685613        2.5996286386600707E-002
   5.3165414137673421        3.1795505595669120E-002
   5.3228183221661229        3.4940227106962499E-002
   5.3290952305649038        3.5175088365857504E-002
   5.3353721389636846        3.2487766816419079E-002
   5.3416490473624654        2.7108191183311741E-002
   5.3479259557612462        1.9487712599929201E-002
   5.3542028641600270        1.0260214039536392E-002
   5.3604797725588078        1.8858175111925217E-004
   5.3667566809575886       -9.8988775595776242E-003
   5.3730335893563694       -1.9176737765022645E-002
   5.3793104977551502       -2.6889830593145685E-002
   5.3855874061539311       -3.2414215449017909E-002
   5.3918643145527119       -3.5306867082257783E-002
   5.3981412229514927       -3.5340189691259405E-002
   5.4044181313502735       -3.2518762688174718E-002
   5.4106950397490543       -2.7077186979015122E-002
   5.4169719481478351       -1.9459454211548169E-002
   5.4232488565466159       -1.0281722638443246E-002
   5.4295257649453967       -2.8170536733663793E-004
   5.4358026733441775        9.7411292764242145E-003
   5.4420795817429584        1.8989643101349846E-002
   5.4483564901417392        2.6732278877875212E-002
   5.4546333985405200        3.2360435641643662E-002
   5.4609103069393008        3.5435573467675771E-002
   5.4671872153380816        3.5722346727935089E-002
   5.4734641237368624        3.3205774456882810E-002
   5.4797410321356432        2.8092000388006261E-002
   5.4860179405344240        2.0789018311544928E-002
   5.4922948489332049        1.1871855232093149E-002
   5.4985717573319857        2.0361308376093505E-003
   5.5048486657307665       -7.9569528742955073E-003
   5.5111255741295473       -1.7339830587098117E-002
   5.5174024825283281       -2.5397404217772607E-002
   5.5236793909271089       -3.1520971598257445E-002
   5.5299562993258897       -3.5253256382909881E-002
   5.5362332077246705       -3.6321276149059167E-002
   5.5425101161234513       -3.4654807144491824E-002
   5.5487870245222322       -3.0389319624742030E-002
   5.5550639329210130       -2.3853469133990574E-002
   5.5613408413197938       -1.5542367116349024E-002
   5.5676177497185746       -6.0789007747820414E-003
   5.5738946581173554        3.8338053362618530E-003
   5.5801715665161362        1.3465098150855628E-002
   5.5864484749149170        2.2110702987533933E-002
   5.5927253833136978        2.9143850924979894E-002
   5.5990022917124787        3.4059955220234348E-002
   5.6052792001112595        3.6511712353191186E-002
   5.6115561085100403        3.6332281001538021E-002
   5.6178330169088211        3.3545100174232748E-002
   5.6241099253076019        2.8359913083494150E-002
   5.6303868337063827        2.1155552620888647E-002
   5.6366637421051635        1.2450986082679688E-002
   5.6429406505039443        2.8669078812134968E-003
   5.6492175589027251       -6.9192543123092068E-003
   5.6554944673015060       -1.6222020843775407E-002
   5.6617713757002868       -2.4396557575942630E-002
   5.6680482840990676       -3.0882910261318185E-002
   5.6743251924978484       -3.5243309590284259E-002
   5.6806021008966292       -3.7190311811082816E-002
   5.6868790092954100       -3.6604048824152677E-002
   5.6931559176941908       -3.3537710195418013E-002
   5.6994328260929716       -2.8211183575443270E-002
   5.7057097344917524       -2.0993603190475451E-002
   5.7119866428905333       -1.2376269011141083E-002
   5.7182635512893141       -2.9380088106587877E-003
   5.7245404596880949        6.6945134071451423E-003
   5.7308173680868757        1.5888777725581917E-002
   5.7370942764856565        2.4047855328663388E-002
   5.7433711848844373        3.0648622885294276E-002
   5.7496480932832181        3.5274347421236897E-002
   5.7559250016819989        3.7639687275489511E-002
   5.7622019100807798        3.7606710884842548E-002
   5.7684788184795606        3.5191158874247744E-002
   5.7747557268783414        3.0558823783181994E-002
   5.7810326352771222        2.4012556901680991E-002
   5.7873095436759030        1.5970982826595859E-002
   5.7935864520746838        6.9404943637042396E-003
   5.7998633604734646       -2.5175443053590016E-003
   5.8061402688722454       -1.1822208771947038E-002
   5.8124171772710262       -2.0408804733551257E-002
   5.8186940856698071       -2.7762809773535711E-002
   5.8249709940685879       -3.3450149625027202E-002
   5.8312479024673687       -3.7142243020534441E-002
   5.8375248108661495       -3.8633266557727926E-002
   5.8438017192649303       -3.7849856699677803E-002
   5.8500786276637111       -3.4852835686657785E-002
   5.8563555360624919       -2.9831002893816249E-002
   5.8626324444612727       -2.3087648599698710E-002
   5.8689093528600536       -1.5020795177751033E-002
   5.8751862612588344       -6.0985252590872304E-003
   5.8814631696576152        3.1690296300284377E-003
   5.8877400780563960        1.2259326309780237E-002
   5.8940169864551768        2.0666941050930060E-002
   5.9002938948539576        2.7931334515093935E-002
   5.9065708032527384        3.3661358458241412E-002
   5.9128477116515192        3.7555255304830504E-002
   5.9191246200503000        3.9415202127512532E-002
   5.9254015284490809        3.9155793398378276E-002
   5.9316784368478617        3.6806211420769883E-002
   5.9379553452466425        3.2506191870623195E-002
   5.9442322536454233        2.6496218654141371E-002
   5.9505091620442041        1.9102679489618791E-002
   5.9567860704429849        1.0718945667979650E-002
   5.9630629788417657        1.7835207907562977E-003
   5.9693398872405457       -7.2434989509152139E-003
   5.9756167956393265       -1.5904368294060160E-002
   5.9818937040381073       -2.3766799404139172E-002
   5.9881706124368881       -3.0445079124381193E-002
   5.9944475208356689       -3.5618205499874094E-002
   6.0007244292344497       -3.9044214908389357E-002
   6.0070013376332305       -4.0570158744989676E-002
   6.0132782460320113       -4.0137481541012383E-002
   6.0195551544307921       -3.7782615667426925E-002
   6.0258320628295730       -3.3632959720742983E-002
   6.0321089712283538       -2.7898633597455327E-002
   6.0383858796271346       -2.0860562506012141E-002
   6.0446627880259154       -1.2855612359662451E-002
   6.0509396964246962       -4.2595886151808550E-003
   6.0572166048234770        4.5310088440835691E-003
   6.0634935132222578        1.3117584308944561E-002
   6.0697704216210386        2.1117515306199493E-002
   6.0760473300198194        2.8180896663006955E-002
   6.0823242384186003        3.4005242837145948E-002
   6.0886011468173811        3.8347583362434601E-002
   6.0948780552161619        4.1033508268883856E-002
   6.1011549636149427        4.1962906173818565E-002
   6.1074318720137235        4.1112270350612011E-002
   6.1137087804125043        3.8533636760541438E-002
   6.1199856888112851        3.4350330806192202E-002
   6.1262625972100659        2.8749863150331161E-002
   6.1325395056088468        2.1974386853713647E-002
   6.1388164140076276        1.4309242041838227E-002
   6.1450933224064084        6.0701468007094243E-003
   6.1513702308051892       -2.4103870210077463E-003
   6.1576471392039700       -1.0796743412407262E-002
   6.1639240476027508       -1.8763740440285354E-002
   6.1702009560015316       -2.6007075045796753E-002
   6.1764778644003124       -3.2237677580236684E-002
   6.1827547727990932       -3.7181012331664709E-002
   6.1890316811978741       -4.0600374264363796E-002
   6.1953085895966549       -4.2312914637830344E-002
   6.2015854979954357       -4.2202000956866222E-002
   6.2078624063942165       -4.0227949572644466E-002
   6.2141393147929973       -3.6435527745364016E-002
   6.2204162231917781       -3.0957854553455628E-002
   6.2266931315905589       -2.4015833386283693E-002
   6.2329700399893397       -1.5912836930592981E-002
   6.2392469483881206       -7.0243230528934612E-003
   6.2455238567869014        2.2174348445074404E-003
   6.2518007651856822        1.1343175651372946E-002
   6.2580776735844630        1.9870222916262784E-002
   6.2643545819832438        2.7328794371693436E-002
   6.2706314903820246        3.3289616782753502E-002
   6.2769083987808054        3.7391295901242329E-002
   6.2831853071795862        3.9365606775213849E-002
