   6.2769083987808056E-003  -3.4707527122216954E-002
   1.2553816797561611E-002  -3.6546674235786225E-002
   1.8830725196342418E-002  -3.6407277789112485E-002
   2.5107633595123222E-002  -3.4258654127721007E-002
   3.1384541993904030E-002  -3.0183439922145415E-002
   3.7661450392684835E-002  -2.4379226855313955E-002
   4.3938358791465640E-002  -1.7153123644018622E-002
   5.0215267190246445E-002  -8.9089787617330982E-003
   5.6492175589027249E-002  -1.2748185955656019E-004
   6.2769083987808061E-002   8.6608186378782249E-003
   6.9045992386588859E-002   1.6914087541353789E-002
   7.5322900785369670E-002   2.4123822735413941E-002
   8.1599809184150468E-002   2.9847651034483676E-002
   8.7876717582931280E-002   3.3735985736619484E-002
   9.4153625981712077E-002   3.5553125424569752E-002
  0.10043053438049289        3.5191094857023528E-002
  0.10670744277927370        3.2675646416886431E-002
  0.11298435117805450        2.8164004088747172E-002
  0.11926125957683531        2.1934628412471426E-002
  0.12553816797561612        1.4369644592058323E-002
  0.13181507637439691        5.9310962548963439E-003
  0.13809198477317772       -2.8675034836168883E-003
  0.14436889317195853       -1.1492544923744342E-002
  0.15064580157073934       -1.9422703739139902E-002
  0.15692270996952015       -2.6180362898726623E-002
  0.16319961836830094       -3.1360186370806953E-002
  0.16947652676708175       -3.4653152308333178E-002
  0.17575343516586256       -3.5864629965745853E-002
  0.18203034356464337       -3.4925479123672547E-002
  0.18830725196342415       -3.1895546690905149E-002
  0.19458416036220497       -2.6959441666952803E-002
  0.20086106876098578       -2.0414870870258006E-002
  0.20713797715976659       -1.2654342394478551E-002
  0.21341488555854740       -4.1413134005740208E-003
  0.21969179395732819        4.6176507284340406E-003
  0.22596870235610900        1.3103188931002848E-002
  0.23224561075488981        2.0813782390747392E-002
  0.23852251915367062        2.7296130650870880E-002
  0.24479942755245140        3.2176025651116894E-002
  0.25107633595123224        3.5178224811493589E-002
  0.25735324435001306        3.6139857875723477E-002
  0.26363015274879381        3.5017852020304212E-002
  0.26990706114757462        3.1889195764253295E-002
  0.27618396954635543        2.6944369075423059E-002
  0.28246087794513625        2.0474415803416593E-002
  0.28873778634391706        1.2852660913033716E-002
  0.29501469474269787        4.5122190991304656E-003
  0.30129160314147868       -4.0792708436920063E-003
  0.30756851154025949       -1.2446216119436297E-002
  0.31384541993904030       -2.0131403288323475E-002
  0.32012232833782106       -2.6720664753384568E-002
  0.32639923673660187       -3.1864562026946812E-002
  0.33267614513538268       -3.5296007196867783E-002
  0.33895305353416350       -3.6842988497358439E-002
  0.34522996193294431       -3.6435875928388969E-002
  0.35150687033172512       -3.4109088145824064E-002
  0.35778377873050593       -2.9997214386371918E-002
  0.36406068712928674       -2.4325981082101544E-002
  0.37033759552806755       -1.7398699699938777E-002
  0.37661450392684831       -9.5790644373071696E-003
  0.38289141232562912       -1.2712943516738167E-003
  0.38916832072440993        7.1012403888540054E-003
  0.39544522912319074        1.5117807556775659E-002
  0.40172213752197156        2.2381324379956147E-002
  0.40799904592075237        2.8537679729191169E-002
  0.41427595431953318        3.3291797119301331E-002
  0.42055286271831399        3.6419113171966763E-002
  0.42682977111709480        3.7776415984543864E-002
  0.43310667951587556        3.7307762490549151E-002
  0.43938358791465637        3.5045688221986858E-002
  0.44566049631343718        3.1108221537267288E-002
  0.45193740471221799        2.5691822169498762E-002
  0.45821431311099881        1.9060765250877944E-002
  0.46449122150977962        1.1533530193002888E-002
  0.47076812990856043        3.4669495968069910E-003
  0.47704503830734124       -4.7610917508600263E-003
  0.48332194670612205       -1.2769544909247900E-002
  0.48959885510490281       -2.0191829673560320E-002
  0.49587576350368362       -2.6692398896053769E-002
  0.50215267190246449       -3.1981502410514749E-002
  0.50842958030124530       -3.5827527430785329E-002
  0.51470648870002611       -3.8066418542724037E-002
  0.52098339709880681       -3.8607841674813431E-002
  0.52726030549758762       -3.7437899332467862E-002
  0.53353721389636843       -3.4618388601874862E-002
  0.53981412229514925       -3.0282720042559108E-002
  0.54609103069393006       -2.4628797201697410E-002
  0.55236793909271087       -1.7909233362561148E-002
  0.55864484749149168       -1.0419447538149244E-002
  0.56492175589027249       -2.4841743520837446E-003
  0.57119866428905330        5.5569179011573568E-003
  0.57747557268783412        1.3363942758985226E-002
  0.58375248108661493        2.0611197660899180E-002
  0.59002938948539574        2.7002545904158296E-002
  0.59630629788417655        3.2286887852255121E-002
  0.60258320628295736        3.6265409628350169E-002
  0.60886011468173817        3.8797199945228518E-002
  0.61513702308051899        3.9802724282369036E-002
  0.62141393147929980        3.9264447755914512E-002
  0.62769083987808061        3.7224989650962860E-002
  0.63396774827686131        3.3782922933314599E-002
  0.64024465667564212        2.9086624564917712E-002
  0.64652156507442293        2.3326499270520041E-002
  0.65279847347320374        1.6726038748764303E-002
  0.65907538187198456        9.5321164577398063E-003
  0.66535229027076537        2.0049763537416322E-003
  0.67162919866954618       -5.5916985442626193E-003
  0.67790610706832699       -1.3000245006772318E-002
  0.68418301546710780       -1.9977699661081410E-002
  0.69045992386588861       -2.6303417141962715E-002
  0.69673683226466943       -3.1785437962268355E-002
  0.70301374066345024       -3.6265452123215525E-002
  0.70929064906223105       -3.9622300016583088E-002
  0.71556755746101186       -4.1773980931188115E-002
  0.72184446585979267       -4.2678231907571799E-002
  0.72812137425857348       -4.2331745300050141E-002
  0.73439828265735430       -4.0768190042653203E-002
  0.74067519105613511       -3.8055153855352387E-002
  0.74695209945491581       -3.4290274406986919E-002
  0.75322900785369662       -2.9596586412657038E-002
  0.75950591625247743       -2.4118039616871041E-002
  0.76578282465125824       -1.8017202820723239E-002
  0.77205973305003905       -1.1467426991270928E-002
  0.77833664144881987       -4.6421449106435623E-003
  0.78461354984760068        2.2910254835353271E-003
  0.79089045824638149        9.1746672894587131E-003
  0.79716736664516230        1.5865228333247335E-002
  0.80344427504394311        2.2235780728185061E-002
  0.80972118344272392        2.8177948141062531E-002
  0.81599809184150474        3.3603010724084031E-002
  0.82227500024028555        3.8442272649915454E-002
  0.82855190863906636        4.2646764239820181E-002
  0.83482881703784717        4.6186385663391123E-002
  0.84110572543662798        4.9048587412147536E-002
  0.84738263383540879        5.1236701285493028E-002
  0.85365954223418961        5.2768015767624014E-002
  0.85993645063297042        5.3671702044022634E-002
  0.86621335903175112        5.3986666650172925E-002
  0.87249026743053193        5.3759421171213136E-002
  0.87876717582931274        5.3042016690762285E-002
  0.88504408422809355        5.1890116470809579E-002
  0.89132099262687436        5.0361219402299338E-002
  0.89759790102565518        4.8513098161820353E-002
  0.90387480942443599        4.6402420505972264E-002
  0.91015171782321680        4.4083630177891873E-002
  0.91642862622199761        4.1607982547849483E-002
  0.92270553462077842        3.9022899749776942E-002
  0.92898244301955923        3.6371287973881568E-002
  0.93525935141834005        3.3692087929761076E-002
  0.94153625981712086        3.1024551690241667E-002
  0.94781316821590167        2.8405161636695538E-002
  0.95409007661468248        2.5864351891892574E-002
  0.96036698501346329        2.3426507385555510E-002
  0.96664389341224410        2.1110378457033192E-002
  0.97292080181102492        1.8929583989289976E-002
  0.97919771020980562        1.6893147398402614E-002
  0.98547461860858643        1.5006075661744549E-002
  0.99175152700736724        1.3269928445578909E-002
  0.99802843540614805        1.1683383502382148E-002
   1.0043053438049290        1.0242765912719491E-002
   1.0105822522037098        8.9425449216287665E-003
   1.0168591606024906        7.7757810190904973E-003
   1.0231360690012714        6.7345267198279492E-003
   1.0294129774000522        5.8101742339262165E-003
   1.0356898857988328        4.9937535172742773E-003
   1.0419667941976136        4.2761810541051921E-003
   1.0482437025963944        3.6484624154735517E-003
   1.0545206109951752        3.1018536099406998E-003
   1.0607975193939561        2.6279831665468696E-003
   1.0670744277927369        2.2189428374879230E-003
   1.0733513361915177        1.8673472400784399E-003
   1.0796282445902985        1.5663719231921278E-003
   1.0859051529890793        1.3097683922007708E-003
   1.0921820613878601        1.0918660675667291E-003
   1.0984589697866409        9.0755866629405090E-004
   1.1047358781854217        7.5228272903362335E-004
   1.1110127865842025        6.2199704680249157E-004
   1.1172896949829834        5.1319734614848570E-004
   1.1235666033817642        4.2282035863233018E-004
   1.1298435117805450        3.4819594170319338E-004
   1.1361204201793258        2.8701559939537264E-004
   1.1423973285781066        2.3730782425265899E-004
   1.1486742369768874        1.9740699513885941E-004
   1.1549511453756682        1.6593387844215119E-004
   1.1612280537744490        1.4176928812412168E-004
   1.1675049621732299        1.2404371472641049E-004
   1.1737818705720107        1.1211967026201824E-004
   1.1800587789707915        1.0559478035418167E-004
   1.1863356873695723        1.0429721465924690E-004
   1.1926125957683531        1.0830831337960820E-004
   1.1988895041671339        1.1797779105516163E-004
   1.2051664125659147        1.3397598484553316E-004
   1.2114433209646955        1.5734048014364786E-004
   1.2177202293634763        1.8957590241645261E-004
   1.2239971377622572        2.3275299767010595E-004
   1.2302740461610380        2.8968849724252761E-004
   1.2365509545598188        3.6413471195353113E-004
   1.2428278629585996        4.6109921951269743E-004
   1.2491047713573804        5.8719318148571021E-004
   1.2553816797561612        7.5120273983350833E-004
   1.2616585881549420        9.6471464983262931E-004
   1.2679354965537226        1.2431601805639870E-003
   1.2742124049525034        1.6068939702211006E-003
   1.2804893133512842        2.0832318130380237E-003
   1.2867662217500651        2.7059431031448921E-003
   1.2930431301488459        3.5064251383083458E-003
   1.2993200385476267        4.5191719989989025E-003
   1.3055969469464075        5.7825577592646588E-003
   1.3118738553451883        7.3371846135645100E-003
   1.3181507637439691        9.2240872262449331E-003
   1.3244276721427499        1.1481856915221788E-002
   1.3307045805415307        1.4143036572752692E-002
   1.3369814889403115        1.7229429537961187E-002
   1.3432583973390924        2.0746594926990086E-002
   1.3495353057378732        2.4677503148765552E-002
   1.3558122141366540        2.8975832132297558E-002
   1.3620891225354348        3.3559262287813647E-002
   1.3683660309342156        3.8303615275009285E-002
   1.3746429393329964        4.3038608192096386E-002
   1.3809198477317772        4.7546433534201772E-002
   1.3871967561305580        5.1564190655629616E-002
   1.3934736645293389        5.4791472301861210E-002
   1.3997505729281197        5.6903902766904969E-002
   1.4060274813269005        5.7573405798516684E-002
   1.4123043897256813        5.6494943670239758E-002
   1.4185812981244621        5.3419129355975543E-002
   1.4248582065232429        4.8188455934182119E-002
   1.4311351149220237        4.0774532663183011E-002
   1.4374120233208045        3.1311530432035904E-002
   1.4436889317195853        2.0121641302287177E-002
   1.4499658401183662        7.7255178809965590E-003
   1.4562427485171470       -5.1652441208611365E-003
   1.4625196569159278       -1.7696014232819184E-002
   1.4687965653147086       -2.8996745983148019E-002
   1.4750734737134894       -3.8275533624236392E-002
   1.4813503821122702       -4.4876556275461610E-002
   1.4876272905110510       -4.8327717858754803E-002
   1.4939041989098316       -4.8375576688501822E-002
   1.5001811073086124       -4.5005596999019119E-002
   1.5064580157073932       -3.8445454301810976E-002
   1.5127349241061741       -2.9151315637071108E-002
   1.5190118325049549       -1.7777456606848416E-002
   1.5252887409037357       -5.1313870045092335E-003
   1.5315656493025165        7.8827359734272850E-003
   1.5378425577012973        2.0328332927533697E-002
   1.5441194661000781        3.1303882759582818E-002
   1.5503963744988589        4.0008676992914563E-002
   1.5566732828976397        4.5802130572930942E-002
   1.5629501912964205        4.8252107952742658E-002
   1.5692270996952014        4.7168621520583320E-002
   1.5755040080939822        4.2620109878844820E-002
   1.5817809164927630        3.4930879470446471E-002
   1.5880578248915438        2.4659537829721963E-002
   1.5943347332903246        1.2559772823967636E-002
   1.6006116416891054       -4.7392591585347139E-004
   1.6068885500878862       -1.3471736868037798E-002
   1.6131654584866670       -2.5460467642369162E-002
   1.6194423668854478       -3.5536664014839417E-002
   1.6257192752842287       -4.2935361314639285E-002
   1.6319961836830095       -4.7089427838322997E-002
   1.6382730920817903       -4.7676047219317466E-002
   1.6445500004805711       -4.4643825107169362E-002
   1.6508269088793519       -3.8216664123743430E-002
   1.6571038172781327       -2.8877946558750200E-002
   1.6633807256769135       -1.7335139415756741E-002
   1.6696576340756943       -4.4669066588157559E-003
   1.6759345424744752        8.7432572083880368E-003
   1.6822114508732560        2.1281966547112622E-002
   1.6884883592720368        3.2183723208215317E-002
   1.6947652676708176        4.0605597235994106E-002
   1.7010421760695984        4.5892983573641827E-002
   1.7073190844683792        4.7631285440329935E-002
   1.7135959928671600        4.5679366520308108E-002
   1.7198729012659408        4.0182021853954926E-002
   1.7261498096647214        3.1560288091772346E-002
   1.7324267180635022        2.0480157661453880E-002
   1.7387036264622830        7.8019305785292058E-003
   1.7449805348610639       -5.4860005842121071E-003
   1.7512574432598447       -1.8343892142461054E-002
   1.7575343516586255       -2.9761980087142509E-002
   1.7638112600574063       -3.8840046680352097E-002
   1.7700881684561871       -4.4858933957435301E-002
   1.7763650768549679       -4.7338280999926395E-002
   1.7826419852537487       -4.6075800507883138E-002
   1.7889188936525295       -4.1164797940401204E-002
   1.7951958020513104       -3.2988377793306212E-002
   1.8014727104500912       -2.2190520797372857E-002
   1.8077496188488720       -9.6263346725496447E-003
   1.8140265272476528        3.7048426568198015E-003
   1.8203034356464336        1.6740551555590608E-002
   1.8265803440452144        2.8440835676880730E-002
   1.8328572524439952        3.7871323094060633E-002
   1.8391341608427760        4.4277986352050935E-002
   1.8454110692415568        4.7147628990378873E-002
   1.8516879776403377        4.6249246806370589E-002
   1.8579648860391185        4.1652899489695173E-002
   1.8642417944378993        3.3724535554241188E-002
   1.8705187028366801        2.3097125226600887E-002
   1.8767956112354609        1.0620355885174005E-002
   1.8830725196342417       -2.7071278771236538E-003
   1.8893494280330225       -1.5817554800417282E-002
   1.8956263364318033       -2.7659548475785712E-002
   1.9019032448305841       -3.7282500438815210E-002
   1.9081801532293650       -4.3913009573309687E-002
   1.9144570616281458       -4.7017242709659055E-002
   1.9207339700269266       -4.6344158307274466E-002
   1.9270108784257074       -4.1946090821261647E-002
   1.9332877868244882       -3.4174965822438452E-002
   1.9395646952232690       -2.3654418403283854E-002
   1.9458416036220498       -1.1229969867540652E-002
   1.9521185120208304        2.0987347844911536E-003
   1.9583954204196112        1.5258268145224678E-002
   1.9646723288183920        2.7187811740301014E-002
   1.9709492372171729        3.6924775161590671E-002
   1.9772261456159537        4.3682483913869648E-002
   1.9835030540147345        4.6914520879055184E-002
   1.9897799624135153        4.6361961026735878E-002
   1.9960568708122961        4.2072384727643360E-002
   2.0023337792110771        3.4394297381258508E-002
   2.0086106876098579        2.3948336748002268E-002
   2.0148875960086388        1.1576668653097604E-002
   2.0211645044074196       -1.7252008347106100E-003
   2.0274414128062004       -1.4888734528534871E-002
   2.0337183212049812       -2.6858241414084622E-002
   2.0399952296037620       -3.6675461085193470E-002
   2.0462721380025428       -4.3556051353797254E-002
   2.0525490464013236       -4.6951920077035282E-002
   2.0588259548001044       -4.6594452446053244E-002
   2.0651028631988853       -4.2515279303994451E-002
   2.0713797715976656       -3.5043004067894727E-002
   2.0776566799964464       -2.4776264461319038E-002
   2.0839335883952272       -1.2535359309154717E-002
   2.0902104967940081        7.0360557774467539E-004
   2.0964874051927889        1.3886754007286787E-002
   2.1027643135915697        2.5966391664970410E-002
   2.1090412219903505        3.5984195271685948E-002
   2.1153181303891313        4.3147025659209214E-002
   2.1215950387879121        4.6889400407399959E-002
   2.1278719471866929        4.6917713410483432E-002
   2.1341488555854737        4.3232800332303797E-002
   2.1404257639842545        3.6129125334767136E-002
   2.1467026723830354        2.6170793515244609E-002
   2.1529795807818162        1.4146316109422246E-002
   2.1592564891805970        1.0059438744416001E-003
   2.1655333975793778       -1.2214013750989905E-002
   2.1718103059781586       -2.4475252608914800E-002
   2.1780872143769394       -3.4819236118778650E-002
   2.1843641227757202       -4.2441561711243983E-002
   2.1906410311745010       -4.6753726627164698E-002
   2.1969179395732819       -4.7427486741054556E-002
   2.2031948479720627       -4.4418619445357369E-002
   2.2094717563708435       -3.7968437538488727E-002
   2.2157486647696243       -2.8583211299132154E-002
   2.2220255731684051       -1.6993318045667460E-002
   2.2283024815671859       -4.0955062366046522E-003
   2.2345793899659667        9.1171053623276717E-003
   2.2408562983647475        2.1631781160126148E-002
   2.2471332067635283        3.2493727383171599E-002
   2.2534101151623092        4.0878525061268357E-002
   2.2596870235610900        4.6153976099795720E-002
   2.2659639319598708        4.7926786789958382E-002
   2.2722408403586516        4.6070715768664949E-002
   2.2785177487574324        4.0734277904366775E-002
   2.2847946571562132        3.2327645316433812E-002
   2.2910715655549940        2.1489986415493899E-002
   2.2973484739537748        9.0399017534770094E-003
   2.3036253823525557       -4.0871066166404211E-003
   2.3099022907513365       -1.6909342452087358E-002
   2.3161791991501173       -2.8472379932995319E-002
   2.3224561075488981       -3.7919855571758310E-002
   2.3287330159476789       -4.4556325090363072E-002
   2.3350099243464597       -4.7898768313236639E-002
   2.3412868327452405       -4.7712572825962377E-002
   2.3475637411440213       -4.4024308911599773E-002
   2.3538406495428021       -3.7116480686807479E-002
   2.3601175579415830       -2.7504191252894970E-002
   2.3663944663403638       -1.5895097339006140E-002
   2.3726713747391446       -3.1360644655726213E-003
   2.3789482831379254        9.8494799350989162E-003
   2.3852251915367062        2.2128742738090838E-002
   2.3915020999354870        3.2826449725620953E-002
   2.3977790083342678        4.1186606697673704E-002
   2.4040559167330486        4.6624860264375269E-002
   2.4103328251318294        4.8767896946099613E-002
   2.4166097335306103        4.7477357634357259E-002
   2.4228866419293911        4.2856860701558898E-002
   2.4291635503281719        3.5241975331557367E-002
   2.4354404587269527        2.5174159203881549E-002
   2.4417173671257335        1.3360792552539096E-002
   2.4479942755245143        6.2433806929887144E-004
   2.4542711839232951       -1.2155642901439920E-002
   2.4605480923220759       -2.4103497100461269E-002
   2.4668250007208568       -3.4407262096869069E-002
   2.4731019091196376       -4.2373172672034332E-002
   2.4793788175184184       -4.7471284387443975E-002
   2.4856557259171992       -4.9369298412403305E-002
   2.4919326343159800       -4.7952547609565806E-002
   2.4982095427147608       -4.3329041610974790E-002
   2.5044864511135416       -3.5819738883807205E-002
   2.5107633595123224       -2.5935650319240826E-002
   2.5170402679111032       -1.4341011270534549E-002
   2.5233171763098841       -1.8053564022729438E-003
   2.5295940847086644        1.0848788804521397E-002
   2.5358709931074452        2.2800220198559516E-002
   2.5421479015062260        3.3282155347197744E-002
   2.5484248099050069        4.1630632994073456E-002
   2.5547017183037877        4.7325265691177780E-002
   2.5609786267025685        5.0019921044689789E-002
   2.5672555351013493        4.9561675344278418E-002
   2.5735324435001301        4.5997151158377728E-002
   2.5798093518989109        3.9566205146310221E-002
   2.5860862602976917        3.0683706345060405E-002
   2.5923631686964725        1.9910886004928015E-002
   2.5986400770952534        7.9183200259566808E-003
   2.6049169854940342       -4.5569299174243912E-003
   2.6111938938928150       -1.6757233920064035E-002
   2.6174708022915958       -2.7950480623137944E-002
   2.6237477106903766       -3.7473547905117907E-002
   2.6300246190891574       -4.4770613937865182E-002
   2.6363015274879382       -4.9424176207735461E-002
   2.6425784358867190       -5.1177146950517706E-002
   2.6488553442854998       -4.9944988758769730E-002
   2.6551322526842807       -4.5817476295676264E-002
   2.6614091610830615       -3.9050290126561769E-002
   2.6676860694818423       -3.0047251472180032E-002
   2.6739629778806231       -1.9334476465376036E-002
   2.6802398862794039       -7.5282879718615216E-003
   2.6865167946781847        4.7011745975181892E-003
   2.6927937030769655        1.6669788373763320E-002
   2.6990706114757463        2.7718422061972330E-002
   2.7053475198745272        3.7248761446166408E-002
   2.7116244282733080        4.4754639710054715E-002
   2.7179013366720888        4.9847356414181157E-002
   2.7241782450708696        5.2273828641158419E-002
   2.7304551534696504        5.1926872356254462E-002
   2.7367320618684312        4.8847359270771648E-002
   2.7430089702672120        4.3218466281922913E-002
   2.7492858786659928        3.5352623486332169E-002
   2.7555627870647736        2.5672156822229345E-002
   2.7618396954635545        1.4684873999983347E-002
   2.7681166038623353        2.9560844713343239E-003
   2.7743935122611161       -8.9213822003287712E-003
   2.7806704206598969       -2.0357525055490655E-002
   2.7869473290586777       -3.0794360751396750E-002
   2.7932242374574585       -3.9732511338861833E-002
   2.7995011458562393       -4.6754005238448845E-002
   2.8057780542550201       -5.1540298942658769E-002
   2.8120549626538009       -5.3884874525851834E-002
   2.8183318710525818       -5.3700004551296872E-002
   2.8246087794513626       -5.1017649892311515E-002
   2.8308856878501434       -4.5984669934510086E-002
   2.8371625962489242       -3.8852865529090834E-002
   2.8434395046477050       -2.9964512239381551E-002
   2.8497164130464858       -1.9734305991144237E-002
   2.8559933214452666       -8.6286735021567414E-003
   2.8622702298440474        2.8564340808817797E-003
   2.8685471382428283        1.4218299661210148E-002
   2.8748240466416091        2.4969558144207409E-002
   2.8811009550403899        3.4658799123290715E-002
   2.8873778634391707        4.2888760683767735E-002
   2.8936547718379515        4.9331515460738572E-002
   2.8999316802367323        5.3740052509570944E-002
   2.9062085886355131        5.5956032419914488E-002
   2.9124854970342939        5.5913471934819860E-002
   2.9187624054330747        5.3638525606241709E-002
   2.9250393138318556        4.9245442323268829E-002
   2.9313162222306364        4.2929206390637568E-002
   2.9375931306294172        3.4955172699065368E-002
   2.9438700390281980        2.5646459364031052E-002
   2.9501469474269788        1.5369511024765714E-002
   2.9564238558257596        4.5187479614619587E-003
   2.9627007642245404       -6.4993281971269801E-003
   2.9689776726233212       -1.7281590909411424E-002
   2.9752545810221021       -2.7443130637260237E-002
   2.9815314894208829       -3.6630471113781586E-002
   2.9878083978196632       -4.4533341782559278E-002
   2.9940853062184440       -5.0893902454757611E-002
   3.0003622146172249       -5.5514195987037010E-002
   3.0066391230160057       -5.8260340409528460E-002
   3.0129160314147865       -5.9065395777208166E-002
   3.0191929398135673       -5.7927899428736787E-002
   3.0254698482123481       -5.4911909989083213E-002
   3.0317467566111289       -5.0130498415984756E-002
   3.0380236650099097       -4.3693087787055343E-002
   3.0443005734086905       -3.5764471702891557E-002
   3.0505774818074713       -2.6577684594407666E-002
   3.0568543902062522       -1.6427671211201225E-002
   3.0631312986050330       -5.6655443847325650E-003
   3.0694082070038138        5.3125368026211645E-003
   3.0756851154025946        1.6078600930803127E-002
   3.0819620238013754        2.6189881087282783E-002
   3.0882389322001562        3.5207725154861251E-002
   3.0945158405989370        4.2718647283252136E-002
   3.1007927489977178        4.8355840530217964E-002
   3.1070696573964987        5.1820612012984095E-002
   3.1133465657952795        5.2902065208305163E-002
   3.1196234741940603        5.1494078567639247E-002
   3.1259003825928411        4.7608027709969997E-002
   3.1321772909916219        4.1380261442143705E-002
   3.1384541993904027        3.3073184837331543E-002
   3.1447311077891835        2.3069311013284379E-002
   3.1510080161879643        1.1857884514146707E-002
   3.1572849245867451        1.4127227404898498E-005
   3.1635618329855260       -1.1828246490011433E-002
   3.1698387413843068       -2.3010335269647731E-002
   3.1761156497830876       -3.2885342525436706E-002
   3.1823925581818684       -4.0858222360546724E-002
   3.1886694665806492       -4.6424696596863685E-002
   3.1949463749794300       -4.9207887694329398E-002
   3.2012232833782108       -4.8989280604416152E-002
   3.2075001917769916       -4.5744857530573536E-002
   3.2137771001757724       -3.9674304584858558E-002
   3.2200540085745533       -3.1156848466944505E-002
   3.2263309169733341       -2.0720370129527071E-002
   3.2326078253721149       -9.0095944707105479E-003
   3.2388847337708957        3.2546070229207327E-003
   3.2451616421696765        1.5319432210489679E-002
   3.2514385505684573        2.6446596121136045E-002
   3.2577154589672381        3.5957263123048068E-002
   3.2639923673660189        4.3273330304391303E-002
   3.2702692757647998        4.7952141265056654E-002
   3.2765461841635806        4.9712886224024588E-002
   3.2828230925623614        4.8452897288809041E-002
   3.2891000009611422        4.4253120312902801E-002
   3.2953769093599230        3.7372354781989504E-002
   3.3016538177587038        2.8230823263899751E-002
   3.3079307261574846        1.7384036411304895E-002
   3.3142076345562654        5.4886932937871277E-003
   3.3204845429550462       -6.7373442594414381E-003
   3.3267614513538271       -1.8558485566367196E-002
   3.3330383597526079       -2.9265673635406161E-002
   3.3393152681513887       -3.8218767340419436E-002
   3.3455921765501695       -4.4884558915377779E-002
   3.3518690849489503       -4.8868153905277122E-002
   3.3581459933477311       -4.9935911529262814E-002
   3.3644229017465119       -4.8028640095782171E-002
   3.3706998101452927       -4.3264280411138722E-002
   3.3769767185440736       -3.5930469973647183E-002
   3.3832536269428544       -2.6469275749728984E-002
   3.3895305353416352       -1.5448873315812966E-002
   3.3958074437404160       -3.5232526358899706E-003
   3.4020843521391968        8.6081862412111191E-003
   3.4083612605379776        2.0241893963668111E-002
   3.4146381689367584        3.0710927907619423E-002
   3.4209150773355392        3.9422614462562171E-002
   3.4271919857343200        4.5891151596737123E-002
   3.4334688941331009        4.9763359997035468E-002
   3.4397458025318817        5.0836353947599305E-002
   3.4460227109306620        4.9066330363051913E-002
   3.4522996193294428        4.4568255815188272E-002
   3.4585765277282237        3.7606714114136526E-002
   3.4648534361270045        2.8578688865282812E-002
   3.4711303445257853        1.7989459648783703E-002
   3.4774072529245661        6.4231414398873213E-003
   3.4836841613233469       -5.4903660395748278E-003
   3.4899610697221277       -1.7110119742126641E-002
   3.4962379781209085       -2.7818632565473511E-002
   3.5025148865196893       -3.7054295037568671E-002
   3.5087917949184702       -4.4340035935478701E-002
   3.5150687033172510       -4.9306836261980541E-002
   3.5213456117160318       -5.1710981381283244E-002
   3.5276225201148126       -5.1444383971580909E-002
   3.5338994285135934       -4.8537582390852749E-002
   3.5401763369123742       -4.3155603708207216E-002
   3.5464532453111550       -3.5586891562843129E-002
   3.5527301537099358       -2.6226925599972979E-002
   3.5590070621087166       -1.5558676727459461E-002
   3.5652839705074975       -4.1226585593235176E-003
   3.5715608789062783        7.5152405885895238E-003
   3.5778377873050591        1.8792675989441170E-002
   3.5841146957038399        2.9177911378618328E-002
   3.5903916041026207        3.8194161039047471E-002
   3.5966685125014015        4.5440154568549551E-002
   3.6029454209001823        5.0606128236973871E-002
   3.6092223292989631        5.3484754865044379E-002
   3.6154992376977440        5.3976775528976721E-002
   3.6217761460965248        5.2091394159707420E-002
   3.6280530544953056        4.7941721876883774E-002
   3.6343299628940864        4.1735789130102965E-002
   3.6406068712928672        3.3763801563204736E-002
   3.6468837796916480        2.4382451808171949E-002
   3.6531606880904288        1.3997168071764956E-002
   3.6594375964892096        3.0432151231246487E-003
   3.6657145048879904       -8.0334561179945928E-003
   3.6719914132867713       -1.8794768940245739E-002
   3.6782683216855521       -2.8827738321516503E-002
   3.6845452300843329       -3.7759712351714700E-002
   3.6908221384831137       -4.5271132392410200E-002
   3.6970990468818945       -5.1105462206856578E-002
   3.7033759552806753       -5.5076068709973607E-002
   3.7096528636794561       -5.7070004549772485E-002
   3.7159297720782369       -5.7048738833529095E-002
   3.7222066804770177       -5.5046069613424661E-002
   3.7284835888757986       -5.1163350601379581E-002
   3.7347604972745794       -4.5562165677282787E-002
   3.7410374056733602       -3.8456190805104637E-002
   3.7473143140721410       -3.0101616969656401E-002
   3.7535912224709218       -2.0786441973461890E-002
   3.7598681308697026       -1.0819340635406398E-002
   3.7661450392684834       -5.1853946859318166E-004
   3.7724219476672642        9.7988934615228385E-003
   3.7786988560660451        1.9827011771199519E-002
   3.7849757644648259        2.9279910306933436E-002
   3.7912526728636067        3.7899386701925976E-002
   3.7975295812623875        4.5461179667318920E-002
   3.8038064896611683        5.1779698342440769E-002
   3.8100833980599491        5.6711205066273598E-002
   3.8163603064587299        6.0155483478520129E-002
   3.8226372148575107        6.2056061060080533E-002
   3.8289141232562915        6.2399109524362270E-002
   3.8351910316550724        6.1211167458421277E-002
   3.8414679400538532        5.8555866443640137E-002
   3.8477448484526340        5.4529845174499776E-002
   3.8540217568514148        4.9258055991666799E-002
   3.8602986652501956        4.2888655551397523E-002
   3.8665755736489764        3.5587676692230286E-002
   3.8728524820477572        2.7533654237990531E-002
   3.8791293904465380        1.8912370710916133E-002
   3.8854062988453189        9.9118597402776312E-003
   3.8916832072440997        7.1778341792526010E-004
   3.8979601156428805       -8.4907087681718070E-003
   3.9042370240416608       -1.7544662550558494E-002
   3.9105139324404417       -2.6288806379871719E-002
   3.9167908408392225       -3.4584044654103398E-002
   3.9230677492380033       -4.2309189797024728E-002
   3.9293446576367841       -4.9362082412428204E-002
   3.9356215660355649       -5.5660133300119423E-002
   3.9418984744343457       -6.1140324728674526E-002
   3.9481753828331265       -6.5758746342241076E-002
   3.9544522912319073       -6.9489709645821754E-002
   3.9607291996306881       -7.2324534864326218E-002
   3.9670061080294690       -7.4270050914000726E-002
   3.9732830164282498       -7.5346910200812578E-002
   3.9795599248270306       -7.5587745916511753E-002
   3.9858368332258114       -7.5035275607432644E-002
   3.9921137416245922       -7.3740356891554171E-002
   3.9983906500233730       -7.1760099849287884E-002
   4.0046675584221543       -6.9156012297032110E-002
   4.0109444668209351       -6.5992287011620951E-002
   4.0172213752197159       -6.2334168785568730E-002
   4.0234982836184967       -5.8246525306290410E-002
   4.0297751920172775       -5.3792508359299329E-002
   4.0360521004160583       -4.9032465293153325E-002
   4.0423290088148391       -4.4022910355784081E-002
   4.0486059172136200       -3.8815794941022122E-002
   4.0548828256124008       -3.3457750453547354E-002
   4.0611597340111816       -2.7989720828732263E-002
   4.0674366424099624       -2.2446386077328791E-002
   4.0737135508087432       -1.6855715904912527E-002
   4.0799904592075240       -1.1231275065346472E-002
   4.0862673676063048       -5.5682563839439978E-003
   4.0925442760050856        1.2322749776404833E-004
   4.0988211844038664        5.8120883037308590E-003
   4.1050980928026473        1.1447459998410625E-002
   4.1113750012014281        1.6958817594789410E-002
   4.1176519096002089        2.2257404155596409E-002
   4.1239288179989897        2.7238005177945300E-002
   4.1302057263977705        3.1781877169490165E-002
   4.1364826347965504        3.5760472173625470E-002
   4.1427595431953312        3.9040323063860308E-002
   4.1490364515941121        4.1488836845001861E-002
   4.1553133599928929        4.2981080857699076E-002
   4.1615902683916737        4.3407251582720123E-002
   4.1678671767904545        4.2680660141644573E-002
   4.1741440851892353        4.0745799823965277E-002
   4.1804209935880161        3.7586101561965395E-002
   4.1866979019867969        3.3230822728128162E-002
   4.1929748103855777        2.7760510277235889E-002
   4.1992517187843585        2.1310445437823754E-002
   4.2055286271831394        1.4071470711526429E-002
   4.2118055355819202        6.2877286622876477E-003
   4.2180824439807010       -1.7491460237803219E-003
   4.2243593523794818       -9.7095114965115858E-003
   4.2306362607782626       -1.7238993476940662E-002
   4.2369131691770434       -2.3975138931978685E-002
   4.2431900775758242       -2.9566918538984292E-002
   4.2494669859746050       -3.3697793558605235E-002
   4.2557438943733858       -3.6124524689648073E-002
   4.2620208027721667       -3.6709883227743649E-002
   4.2682977111709475       -3.5412914400478425E-002
   4.2745746195697283       -3.2288887218892878E-002
   4.2808515279685091       -2.7488939262196938E-002
   4.2871284363672899       -2.1253593303273574E-002
   4.2934053447660707       -1.3901880301620054E-002
   4.2996822531648515       -5.8157219476134871E-003
   4.3059591615636323        2.5792470471525720E-003
   4.3122360699624132        1.0835807295787429E-002
   4.3185129783611940        1.8508885716270334E-002
   4.3247898867599748        2.5179807495262330E-002
   4.3310667951587556        3.0479615102268941E-002
   4.3373437035575364        3.4110238840034744E-002
   4.3436206119563172        3.5862191283437775E-002
   4.3498975203550980        3.5627762090634119E-002
   4.3561744287538788        3.3408781473810864E-002
   4.3624513371526596        2.9318404883019660E-002
   4.3687282455514405        2.3576604825116736E-002
   4.3750051539502213        1.6499484631443198E-002
   4.3812820623490021        8.4828244803015918E-003
   4.3875589707477829       -1.9323342207893168E-005
   4.3938358791465637       -8.5199049286947305E-003
   4.4001127875453445       -1.6526610220145687E-002
   4.4063896959441253       -2.3570545347670394E-002
   4.4126666043429061       -2.9234150029907605E-002
   4.4189435127416870       -3.3176683161455257E-002
   4.4252204211404678       -3.5155725656923355E-002
   4.4314973295392486       -3.5043463542195792E-002
   4.4377742379380294       -3.2836135511111197E-002
   4.4440511463368102       -2.8655956305507067E-002
   4.4503280547355910       -2.2745588125440978E-002
   4.4566049631343718       -1.5455190542216128E-002
   4.4628818715331526       -7.2226155504802872E-003
   4.4691587799319334        1.4521865932088656E-003
   4.4754356883307143        1.0037113958059118E-002
   4.4817125967294951        1.8000445293239024E-002
   4.4879895051282759        2.4843988281649888E-002
   4.4942664135270567        3.0134767343388918E-002
   4.5005433219258375        3.3533214759800797E-002
   4.5068202303246183        3.4815985827364400E-002
   4.5130971387233991        3.3891814367578765E-002
   4.5193740471221799        3.0809222879012169E-002
   4.5256509555209607        2.5755397427540554E-002
   4.5319278639197416        1.9046089803205449E-002
   4.5382047723185224        1.1106991323991195E-002
   4.5444816807173032        2.4475956892008569E-003
   4.5507585891160840       -6.3709121338024303E-003
   4.5570354975148648       -1.4771759627437790E-002
   4.5633124059136456       -2.2200390959863904E-002
   4.5695893143124264       -2.8161487906083714E-002
   4.5758662227112072       -3.2252729395496393E-002
   4.5821431311099881       -3.4192929380611872E-002
   4.5884200395087689       -3.3842562865007579E-002
   4.5946969479075497       -3.1215051009187346E-002
   4.6009738563063305       -2.6478062261277743E-002
   4.6072507647051113       -1.9944813320001867E-002
   4.6135276731038921       -1.2053672352016414E-002
   4.6198045815026729       -3.3390603700596310E-003
   4.6260814899014537        5.6042196019276931E-003
   4.6323583983002345        1.4161324950957142E-002
   4.6386353066990154        2.1739678443144839E-002
   4.6449122150977962        2.7810346055257860E-002
   4.6511891234965770        3.1945566833518194E-002
   4.6574660318953578        3.3849744965248216E-002
   4.6637429402941386        3.3381599682116986E-002
   4.6700198486929194        3.0565756721210497E-002
   4.6762967570917002        2.5592768488149092E-002
   4.6825736654904810        1.8807358830199794E-002
   4.6888505738892619        1.0685520754885387E-002
   4.6951274822880427        1.8019109494778801E-003
   4.7014043906868235       -7.2102882859220669E-003
   4.7076812990856043       -1.5704278954360936E-002
   4.7139582074843851       -2.3066164606075121E-002
   4.7202351158831659       -2.8759728603870136E-002
   4.7265120242819467       -3.2366182139800317E-002
   4.7327889326807275       -3.3615893539083570E-002
   4.7390658410795083       -3.2409633016453568E-002
   4.7453427494782892       -2.8827594237482525E-002
   4.7516196578770700       -2.3125313733685194E-002
   4.7578965662758508       -1.5716574251450944E-002
   4.7641734746746316       -7.1443296590960699E-003
   4.7704503830734124        1.9583591479606826E-003
   4.7767272914721932        1.0914745613555781E-002
   4.7830041998709740        1.9055297970171334E-002
   4.7892811082697548        2.5768484263857118E-002
   4.7955580166685357        3.0547149632250969E-002
   4.8018349250673165        3.3027398114083908E-002
   4.8081118334660973        3.3017025763982522E-002
   4.8143887418648781        3.0511225227970680E-002
   4.8206656502636589        2.5694225121969880E-002
   4.8269425586624397        1.8926582051090365E-002
   4.8332194670612205        1.0718926900969487E-002
   4.8394963754600013        1.6940213552018126E-003
   4.8457732838587821       -7.4601084632676066E-003
   4.8520501922575630       -1.6042460956182145E-002
   4.8583271006563438       -2.3392818050145005E-002
   4.8646040090551246       -2.8942841188445440E-002
   4.8708809174539054       -3.2260536894606825E-002
   4.8771578258526862       -3.3084567019897253E-002
   4.8834347342514670       -3.1345639928510194E-002
   4.8897116426502478       -2.7173163435720935E-002
   4.8959885510490286       -2.0886492382227520E-002
   4.9022654594478094       -1.2971265856922778E-002
   4.9085423678465903       -4.0425425140666466E-003
   4.9148192762453711        5.2025476119366811E-003
   4.9210961846441519        1.4038994357982974E-002
   4.9273730930429327        2.1770794665253376E-002
   4.9336500014417135        2.7786010847662627E-002
   4.9399269098404943        3.1605719199722986E-002
   4.9462038182392751        3.2922782373554178E-002
   4.9524807266380559        3.1628213398467046E-002
   4.9587576350368368        2.7822780513872571E-002
   4.9650345434356176        2.1807264449985198E-002
   4.9713114518343984        1.4058421781931466E-002
   4.9775883602331792        5.1914988344814650E-003
   4.9838652686319600       -4.0885216470662109E-003
   4.9901421770307408       -1.3042868329941429E-002
   4.9964190854295216       -2.0957807021178561E-002
   5.0026959938283024       -2.7201587160664654E-002
   5.0089729022270832       -3.1275011012340682E-002
   5.0152498106258641       -3.2851530100699897E-002
   5.0215267190246449       -3.1803661417656712E-002
   5.0278036274234257       -2.8213546294372845E-002
   5.0340805358222065       -2.2366775667749503E-002
   5.0403574442209873       -1.4729909196591241E-002
   5.0466343526197681       -5.9134497036974617E-003
   5.0529112610185480        3.3768146845918889E-003
   5.0591881694173289        1.2396227182176952E-002
   5.0654650778161097        2.0420940943268254E-002
   5.0717419862148905        2.6806073455986890E-002
   5.0780188946136713        3.1037662582709149E-002
   5.0842958030124521        3.2774226802572533E-002
   5.0905727114112329        3.1874553296339335E-002
   5.0968496198100137        2.8409437734409033E-002
   5.1031265282087945        2.2656373194429036E-002
   5.1094034366075753        1.5077576644111614E-002
   5.1156803450063562        6.2830487113432901E-003
   5.1219572534051370       -3.0183551292068760E-003
   5.1282341618039178       -1.2076300763758685E-002
   5.1345110702026986       -2.0160959762989639E-002
   5.1407879786014794       -2.6622382788031553E-002
   5.1470648870002602       -3.0942563729269030E-002
   5.1533417953990410       -3.2776646344907220E-002
   5.1596187037978218       -3.1980049744499993E-002
   5.1658956121966026       -2.8619423610310037E-002
   5.1721725205953835       -2.2966632815839980E-002
   5.1784494289941643       -1.5476349411278862E-002
   5.1847263373929451       -6.7491267183230307E-003
   5.1910032457917259        2.5170154891254780E-003
   5.1972801541905067        1.1582572914766106E-002
   5.2035570625892875        1.9725603609365795E-002
   5.2098339709880683        2.6299123631886478E-002
   5.2161108793868491        3.0782297150904848E-002
   5.2223877877856300        3.2821387726511886E-002
   5.2286646961844108        3.2257278222585548E-002
   5.2349416045831916        2.9137448725314305E-002
   5.2412185129819724        2.3711550620333647E-002
   5.2474954213807532        1.6411011943482042E-002
   5.2537723297795340        7.8143759082113674E-003
   5.2600492381783148       -1.3988212718032598E-003
   5.2663261465770956       -1.0501927147879283E-002
   5.2726030549758764       -1.8778532913070484E-002
   5.2788799633746573       -2.5578766058735016E-002
   5.2851568717734381       -3.0370134845503202E-002
   5.2914337801722189       -3.2778884428321942E-002
   5.2977106885709997       -3.2619037251014921E-002
   5.3039875969697805       -2.9907940136420470E-002
   5.3102645053685613       -2.4863621508187259E-002
   5.3165414137673421       -1.7884717095369550E-002
   5.3228183221661229       -9.5178541062674472E-003
   5.3290952305649038       -4.1417491649311979E-004
   5.3353721389636846        8.7217909978470100E-003
   5.3416490473624654        1.7186806854595223E-002
   5.3479259557612462        2.4332929108389034E-002
   5.3542028641600270        2.9616686111531836E-002
   5.3604797725588078        3.2639743550821276E-002
   5.3667566809575886        3.3178066851884486E-002
   5.3730335893563694        3.1197519066406578E-002
   5.3793104977551502        2.6854894493861921E-002
   5.3855874061539311        2.0484507703989432E-002
   5.3918643145527119        1.2571547382754627E-002
   5.3981412229514927        3.7143797139965913E-003
   5.4044181313502735       -5.4212174323834302E-003
   5.4106950397490543       -1.4152356105801962E-002
   5.4169719481478351       -2.1830057789919508E-002
   5.4232488565466159       -2.7887187549553671E-002
   5.4295257649453967       -3.1879785681756603E-002
   5.4358026733441775       -3.3518834903055621E-002
   5.4420795817429584       -3.2690247160429356E-002
   5.4483564901417392       -2.9461771721452337E-002
   5.4546333985405200       -2.4076490842911764E-002
   5.4609103069393008       -1.6933582946984913E-002
   5.4671872153380816       -8.5579105152797565E-003
   5.4734641237368624        4.3914690080182833E-004
   5.4797410321356432        9.4048901059962386E-003
   5.4860179405344240        1.7693791276465455E-002
   5.4922948489332049        2.4714082431282054E-002
   5.4985717573319857        2.9969431338268862E-002
   5.5048486657307665        3.3093146232326391E-002
   5.5111255741295473        3.3872604929022589E-002
   5.5174024825283281        3.2262393055276506E-002
   5.5236793909271089        2.8385441476758116E-002
   5.5299562993258897        2.2522335275353501E-002
   5.5362332077246705        1.5089780120817645E-002
   5.5425101161234513        6.6099534907483421E-003
   5.5487870245222322       -2.3269445755607549E-003
   5.5550639329210130       -1.1104210249962689E-002
   5.5613408413197938       -1.9121280147136197E-002
   5.5676177497185746       -2.5834555071180158E-002
   5.5738946581173554       -3.0793651744396806E-002
   5.5801715665161362       -3.3670717911981798E-002
   5.5864484749149170       -3.4280968436712939E-002
   5.5927253833136978       -3.2593251113484309E-002
   5.5990022917124787       -2.8730137967753953E-002
   5.6052792001112595       -2.2957771139335663E-002
   5.6115561085100403       -1.5666345972488730E-002
   5.6178330169088211       -7.3427453716028530E-003
   5.6241099253076019        1.4627248251319605E-003
   5.6303868337063827        1.0173148171686679E-002
   5.6366637421051635        1.8222934819954028E-002
   5.6429406505039443        2.5094270466029779E-002
   5.6492175589027251        3.0350174452205121E-002
   5.6554944673015060        3.3662892750930269E-002
   5.6617713757002868        3.4832516954270636E-002
   5.6680482840990676        3.3797208783224453E-002
   5.6743251924978484        3.0634765768982809E-002
   5.6806021008966292        2.5555319229620271E-002
   5.6868790092954100        1.8885942569942023E-002
   5.6931559176941908        1.1048316708845981E-002
   5.6994328260929716        2.5310712638145325E-003
   5.7057097344917524       -6.1413579739427685E-003
   5.7119866428905333       -1.4441323961942814E-002
   5.7182635512893141       -2.1869995825241396E-002
   5.7245404596880949       -2.7986880008354333E-002
   5.7308173680868757       -3.2435136469367645E-002
   5.7370942764856565       -3.4961288139054282E-002
   5.7433711848844373       -3.5428322822496916E-002
   5.7496480932832181       -3.3821603304816157E-002
   5.7559250016819989       -3.0247461172527780E-002
   5.7622019100807798       -2.4924773735288237E-002
   5.7684788184795606       -1.8170235381883327E-002
   5.7747557268783414       -1.0378363715557191E-002
   5.7810326352771222       -1.9975603109208466E-003
   5.7873095436759030        6.4962906785683457E-003
   5.7935864520746838        1.4627100014133291E-002
   5.7998633604734646        2.1945172196731408E-002
   5.8061402688722454        2.8051639233013539E-002
   5.8124171772710262        3.2619461814674559E-002
   5.8186940856698071        3.5409910624825090E-002
   5.8249709940685879        3.6283988578942106E-002
   5.8312479024673687        3.5208417866402740E-002
   5.8375248108661495        3.2254700367431437E-002
   5.8438017192649303        2.7592928507848651E-002
   5.8500786276637111        2.1480663379758635E-002
   5.8563555360624919        1.4247481802758359E-002
   5.8626324444612727        6.2762154712199076E-003
   5.8689093528600536       -2.0180399642338439E-003
   5.8751862612588344       -1.0209954127419924E-002
   5.8814631696576152       -1.7885863031000017E-002
   5.8877400780563960       -2.4664414271656002E-002
   5.8940169864551768       -3.0214956710359789E-002
   5.9002938948539576       -3.4272824734107768E-002
   5.9065708032527384       -3.6650870426879464E-002
   5.9128477116515192       -3.7246809765630065E-002
   5.9191246200503000       -3.6046182169952305E-002
   5.9254015284490809       -3.3120947092098244E-002
   5.9316784368478617       -2.8623957159069163E-002
   5.9379553452466425       -2.2779737266423426E-002
   5.9442322536454233       -1.5872158510817001E-002
   5.9505091620442041       -8.2297184917223785E-003
   5.9567860704429849       -2.0921899537125360E-004
   5.9630629788417657        7.8213276862525872E-003
   5.9693398872405457        1.5499738857567351E-002
   5.9756167956393265        2.2485862312738900E-002
   5.9818937040381073        2.8476233781156036E-002
   5.9881706124368881        3.3216587917680784E-002
   5.9944475208356689        3.6511750783291531E-002
   6.0007244292344497        3.8232556327842740E-002
   6.0070013376332305        3.8319638233274875E-002
   6.0132782460320113        3.6784141771086944E-002
   6.0195551544307921        3.3705354993026772E-002
   6.0258320628295730        2.9225512682713416E-002
   6.0321089712283538        2.3542136569301157E-002
   6.0383858796271346        1.6898339175058050E-002
   6.0446627880259154        9.5715974882415022E-003
   6.0509396964246962        1.8615281758529822E-003
   6.0572166048234770       -5.9227777410949482E-003
   6.0634935132222578       -1.3475327683909090E-002
   6.0697704216210386       -2.0505193553488062E-002
   6.0760473300198194       -2.6747425203981073E-002
   6.0823242384186003       -3.1972516508639137E-002
   6.0886011468173811       -3.5994128170791374E-002
   6.0948780552161619       -3.8674837581352296E-002
   6.1011549636149427       -3.9929800380475292E-002
   6.1074318720137235       -3.9728271648904669E-002
   6.1137087804125043       -3.8093050367749487E-002
   6.1199856888112851       -3.5097954587603834E-002
   6.1262625972100659       -3.0863541659834706E-002
   6.1325395056088468       -2.5551299206601361E-002
   6.1388164140076276       -1.9356625052423738E-002
   6.1450933224064084       -1.2500887560559015E-002
   6.1513702308051892       -5.2229262055808450E-003
   6.1576471392039700        2.2296784785686922E-003
   6.1639240476027508        9.6093470697976857E-003
   6.1702009560015316        1.6675608286105911E-002
   6.1764778644003124        2.3191335706716505E-002
   6.1827547727990932        2.8918496110254072E-002
   6.1890316811978741        3.3631879585437362E-002
   6.1953085895966549        3.7130894802254941E-002
   6.2015854979954357        3.9250009166102232E-002
   6.2078624063942165        3.9869050778098145E-002
   6.2141393147929973        3.8922259564799638E-002
   6.2204162231917781        3.6405751067903155E-002
   6.2266931315905589        3.2382629982857493E-002
   6.2329700399893397        2.6985318791975379E-002
   6.2392469483881206        2.0414566177315591E-002
   6.2455238567869014        1.2934870450022047E-002
   6.2518007651856822        4.8661209117158884E-003
   6.2580776735844630       -3.4284556279077969E-003
   6.2643545819832438       -1.1557786515295333E-002
   6.2706314903820246       -1.9121335101369534E-002
   6.2769083987808054       -2.5729617418601945E-002
   6.2831853071795862       -3.1025846685137144E-002
