   6.2769083987808056E-003   1.6504702022884718E-002
   1.2553816797561611E-002   3.1520418878344357E-002
   1.8830725196342418E-002   4.1158971930186923E-002
   2.5107633595123222E-002   4.3735117399652398E-002
   3.1384541993904030E-002   3.8762790367651193E-002
   3.7661450392684835E-002   2.7061218968428481E-002
   4.3938358791465640E-002   1.0635232730196734E-002
   5.0215267190246445E-002  -7.6564708970044216E-003
   5.6492175589027249E-002  -2.4591438042881362E-002
   6.2769083987808061E-002  -3.7154326399450550E-002
   6.9045992386588859E-002  -4.3103170179540219E-002
   7.5322900785369670E-002  -4.1382099820494615E-002
   8.1599809184150468E-002  -3.2301469149361724E-002
   8.7876717582931280E-002  -1.7479296450495337E-002
   9.4153625981712077E-002   4.4821505444626788E-004
  0.10043053438049289        1.8296461454109018E-002
  0.10670744277927370        3.2898437744054099E-002
  0.11298435117805450        4.1666361690471984E-002
  0.11926125957683531        4.3049376233587691E-002
  0.12553816797561612        3.6806534518362494E-002
  0.13181507637439691        2.4047264623913402E-002
  0.13809198477317772        7.0327937819543440E-003
  0.14436889317195853       -1.1225667376733877E-002
  0.15064580157073934       -2.7500400160801918E-002
  0.15692270996952015       -3.8917696075224384E-002
  0.16319961836830094       -4.3464597641320865E-002
  0.16947652676708175       -4.0342621685817294E-002
  0.17575343516586256       -3.0106522089266681E-002
  0.18203034356464337       -1.4564237843807455E-002
  0.18830725196342415        3.5436753419929054E-003
  0.19458416036220497        2.1028072466203061E-002
  0.20086106876098578        3.4813083642446660E-002
  0.20713797715976659        4.2476789153993437E-002
  0.21341488555854740        4.2675749941210560E-002
  0.21969179395732819        3.5379145668365787E-002
  0.22596870235610900        2.1871964978233908E-002
  0.23224561075488981        4.5273514864109998E-003
  0.23852251915367062       -1.3611619957871851E-002
  0.24479942755245140       -2.9369366707006867E-002
  0.25107633595123224       -3.9997937154129512E-002
  0.25735324435001306       -4.3654399477778910E-002
  0.26363015274879381       -3.9716087960591971E-002
  0.26990706114757462       -2.8881553505309181E-002
  0.27618396954635543       -1.3041648201397287E-002
  0.28246087794513625        5.0545863649730386E-003
  0.28873778634391706        2.2279553221420587E-002
  0.29501469474269787        3.5668126302622255E-002
  0.30129160314147868        4.2926437435081018E-002
  0.30756851154025949        4.2821409241090715E-002
  0.31384541993904030        3.5385518674378169E-002
  0.32012232833782106        2.1903634936464345E-002
  0.32639923673660187        4.6863699240879990E-003
  0.33267614513538268       -1.3329329295972896E-002
  0.33895305353416350       -2.9082749480468184E-002
  0.34522996193294431       -3.9908892218595109E-002
  0.35150687033172512       -4.3986807923527625E-002
  0.35778377873050593       -4.0641799889749752E-002
  0.36406068712928674       -3.0452073809314764E-002
  0.37033759552806755       -1.5143879297406506E-002
  0.37661450392684831        2.7050829246932323E-003
  0.38289141232562912        2.0102386527252554E-002
  0.38916832072440993        3.4143285725660236E-002
  0.39544522912319074        4.2494400890815152E-002
  0.40172213752197156        4.3778304883975210E-002
  0.40799904592075237        3.7796292991521416E-002
  0.41427595431953318        2.5553460819934735E-002
  0.42055286271831399        9.0843904630358401E-003
  0.42682977111709480       -8.8853276870184943E-003
  0.43310667951587556       -2.5391163194397499E-002
  0.43938358791465637       -3.7718824376714012E-002
  0.44566049631343718       -4.3849087553395741E-002
  0.45193740471221799       -4.2785839090400693E-002
  0.45821431311099881       -3.4714395280282140E-002
  0.46449122150977962       -2.0965605329199825E-002
  0.47076812990856043       -3.7930976400104939E-003
  0.47704503830734124        1.3998501686194950E-002
  0.48332194670612205        2.9512684637848802E-002
  0.48959885510490281        4.0232184760222729E-002
  0.49587576350368362        4.4425563747592753E-002
  0.50215267190246449        4.1423905297861004E-002
  0.50842958030124530        3.1723892692888091E-002
  0.51470648870002611        1.6902024200852277E-002
  0.52098339709880681       -6.4470265213362307E-004
  0.52726030549758762       -1.8088484114133201E-002
  0.53353721389636843       -3.2627130594564339E-002
  0.53981412229514925       -4.1933417096173618E-002
  0.54609103069393006       -4.4525482497893266E-002
  0.55236793909271087       -3.9999633602992218E-002
  0.55864484749149168       -2.9089563466247560E-002
  0.56492175589027249       -1.3543869446597183E-002
  0.57119866428905330        4.1570473608459032E-003
  0.57747557268783412        2.1198572030537127E-002
  0.58375248108661493        3.4879938560440686E-002
  0.59002938948539574        4.3044512147852522E-002
  0.59630629788417655        4.4422934613779358E-002
  0.60258320628295736        3.8821577288674719E-002
  0.60886011468173817        2.7141056038471740E-002
  0.61513702308051899        1.1224557792674584E-002
  0.62141393147929980       -6.4387111961071138E-003
  0.62769083987808061       -2.3106032872799120E-002
  0.63396774827686131       -3.6207511495886947E-002
  0.64024465667564212       -4.3739805992149855E-002
  0.64652156507442293       -4.4567473290789549E-002
  0.65279847347320374       -3.8587350356083495E-002
  0.65907538187198456       -2.6733374769351125E-002
  0.66535229027076537       -1.0823867008652352E-002
  0.67162919866954618        6.7227845411881463E-003
  0.67790610706832699        2.3258859839575798E-002
  0.68418301546710780        3.6307178941904300E-002
  0.69045992386588861        4.3929745150392732E-002
  0.69673683226466943        4.5010689965138129E-002
  0.70301374066345024        3.9413031555680177E-002
  0.70929064906223105        2.7988276921270271E-002
  0.71556755746101186        1.2440149584882942E-002
  0.72184446585979267       -4.9349084013316710E-003
  0.72812137425857348       -2.1590158242420183E-002
  0.73439828265735430       -3.5102481802641923E-002
  0.74067519105613511       -4.3522773633851375E-002
  0.74695209945491581       -4.5652628277667424E-002
  0.75322900785369662       -4.1208494402287521E-002
  0.75950591625247743       -3.0852856560025628E-002
  0.76578282465125824       -1.6092218217809470E-002
  0.77205973305003905        9.5326768492136023E-004
  0.77833664144881987        1.7867059426335423E-002
  0.78461354984760068        3.2281681733922506E-002
  0.79089045824638149        4.2207627649867838E-002
  0.79716736664516230        4.6301625681385711E-002
  0.80344427504394311        4.4038948241968467E-002
  0.80972118344272392        3.5769241161574837E-002
  0.81599809184150474        2.2651977244168991E-002
  0.82227500024028555        6.4841815215463724E-003
  0.82855190863906636       -1.0552887563429307E-002
  0.83482881703784717       -2.6191585334530528E-002
  0.84110572543662798       -3.8379242017897226E-002
  0.84738263383540879       -4.5543182782901759E-002
  0.85365954223418961       -4.6785909746747199E-002
  0.85993645063297042       -4.1987410786039986E-002
  0.86621335903175112       -3.1804527946440252E-002
  0.87249026743053193       -1.7570981196078504E-002
  0.87876717582931274       -1.1142032128533957E-003
  0.88504408422809355        1.5484969242431963E-002
  0.89132099262687436        3.0157561621025935E-002
  0.89759790102565518        4.1102742533036307E-002
  0.90387480942443599        4.7003684563863481E-002
  0.91015171782321680        4.7177945716940430E-002
  0.91642862622199761        4.1646320660810088E-002
  0.92270553462077842        3.1114854755700999E-002
  0.92898244301955923        1.6875197127737728E-002
  0.93525935141834005        6.3851651860357132E-004
  0.94153625981712086       -1.5676179106186055E-002
  0.94781316821590167       -3.0176883341768160E-002
  0.95409007661468248       -4.1218152150566977E-002
  0.96036698501346329       -4.7581555890788163E-002
  0.96664389341224410       -4.8600332433717773E-002
  0.97292080181102492       -4.4216872374821574E-002
  0.97919771020980562       -3.4970074402566650E-002
  0.98547461860858643       -2.1917510309082178E-002
  0.99175152700736724       -6.5043489541366430E-003
  0.99802843540614805        9.6039468863198443E-003
   1.0043053438049290        2.4705237094510796E-002
   1.0105822522037098        3.7240220925271642E-002
   1.0168591606024906        4.5949182183244293E-002
   1.0231360690012714        4.9990866500655151E-002
   1.0294129774000522        4.9013348696944070E-002
   1.0356898857988328        4.3172323155520026E-002
   1.0419667941976136        3.3097961857417521E-002
   1.0482437025963944        1.9816540188293093E-002
   1.0545206109951752        4.6371900629501861E-003
   1.0607975193939561       -1.0983204487098925E-002
   1.0670744277927369       -2.5582631505174723E-002
   1.0733513361915177       -3.7830140858709893E-002
   1.0796282445902985       -4.6643117802638578E-002
   1.0859051529890793       -5.1275994394888141E-002
   1.0921820613878601       -5.1373906683057524E-002
   1.0984589697866409       -4.6988799110361315E-002
   1.1047358781854217       -3.8558621850983271E-002
   1.1110127865842025       -2.6854662137229441E-002
   1.1172896949829834       -1.2904140981206373E-002
   1.1235666033817642        2.1106022178738891E-003
   1.1298435117805450        1.6958004960738526E-002
   1.1361204201793258        3.0459457062514343E-002
   1.1423973285781066        4.1580933160390403E-002
   1.1486742369768874        4.9507138059026908E-002
   1.1549511453756682        5.3693714009851984E-002
   1.1612280537744490        5.3894925747247524E-002
   1.1675049621732299        5.0166737831279604E-002
   1.1737818705720107        4.2846919190694055E-002
   1.1800587789707915        3.2515701404800160E-002
   1.1863356873695723        1.9941449363512342E-002
   1.1926125957683531        6.0167621322375370E-003
   1.1988895041671339       -8.3096505323249290E-003
   1.2051664125659147       -2.2099909523041403E-002
   1.2114433209646955       -3.4488264281022654E-002
   1.2177202293634763       -4.4732805752076082E-002
   1.2239971377622572       -5.2255144861899701E-002
   1.2302740461610380       -5.6666251801355011E-002
   1.2365509545598188       -5.7778352228093369E-002
   1.2428278629585996       -5.5603077178650380E-002
   1.2491047713573804       -5.0337798355634948E-002
   1.2553816797561612       -4.2341576267540926E-002
   1.2616585881549420       -3.2104121670330089E-002
   1.2679354965537226       -2.0209128189265818E-002
   1.2742124049525034       -7.2968870472230373E-003
   1.2804893133512842        5.9757353345098419E-003
   1.2867662217500651        1.8954199506250564E-002
   1.2930431301488459        3.0919826650669897E-002
   1.2993200385476267        4.1086397209989217E-002
   1.3055969469464075        4.8661984663151310E-002
   1.3118738553451883        5.2929603048649625E-002
   1.3181507637439691        5.3338507129735077E-002
   1.3244276721427499        4.9596280868483208E-002
   1.3307045805415307        4.1750686734539647E-002
   1.3369814889403115        3.0247035756213052E-002
   1.3432583973390924        1.5947807268024985E-002
   1.3495353057378732        1.0234443788794834E-004
   1.3558122141366540       -1.5740193900169435E-002
   1.3620891225354348       -2.9875085798131407E-002
   1.3683660309342156       -4.0634290614486722E-002
   1.3746429393329964       -4.6608116041841521E-002
   1.3809198477317772       -4.6867874437469488E-002
   1.3871967561305580       -4.1154979872607210E-002
   1.3934736645293389       -2.9999256720080494E-002
   1.3997505729281197       -1.4734017485568626E-002
   1.4060274813269005        2.6139353669889162E-003
   1.4123043897256813        1.9562463851418729E-002
   1.4185812981244621        3.3521547478353210E-002
   1.4248582065232429        4.2205938607809905E-002
   1.4311351149220237        4.4049416167732364E-002
   1.4374120233208045        3.8542975317024587E-002
   1.4436889317195853        2.6422605575753780E-002
   1.4499658401183662        9.6454495657004504E-003
   1.4562427485171470       -8.8681455388065229E-003
   1.4625196569159278       -2.5735328879567296E-002
   1.4687965653147086       -3.7826196688821312E-002
   1.4750734737134894       -4.2888722902524136E-002
   1.4813503821122702       -3.9972633649519737E-002
   1.4876272905110510       -2.9611621026788396E-002
   1.4939041989098316       -1.3728909692346383E-002
   1.5001811073086124        4.7165176436330244E-003
   1.5064580157073932        2.2279503029928920E-002
   1.5127349241061741        3.5671667543258213E-002
   1.5190118325049549        4.2378371250446585E-002
   1.5252887409037357        4.1133290097661757E-002
   1.5315656493025165        3.2160934938927271E-002
   1.5378425577012973        1.7139775512817243E-002
   1.5441194661000781       -1.1085344334115974E-003
   1.5503963744988589       -1.9147105950453998E-002
   1.5566732828976397       -3.3570389124423436E-002
   1.5629501912964205       -4.1648028562719097E-002
   1.5692270996952014       -4.1843978193511829E-002
   1.5755040080939822       -3.4111879798249228E-002
   1.5817809164927630       -1.9909195050516873E-002
   1.5880578248915438       -1.9258165027879175E-003
   1.5943347332903246        1.6423048786875689E-002
   1.6006116416891054        3.1644486799712629E-002
   1.6068885500878862        4.0833447619356193E-002
   1.6131654584866670        4.2229260013455970E-002
   1.6194423668854478        3.5556177786406420E-002
   1.6257192752842287        2.2081397903472053E-002
   1.6319961836830095        4.3779219007661577E-003
   1.6382730920817903       -1.4164382981256596E-002
   1.6445500004805711       -2.9988627519280275E-002
   1.6508269088793519       -4.0054606085871095E-002
   1.6571038172781327       -4.2424163627393992E-002
   1.6633807256769135       -3.6636264237545693E-002
   1.6696576340756943       -2.3798887645469526E-002
   1.6759345424744752       -6.3790708441045585E-003
   1.6822114508732560        1.2269579080525291E-002
   1.6884883592720368        2.8551688623938320E-002
   1.6947652676708176        3.9323457533102506E-002
   1.7010421760695984        4.2500767034675348E-002
   1.7073190844683792        3.7464253800675772E-002
   1.7135959928671600        2.5182238540388532E-002
   1.7198729012659408        8.0267318747369136E-003
   1.7261498096647214       -1.0682980117459218E-002
   1.7324267180635022       -2.7321652901826234E-002
   1.7387036264622830       -3.8660600448952469E-002
   1.7449805348610639       -4.2495236169171356E-002
   1.7512574432598447       -3.8075498368847084E-002
   1.7575343516586255       -2.6254752315962554E-002
   1.7638112600574063       -9.3272259849319829E-003
   1.7700881684561871        9.4155231909205106E-003
   1.7763650768549679        2.6323673693363969E-002
   1.7826419852537487        3.8099893964327808E-002
   1.7889188936525295        4.2443327444831397E-002
   1.7951958020513104        3.8500917194559267E-002
   1.8014727104500912        2.7037094258369341E-002
   1.8077496188488720        1.0287928708400370E-002
   1.8140265272476528       -8.4731223187497866E-003
   1.8203034356464336       -2.5576602375892342E-002
   1.8265803440452144       -3.7675916263146515E-002
   1.8328572524439952       -4.2402457142519619E-002
   1.8391341608427760       -3.8829768806549571E-002
   1.8454110692415568       -2.7655714833201520E-002
   1.8516879776403377       -1.1066767351149325E-002
   1.8579648860391185        7.6893506302652438E-003
   1.8642417944378993        2.4939202027585268E-002
   1.8705187028366801        3.7303070163348322E-002
   1.8767956112354609        4.2357370414491426E-002
   1.8830725196342417        3.9110186119737080E-002
   1.8893494280330225        2.8196511707900142E-002
   1.8956263364318033        1.1754680475466675E-002
   1.9019032448305841       -6.9921145462723761E-003
   1.9081801532293650       -2.4367385004185609E-002
   1.9144570616281458       -3.6962324602428057E-002
   1.9207339700269266       -4.2304797511513711E-002
   1.9270108784257074       -3.9345024977062645E-002
   1.9332877868244882       -2.8662437398805640E-002
   1.9395646952232690       -1.2352847150345837E-002
   1.9458416036220498        6.3822382188185476E-003
   1.9521185120208304        2.3863747166293355E-002
   1.9583954204196112        3.6657486592322971E-002
   1.9646723288183920        4.2248980802855149E-002
   1.9709492372171729        3.9538142024624592E-002
   1.9772261456159537        2.9056220662598387E-002
   1.9835030540147345        1.2862530506837761E-002
   1.9897799624135153       -5.8593060278055885E-003
   1.9960568708122961       -2.3430154135031283E-002
   2.0023337792110771       -3.6399349116106705E-002
   2.0086106876098579       -4.2221954054501180E-002
   2.0148875960086388       -3.9757418657647939E-002
   2.0211645044074196       -2.9491966332128566E-002
   2.0274414128062004       -1.3441638154066540E-002
   2.0337183212049812        5.2445351102188772E-003
   2.0399952296037620        2.2902903382561127E-002
   2.0462721380025428        3.6073612820403146E-002
   2.0525490464013236        4.2178138660387866E-002
   2.0588259548001044        4.0023355161127309E-002
   2.0651028631988853        3.0033726301633507E-002
   2.0713797715976656        1.4166652427612369E-002
   2.0776566799964464       -4.4719673591138102E-003
   2.0839335883952272       -2.2236256867379449E-002
   2.0902104967940081       -3.5653657398129819E-002
   2.0964874051927889       -4.2103396398265082E-002
   2.1027643135915697       -4.0327663140358128E-002
   2.1090412219903505       -3.0675905438546081E-002
   2.1153181303891313       -1.5035025394356433E-002
   2.1215950387879121        3.5404201131810048E-003
   2.1278719471866929        2.1425321221082635E-002
   2.1341488555854737        3.5131641312117795E-002
   2.1404257639842545        4.1988335058337281E-002
   2.1467026723830354        4.0661195915711011E-002
   2.1529795807818162        3.1411418504094166E-002
   2.1592564891805970        1.6043531767364640E-002
   2.1655333975793778       -2.4470381801461835E-003
   2.1718103059781586       -2.0462358185838660E-002
   2.1780872143769394       -3.4503156035479793E-002
   2.1843641227757202       -4.1847629665325702E-002
   2.1906410311745010       -4.1077286284093670E-002
   2.1969179395732819       -3.2348323343983375E-002
   2.2031948479720627       -1.7357276369004582E-002
   2.2094717563708435        9.9117066247248658E-004
   2.2157486647696243        1.9148642387998887E-002
   2.2220255731684051        3.3609840516209050E-002
   2.2283024815671859        4.1588565941081977E-002
   2.2345793899659667        4.1552783435289592E-002
   2.2408562983647475        3.3516292423233868E-002
   2.2471332067635283        1.9031989534755281E-002
   2.2534101151623092        8.8931661507754263E-004
   2.2596870235610900       -1.7424673289042594E-002
   2.2659639319598708       -3.2396196921715727E-002
   2.2722408403586516       -4.1158357949347239E-002
   2.2785177487574324       -4.2038489799711129E-002
   2.2847946571562132       -3.4875029870540149E-002
   2.2910715655549940       -2.1044388630552458E-002
   2.2973484739537748       -3.1939511366431391E-003
   2.3036253823525557        1.5266501240681286E-002
   2.3099022907513365        3.0816930462299448E-002
   2.3161791991501173        4.0497837415826840E-002
   2.3224561075488981        4.2472002288752711E-002
   2.3287330159476789        3.6370856869792995E-002
   2.3350099243464597        2.3361312810918966E-002
   2.3412868327452405        5.9200123385144254E-003
   2.3475637411440213       -1.2643404150693262E-002
   2.3538406495428021       -2.8816255211504039E-002
   2.3601175579415830       -3.9547091076561687E-002
   2.3663944663403638       -4.2819381056574145E-002
   2.3726713747391446       -3.8026994411141518E-002
   2.3789482831379254       -2.6082316653552456E-002
   2.3852251915367062       -9.2385053963034338E-003
   2.3915020999354870        9.3387296666980896E-003
   2.3977790083342678        2.6167879066565765E-002
   2.4040559167330486        3.8104087569030186E-002
   2.4103328251318294        4.2925065048277623E-002
   2.4166097335306103        3.9741625362902641E-002
   2.4228866419293911        2.9157638185791639E-002
   2.4291635503281719        1.3151407083693540E-002
   2.4354404587269527       -5.2975151092190705E-003
   2.4417173671257335       -2.2765066604712864E-002
   2.4479942755245143       -3.6018561696064794E-002
   2.4542711839232951       -4.2613574125788201E-002
   2.4605480923220759       -4.1341874826340601E-002
   2.4668250007208568       -3.2448895986055132E-002
   2.4731019091196376       -1.7582325130174627E-002
   2.4793788175184184        5.1679396856728007E-004
   2.4856557259171992        1.8521897528808513E-002
   2.4919326343159800        3.3133157233388465E-002
   2.4982095427147608        4.1681298126899066E-002
   2.5044864511135416        4.2612887684857936E-002
   2.5107633595123224        3.5770268785063120E-002
   2.5170402679111032        2.2413804350973419E-002
   2.5233171763098841        4.9831412845279506E-003
   2.5295940847086644       -1.3352446641995834E-002
   2.5358709931074452       -2.9272019113255818E-002
   2.5421479015062260       -3.9903944314350549E-002
   2.5484248099050069       -4.3341152680636826E-002
   2.5547017183037877       -3.8978780374638908E-002
   2.5609786267025685       -2.7615231734386111E-002
   2.5672555351013493       -1.1300853914014428E-002
   2.5735324435001301        7.0362408095607665E-003
   2.5798093518989109        2.4118186267883219E-002
   2.5860862602976917        3.6903575789721817E-002
   2.5923631686964725        4.3127010955048686E-002
   2.5986400770952534        4.1696640956159998E-002
   2.6049169854940342        3.2880647907529453E-002
   2.6111938938928150        1.8251777275811194E-002
   2.6174708022915958        4.0210152272357686E-004
   2.6237477106903766       -1.7519469785626397E-002
   2.6300246190891574       -3.2363866074456495E-002
   2.6363015274879382       -4.1534129779350386E-002
   2.6425784358867190       -4.3436631105954256E-002
   2.6488553442854998       -3.7753407427529646E-002
   2.6551322526842807       -2.5489915986238659E-002
   2.6614091610830615       -8.7921644065588229E-003
   2.6676860694818423        9.4327362930680756E-003
   2.6739629778806231        2.6024791878233824E-002
   2.6802398862794039        3.8119201809147393E-002
   2.6865167946781847        4.3640216258785045E-002
   2.6927937030769655        4.1653727644898178E-002
   2.6990706114757463        3.2518761379772526E-002
   2.7053475198745272        1.7816375941093282E-002
   2.7116244282733080        7.0615228960770293E-005
   2.7179013366720888       -1.7688490983000911E-002
   2.7241782450708696       -3.2443606040740668E-002
   2.7304551534696504       -4.1701464523138831E-002
   2.7367320618684312       -4.3910536569359518E-002
   2.7430089702672120       -3.8715654139600063E-002
   2.7492858786659928       -2.7008790308589933E-002
   2.7555627870647736       -1.0770001159161458E-002
   2.7618396954635545        7.2721825694174770E-003
   2.7681166038623353        2.4101934739273977E-002
   2.7743935122611161        3.6920493495592718E-002
   2.7806704206598969        4.3609361660972755E-002
   2.7869473290586777        4.3076069322766815E-002
   2.7932242374574585        3.5426852314048976E-002
   2.7995011458562393        2.1939952546471218E-002
   2.8057780542550201        4.8465072158111432E-003
   2.8120549626538009       -1.3042592556804062E-002
   2.8183318710525818       -2.8800811642781411E-002
   2.8246087794513626       -3.9864172482819871E-002
   2.8308856878501434       -4.4445499090791082E-002
   2.8371625962489242       -4.1818323010963852E-002
   2.8434395046477050       -3.2426139276472268E-002
   2.8497164130464858       -1.7801685345057043E-002
   2.8559933214452666       -3.1168195180534381E-004
   2.8622702298440474        1.7229643051981564E-002
   2.8685471382428283        3.2014703551054416E-002
   2.8748240466416091        4.1690763486014512E-002
   2.8811009550403899        4.4730948064376934E-002
   2.8873778634391707        4.0670082240652911E-002
   2.8936547718379515        3.0169857113910820E-002
   2.8999316802367323        1.4905232695507604E-002
   2.9062085886355131       -2.7075346476284662E-003
   2.9124854970342939       -1.9896453298149364E-002
   2.9187624054330747       -3.3970872972761364E-002
   2.9250393138318556       -4.2741170743975335E-002
   2.9313162222306364       -4.4855730254892957E-002
   2.9375931306294172       -4.0004097092456017E-002
   2.9438700390281980       -2.8956480334802175E-002
   2.9501469474269788       -1.3435917804855927E-002
   2.9564238558257596        4.1551011345894564E-003
   2.9627007642245404        2.1109278883989547E-002
   2.9689776726233212        3.4831872556798781E-002
   2.9752545810221021        4.3236040135825403E-002
   2.9815314894208829        4.5056618139372784E-002
   2.9878083978196632        4.0035262160318358E-002
   2.9940853062184440        2.8951320959857082E-002
   3.0003622146172249        1.3495107134426244E-002
   3.0066391230160057       -3.9939925441187353E-003
   3.0129160314147865       -2.0884928375611574E-002
   3.0191929398135673       -3.4650443938504465E-002
   3.0254698482123481       -4.3245735247791781E-002
   3.0317467566111289       -4.5398270703910774E-002
   3.0380236650099097       -4.0747515615108296E-002
   3.0443005734086905       -2.9947722988805384E-002
   3.0505774818074713       -1.4598705763984353E-002
   3.0568543902062522        2.9816420752201409E-003
   3.0631312986050330        2.0099303645666561E-002
   3.0694082070038138        3.4095660322536081E-002
   3.0756851154025946        4.2763857220801539E-002
   3.0819620238013754        4.4705891157420359E-002
   3.0882389322001562        3.9570438220975383E-002
   3.0945158405989370        2.8130072425465742E-002
   3.1007927489977178        1.2179388934249927E-002
   3.1070696573964987       -5.7349251906165660E-003
   3.1133465657952795       -2.2713943883586427E-002
   3.1196234741940603       -3.5974489509370218E-002
   3.1259003825928411       -4.3310312224373926E-002
   3.1321772909916219       -4.3469222247950523E-002
   3.1384541993904027       -3.6380449575904708E-002
   3.1447311077891835       -2.3188937915471271E-002
   3.1510080161879643       -6.0847186161809511E-003
   3.1572849245867451        1.2050096922905193E-002
   3.1635618329855260        2.8121763197427770E-002
   3.1698387413843068        3.9353792482885744E-002
   3.1761156497830876        4.3773883442690772E-002
   3.1823925581818684        4.0572376472163982E-002
   3.1886694665806492        3.0265413969536890E-002
   3.1949463749794300        1.4627625773847996E-002
   3.2012232833782108       -3.5998694924247762E-003
   3.2075001917769916       -2.1185474221631546E-002
   3.2137771001757724       -3.5000227188137972E-002
   3.2200540085745533       -4.2588012843659574E-002
   3.2263309169733341       -4.2602544421461622E-002
   3.2326078253721149       -3.5044932846208882E-002
   3.2388847337708957       -2.1261477572593029E-002
   3.2451616421696765       -3.7026136529588654E-003
   3.2514385505684573        1.4513629946457577E-002
   3.2577154589672381        3.0155708669492909E-002
   3.2639923673660189        4.0451667051889448E-002
   3.2702692757647998        4.3579650661481902E-002
   3.2765461841635806        3.8989160629825777E-002
   3.2828230925623614        2.7496600983526204E-002
   3.2891000009611422        1.1138777571433596E-002
   3.2953769093599230       -7.1891323881998637E-003
   3.3016538177587038       -2.4246611922518237E-002
   3.3079307261574846       -3.7020813956537037E-002
   3.3142076345562654       -4.3258222670292133E-002
   3.3204845429550462       -4.1861229201771440E-002
   3.3267614513538271       -3.3080011673140113E-002
   3.3330383597526079       -1.8466397080689680E-002
   3.3393152681513887       -5.9843972953433397E-004
   3.3455921765501695        1.7375197561888274E-002
   3.3518690849489503        3.2290399034614781E-002
   3.3581459933477311        4.1524342694053064E-002
   3.3644229017465119        4.3455955093350776E-002
   3.3706998101452927        3.7749288222591125E-002
   3.3769767185440736        2.5410922175383287E-002
   3.3832536269428544        8.6125991054487611E-003
   3.3895305353416352       -9.6954909765445789E-003
   3.3958074437404160       -2.6309228479952203E-002
   3.4020843521391968       -3.8331912149385416E-002
   3.4083612605379776       -4.3677199574039649E-002
   3.4146381689367584       -4.1427555036398042E-002
   3.4209150773355392       -3.1987101153065481E-002
   3.4271919857343200       -1.7004347814084258E-002
   3.4334688941331009        9.1977161507461884E-004
   3.4397458025318817        1.8686136020018174E-002
   3.4460227109306620        3.3234185101841500E-002
   3.4522996193294428        4.2068063313650948E-002
   3.4585765277282237        4.3681928789630946E-002
   3.4648534361270045        3.7812456284989374E-002
   3.4711303445257853        2.5476953683301266E-002
   3.4774072529245661        8.7925688996440196E-003
   3.4836841613233469       -9.3905563233895144E-003
   3.4899610697221277       -2.5978053434535197E-002
   3.4962379781209085       -3.8157892018536053E-002
   3.5025148865196893       -4.3875158508832127E-002
   3.5087917949184702       -4.2175240352384742E-002
   3.5150687033172510       -3.3358709155116469E-002
   3.5213456117160318       -1.8923602322968372E-002
   3.5276225201148126       -1.3067821052314336E-003
   3.5338994285135934        1.6530254538853779E-002
   3.5401763369123742        3.1600370312706433E-002
   3.5464532453111550        4.1390089318847752E-002
   3.5527301537099358        4.4277036618057396E-002
   3.5590070621087166        3.9799661801277975E-002
   3.5652839705074975        2.8724246026595304E-002
   3.5715608789062783        1.2902508022352032E-002
   3.5778377873050591       -5.0449343991304475E-003
   3.5841146957038399       -2.2166475606287456E-002
   3.5903916041026207       -3.5665707325345124E-002
   3.5966685125014015       -4.3355606030795774E-002
   3.6029454209001823       -4.4007471675862414E-002
   3.6092223292989631       -3.7539864739200582E-002
   3.6154992376977440       -2.5019815613522439E-002
   3.6217761460965248       -8.4793494890170219E-003
   3.6280530544953056        9.4200360203127755E-003
   3.6343299628940864        2.5818699221949067E-002
   3.6406068712928672        3.8115640044797797E-002
   3.6468837796916480        4.4377854286668031E-002
   3.6531606880904288        4.3638385167970459E-002
   3.6594375964892096        3.6038117853776384E-002
   3.6657145048879904        2.2791832826582967E-002
   3.6719914132867713        5.9869714263886282E-003
   3.6782683216855521       -1.1750557934233609E-002
   3.6845452300843329       -2.7669263970520865E-002
   3.6908221384831137       -3.9318395370647269E-002
   3.6970990468818945       -4.4921764811578488E-002
   3.7033759552806753       -4.3642661004871068E-002
   3.7096528636794561       -3.5701309640568994E-002
   3.7159297720782369       -2.2329699988069666E-002
   3.7222066804770177       -5.5736086772537469E-003
   3.7284835888757986        1.2025395108120280E-002
   3.7347604972745794        2.7817696484608301E-002
   3.7410374056733602        3.9443673549562706E-002
   3.7473143140721410        4.5182889361663578E-002
   3.7535912224709218        4.4203095234776509E-002
   3.7598681308697026        3.6673848031966862E-002
   3.7661450392684834        2.3730408402765704E-002
   3.7724219476672642        7.2960039099319402E-003
   3.7786988560660451       -1.0208860363266981E-002
   3.7849757644648259       -2.6225424308909270E-002
   3.7912526728636067       -3.8430478475188531E-002
   3.7975295812623875       -4.5070403575721389E-002
   3.8038064896611683       -4.5207919775200486E-002
   3.8100833980599491       -3.8847621875918260E-002
   3.8163603064587299       -2.6924605721574995E-002
   3.8226372148575107       -1.1160374825517889E-002
   3.8289141232562915        6.1909020530234180E-003
   3.8351910316550724        2.2667738319853491E-002
   3.8414679400538532        3.5950913018582484E-002
   3.8477448484526340        4.4187672951908813E-002
   3.8540217568514148        4.6245561704894765E-002
   3.8602986652501956        4.1861850908186074E-002
   3.8665755736489764        3.1669777282467421E-002
   3.8728524820477572        1.7100418022989141E-002
   3.8791293904465380        1.7611713035818431E-004
   3.8854062988453189       -1.6773937811781679E-002
   3.8916832072440997       -3.1435626824345433E-002
   3.8979601156428805       -4.1824525223770885E-002
   3.9042370240416608       -4.6551085402432024E-002
   3.9105139324404417       -4.5001948331276069E-002
   3.9167908408392225       -3.7411866437886986E-002
   3.9230677492380033       -2.4821103422417893E-002
   3.9293446576367841       -8.9264779846412474E-003
   3.9356215660355649        8.1522215890928260E-003
   3.9418984744343457        2.4157556060808952E-002
   3.9481753828331265        3.6992923891970182E-002
   3.9544522912319073        4.4994672929732082E-002
   3.9607291996306881        4.7143030525759813E-002
   3.9670061080294690        4.3185666769145731E-002
   3.9732830164282498        3.3659991389597535E-002
   3.9795599248270306        1.9813419595840015E-002
   3.9858368332258114        3.4342810630299211E-003
   3.9921137416245922       -1.3383229748458301E-002
   3.9983906500233730       -2.8508510752728585E-002
   4.0046675584221543       -4.0043810302859646E-002
   4.0109444668209351       -4.6559140463411586E-002
   4.0172213752197159       -4.7264528692028726E-002
   4.0234982836184967       -4.2099210847354393E-002
   4.0297751920172775       -3.1729065372520009E-002
   4.0360521004160583       -1.7454203518056353E-002
   4.0423290088148391       -1.0408402511216952E-003
   4.0486059172136200        1.5501063637779679E-002
   4.0548828256124008        3.0164918557147400E-002
   4.0611597340111816        4.1190405535132528E-002
   4.0674366424099624        4.7270767716725122E-002
   4.0737135508087432        4.7702656591522591E-002
   4.0799904592075240        4.2436292346703638E-002
   4.0862673676063048        3.2038328962805222E-002
   4.0925442760050856        1.7711367758627933E-002
   4.0988211844038664        1.1846382587419248E-003
   4.1050980928026473       -1.5486760941333137E-002
   4.1113750012014281       -3.0172166564965460E-002
   4.1176519096002089       -4.0941602747528158E-002
   4.1239288179989897       -4.6329131935148975E-002
   4.1302057263977705       -4.5548508692761114E-002
   4.1364826347965504       -3.8626676455609577E-002
   4.1427595431953312       -2.6432024596032545E-002
   4.1490364515941121       -1.0585734641430816E-002
   4.1553133599928929        6.7380029766630689E-003
   4.1615902683916737        2.3101528690926177E-002
   4.1678671767904545        3.6145814027578688E-002
   4.1741440851892353        4.3938023514525047E-002
   4.1804209935880161        4.5272510502842027E-002
   4.1866979019867969        3.9877057596622398E-002
   4.1929748103855777        2.8486910863905028E-002
   4.1992517187843585        1.2767488306642500E-002
   4.2055286271831394       -4.9111048860049330E-003
   4.2118055355819202       -2.1820561896341240E-002
   4.2180824439807010       -3.5293441152394717E-002
   4.2243593523794818       -4.3151243965110643E-002
   4.2306362607782626       -4.4072089836846309E-002
   4.2369131691770434       -3.7834275561518652E-002
   4.2431900775758242       -2.5387902151238807E-002
   4.2494669859746050       -8.7349050021202426E-003
   4.2557438943733858        9.3748592071086854E-003
   4.2620208027721667        2.5914337662363972E-002
   4.2682977111709475        3.8106543518114662E-002
   4.2745746195697283        4.3895062031723490E-002
   4.2808515279685091        4.2293973372327029E-002
   4.2871284363672899        3.3560100811291328E-002
   4.2934053447660707        1.9156389733021948E-002
   4.2996822531648515        1.5108588579054838E-003
   4.3059591615636323       -1.6389934784250632E-002
   4.3122360699624132       -3.1505288935028485E-002
   4.3185129783611940       -4.1257654942593244E-002
   4.3247898867599748       -4.3974691838864821E-002
   4.3310667951587556       -3.9179876156474266E-002
   4.3373437035575364       -2.7680517935833465E-002
   4.3436206119563172       -1.1436274031543037E-002
   4.3498975203550980        6.7712562305927678E-003
   4.3561744287538788        2.3812758244999666E-002
   4.3624513371526596        3.6748794622867752E-002
   4.3687282455514405        4.3338449273787334E-002
   4.3750051539502213        4.2430758635928545E-002
   4.3812820623490021        3.4170004018612213E-002
   4.3875589707477829        1.9977562591565981E-002
   4.3938358791465637        2.3114655556107566E-003
   4.4001127875453445       -1.5756397606929852E-002
   4.4063896959441253       -3.1073241474022822E-002
   4.4126666043429061       -4.0956264912032365E-002
   4.4189435127416870       -4.3665081588590081E-002
   4.4252204211404678       -3.8712134137524244E-002
   4.4314973295392486       -2.6955213163615075E-002
   4.4377742379380294       -1.0453163598202753E-002
   4.4440511463368102        7.8914987946390493E-003
   4.4503280547355910        2.4841202650155741E-002
   4.4566049631343718        3.7394570169809918E-002
   4.4628818715331526        4.3319596042335901E-002
   4.4691587799319334        4.1553737775311114E-002
   4.4754356883307143        3.2398657172637818E-002
   4.4817125967294951        1.7473205472478180E-002
   4.4879895051282759       -5.6894548445110657E-004
   4.4942664135270567       -1.8508498252312378E-002
   4.5005433219258375       -3.3134068639994310E-002
   4.5068202303246183       -4.1818068252369466E-002
   4.5130971387233991       -4.2991488828418058E-002
   4.5193740471221799       -3.6431333847173300E-002
   4.5256509555209607       -2.3307355489816911E-002
   4.5319278639197416       -5.9776992398758973E-003
   4.5382047723185224        1.2431641807417832E-002
   4.5444816807173032        2.8589152279384682E-002
   4.5507585891160840        3.9561041145647589E-002
   4.5570354975148648        4.3346130737346042E-002
   4.5633124059136456        3.9244483576278744E-002
   4.5695893143124264        2.7991233239548996E-002
   4.5758662227112072        1.1629277529140503E-002
   4.5821431311099881       -6.8579660660534414E-003
   4.5884200395087689       -2.4088441919135214E-002
   4.5946969479075497       -3.6899876548550987E-002
   4.6009738563063305       -4.2932038624417378E-002
   4.6072507647051113       -4.1066021317329317E-002
   4.6135276731038921       -3.1635409632941390E-002
   4.6198045815026729       -1.6370018216360235E-002
   4.6260814899014537        1.9181727584399151E-003
   4.6323583983002345        1.9850847090242898E-002
   4.6386353066990154        3.4106767226980070E-002
   4.6449122150977962        4.2037871239006944E-002
   4.6511891234965770        4.2163584395524339E-002
   4.6574660318953578        3.4450641215497839E-002
   4.6637429402941386        2.0324911089332622E-002
   4.6700198486929194        2.4112793686136788E-003
   4.6762967570917002       -1.5951634695248174E-002
   4.6825736654904810       -3.1332676201362292E-002
   4.6888505738892619       -4.0849892349649849E-002
   4.6951274822880427       -4.2712674409080671E-002
   4.7014043906868235       -3.6561932137562869E-002
   4.7076812990856043       -2.3543072631564268E-002
   4.7139582074843851       -6.0963338966431484E-003
   4.7202351158831659        1.2497863065710062E-002
   4.7265120242819467        2.8734356971552993E-002
   4.7327889326807275        3.9544297929154378E-002
   4.7390658410795083        4.2877075845278244E-002
   4.7453427494782892        3.8092453545668079E-002
   4.7516196578770700        2.6087310757337792E-002
   4.7578965662758508        9.1312875432884317E-003
   4.7641734746746316       -9.5593718365304253E-003
   4.7704503830734124       -2.6430186516929001E-002
   4.7767272914721932       -3.8264811193085564E-002
   4.7830041998709740       -4.2801842640175926E-002
   4.7892811082697548       -3.9169076922799861E-002
   4.7955580166685357       -2.8053554152268269E-002
   4.8018349250673165       -1.1574291615644787E-002
   4.8081118334660973        7.1195331474164028E-003
   4.8143887418648781        2.4449102456913559E-002
   4.8206656502636589        3.7090967083026304E-002
   4.8269425586624397        4.2615425758838296E-002
   4.8332194670612205        3.9955488956765234E-002
   4.8394963754600013        2.9615517140435654E-002
   4.8457732838587821        1.3578273949964720E-002
   4.8520501922575630       -5.0730347393747339E-003
   4.8583271006563438       -2.2746115992082160E-002
   4.8646040090551246       -3.6031203622224936E-002
   4.8708809174539054       -4.2359822918623086E-002
   4.8771578258526862       -4.0503275277508556E-002
   4.8834347342514670       -3.0813724973684811E-002
   4.8897116426502478       -1.5160117476412913E-002
   4.8959885510490286        3.4299896943228692E-003
   4.9022654594478094        2.1354485041229648E-002
   4.9085423678465903        3.5134290617068235E-002
   4.9148192762453711        4.2089439807846143E-002
   4.9210961846441519        4.0862142285313326E-002
   4.9273730930429327        3.1684356067226027E-002
   4.9336500014417135        1.6336715134430572E-002
   4.9399269098404943       -2.1945990114672145E-003
   4.9462038182392751       -2.0297254545556923E-002
   4.9524807266380559       -3.4437239092113867E-002
   4.9587576350368368       -4.1852312315885411E-002
   4.9650345434356176       -4.1092513720250731E-002
   4.9713114518343984       -3.2304297218023387E-002
   4.9775883602331792       -1.7203145632926520E-002
   4.9838652686319600        1.2606169325190297E-003
   4.9901421770307408        1.9477742843320600E-002
   4.9964190854295216        3.3885445013865034E-002
   5.0026959938283024        4.1664374668513464E-002
   5.0089729022270832        4.1290838805736391E-002
   5.0152498106258641        3.2835971686994904E-002
   5.0215267190246449        1.7952998486511888E-002
   5.0278036274234257       -4.4532085496405460E-004
   5.0340805358222065       -1.8756259833844723E-002
   5.0403574442209873       -3.3392440048563933E-002
   5.0466343526197681       -4.1484832115902474E-002
   5.0529112610185480       -4.1445655316231005E-002
   5.0591881694173289       -3.3280626481438778E-002
   5.0654650778161097       -1.8589024013640286E-002
   5.0717419862148905       -2.5115329958505603E-004
   5.0780188946136713        1.8135837936294388E-002
   5.0842958030124521        3.2963397948293414E-002
   5.0905727114112329        4.1319936183948018E-002
   5.0968496198100137        4.1563051953659044E-002
   5.1031265282087945        3.3643037646954053E-002
   5.1094034366075753        1.9113837830180200E-002
   5.1156803450063562        8.2886142676388418E-004
   5.1219572534051370       -1.7618909507280286E-002
   5.1282341618039178       -3.2603849871552314E-002
   5.1345110702026986       -4.1183212852317783E-002
   5.1407879786014794       -4.1674776898037988E-002
   5.1470648870002602       -3.3985392136942183E-002
   5.1533417953990410       -1.9627271080933588E-002
   5.1596187037978218       -1.4193230929682552E-003
   5.1658956121966026        1.7067152856122408E-002
   5.1721725205953835        3.2209298003396773E-002
   5.1784494289941643        4.1042413223810748E-002
   5.1847263373929451        4.1839611697428745E-002
   5.1910032457917259        3.4448212890287405E-002
   5.1972801541905067        2.0317604755150688E-002
   5.2035570625892875        2.2137707235362716E-003
   5.2098339709880683       -1.6323036001090373E-002
   5.2161108793868491       -3.1670972650569805E-002
   5.2223877877856300       -4.0834031628805945E-002
   5.2286646961844108       -4.2026090274947851E-002
   5.2349416045831916       -3.5017876164498356E-002
   5.2412185129819724       -2.1179692486877476E-002
   5.2474954213807532       -3.2122160758718036E-003
   5.2537723297795340        1.5381491395742762E-002
   5.2600492381783148        3.0979368739867896E-002
   5.2663261465770956        4.0545730465774706E-002
   5.2726030549758764        4.2221320298226062E-002
   5.2788799633746573        3.5683482501748062E-002
   5.2851568717734381        2.2206936467839021E-002
   5.2914337801722189        4.4139502941230981E-003
   5.2977106885709997       -1.4236897568922385E-002
   5.3039875969697805       -3.0124541776806315E-002
   5.3102645053685613       -4.0170698769709620E-002
   5.3165414137673421       -4.2435145641803951E-002
   5.3228183221661229       -3.6487609042846647E-002
   5.3290952305649038       -2.3486240120653170E-002
   5.3353721389636846       -5.9489609993429483E-003
   5.3416490473624654        1.2736534083400721E-002
   5.3479259557612462        2.8968353653519886E-002
   5.3542028641600270        3.9624453224660447E-002
   5.3604797725588078        4.2661491232773061E-002
   5.3667566809575886        3.7503937015895251E-002
   5.3730335893563694        2.5149877789587216E-002
   5.3793104977551502        7.9747262899965456E-003
   5.3855874061539311       -1.0727975914124782E-002
   5.3918643145527119       -2.7379437317566487E-002
   5.3981412229514927       -3.8800315676899261E-002
   5.4044181313502735       -4.2816274882850031E-002
   5.4106950397490543       -3.8669346806174731E-002
   5.4169719481478351       -2.7157785793206275E-002
   5.4232488565466159       -1.0479242117706565E-002
   5.4295257649453967        8.1913493712036742E-003
   5.4358026733441775        2.5307621186815895E-002
   5.4420795817429584        3.7625471549987244E-002
   5.4483564901417392        4.2816632526536627E-002
   5.4546333985405200        3.9906296563205185E-002
   5.4609103069393008        2.9453044773293375E-002
   5.4671872153380816        1.3438439631046403E-002
   5.4734641237368624       -5.1112775485629347E-003
   5.4797410321356432       -2.2699253623860938E-002
   5.4860179405344240       -3.6019430276430515E-002
   5.4922948489332049       -4.2577032290945192E-002
   5.4985717573319857       -4.1152641335408309E-002
   5.5048486657307665       -3.2024717976155817E-002
   5.5111255741295473       -1.6910746815332202E-002
   5.5174024825283281        1.3598336791396850E-003
   5.5236793909271089        1.9377949378074577E-002
   5.5299562993258897        3.3791814973020189E-002
   5.5362332077246705        4.1929340590321898E-002
   5.5425101161234513        4.2290650501522212E-002
   5.5487870245222322        3.4820488740729523E-002
   5.5550639329210130        2.0911806258034800E-002
   5.5613408413197938        3.1419381896529018E-003
   5.5676177497185746       -1.5207944163860170E-002
   5.5738946581173554       -3.0759969452799452E-002
   5.5801715665161362       -4.0660736753871066E-002
   5.5864484749149170       -4.3102411252669094E-002
   5.5927253833136978       -3.7649055027350338E-002
   5.5990022917124787       -2.5309989873443607E-002
   5.6052792001112595       -8.3487703548879872E-003
   5.6115561085100403        1.0135363550288219E-002
   5.6178330169088211        2.6775553718803791E-002
   5.6241099253076019        3.8550512123536905E-002
   5.6303868337063827        4.3331140309568854E-002
   5.6366637421051635        4.0262115385876887E-002
   5.6429406505039443        2.9910577170900073E-002
   5.6492175589027251        1.4157210714741410E-002
   5.6554944673015060       -4.1487616498243002E-003
   5.6617713757002868       -2.1709613938760582E-002
   5.6680482840990676       -3.5374364716695562E-002
   5.6743251924978484       -4.2702448791618400E-002
   5.6806021008966292       -4.2395955532235026E-002
   5.6868790092954100       -3.4524444703746979E-002
   5.6931559176941908       -2.0504423639836546E-002
   5.6994328260929716       -2.8395251890174244E-003
   5.7057097344917524        1.5330090178886063E-002
   5.7119866428905333        3.0787436436007991E-002
   5.7182635512893141        4.0807484205814260E-002
   5.7245404596880949        4.3634636896176852E-002
   5.7308173680868757        3.8785767460182481E-002
   5.7370942764856565        2.7127358340872543E-002
   5.7433711848844373        1.0715492896014278E-002
   5.7496480932832181       -7.5709037368510666E-003
   5.7559250016819989       -2.4537463913387358E-002
   5.7622019100807798       -3.7232587443622830E-002
   5.7684788184795606       -4.3458910532423851E-002
   5.7747557268783414       -4.2149768184124296E-002
   5.7810326352771222       -3.3546863688703375E-002
   5.7873095436759030       -1.9150475363845891E-002
   5.7935864520746838       -1.4531335147912280E-003
   5.7998633604734646        1.6495199700218444E-002
   5.8061402688722454        3.1614034450387039E-002
   5.8124171772710262        4.1320146042252703E-002
   5.8186940856698071        4.3965966937101857E-002
   5.8249709940685879        3.9114966745950296E-002
   5.8312479024673687        2.7608784634488761E-002
   5.8375248108661495        1.1415228462765398E-002
   5.8438017192649303       -6.7127600951070229E-003
   5.8500786276637111       -2.3707630735645160E-002
   5.8563555360624919       -3.6706629189854088E-002
   5.8626324444612727       -4.3532041814426048E-002
   5.8689093528600536       -4.3052109137524962E-002
   5.8751862612588344       -3.5363464540219700E-002
   5.8814631696576152       -2.1766637163314298E-002
   5.8877400780563960       -4.5410422165172463E-003
   5.8940169864551768        1.3440812564924236E-002
   5.9002938948539576        2.9194032413043951E-002
   5.9065708032527384        4.0116247860305439E-002
   5.9128477116515192        4.4414796233346515E-002
   5.9191246200503000        4.1396525326317837E-002
   5.9254015284490809        3.1574138892420063E-002
   5.9316784368478617        1.6573750210625376E-002
   5.9379553452466425       -1.1389228317725860E-003
   5.9442322536454233       -1.8666902134806072E-002
   5.9505091620442041       -3.3156738549660884E-002
   5.9567860704429849       -4.2261796399403209E-002
   5.9630629788417657       -4.4519042901292639E-002
   5.9693398872405457       -3.9579398342714074E-002
   5.9756167956393265       -2.8256191751979114E-002
   5.9818937040381073       -1.2386057578062878E-002
   5.9881706124368881        5.4731681505342565E-003
   5.9944475208356689        2.2457220900513383E-002
   6.0007244292344497        3.5855187406873046E-002
   6.0070013376332305        4.3540438926205474E-002
   6.0132782460320113        4.4304614013761193E-002
   6.0195551544307921        3.8042748027509884E-002
   6.0258320628295730        2.5761994794374656E-002
   6.0321089712283538        9.4146773824761998E-003
   6.0383858796271346       -8.4159381203000993E-003
   6.0446627880259154       -2.4925984888266878E-002
   6.0509396964246962       -3.7531971969925498E-002
   6.0572166048234770       -4.4273044276763145E-002
   6.0634935132222578       -4.4112243374593553E-002
   6.0697704216210386       -3.7091089228453118E-002
   6.0760473300198194       -2.4315278000797018E-002
   6.0823242384186003       -7.7757467764346996E-003
   6.0886011468173811        9.9652219940403360E-003
   6.0948780552161619        2.6172857572217371E-002
   6.1011549636149427        3.8361333055426980E-002
   6.1074318720137235        4.4672908107858587E-002
   6.1137087804125043        4.4157263431667176E-002
   6.1199856888112851        3.6909697045200196E-002
   6.1262625972100659        2.4048822028360943E-002
   6.1325395056088468        7.5392438228539796E-003
   6.1388164140076276       -1.0112141018170722E-002
   6.1450933224064084       -2.6238571244423366E-002
   6.1513702308051892       -3.8416290776494361E-002
   6.1576471392039700       -4.4826497402127907E-002
   6.1639240476027508       -4.4523847836801446E-002
   6.1702009560015316       -3.7567432822036832E-002
   6.1764778644003124       -2.4985918638011133E-002
   6.1827547727990932       -8.6407003210562782E-003
   6.1890316811978741        9.0130783403038744E-003
   6.1953085895966549        2.5286298085725682E-002
   6.2015854979954357        3.7666053626595024E-002
   6.2078624063942165        4.4209042196503852E-002
   6.2141393147929973        4.3856751715235023E-002
   6.2204162231917781        3.6619680054788148E-002
   6.2266931315905589        2.3597048451759837E-002
   6.2329700399893397        6.8232454322714820E-003
   6.2392469483881206       -1.1039991142391148E-002
   6.2455238567869014       -2.7120926363111499E-002
   6.2518007651856822       -3.8800233078817616E-002
   6.2580776735844630       -4.4144078595339586E-002
   6.2643545819832438       -4.2235409424833954E-002
   6.2706314903820246       -3.3345147589144773E-002
   6.2769083987808054       -1.8909525969816043E-002
   6.2831853071795862       -1.3112530206461272E-003
