   6.2769083987808056E-003   4.1403196902185954E-002
   1.2553816797561611E-002   4.3700596629962833E-002
   1.8830725196342418E-002   3.9966360164619200E-002
   2.5107633595123222E-002   3.0675171128019128E-002
   3.1384541993904030E-002   1.7088023571215531E-002
   3.7661450392684835E-002   1.0913850001876245E-003
   4.3938358791465640E-002  -1.5057509501428590E-002
   5.0215267190246445E-002  -2.9046852804003185E-002
   5.6492175589027249E-002  -3.8842512198128391E-002
   6.2769083987808061E-002  -4.2995076135366080E-002
   6.9045992386588859E-002  -4.0889261414478524E-002
   7.5322900785369670E-002  -3.2834465376969033E-002
   8.1599809184150468E-002  -2.0005826860687959E-002
   8.7876717582931280E-002  -4.2703970361057100E-003
   9.4153625981712077E-002   1.2085311406118248E-002
  0.10043053438049289        2.6687903692468887E-002
  0.10670744277927370        3.7421430187792391E-002
  0.11298435117805450        4.2733394966788477E-002
  0.11926125957683531        4.1858397858458213E-002
  0.12553816797561612        3.4927227726579316E-002
  0.13181507637439691        2.2946116433988369E-002
  0.13809198477317772        7.6495288988823722E-003
  0.14436889317195853       -8.7517608492910653E-003
  0.15064580157073934       -2.3890640445596616E-002
  0.15692270996952015       -3.5585270294744321E-002
  0.16319961836830094       -4.2153063807659770E-002
  0.16947652676708175       -4.2651906540703138E-002
  0.17575343516586256       -3.7014167497427405E-002
  0.18203034356464337       -2.6054606091611459E-002
  0.18830725196342415       -1.1351467556466203E-002
  0.19458416036220497        4.9816986647541386E-003
  0.20086106876098578        2.0600411568284946E-002
  0.20713797715976659        3.3265861834629352E-002
  0.21341488555854740        4.1165484837571160E-002
  0.21969179395732819        4.3171535758299226E-002
  0.22596870235610900        3.9001087441253905E-002
  0.23224561075488981        2.9254547281832150E-002
  0.23852251915367062        1.5328692115502781E-002
  0.24479942755245140       -7.8312698974807200E-004
  0.25107633595123224       -1.6784533142563937E-002
  0.25735324435001306       -3.0406019964783454E-002
  0.26363015274879381       -3.9725845280695574E-002
  0.26990706114757462       -4.3438898475588419E-002
  0.27618396954635543       -4.1035931914560515E-002
  0.28246087794513625       -3.2869281877922096E-002
  0.28873778634391706       -2.0097113917552045E-002
  0.29501469474269787       -4.5155819238351805E-003
  0.30129160314147868        1.1696368075273769E-002
  0.30756851154025949        2.6282900984103307E-002
  0.31384541993904030        3.7224845296345836E-002
  0.32012232833782106        4.3017350369811774E-002
  0.32639923673660187        4.2873766144168102E-002
  0.33267614513538268        3.6828558604990624E-002
  0.33895305353416350        2.5726395009749332E-002
  0.34522996193294431        1.1100314242896059E-002
  0.35150687033172512       -5.0429572548070581E-003
  0.35778377873050593       -2.0500096996086726E-002
  0.36406068712928674       -3.3172202001222818E-002
  0.37033759552806755       -4.1348579923371223E-002
  0.37661450392684831       -4.3935134952693071E-002
  0.38289141232562912       -4.0597215745030904E-002
  0.38916832072440993       -3.1798804753483713E-002
  0.39544522912319074       -1.8734086693877602E-002
  0.40172213752197156       -3.1619934038972053E-003
  0.40799904592075237        1.2833013736485752E-002
  0.41427595431953318        2.7120623792028269E-002
  0.42055286271831399        3.7806171425656752E-002
  0.42682977111709480        4.3479973119787581E-002
  0.43310667951587556        4.3401045373964831E-002
  0.43938358791465637        3.7591002589666397E-002
  0.44566049631343718        2.6826707723183116E-002
  0.45193740471221799        1.2533592898901443E-002
  0.45821431311099881       -3.4053232608044792E-003
  0.46449122150977962       -1.8898878045148882E-002
  0.47076812990856043       -3.1922435473972353E-002
  0.47704503830734124       -4.0781694205674783E-002
  0.48332194670612205       -4.4331353512446929E-002
  0.48959885510490281       -4.2120672643687282E-002
  0.49587576350368362       -3.4447751393458730E-002
  0.50215267190246449       -2.2316435147068079E-002
  0.50842958030124530       -7.3023746442726434E-003
  0.51470648870002611        8.6535505445848992E-003
  0.52098339709880681        2.3497145511425281E-002
  0.52726030549758762        3.5325310353144013E-002
  0.53353721389636843        4.2628956997320909E-002
  0.53981412229514925        4.4483543759171740E-002
  0.54609103069393006        4.0663478915049227E-002
  0.55236793909271087        3.1666545839888205E-002
  0.55864484749149168        1.8646227491074328E-002
  0.56492175589027249        3.2613771468865903E-003
  0.57119866428905330       -1.2536774829327475E-002
  0.57747557268783412       -2.6752868102154857E-002
  0.58375248108661493       -3.7599275630623950E-002
  0.59002938948539574       -4.3723031206657922E-002
  0.59630629788417655       -4.4377582277143848E-002
  0.60258320628295736       -3.9505000440455955E-002
  0.60886011468173817       -2.9733300417341051E-002
  0.61513702308051899       -1.6290069126375917E-002
  0.62141393147929980       -8.4348191987029884E-004
  0.62769083987808061        1.4707760137339104E-002
  0.63396774827686131        2.8469015892360339E-002
  0.64024465667564212        3.8779587451772637E-002
  0.64652156507442293        4.4410265476338175E-002
  0.65279847347320374        4.4705364621238329E-002
  0.65907538187198456        3.9653497042911469E-002
  0.66535229027076537        2.9880182919052912E-002
  0.67162919866954618        1.6564971757609750E-002
  0.67790610706832699        1.2945660588892501E-003
  0.68418301546710780       -1.4129268235584448E-002
  0.69045992386588861       -2.7903460559139281E-002
  0.69673683226466943       -3.8433596798510390E-002
  0.70301374066345024       -4.4515786001084759E-002
  0.70929064906223105       -4.5470040298920211E-002
  0.71556755746101186       -4.1210952698242716E-002
  0.72184446585979267       -3.2249034497779203E-002
  0.72812137425857348       -1.9624197669909298E-002
  0.73439828265735430       -4.7805204878582147E-003
  0.74067519105613511        1.0602147694267275E-002
  0.74695209945491581        2.4799839255404261E-002
  0.75322900785369662        3.6237237917133742E-002
  0.75950591625247743        4.3661107765548685E-002
  0.76578282465125824        4.6280262545136404E-002
  0.77205973305003905        4.3847056808710635E-002
  0.77833664144881987        3.6666429386737205E-002
  0.78461354984760068        2.5548455965411988E-002
  0.79089045824638149        1.1709381175233147E-002
  0.79716736664516230       -3.3675155936237992E-003
  0.80344427504394311       -1.8094468474830136E-002
  0.80972118344272392       -3.0947281411310926E-002
  0.81599809184150474       -4.0621042604598978E-002
  0.82227500024028555       -4.6157982418977013E-002
  0.82855190863906636       -4.7035516733918183E-002
  0.83482881703784717       -4.3207275833748497E-002
  0.84110572543662798       -3.5095006004584837E-002
  0.84738263383540879       -2.3534324887303563E-002
  0.85365954223418961       -9.6817251537393203E-003
  0.85993645063297042        5.1063108858582593E-003
  0.86621335903175112        1.9409091022003524E-002
  0.87249026743053193        3.1878623860121691E-002
  0.87876717582931274        4.1364552011736541E-002
  0.88504408422809355        4.7015841189307864E-002
  0.89132099262687436        4.8350795166288013E-002
  0.89759790102565518        4.5290383018145509E-002
  0.90387480942443599        3.8153575502791380E-002
  0.91015171782321680        2.7616922128754252E-002
  0.91642862622199761        1.4643778941723759E-002
  0.92270553462077842        3.9093660333436108E-004
  0.92898244301955923       -1.3897841630260246E-002
  0.93525935141834005       -2.7002143038006542E-002
  0.94153625981712086       -3.7832483395390727E-002
  0.94781316821590167       -4.5520366580313588E-002
  0.95409007661468248       -4.9480700833077033E-002
  0.96036698501346329       -4.9447584476997868E-002
  0.96664389341224410       -4.5482156601299076E-002
  0.97292080181102492       -3.7953497626205382E-002
  0.97919771020980562       -2.7496086571844908E-002
  0.98547461860858643       -1.4948851410141187E-002
  0.99175152700736724       -1.2819759222425955E-003
  0.99802843540614805        1.2481941212195483E-002
   1.0043053438049290        2.5345876960331103E-002
   1.0105822522037098        3.6409664083668365E-002
   1.0168591606024906        4.4929724026429987E-002
   1.0231360690012714        5.0363724635834363E-002
   1.0294129774000522        5.2398083745887010E-002
   1.0356898857988328        5.0957695014480900E-002
   1.0419667941976136        4.6198617428284870E-002
   1.0482437025963944        3.8485616715208865E-002
   1.0545206109951752        2.8357364882773364E-002
   1.0607975193939561        1.6482675076328952E-002
   1.0670744277927369        3.6114788587558234E-003
   1.0733513361915177       -9.4758056847734935E-003
   1.0796282445902985       -2.2017047259955343E-002
   1.0859051529890793       -3.3312434392189991E-002
   1.0921820613878601       -4.2761322586374738E-002
   1.0984589697866409       -4.9890452873409638E-002
   1.1047358781854217       -5.4372262742588238E-002
   1.1110127865842025       -5.6034465157352352E-002
   1.1172896949829834       -5.4863519578157695E-002
   1.1235666033817642       -5.0991354541102207E-002
   1.1298435117805450       -4.4676187518361367E-002
   1.1361204201793258       -3.6279709820819440E-002
   1.1423973285781066       -2.6240899675308977E-002
   1.1486742369768874       -1.5048436226582513E-002
   1.1549511453756682       -3.2133090509643305E-003
   1.1612280537744490        8.7568735814392076E-003
   1.1675049621732299        2.0380704752051188E-002
   1.1737818705720107        3.1222094782783975E-002
   1.1800587789707915        4.0905095480279534E-002
   1.1863356873695723        4.9124274795120965E-002
   1.1926125957683531        5.5650590694558161E-002
   1.1988895041671339        6.0333158004776628E-002
   1.2051664125659147        6.3097218098854713E-002
   1.2114433209646955        6.3939071556465124E-002
   1.2177202293634763        6.2918418109327329E-002
   1.2239971377622572        6.0149052399352601E-002
   1.2302740461610380        5.5788267862765716E-002
   1.2365509545598188        5.0025994903296754E-002
   1.2428278629585996        4.3073720992603239E-002
   1.2491047713573804        3.5154312628399055E-002
   1.2553816797561612        2.6492227609796803E-002
   1.2616585881549420        1.7305604146572812E-002
   1.2679354965537226        7.7985800568672239E-003
   1.2742124049525034       -1.8431277689053809E-003
   1.2804893133512842       -1.1458920285073856E-002
   1.2867662217500651       -2.0896228459790896E-002
   1.2930431301488459       -2.9914154855013839E-002
   1.2993200385476267       -3.8184188999127879E-002
   1.3055969469464075       -4.5310779484762115E-002
   1.3118738553451883       -5.0855096900697686E-002
   1.3181507637439691       -5.4370598207503194E-002
   1.3244276721427499       -5.5446474560852436E-002
   1.3307045805415307       -5.3758939762457221E-002
   1.3369814889403115       -4.9125370026828805E-002
   1.3432583973390924       -4.1556717620768485E-002
   1.3495353057378732       -3.1300662759871277E-002
   1.3558122141366540       -1.8868082564421133E-002
   1.3620891225354348       -5.0346786664683179E-003
   1.3683660309342156        9.1887053066924216E-003
   1.3746429393329964        2.2621204858712281E-002
   1.3809198477317772        3.4012412223620572E-002
   1.3871967561305580        4.2172799461067216E-002
   1.3934736645293389        4.6122857831704042E-002
   1.3997505729281197        4.5243576035137074E-002
   1.4060274813269005        3.9406785485656716E-002
   1.4123043897256813        2.9061117526175056E-002
   1.4185812981244621        1.5251655964275478E-002
   1.4248582065232429       -4.4400701328467746E-004
   1.4311351149220237       -1.6068854397087547E-002
   1.4374120233208045       -2.9522214674399118E-002
   1.4436889317195853       -3.8853192837440015E-002
   1.4499658401183662       -4.2574551509408358E-002
   1.4562427485171470       -3.9948286385237647E-002
   1.4625196569159278       -3.1228196830665321E-002
   1.4687965653147086       -1.7724128313640838E-002
   1.4750734737134894       -1.5025284976910741E-003
   1.4813503821122702        1.4949485591440220E-002
   1.4876272905110510        2.9100783036199035E-002
   1.4939041989098316        3.8767850261839674E-002
   1.5001811073086124        4.2452295593815303E-002
   1.5064580157073932        3.9576128490260765E-002
   1.5127349241061741        3.0574876619284281E-002
   1.5190118325049549        1.6834905147371203E-002
   1.5252887409037357        4.8216592066019722E-004
   1.5315656493025165       -1.5944861651984266E-002
   1.5378425577012973       -2.9888756357270629E-002
   1.5441194661000781       -3.9171737609334116E-002
   1.5503963744988589       -4.2337545265400546E-002
   1.5566732828976397       -3.8882283089055565E-002
   1.5629501912964205       -2.9337610700463295E-002
   1.5692270996952014       -1.5191828659251411E-002
   1.5755040080939822        1.3396632531891626E-003
   1.5817809164927630        1.7659762068573177E-002
   1.5880578248915438        3.1197121618509682E-002
   1.5943347332903246        3.9812018390225558E-002
   1.6006116416891054        4.2136296451148351E-002
   1.6068885500878862        3.7793262193000783E-002
   1.6131654584866670        2.7461655041275373E-002
   1.6194423668854478        1.2772540710553587E-002
   1.6257192752842287       -3.9458249764874800E-003
   1.6319961836830095       -2.0035587918306858E-002
   1.6382730920817903       -3.2932436888088570E-002
   1.6445500004805711       -4.0576721883478731E-002
   1.6508269088793519       -4.1743725889718614E-002
   1.6571038172781327       -3.6241440785277260E-002
   1.6633807256769135       -2.4944018572365733E-002
   1.6696576340756943       -9.6546272832739519E-003
   1.6759345424744752        7.1809521726429477E-003
   1.6822114508732560        2.2864805469231576E-002
   1.6884883592720368        3.4879157527948311E-002
   1.6947652676708176        4.1291250308027286E-002
   1.7010421760695984        4.1065557826114554E-002
   1.7073190844683792        3.4232748607625096E-002
   1.7135959928671600        2.1887510717008649E-002
   1.7198729012659408        6.0148900792127017E-003
   1.7261498096647214       -1.0827631496880059E-002
   1.7324267180635022       -2.5921569440593629E-002
   1.7387036264622830       -3.6826335602932886E-002
   1.7449805348610639       -4.1774690654908547E-002
   1.7512574432598447       -3.9960579887251844E-002
   1.7575343516586255       -3.1672207700735464E-002
   1.7638112600574063       -1.8248139997798028E-002
   1.7700881684561871       -1.8627512021163121E-003
   1.7763650768549679        1.4824820025946416E-002
   1.7826419852537487        2.9101771588430223E-002
   1.7889188936525295        3.8642918841740564E-002
   1.7951958020513104        4.1890417315798040E-002
   1.8014727104500912        3.8309606271085289E-002
   1.8077496188488720        2.8479167633857442E-002
   1.8140265272476528        1.4000568938662297E-002
   1.8203034356464336       -2.7636211682737842E-003
   1.8265803440452144       -1.9076420407556045E-002
   1.8328572524439952       -3.2273331854606291E-002
   1.8391341608427760       -4.0197694366460590E-002
   1.8454110692415568       -4.1553434033860061E-002
   1.8516879776403377       -3.6117497576888417E-002
   1.8579648860391185       -2.4777042798717449E-002
   1.8642417944378993       -9.3851366775917506E-003
   1.8705187028366801        7.5416740500031535E-003
   1.8767956112354609        2.3234597530585644E-002
   1.8830725196342417        3.5125494472338606E-002
   1.8893494280330225        4.1267336645713415E-002
   1.8956263364318033        4.0653379449312611E-002
   1.9019032448305841        3.3382647406549538E-002
   1.9081801532293650        2.0644475465650059E-002
   1.9144570616281458        4.5244097153704765E-003
   1.9207339700269266       -1.2336908594841321E-002
   1.9270108784257074       -2.7176159931935975E-002
   1.9332877868244882       -3.7560254861214663E-002
   1.9395646952232690       -4.1785521951621406E-002
   1.9458416036220498       -3.9157610860300299E-002
   1.9521185120208304       -3.0106096788434483E-002
   1.9583954204196112       -1.6114743467828870E-002
   1.9646723288183920        5.2127193622626591E-004
   1.9709492372171729        1.7071619739166388E-002
   1.9772261456159537        3.0818740153525596E-002
   1.9835030540147345        3.9504646988674612E-002
   1.9897799624135153        4.1704552768470141E-002
   1.9960568708122961        3.7059888309287796E-002
   2.0023337792110771        2.6335285864088991E-002
   2.0086106876098579        1.1291836722681848E-002
   2.0148875960086388       -5.6027946857088928E-003
   2.0211645044074196       -2.1579547709512516E-002
   2.0274414128062004       -3.4021890267388236E-002
   2.0337183212049812       -4.0894032452721003E-002
   2.0399952296037620       -4.1073427663047793E-002
   2.0462721380025428       -3.4533328805260735E-002
   2.0525490464013236       -2.2345863903768529E-002
   2.0588259548001044       -6.5054679846982370E-003
   2.0651028631988853        1.0398105132577983E-002
   2.0713797715976656        2.5603494288864208E-002
   2.0776566799964464        3.6628782341966724E-002
   2.0839335883952272        4.1676226544021838E-002
   2.0902104967940081        3.9924724925204699E-002
   2.0964874051927889        3.1662553240812845E-002
   2.1027643135915697        1.8239049932173235E-002
   2.1090412219903505        1.8434845036759107E-003
   2.1153181303891313       -1.4852527282466966E-002
   2.1215950387879121       -2.9130572433908982E-002
   2.1278719471866929       -3.8667906225851888E-002
   2.1341488555854737       -4.1914850420539343E-002
   2.1404257639842545       -3.8345863505125227E-002
   2.1467026723830354       -2.8543753939080849E-002
   2.1529795807818162       -1.4103639802361449E-002
   2.1592564891805970        2.6272908302457424E-003
   2.1655333975793778        1.8932488241893419E-002
   2.1718103059781586        3.2169754637234163E-002
   2.1780872143769394        4.0199193012429552E-002
   2.1843641227757202        4.1727638754501584E-002
   2.1906410311745010        3.6514926416272978E-002
   2.1969179395732819        2.5409291972324985E-002
   2.2031948479720627        1.0207176847571879E-002
   2.2094717563708435       -6.6390946415618643E-003
   2.2157486647696243       -2.2417899412504782E-002
   2.2220255731684051       -3.4594889654385272E-002
   2.2283024815671859       -4.1219242985025273E-002
   2.2345793899659667       -4.1234612919389804E-002
   2.2408562983647475       -3.4645467400922100E-002
   2.2471332067635283       -2.2512978853846129E-002
   2.2534101151623092       -6.7820273107104092E-003
   2.2596870235610900        1.0032148304607705E-002
   2.2659639319598708        2.5246926320265456E-002
   2.2722408403586516        3.6440210887161394E-002
   2.2785177487574324        4.1835044772296263E-002
   2.2847946571562132        4.0580001246363559E-002
   2.2910715655549940        3.2881401710720973E-002
   2.2973484739537748        1.9967165791680751E-002
   2.3036253823525557        3.8889544339871713E-003
   2.3099022907513365       -1.2805232095610027E-002
   2.3161791991501173       -2.7475489654047388E-002
   2.3224561075488981       -3.7807242314782226E-002
   2.3287330159476789       -4.2175353685145446E-002
   2.3350099243464597       -3.9899017643023171E-002
   2.3412868327452405       -3.1346938092110234E-002
   2.3475637411440213       -1.7872401667084231E-002
   2.3538406495428021       -1.5957135065779681E-003
   2.3601175579415830        1.4931428550274616E-002
   2.3663944663403638        2.9126821306294771E-002
   2.3726713747391446        3.8780621972719170E-002
   2.3789482831379254        4.2397532102502002E-002
   2.3852251915367062        3.9425555984656517E-002
   2.3915020999354870        3.0336835580620787E-002
   2.3977790083342678        1.6549271509262380E-002
   2.4040559167330486        2.0243403739004614E-004
   2.4103328251318294       -1.6176404859539334E-002
   2.4166097335306103       -3.0063689218381234E-002
   2.4228866419293911       -3.9327737437986364E-002
   2.4291635503281719       -4.2554042607782519E-002
   2.4354404587269527       -3.9258385269244807E-002
   2.4417173671257335       -2.9956103743045612E-002
   2.4479942755245143       -1.6078187168374711E-002
   2.4542711839232951        2.5168712492786341E-004
   2.4605480923220759        1.6544012784320359E-002
   2.4668250007208568        3.0323632285009741E-002
   2.4731019091196376        3.9505082418501349E-002
   2.4793788175184184        4.2706310754493819E-002
   2.4856557259171992        3.9453861667983946E-002
   2.4919326343159800        3.0249535963910612E-002
   2.4982095427147608        1.6489664300330813E-002
   2.5044864511135416        2.5050629484822060E-004
   2.5107633595123224       -1.6027167386919495E-002
   2.5170402679111032       -2.9907278567992402E-002
   2.5233171763098841       -3.9323091628560937E-002
   2.5295940847086644       -4.2882569809975693E-002
   2.5358709931074452       -4.0070479911100965E-002
   2.5421479015062260       -3.1318555248164251E-002
   2.5484248099050069       -1.7934897707207510E-002
   2.5547017183037877       -1.9047097053537065E-003
   2.5609786267025685        1.4406763342064276E-002
   2.5672555351013493        2.8604269081696363E-002
   2.5735324435001301        3.8613627532291084E-002
   2.5798093518989109        4.2982507755891242E-002
   2.5860862602976917        4.1087640723902037E-002
   2.5923631686964725        3.3219443269151182E-002
   2.5986400770952534        2.0533256123122599E-002
   2.6049169854940342        4.8758668294699168E-003
   2.6111938938928150       -1.1486108284333208E-002
   2.6174708022915958       -2.6195660876576425E-002
   2.6237477106903766       -3.7144590309058846E-002
   2.6300246190891574       -4.2773723948562006E-002
   2.6363015274879382       -4.2291699562696572E-002
   2.6425784358867190       -3.5782105471005875E-002
   2.6488553442854998       -2.4185108587367145E-002
   2.6551322526842807       -9.1577269026470003E-003
   2.6614091610830615        7.1659587445137831E-003
   2.6676860694818423        2.2479569991909993E-002
   2.6739629778806231        3.4630371300347546E-002
   2.6802398862794039        4.1920637547412459E-002
   2.6865167946781847        4.3343455413707897E-002
   2.6927937030769655        3.8717764485676695E-002
   2.6990706114757463        2.8705299265692617E-002
   2.7053475198745272        1.4710944277381600E-002
   2.7116244282733080       -1.3183835199533458E-003
   2.7179013366720888       -1.7167187000320841E-002
   2.7241782450708696       -3.0658399627221861E-002
   2.7304551534696504       -3.9951352996900780E-002
   2.7367320618684312       -4.3790077988488413E-002
   2.7430089702672120       -4.1668881812683717E-002
   2.7492858786659928       -3.3893968893953061E-002
   2.7555627870647736       -2.1534396769119845E-002
   2.7618396954635545       -6.2706988483031490E-003
   2.7681166038623353        9.8368283565582609E-003
   2.7743935122611161        2.4627844319189705E-002
   2.7806704206598969        3.6131503876708396E-002
   2.7869473290586777        4.2827088142615301E-002
   2.7932242374574585        4.3841531639688472E-002
   2.7995011458562393        3.9058715055974191E-002
   2.8057780542550201        2.9127479523747335E-002
   2.8120549626538009        1.5368960017584874E-002
   2.8183318710525818       -4.0301789949113217E-004
   2.8246087794513626       -1.6123564424792989E-002
   2.8308856878501434       -2.9747920666330641E-002
   2.8371625962489242       -3.9516487050150491E-002
   2.8434395046477050       -4.4179519799431077E-002
   2.8497164130464858       -4.3153124366179477E-002
   2.8559933214452666       -3.6587673846815390E-002
   2.8622702298440474       -2.5341301544565670E-002
   2.8685471382428283       -1.0863321667689796E-002
   2.8748240466416091        4.9959988590988465E-003
   2.8811009550403899        2.0223886795917929E-002
   2.8873778634391707        3.2900856586864771E-002
   2.8936547718379515        4.1441268141428726E-002
   2.8999316802367323        4.4788771601909215E-002
   2.9062085886355131        4.2542874146626351E-002
   2.9124854970342939        3.5002100891884436E-002
   2.9187624054330747        2.3119722529116694E-002
   2.9250393138318556        8.3791291746508744E-003
   2.9313162222306364       -7.3944967897617781E-003
   2.9375931306294172       -2.2261830032457040E-002
   2.9438700390281980       -3.4407933039006647E-002
   2.9501469474269788       -4.2362200509751230E-002
   2.9564238558257596       -4.5173455890829349E-002
   2.9627007642245404       -4.2519555773691341E-002
   2.9689776726233212       -3.4739647156284699E-002
   2.9752545810221021       -2.2786282354261455E-002
   2.9815314894208829       -8.1048862475626357E-003
   2.9878083978196632        7.5441341371600421E-003
   2.9940853062184440        2.2297923528675569E-002
   3.0003622146172249        3.4413174913781402E-002
   3.0066391230160057        4.2470295327634092E-002
   3.0129160314147865        4.5537264858598367E-002
   3.0191929398135673        4.3272759520455339E-002
   3.0254698482123481        3.5961057588494980E-002
   3.0317467566111289        2.4465595396223283E-002
   3.0380236650099097        1.0104259133524123E-002
   3.0443005734086905       -5.4502023722541688E-003
   3.0505774818074713       -2.0351085801335780E-002
   3.0568543902062522       -3.2798289713901904E-002
   3.0631312986050330       -4.1258233940658133E-002
   3.0694082070038138       -4.4660085726755026E-002
   3.0756851154025946       -4.2540416545788842E-002
   3.0819620238013754       -3.5117198820384693E-002
   3.0882389322001562       -2.3279664527830906E-002
   3.0945158405989370       -8.4924250083905240E-003
   3.1007927489977178        7.3779755148263597E-003
   3.1070696573964987        2.2294311300749856E-002
   3.1133465657952795        3.4310141566929735E-002
   3.1196234741940603        4.1827832234997024E-002
   3.1259003825928411        4.3818811615658856E-002
   3.1321772909916219        3.9974677340787905E-002
   3.1384541993904027        3.0766053120588870E-002
   3.1447311077891835        1.7397278897770926E-002
   3.1510080161879643        1.6591462143620047E-003
   3.1572849245867451       -1.4304071256781278E-002
   3.1635618329855260       -2.8284017607989553E-002
   3.1698387413843068       -3.8315655671257040E-002
   3.1761156497830876       -4.2959722628952347E-002
   3.1823925581818684       -4.1518995405585506E-002
   3.1886694665806492       -3.4154742493593827E-002
   3.1949463749794300       -2.1882609366337426E-002
   3.2012232833782108       -6.4445566373584999E-003
   3.2075001917769916        9.9305461231988714E-003
   3.2137771001757724        2.4860637605200672E-002
   3.2200540085745533        3.6174645343399314E-002
   3.2263309169733341        4.2230065908806159E-002
   3.2326078253721149        4.2150303467524124E-002
   3.2388847337708957        3.5950657192393626E-002
   3.2451616421696765        2.4534396376327868E-002
   3.2514385505684573        9.5601772120491677E-003
   3.2577154589672381       -6.7997579285524277E-003
   3.2639923673660189       -2.2175121383698052E-002
   3.2702692757647998       -3.4341050013318178E-002
   3.2765461841635806       -4.1539657429847471E-002
   3.2828230925623614       -4.2733312915801208E-002
   3.2891000009611422       -3.7753207876648973E-002
   3.2953769093599230       -2.7322133278181938E-002
   3.3016538177587038       -1.2948522432665133E-002
   3.3079307261574846        3.2925168949479800E-003
   3.3142076345562654        1.9059317378759377E-002
   3.3204845429550462        3.2081393839023004E-002
   3.3267614513538271        4.0486123518928815E-002
   3.3330383597526079        4.3067362632458396E-002
   3.3393152681513887        3.9457607983190583E-002
   3.3455921765501695        3.0179221732319798E-002
   3.3518690849489503        1.6567790449798274E-002
   3.3581459933477311        5.7895995685921348E-004
   3.3644229017465119       -1.5493136997778106E-002
   3.3706998101452927       -2.9345267113965772E-002
   3.3769767185440736       -3.8995284768511627E-002
   3.3832536269428544       -4.3068594715701958E-002
   3.3895305353416352       -4.0995714781781774E-002
   3.3958074437404160       -3.3085476284887498E-002
   3.4020843521391968       -2.0474561494356565E-002
   3.4083612605379776       -4.9609018824829385E-003
   3.4146381689367584        1.1255174131630621E-002
   3.4209150773355392        2.5884149054064793E-002
   3.4271919857343200        3.6870310214655484E-002
   3.4334688941331009        4.2678910690382807E-002
   3.4397458025318817        4.2507720395170798E-002
   3.4460227109306620        3.6394166897822704E-002
   3.4522996193294428        2.5204359876162010E-002
   3.4585765277282237        1.0506831645580722E-002
   3.4648534361270045       -5.6500975292498191E-003
   3.4711303445257853       -2.1025402872369106E-002
   3.4774072529245661       -3.3496405844514236E-002
   3.4836841613233469       -4.1350641367981930E-002
   3.4899610697221277       -4.3518553811042686E-002
   3.4962379781209085       -3.9715797105578501E-002
   3.5025148865196893       -3.0476656045940419E-002
   3.5087917949184702       -1.7075338248696861E-002
   3.5150687033172510       -1.3471277588023483E-003
   3.5213456117160318        1.4565037182691226E-002
   3.5276225201148126        2.8503375605123241E-002
   3.5338994285135934        3.8587256421839446E-002
   3.5401763369123742        4.3465112806622797E-002
   3.5464532453111550        4.2492507177163567E-002
   3.5527301537099358        3.5814394678178714E-002
   3.5590070621087166        2.4343452490781955E-002
   3.5652839705074975        9.6277546596002760E-003
   3.5715608789062783       -6.3667074159179261E-003
   3.5778377873050591       -2.1521720429959236E-002
   3.5841146957038399       -3.3847597615790509E-002
   3.5903916041026207       -4.1742303793711084E-002
   3.5966685125014015       -4.4195507547998406E-002
   3.6029454209001823       -4.0912160252931346E-002
   3.6092223292989631       -3.2341346681885007E-002
   3.6154992376977440       -1.9608706178465787E-002
   3.6217761460965248       -4.3632332458635684E-003
   3.6280530544953056        1.1440104550369378E-002
   3.6343299628940864        2.5792814846301079E-002
   3.6406068712928672        3.6887646118444105E-002
   3.6468837796916480        4.3343443182540221E-002
   3.6531606880904288        4.4372535386764861E-002
   3.6594375964892096        3.9870984147997043E-002
   3.6657145048879904        3.0422212088760128E-002
   3.6719914132867713        1.7215493367823884E-002
   3.6782683216855521        1.8913136211887345E-003
   3.6845452300843329       -1.3665774421829485E-002
   3.6908221384831137       -2.7560258093967338E-002
   3.6970990468818945       -3.8115810566264008E-002
   3.7033759552806753       -4.4074651918174161E-002
   3.7096528636794561       -4.4742848744974625E-002
   3.7159297720782369       -4.0065351058638940E-002
   3.7222066804770177       -3.0623503438553582E-002
   3.7284835888757986       -1.7557056893944312E-002
   3.7347604972745794       -2.4217026118647286E-003
   3.7410374056733602        1.2998947668016236E-002
   3.7473143140721410        2.6904688535757830E-002
   3.7535912224709218        3.7688202581868079E-002
   3.7598681308697026        4.4118248450236812E-002
   3.7661450392684834        4.5476062480327095E-002
   3.7724219476672642        4.1630369065214778E-002
   3.7786988560660451        3.3043916230904920E-002
   3.7849757644648259        2.0712390478089801E-002
   3.7912526728636067        6.0442820826532911E-003
   3.7975295812623875       -9.3033756911357172E-003
   3.8038064896611683       -2.3613873161804570E-002
   3.8100833980599491       -3.5302662105029026E-002
   3.8163603064587299       -4.3090757822707659E-002
   3.8226372148575107       -4.6141041350417029E-002
   3.8289141232562915       -4.4143356431440475E-002
   3.8351910316550724       -3.7340406750180903E-002
   3.8414679400538532       -2.6493068293300580E-002
   3.8477448484526340       -1.2790436223172722E-002
   3.8540217568514148        2.2843618076509409E-003
   3.8602986652501956        1.7117035663537842E-002
   3.8665755736489764        3.0135650176142319E-002
   3.8728524820477572        3.9976055538916179E-002
   3.8791293904465380        4.5622054814892392E-002
   3.8854062988453189        4.6506174016513378E-002
   3.8916832072440997        4.2561634509373336E-002
   3.8979601156428805        3.4221276469809846E-002
   3.9042370240416608        2.2365210441579977E-002
   3.9105139324404417        8.2239312465007455E-003
   3.9167908408392225       -6.7537502464959731E-003
   3.9230677492380033       -2.1051241382915337E-002
   3.9293446576367841       -3.3237775783986324E-002
   3.9356215660355649       -4.2109979825825539E-002
   3.9418984744343457       -4.6807436543641889E-002
   3.9481753828331265       -4.6891672976708265E-002
   3.9544522912319073       -4.2381705415011975E-002
   3.9607291996306881       -3.3744066753956761E-002
   3.9670061080294690       -2.1839486421020547E-002
   3.9732830164282498       -7.8328301881673956E-003
   3.9795599248270306        6.9240934366573527E-003
   3.9858368332258114        2.1024641129686869E-002
   3.9921137416245922        3.3141534992536609E-002
   3.9983906500233730        4.2150171433590677E-002
   4.0046675584221543        4.7230035148460053E-002
   4.0109444668209351        4.7935125423311603E-002
   4.0172213752197159        4.4228153425891897E-002
   4.0234982836184967        3.6476088418406737E-002
   4.0297751920172775        2.5409144545567176E-002
   4.0360521004160583        1.2047525901557526E-002
   4.0423290088148391       -2.3957066143569226E-003
   4.0486059172136200       -1.6627053006071230E-002
   4.0548828256124008       -2.9388547320025910E-002
   4.0611597340111816       -3.9568522114768717E-002
   4.0674366424099624       -4.6295195936124134E-002
   4.0737135508087432       -4.9007923591632190E-002
   4.0799904592075240       -4.7472728277006611E-002
   4.0862673676063048       -4.1751222490837035E-002
   4.0925442760050856       -3.2275198328486215E-002
   4.0988211844038664       -1.9842543978170177E-002
   4.1050980928026473       -5.5593715536925914E-003
   4.1113750012014281        9.2486442933809240E-003
   4.1176519096002089        2.3155921071508358E-002
   4.1239288179989897        3.4774443277479299E-002
   4.1302057263977705        4.2898176927945050E-002
   4.1364826347965504        4.6637899196790428E-002
   4.1427595431953312        4.5531917827358735E-002
   4.1490364515941121        3.9617407831116370E-002
   4.1553133599928929        2.9451666323861703E-002
   4.1615902683916737        1.6076097134131207E-002
   4.1678671767904545        9.2288640626302717E-004
   4.1741440851892353       -1.4329713166989526E-002
   4.1804209935880161       -2.7939958417157650E-002
   4.1866979019867969       -3.8304309615823602E-002
   4.1929748103855777       -4.4154724029862015E-002
   4.1992517187843585       -4.4727053490037944E-002
   4.2055286271831394       -3.9876947467140662E-002
   4.2118055355819202       -3.0124929108988872E-002
   4.2180824439807010       -1.6619393555961610E-002
   4.2243593523794818       -1.0167653782162591E-003
   4.2306362607782626        1.4711537789650373E-002
   4.2369131691770434        2.8524328787534574E-002
   4.2431900775758242        3.8578644183660686E-002
   4.2494669859746050        4.3487430454798935E-002
   4.2557438943733858        4.2546795382187814E-002
   4.2620208027721667        3.5866440267459554E-002
   4.2682977111709475        2.4337161900076253E-002
   4.2745746195697283        9.5102886813229637E-003
   4.2808515279685091       -6.6075446166287497E-003
   4.2871284363672899       -2.1824968115860145E-002
   4.2934053447660707       -3.4063450731740642E-002
   4.2996822531648515       -4.1642572494986485E-002
   4.3059591615636323       -4.3513020500998208E-002
   4.3122360699624132       -3.9405162676084522E-002
   4.3185129783611940       -2.9871402645226048E-002
   4.3247898867599748       -1.6215540798389647E-002
   4.3310667951587556       -3.1741239774411102E-004
   4.3373437035575364        1.5623863572927971E-002
   4.3436206119563172        2.9393401174968071E-002
   4.3498975203550980        3.9068920526231322E-002
   4.3561744287538788        4.3291080880999963E-002
   4.3624513371526596        4.1457399439124007E-002
   4.3687282455514405        3.3811791647970608E-002
   4.3750051539502213        2.1415893514028762E-002
   4.3812820623490021        6.0049704044983030E-003
   4.3875589707477829       -1.0252591069057194E-002
   4.3938358791465637       -2.5059168046463829E-002
   4.4001127875453445       -3.6312820562542356E-002
   4.4063896959441253       -4.2407226745332434E-002
   4.4126666043429061       -4.2463686346925253E-002
   4.4189435127416870       -3.6461259170825489E-002
   4.4252204211404678       -2.5245396723977232E-002
   4.4314973295392486       -1.0412507913501647E-002
   4.4377742379380294        5.9147989977134515E-003
   4.4440511463368102        2.1390192146460128E-002
   4.4503280547355910        3.3780626160673184E-002
   4.4566049631343718        4.1289734566838203E-002
   4.4628818715331526        4.2820614050699958E-002
   4.4691587799319334        3.8139262207985206E-002
   4.4754356883307143        2.7913850738396688E-002
   4.4817125967294951        1.3622870976185442E-002
   4.4879895051282759       -2.6557959496530865E-003
   4.4942664135270567       -1.8545201090252351E-002
   4.5005433219258375       -3.1715935052005061E-002
   4.5068202303246183       -4.0228537923490619E-002
   4.5130971387233991       -4.2821279986729070E-002
   4.5193740471221799       -3.9100286571071508E-002
   4.5256509555209607       -2.9602941967674518E-002
   4.5319278639197416       -1.5723889155847316E-002
   4.5382047723185224        4.8674886250947168E-004
   4.5444816807173032        1.6624217223355060E-002
   4.5507585891160840        3.0285189779700031E-002
   4.5570354975148648        3.9426452350035578E-002
   4.5633124059136456        4.2672560078059585E-002
   4.5695893143124264        3.9525869114273297E-002
   4.5758662227112072        3.0446412903746882E-002
   4.5821431311099881        1.6788342816059190E-002
   4.5884200395087689        6.0107114389049360E-004
   4.5946969479075497       -1.5676119706684418E-002
   4.6009738563063305       -2.9581023019823762E-002
   4.6072507647051113       -3.9002559817917344E-002
   4.6135276731038921       -4.2503585029804621E-002
   4.6198045815026729       -3.9542538658182150E-002
   4.6260814899014537       -3.0560194414959795E-002
   4.6323583983002345       -1.6917135350004418E-002
   4.6386353066990154       -6.9028360660683885E-004
   4.6449122150977962        1.5641503234385214E-002
   4.6511891234965770        2.9575450700964769E-002
   4.6574660318953578        3.8968970022336825E-002
   4.6637429402941386        4.2370813521719661E-002
   4.6700198486929194        3.9247855456854844E-002
   4.6762967570917002        3.0071674938215311E-002
   4.6825736654904810        1.6250452668553590E-002
   4.6888505738892619       -8.4506245799193479E-005
   4.6951274822880427       -1.6405678711135740E-002
   4.7014043906868235       -3.0179798906271489E-002
   4.7076812990856043       -3.9261683225696023E-002
   4.7139582074843851       -4.2230089200423697E-002
   4.7202351158831659       -3.8612766030568395E-002
   4.7265120242819467       -2.8964656792635868E-002
   4.7327889326807275       -1.4785877419792988E-002
   4.7390658410795083        1.7089434674617146E-003
   4.7453427494782892        1.7934891127749746E-002
   4.7516196578770700        3.1341361780910210E-002
   4.7578965662758508        3.9813735255071932E-002
   4.7641734746746316        4.2008845410222095E-002
   4.7704503830734124        3.7570576917766732E-002
   4.7767272914721932        2.7191080942972016E-002
   4.7830041998709740        1.2506967400804855E-002
   4.7892811082697548       -4.1589285526628965E-003
   4.7955580166685357       -2.0164492648174905E-002
   4.8018349250673165       -3.2966907460933399E-002
   4.8081118334660973       -4.0527321854693467E-002
   4.8143887418648781       -4.1636953926149918E-002
   4.8206656502636589       -3.6112340899205918E-002
   4.8269425586624397       -2.4827833333039780E-002
   4.8332194670612205       -9.5793261805363593E-003
   4.8394963754600013        7.1999126576690105E-003
   4.8457732838587821        2.2826595495355199E-002
   4.8520501922575630        3.4796459245420880E-002
   4.8583271006563438        4.1186397002098203E-002
   4.8646040090551246        4.0964992110389113E-002
   4.8708809174539054        3.4161053217610510E-002
   4.8771578258526862        2.1862304786400947E-002
   4.8834347342514670        6.0435389646805197E-003
   4.8897116426502478       -1.0748945225368744E-002
   4.8959885510490286       -2.5806457207182717E-002
   4.9022654594478094       -3.6694960730379166E-002
   4.9085423678465903       -4.1649538244424224E-002
   4.9148192762453711       -3.9862163258242322E-002
   4.9210961846441519       -3.1615623665002826E-002
   4.9273730930429327       -1.8241020723090275E-002
   4.9336500014417135       -1.9048968042911798E-003
   4.9399269098404943        1.4740392146304612E-002
   4.9462038182392751        2.8986716835845132E-002
   4.9524807266380559        3.8512068290916968E-002
   4.9587576350368368        4.1762988539707904E-002
   4.9650345434356176        3.8207876079942867E-002
   4.9713114518343984        2.8424258318547450E-002
   4.9775883602331792        1.4005691280855099E-002
   4.9838652686319600       -2.6972999887084786E-003
   4.9901421770307408       -1.8960042781959209E-002
   4.9964190854295216       -3.2128102072058670E-002
   5.0026959938283024       -4.0050706425036116E-002
   5.0089729022270832       -4.1432457236929995E-002
   5.0152498106258641       -3.6045709868781271E-002
   5.0215267190246449       -2.4768735957625989E-002
   5.0278036274234257       -9.4431482823274532E-003
   5.0340805358222065        7.4263552755779458E-003
   5.0403574442209873        2.3081067332496787E-002
   5.0466343526197681        3.4959390384367441E-002
   5.0529112610185480        4.1116241473369744E-002
   5.0591881694173289        4.0542027230818310E-002
   5.0654650778161097        3.3328810333718303E-002
   5.0717419862148905        2.0656213566498237E-002
   5.0780188946136713        4.5991065775594364E-003
   5.0842958030124521       -1.2211675606156623E-002
   5.0905727114112329       -2.7020169276419179E-002
   5.0968496198100137       -3.7397159439690596E-002
   5.1031265282087945       -4.1638986121216026E-002
   5.1094034366075753       -3.9047774042688922E-002
   5.1156803450063562       -3.0046866782361025E-002
   5.1219572534051370       -1.6112428612142019E-002
   5.1282341618039178        4.6773951578434931E-004
   5.1345110702026986        1.6971405038010805E-002
   5.1407879786014794        3.0691369980053753E-002
   5.1470648870002602        3.9379622558485497E-002
   5.1533417953990410        4.1614967944690925E-002
   5.1596187037978218        3.7034542551516170E-002
   5.1658956121966026        2.6391580037782005E-002
   5.1721725205953835        1.1430458958459835E-002
   5.1784494289941643       -5.4000829696888566E-003
   5.1847263373929451       -2.1348265109355107E-002
   5.1910032457917259       -3.3809263111441251E-002
   5.1972801541905067       -4.0750284565449081E-002
   5.2035570625892875       -4.1041419734849850E-002
   5.2098339709880683       -3.4638542218411970E-002
   5.2161108793868491       -2.2588826562887483E-002
   5.2223877877856300       -6.8584397625495357E-003
   5.2286646961844108        9.9890713240949856E-003
   5.2349416045831916        2.5210962724045959E-002
   5.2412185129819724        3.6331764192014719E-002
   5.2474954213807532        4.1545368004836353E-002
   5.2537723297795340        4.0007506631209784E-002
   5.2600492381783148        3.1971392442262457E-002
   5.2663261465770956        1.8744911280166907E-002
   5.2726030549758764        2.4767680324264364E-003
   5.2788799633746573       -1.4193271271757317E-002
   5.2851568717734381       -2.8563032356912019E-002
   5.2914337801722189       -3.8305741479153749E-002
   5.2977106885709997       -4.1846520455685481E-002
   5.3039875969697805       -3.8618143849885857E-002
   5.3102645053685613       -2.9150346366573900E-002
   5.3165414137673421       -1.4978584829565886E-002
   5.3228183221661229        1.6075092055561234E-003
   5.3290952305649038        1.7935471831321211E-002
   5.3353721389636846        3.1381073108287798E-002
   5.3416490473624654        3.9789429019437023E-002
   5.3479259557612462        4.1818730507668017E-002
   5.3542028641600270        3.7152009674699116E-002
   5.3604797725588078        2.6543925234828944E-002
   5.3667566809575886        1.1696134249163530E-002
   5.3730335893563694       -5.0177652468661295E-003
   5.3793104977551502       -2.0932941499897308E-002
   5.3855874061539311       -3.3518424007299902E-002
   5.3918643145527119       -4.0778751813048519E-002
   5.3981412229514927       -4.1568572918135351E-002
   5.4044181313502735       -3.5770893001801279E-002
   5.4106950397490543       -2.4311627531117860E-002
   5.4169719481478351       -9.0092166604468886E-003
   5.4232488565466159        7.7158957256057000E-003
   5.4295257649453967        2.3225196614672095E-002
   5.4358026733441775        3.5078394932686094E-002
   5.4420795817429584        4.1416379664735228E-002
   5.4483564901417392        4.1250922410366472E-002
   5.4546333985405200        3.4616273605520179E-002
   5.4609103069393008        2.2559819189769223E-002
   5.4671872153380816        6.9742854969938916E-003
   5.4734641237368624       -9.7012719858595824E-003
   5.4797410321356432       -2.4864822726565195E-002
   5.4860179405344240       -3.6158820318501150E-002
   5.4922948489332049       -4.1835560138157535E-002
   5.4985717573319857       -4.1024867349076934E-002
   5.5048486657307665       -3.3863982837460622E-002
   5.5111255741295473       -2.1470782846397047E-002
   5.5174024825283281       -5.7659453942648375E-003
   5.5236793909271089        1.0827180720335955E-002
   5.5299562993258897        2.5757722622619210E-002
   5.5362332077246705        3.6739212052919752E-002
   5.5425101161234513        4.2098112434936351E-002
   5.5487870245222322        4.1026092262216499E-002
   5.5550639329210130        3.3698447178865949E-002
   5.5613408413197938        2.1241902045255227E-002
   5.5676177497185746        5.5580851659054300E-003
   5.5738946581173554       -1.0969182961689288E-002
   5.5801715665161362       -2.5837392103836416E-002
   5.5864484749149170       -3.6804027199621107E-002
   5.5927253833136978       -4.2223196276796826E-002
   5.5990022917124787       -4.1289907871701635E-002
   5.6052792001112595       -3.4156195115881638E-002
   5.6115561085100403       -2.1902862408882319E-002
   5.6178330169088211       -6.3724918726613565E-003
   5.6241099253076019        1.0110070714646603E-002
   5.6303868337063827        2.5086937013740478E-002
   5.6366637421051635        3.6333579568411337E-002
   5.6429406505039443        4.2187642555315250E-002
   5.6492175589027251        4.1792434854255434E-002
   5.6554944673015060        3.5220697759132315E-002
   5.6617713757002868        2.3456024538509007E-002
   5.6680482840990676        8.2410039300558936E-003
   5.6743251924978484       -8.1839644738595039E-003
   5.6806021008966292       -2.3412284167932146E-002
   5.6868790092954100       -3.5223765210555980E-002
   5.6931559176941908       -4.1906659731442350E-002
   5.6994328260929716       -4.2502626348008249E-002
   5.7057097344917524       -3.6940084431896843E-002
   5.7119866428905333       -2.6038007051205302E-002
   5.7182635512893141       -1.1381225104226522E-002
   5.7245404596880949        4.9132416208197294E-003
   5.7308173680868757        2.0503912238628352E-002
   5.7370942764856565        3.3161653564240882E-002
   5.7433711848844373        4.1087082361108924E-002
   5.7496480932832181        4.3163584155421812E-002
   5.7559250016819989        3.9110783922236422E-002
   5.7622019100807798        2.9517965348388190E-002
   5.7684788184795606        1.5754216947910800E-002
   5.7747557268783414       -2.3046319677000614E-004
   5.7810326352771222       -1.6183746742848691E-002
   5.7873095436759030       -2.9869134577976852E-002
   5.7935864520746838       -3.9378662640616367E-002
   5.7998633604734646       -4.3396569215607229E-002
   5.8061402688722454       -4.1377832790088248E-002
   5.8124171772710262       -3.3617880764902887E-002
   5.8186940856698071       -2.1205204006475735E-002
   5.8249709940685879       -5.8649958991595190E-003
   5.8312479024673687        1.0283468026786688E-002
   5.8375248108661495        2.5021625536218343E-002
   5.8438017192649303        3.6336295819598553E-002
   5.8500786276637111        4.2692784498941455E-002
   5.8563555360624919        4.3239798657197445E-002
   5.8626324444612727        3.7919250172680830E-002
   5.8689093528600536        2.7467423445930894E-002
   5.8751862612588344        1.3308867954508908E-002
   5.8814631696576152       -2.6411714332244458E-003
   5.8877400780563960       -1.8237960182436647E-002
   5.8940169864551768       -3.1396226551643078E-002
   5.9002938948539576       -4.0367881084667809E-002
   5.9065708032527384       -4.3971681540140528E-002
   5.9128477116515192       -4.1745040510335486E-002
   5.9191246200503000       -3.3998995572871199E-002
   5.9254015284490809       -2.1770482139360801E-002
   5.9316784368478617       -6.6796726628286238E-003
   5.9379553452466425        9.2875206646744982E-003
   5.9442322536454233        2.4042236656470990E-002
   5.9505091620442041        3.5665806672655481E-002
   5.9567860704429849        4.2657570961591083E-002
   5.9630629788417657        4.4125603590806410E-002
   5.9693398872405457        3.9896528009087891E-002
   5.9756167956393265        3.0531459740436206E-002
   5.9818937040381073        1.7247417810609896E-002
   5.9881706124368881        1.7556764369878960E-003
   5.9944475208356689       -1.3961055101537292E-002
   6.0007244292344497       -2.7903318802418958E-002
   6.0070013376332305       -3.8308628730015608E-002
   6.0132782460320113       -4.3872214695090929E-002
   6.0195551544307921       -4.3907392546951411E-002
   6.0258320628295730       -3.8426281306426995E-002
   6.0321089712283538       -2.8131940127847425E-002
   6.0383858796271346       -1.4324251369392344E-002
   6.0446627880259154        1.2674142204044409E-003
   6.0509396964246962        1.6702833469640885E-002
   6.0572166048234770        3.0073003464339731E-002
   6.0634935132222578        3.9735384505826900E-002
   6.0697704216210386        4.4513461904512053E-002
   6.0760473300198194        4.3836670134107671E-002
   6.0823242384186003        3.7804491556703207E-002
   6.0886011468173811        2.7168072646918773E-002
   6.0948780552161619        1.3232891590749972E-002
   6.1011549636149427       -2.3045118017045387E-003
   6.1074318720137235       -1.7564963728310498E-002
   6.1137087804125043       -3.0714453927282375E-002
   6.1199856888112851       -4.0183621065915998E-002
   6.1262625972100659       -4.4852824329159560E-002
   6.1325395056088468       -4.4181231704672613E-002
   6.1388164140076276       -3.8265510398277608E-002
   6.1450933224064084       -2.7822239212988636E-002
   6.1513702308051892       -1.4097385578581045E-002
   6.1576471392039700        1.2853296910735335E-003
   6.1639240476027508        1.6518585921494997E-002
   6.1702009560015316        2.9822315412339834E-002
   6.1764778644003124        3.9630758654474699E-002
   6.1827547727990932        4.4756151573820055E-002
   6.1890316811978741        4.4546741473352761E-002
   6.1953085895966549        3.8981840134036612E-002
   6.2015854979954357        2.8690546996749982E-002
   6.2078624063942165        1.4891714680661016E-002
   6.2141393147929973       -7.4178293239781875E-004
   6.2204162231917781       -1.6280177678912666E-002
   6.2266931315905589       -2.9773253021436772E-002
   6.2329700399893397       -3.9497343381305922E-002
   6.2392469483881206       -4.4181607570469399E-002
   6.2455238567869014       -4.3183208129254663E-002
   6.2518007651856822       -3.6586375205703937E-002
   6.2580776735844630       -2.5209103782487155E-002
   6.2643545819832438       -1.0512825167721724E-002
   6.2706314903820246        5.5767650436420952E-003
   6.2769083987808054        2.0917115072254515E-002
   6.2831853071795862        3.3433459850701862E-002
