   6.2769083987808056E-003   1.9178326411407264E-003
   1.2553816797561611E-002   4.1473607168664188E-003
   1.8830725196342418E-002   6.3086621528943322E-003
   2.5107633595123222E-002   8.3596827258816623E-003
   3.1384541993904030E-002   1.0255786963406876E-002
   3.7661450392684835E-002   1.1951032560463889E-002
   4.3938358791465640E-002   1.3399539566552914E-002
   5.0215267190246445E-002   1.4557264075676550E-002
   5.6492175589027249E-002   1.5383473738658353E-002
   6.2769083987808061E-002   1.5844397728277577E-002
   6.9045992386588859E-002   1.5924289840731090E-002
   7.5322900785369670E-002   1.5622416852904896E-002
   8.1599809184150468E-002   1.4947629989613286E-002
   8.7876717582931280E-002   1.3917571476340531E-002
   9.4153625981712077E-002   1.2558141930885565E-002
  0.10043053438049289        1.0902802009537828E-002
  0.10670744277927370        8.9916659910272527E-003
  0.11298435117805450        6.8704900991374508E-003
  0.11926125957683531        4.5895165413753578E-003
  0.12553816797561612        2.2022562319818748E-003
  0.13181507637439691       -2.3580225853981474E-004
  0.13809198477317772       -2.6684917729694756E-003
  0.14436889317195853       -5.0402706982353770E-003
  0.15064580157073934       -7.2974799319060939E-003
  0.15692270996952015       -9.3895421176574297E-003
  0.16319961836830094       -1.1270063599947179E-002
  0.16947652676708175       -1.2897825740117037E-002
  0.17575343516586256       -1.4237639389806413E-002
  0.18203034356464337       -1.5261048805774623E-002
  0.18830725196342415       -1.5946873794595619E-002
  0.19458416036220497       -1.6281575878856921E-002
  0.20086106876098578       -1.6259455449391495E-002
  0.20713797715976659       -1.5882660918149053E-002
  0.21341488555854740       -1.5161042976618206E-002
  0.21969179395732819       -1.4111814790012943E-002
  0.22596870235610900       -1.2759107079035239E-002
  0.23224561075488981       -1.1133281352883566E-002
  0.23852251915367062       -9.2705171716760699E-003
  0.24479942755245140       -7.2132259766907996E-003
  0.25107633595123224       -5.0071238430704516E-003
  0.25735324435001306       -2.6994558167921872E-003
  0.26363015274879381       -3.3793317888179366E-004
  0.26990706114757462        2.0303364529501316E-003
  0.27618396954635543        4.3597934239896765E-003
  0.28246087794513625        6.6073028345141043E-003
  0.28873778634391706        8.7329018664493874E-003
  0.29501469474269787        1.0700442190676073E-002
  0.30129160314147868        1.2478096901385235E-002
  0.30756851154025949        1.4038748931501945E-002
  0.31384541993904030        1.5360247019145144E-002
  0.32012232833782106        1.6425545587569489E-002
  0.32639923673660187        1.7222724884864274E-002
  0.33267614513538268        1.7744908947870754E-002
  0.33895305353416350        1.7990084104771466E-002
  0.34522996193294431        1.7960836756156884E-002
  0.35150687033172512        1.7664016562661353E-002
  0.35778377873050593        1.7110344330123005E-002
  0.36406068712928674        1.6313971673472129E-002
  0.37033759552806755        1.5292011705735922E-002
  0.37661450392684831        1.4064046559719249E-002
  0.38289141232562912        1.2651630905344146E-002
  0.38916832072440993        1.1077793497740546E-002
  0.39544522912319074        9.3665573965772235E-003
  0.40172213752197156        7.5424724189061014E-003
  0.40799904592075237        5.6301873446182801E-003
  0.41427595431953318        3.6539743369292457E-003
  0.42055286271831399        1.6372665167956992E-003
  0.42682977111709480       -3.9720159100550763E-004
  0.43310667951587556       -2.4275807388923578E-003
  0.43938358791465637       -4.4331618361481938E-003
  0.44566049631343718       -6.3945718803215309E-003
  0.45193740471221799       -8.2939469767981024E-003
  0.45821431311099881       -1.0115062233407220E-002
  0.46449122150977962       -1.1843433381709512E-002
  0.47076812990856043       -1.3466380535256971E-002
  0.47704503830734124       -1.4973065066132354E-002
  0.48332194670612205       -1.6354493441639389E-002
  0.48959885510490281       -1.7603498289885031E-002
  0.49587576350368362       -1.8714691616261183E-002
  0.50215267190246449       -1.9684400823659777E-002
  0.50842958030124530       -2.0510582184098018E-002
  0.51470648870002611       -2.1192723481125959E-002
  0.52098339709880681       -2.1731729025445894E-002
  0.52726030549758762       -2.2129800626854042E-002
  0.53353721389636843       -2.2390304898449089E-002
  0.53981412229514925       -2.2517643660045026E-002
  0.54609103069393006       -2.2517112918901201E-002
  0.55236793909271087       -2.2394772876599068E-002
  0.55864484749149168       -2.2157305854009244E-002
  0.56492175589027249       -2.1811895174073972E-002
  0.57119866428905330       -2.1366087069291800E-002
  0.57747557268783412       -2.0827680781041330E-002
  0.58375248108661493       -2.0204729683949325E-002
  0.59002938948539574       -1.9507094643579991E-002
  0.59630629788417655       -1.8747826264084669E-002
  0.60258320628295736       -1.7939882202727478E-002
  0.60886011468173817       -1.7095389765417093E-002
  0.61513702308051899       -1.6225658069058641E-002
  0.62141393147929980       -1.5341057196081679E-002
  0.62769083987808061       -1.4450999248924134E-002
  0.63396774827686131       -1.3563897599228112E-002
  0.64024465667564212       -1.2687176085595211E-002
  0.64652156507442293       -1.1827274756805695E-002
  0.65279847347320374       -1.0989686093500373E-002
  0.65907538187198456       -1.0178991224368073E-002
  0.66535229027076537       -9.3989153967847117E-003
  0.67162919866954618       -8.6523828136857786E-003
  0.67790610706832699       -7.9415830487853598E-003
  0.68418301546710780       -7.2680351183751551E-003
  0.69045992386588861       -6.6326576026189878E-003
  0.69673683226466943       -6.0358347291613532E-003
  0.70301374066345024       -5.4774845346829961E-003
  0.70929064906223105       -4.9571217486931570E-003
  0.71556755746101186       -4.4739199643360613E-003
  0.72184446585979267       -4.0267679334779188E-003
  0.72812137425857348       -3.6143231509530058E-003
  0.73439828265735430       -3.2350598343854286E-003
  0.74067519105613511       -2.8873122022585206E-003
  0.74695209945491581       -2.5693146409795117E-003
  0.75322900785369662       -2.2792300122885713E-003
  0.75950591625247743       -2.0152208302438024E-003
  0.76578282465125824       -1.7757429418814022E-003
  0.77205973305003905       -1.5594950677742295E-003
  0.77833664144881987       -1.3651030157296200E-003
  0.78461354984760068       -1.1911114648517620E-003
  0.79089045824638149       -1.0360293238939559E-003
  0.79716736664516230       -8.9835861563839631E-004
  0.80344427504394311       -7.7662222294951934E-004
  0.80972118344272392       -6.6938385127287203E-004
  0.81599809184150474       -5.7526508035634445E-004
  0.82227500024028555       -4.9295693244343845E-004
  0.82855190863906636       -4.2122888062336270E-004
  0.83482881703784717       -3.5893384658700040E-004
  0.84110572543662798       -3.0501134912187214E-004
  0.84738263383540879       -2.5848779629251436E-004
  0.85365954223418961       -2.1847564076348222E-004
  0.85993645063297042       -1.8417059637621658E-004
  0.86621335903175112       -1.5484831942600531E-004
  0.87249026743053193       -1.2985985755520197E-004
  0.87876717582931274       -1.0862702131226433E-004
  0.88504408422809355       -9.0637043000727714E-005
  0.89132099262687436       -7.5437474499244817E-005
  0.89759790102565518       -6.2630736073526731E-005
  0.90387480942443599       -5.1869095285879475E-005
  0.91015171782321680       -4.2849541227477246E-005
  0.91642862622199761       -3.5309170114692363E-005
  0.92270553462077842       -2.9020645101558553E-005
  0.92898244301955923       -2.3788093462773779E-005
  0.93525935141834005       -1.9443711320990486E-005
  0.94153625981712086       -1.5846874140077753E-005
  0.94781316821590167       -1.2878500499874294E-005
  0.95409007661468248       -1.0436638473400990E-005
  0.96036698501346329       -8.4341988493539370E-006
  0.96664389341224410       -6.7972048225815481E-006
  0.97292080181102492       -5.4630233350909600E-006
  0.97919771020980562       -4.3789188414418968E-006
  0.98547461860858643       -3.5006065048390118E-006
  0.99175152700736724       -2.7911103573084513E-006
  0.99802843540614805       -2.2196160787864896E-006
   1.0043053438049290       -1.7606003456388877E-006
   1.0105822522037098       -1.3929441746208080E-006
   1.0168591606024906       -1.0992899841856981E-006
   1.0231360690012714       -8.6537033795356595E-007
   1.0294129774000522       -6.7954776442960162E-007
   1.0356898857988328       -5.3231477124530474E-007
   1.0419667941976136       -4.1597499822583975E-007
   1.0482437025963944       -3.2427523031319488E-007
   1.0545206109951752       -2.5219239401065423E-007
   1.0607975193939561       -1.9566472858837666E-007
   1.0670744277927369       -1.5145577056501038E-007
   1.0733513361915177       -1.1695844041079182E-007
   1.0796282445902985       -9.0113499166361299E-008
   1.0859051529890793       -6.9266336435841234E-008
   1.0921820613878601       -5.3122914383031896E-008
   1.0984589697866409       -4.0644138256406602E-008
   1.1047358781854217       -3.1026798641706323E-008
   1.1110127865842025       -2.3624841095345444E-008
   1.1172896949829834       -1.7948255584302681E-008
   1.1235666033817642       -1.3600192960702928E-008
   1.1298435117805450       -1.0283829625554785E-008
   1.1361204201793258       -7.7554540890442341E-009
   1.1423973285781066       -5.8378189405141832E-009
   1.1486742369768874       -4.3822524955160493E-009
   1.1549511453756682       -3.2849046759886797E-009
   1.1612280537744490       -2.4554368223658911E-009
   1.1675049621732299       -1.8344489665985214E-009
   1.1737818705720107       -1.3670665156713416E-009
   1.1800587789707915       -1.0204561608295334E-009
   1.1863356873695723       -7.6116945737938660E-010
   1.1926125957683531       -5.7207716392380932E-010
   1.1988895041671339       -4.3269409877076706E-010
   1.2051664125659147       -3.3515131792660760E-010
   1.2114433209646955       -2.6698056379981142E-010
   1.2177202293634763       -2.2593148695089065E-010
   1.2239971377622572       -2.0487963163319897E-010
   1.2302740461610380       -2.0543799321491857E-010
   1.2365509545598188       -2.2478466321228356E-010
   1.2428278629585996       -2.6812576431383232E-010
   1.2491047713573804       -3.3737831836222596E-010
   1.2553816797561612       -4.4268436126987599E-010
   1.2616585881549420       -5.9304054958122557E-010
   1.2679354965537226       -8.0728547851484026E-010
   1.2742124049525034       -1.1070244133033158E-009
   1.2804893133512842       -1.5280013921800753E-009
   1.2867662217500651       -2.1143625702372137E-009
   1.2930431301488459       -2.9217849413998058E-009
   1.2993200385476267       -4.0177093084573220E-009
   1.3055969469464075       -5.4914625426475724E-009
   1.3118738553451883       -7.4520068895626764E-009
   1.3181507637439691       -1.0036336388522820E-008
   1.3244276721427499       -1.3408319157851923E-008
   1.3307045805415307       -1.7765105501909169E-008
   1.3369814889403115       -2.3335208917421607E-008
   1.3432583973390924       -3.0380773140201128E-008
   1.3495353057378732       -3.9192008335787955E-008
   1.3558122141366540       -5.0081941482738333E-008
   1.3620891225354348       -6.3373288122905255E-008
   1.3683660309342156       -7.9381527110979574E-008
   1.3746429393329964       -9.8390120470458055E-008
   1.3809198477317772       -1.2061842407150107E-007
   1.3871967561305580       -1.4618312257560309E-007
   1.3934736645293389       -1.7505096689230980E-007
   1.3997505729281197       -2.0698974737464750E-007
   1.4060274813269005       -2.4151325436223326E-007
   1.4123043897256813       -2.7783471884619212E-007
   1.4185812981244621       -3.1482244782276216E-007
   1.4248582065232429       -3.5098096675053720E-007
   1.4311351149220237       -3.8444717265442950E-007
   1.4374120233208045       -4.1303445446111616E-007
   1.4436889317195853       -4.3430362868785486E-007
   1.4499658401183662       -4.4570272399038121E-007
   1.4562427485171470       -4.4477451080181317E-007
   1.4625196569159278       -4.2996468414774046E-007
   1.4687965653147086       -4.0146398944990654E-007
   1.4750734737134894       -3.6010865839841414E-007
   1.4813503821122702       -3.0712963015503165E-007
   1.4876272905110510       -2.4417040365519494E-007
   1.4939041989098316       -1.7321662845606108E-007
   1.5001811073086124       -9.6554352973437036E-008
   1.5064580157073932       -1.6686649998376956E-008
   1.5127349241061741        6.3734868476370356E-008
   1.5190118325049549        1.4200732074825528E-007
   1.5252887409037357        2.1545823207047297E-007
   1.5315656493025165        2.8154764881512571E-007
   1.5378425577012973        3.3794975535808873E-007
   1.5441194661000781        3.8264770352209902E-007
   1.5503963744988589        4.1400166016768215E-007
   1.5566732828976397        4.3082379039370602E-007
   1.5629501912964205        4.3242038087664618E-007
   1.5692270996952014        4.1863615037301950E-007
   1.5755040080939822        3.8986102206223260E-007
   1.5817809164927630        3.4703659195652544E-007
   1.5880578248915438        2.9162269976698474E-007
   1.5943347332903246        2.2556403612313082E-007
   1.6006116416891054        1.5121736810747123E-007
   1.6068885500878862        7.1282239015694603E-008
   1.6131654584866670       -1.1304216594924060E-008
   1.6194423668854478       -9.3462627129432158E-008
   1.6257192752842287       -1.7209643071421993E-007
   1.6319961836830095       -2.4419946780056155E-007
   1.6382730920817903       -3.0699380808584607E-007
   1.6445500004805711       -3.5803782806468823E-007
   1.6508269088793519       -3.9533026593260428E-007
   1.6571038172781327       -4.1737924729760330E-007
   1.6633807256769135       -4.2327822806411769E-007
   1.6696576340756943       -4.1273541979284622E-007
   1.6759345424744752       -3.8610458278174280E-007
   1.6822114508732560       -3.4436561518151835E-007
   1.6884883592720368       -2.8910579945139300E-007
   1.6947652676708176       -2.2245074512690159E-007
   1.7010421760695984       -1.4699928546570902E-007
   1.7073190844683792       -6.5711845376509685E-008
   1.7135959928671600        1.8190203550775843E-008
   1.7198729012659408        1.0136457068404925E-007
   1.7261498096647214        1.8046715968732803E-007
   1.7324267180635022        2.5230114880350190E-007
   1.7387036264622830        3.1393369539354222E-007
   1.7449805348610639        3.6283246879371178E-007
   1.7512574432598447        3.9695849429787403E-007
   1.7575343516586255        4.1486972613174123E-007
   1.7638112600574063        4.1577152087033914E-007
   1.7700881684561871        3.9957146909726379E-007
   1.7763650768549679        3.6687516190138285E-007
   1.7826419852537487        3.1898399718968049E-007
   1.7889188936525295        2.5783243304783847E-007
   1.7951958020513104        1.8592977312607968E-007
   1.8014727104500912        1.0624463626689293E-007
   1.8077496188488720        2.2101609809759298E-008
   1.8140265272476528       -6.2972659755152039E-008
   1.8203034356464336       -1.4539222936500343E-007
   1.8265803440452144       -2.2168476142556107E-007
   1.8328572524439952       -2.8862158065199976E-007
   1.8391341608427760       -3.4337188935300146E-007
   1.8454110692415568       -3.8360616086615765E-007
   1.8516879776403377       -4.0761358655072385E-007
   1.8579648860391185       -4.1435852316851477E-007
   1.8642417944378993       -4.0354408189060507E-007
   1.8705187028366801       -3.7560869645337284E-007
   1.8767956112354609       -3.3172770671260576E-007
   1.8830725196342417       -2.7374701527862857E-007
   1.8893494280330225       -2.0412493730930117E-007
   1.8956263364318033       -1.2581044284268328E-007
   1.9019032448305841       -4.2137722389221387E-008
   1.9081801532293650        4.3334096535341142E-008
   1.9144570616281458        1.2695301372790709E-007
   1.9207339700269266        2.0514943284202768E-007
   1.9270108784257074        2.7456940698890463E-007
   1.9332877868244882        3.3223863701299136E-007
   1.9395646952232690        3.7567090641023953E-007
   1.9458416036220498        4.0299623473064802E-007
   1.9521185120208304        4.1302237488897099E-007
   1.9583954204196112        4.0530849190541798E-007
   1.9646723288183920        3.8016524557065044E-007
   1.9709492372171729        3.3866462531445387E-007
   1.9772261456159537        2.8257407189953138E-007
   1.9835030540147345        2.1430641681292032E-007
   1.9897799624135153        1.3680683621299496E-007
   1.9960568708122961        5.3427051904613908E-008
   2.0023337792110771       -3.2250034571962755E-008
   2.0086106876098579       -1.1654297566496173E-007
   2.0148875960086388       -1.9585220192085257E-007
   2.0211645044074196       -2.6679103173059700E-007
   2.0274414128062004       -3.2635181190596925E-007
   2.0337183212049812       -3.7200953561350577E-007
   2.0399952296037620       -4.0184993900677537E-007
   2.0462721380025428       -4.1462482920233699E-007
   2.0525490464013236       -4.0982519306770535E-007
   2.0588259548001044       -3.8767577811647680E-007
   2.0651028631988853       -3.4914581829515890E-007
   2.0713797715976656       -2.9588073153295634E-007
   2.0776566799964464       -2.3015365926251239E-007
   2.0839335883952272       -1.5474257251920121E-007
   2.0902104967940081       -7.2835666047064880E-008
   2.0964874051927889        1.2129000718916569E-008
   2.1027643135915697        9.6583754593139620E-008
   2.1090412219903505        1.7700619993737901E-007
   2.1153181303891313        2.5004068922701477E-007
   2.1215950387879121        3.1266294216561567E-007
   2.1278719471866929        3.6227846806226141E-007
   2.1341488555854737        3.9685437583564268E-007
   2.1404257639842545        4.1497456553877829E-007
   2.1467026723830354        4.1592226453302967E-007
   2.1529795807818162        3.9967863475425887E-007
   2.1592564891805970        3.6695373225108653E-007
   2.1655333975793778        3.1915006091671644E-007
   2.1718103059781586        2.5829475421706829E-007
   2.1780872143769394        1.8691492614976260E-007
   2.1843641227757202        1.0795733502967219E-007
   2.1906410311745010        2.4635342937264358E-008
   2.1969179395732819       -5.9675783389811132E-008
   2.2031948479720627       -1.4160482776544195E-007
   2.2094717563708435       -2.1789073819907511E-007
   2.2157486647696243       -2.8553964144017181E-007
   2.2220255731684051       -3.4191097082116667E-007
   2.2283024815671859       -3.8484604681515249E-007
   2.2345793899659667       -4.1271704639235142E-007
   2.2408562983647475       -4.2451311074160290E-007
   2.2471332067635283       -4.1984156970302078E-007
   2.2534101151623092       -3.9896486278475588E-007
   2.2596870235610900       -3.6275125411905232E-007
   2.2659639319598708       -3.1266379235910940E-007
   2.2722408403586516       -2.5066550629479066E-007
   2.2785177487574324       -1.7916890916385788E-007
   2.2847946571562132       -1.0090719594610958E-007
   2.2910715655549940       -1.8858352640832384E-008
   2.2973484739537748        6.3901737973992225E-008
   2.3036253823525557        1.4428340520008362E-007
   2.3099022907513365        2.1933052946008432E-007
   2.3161791991501173        2.8629530217545803E-007
   2.3224561075488981        3.4276936488073815E-007
   2.3287330159476789        3.8673438355631000E-007
   2.3350099243464597        4.1667354277057549E-007
   2.3412868327452405        4.3160221170129055E-007
   2.3475637411440213        4.3110907979296212E-007
   2.3538406495428021        4.1532018412310419E-007
   2.3601175579415830        3.8491728539490347E-007
   2.3663944663403638        3.4106623386304909E-007
   2.3726713747391446        2.8540003141214051E-007
   2.3789482831379254        2.1991602921250145E-007
   2.3852251915367062        1.4693403050293252E-007
   2.3915020999354870        6.8973600650747207E-008
   2.3977790083342678       -1.1300174723336176E-008
   2.4040559167330486       -9.1206209123341411E-008
   2.4103328251318294       -1.6810077681407205E-007
   2.4166097335306103       -2.3950108806721876E-007
   2.4228866419293911       -3.0312577735120291E-007
   2.4291635503281719       -3.5700178325683817E-007
   2.4354404587269527       -3.9948268069809931E-007
   2.4417173671257335       -4.2933136280142622E-007
   2.4479942755245143       -4.4571060479336505E-007
   2.4542711839232951       -4.4823796580482823E-007
   2.4605480923220759       -4.3694697621077991E-007
   2.4668250007208568       -4.1231464782706471E-007
   2.4731019091196376       -3.7519547427960448E-007
   2.4793788175184184       -3.2682543165593037E-007
   2.4856557259171992       -2.6873407529090336E-007
   2.4919326343159800       -2.0273155843169424E-007
   2.4982095427147608       -1.3080615434011411E-007
   2.5044864511135416       -5.5102651494833880E-008
   2.5107633595123224        2.2185633716999778E-008
   2.5170402679111032        9.8847065572882789E-008
   2.5233171763098841        1.7276456484967106E-007
   2.5295940847086644        2.4193042766358404E-007
   2.5358709931074452        3.0454153720995328E-007
   2.5421479015062260        3.5899831649552709E-007
   2.5484248099050069        4.0398436778439439E-007
   2.5547017183037877        4.3844693749944765E-007
   2.5609786267025685        4.6165895128525431E-007
   2.5672555351013493        4.7318022642937474E-007
   2.5735324435001301        4.7290230879244836E-007
   2.5798093518989109        4.6099186120081952E-007
   2.5860862602976917        4.3792069638661313E-007
   2.5923631686964725        4.0439447641696205E-007
   2.5986400770952534        3.6137172894728627E-007
   2.6049169854940342        3.0998206816190194E-007
   2.6111938938928150        2.5153874258282535E-007
   2.6174708022915958        1.8745101692524747E-007
   2.6237477106903766        1.1923491834817783E-007
   2.6300246190891574        4.8424260866751597E-008
   2.6363015274879382       -2.3416142508611189E-008
   2.6425784358867190       -9.4776962730704139E-008
   2.6488553442854998       -1.6418520559377286E-007
   2.6551322526842807       -2.3028529797315003E-007
   2.6614091610830615       -2.9181154046280371E-007
   2.6676860694818423       -3.4766205370888835E-007
   2.6739629778806231       -3.9686124548306293E-007
   2.6802398862794039       -4.3862813822847626E-007
   2.6865167946781847       -4.7234458419845623E-007
   2.6927937030769655       -4.9761151037820026E-007
   2.6990706114757463       -5.1418047822683913E-007
   2.7053475198745272       -5.2200124624428272E-007
   2.7116244282733080       -5.2115505027856995E-007
   2.7179013366720888       -5.1189851725004174E-007
   2.7241782450708696       -4.9459092304669205E-007
   2.7304551534696504       -4.6973548275734687E-007
   2.7367320618684312       -4.3790287912658535E-007
   2.7430089702672120       -3.9977206721729192E-007
   2.7492858786659928       -3.5605207944319791E-007
   2.7555627870647736       -3.0752423922586839E-007
   2.7618396954635545       -2.5496389953387625E-007
   2.7681166038623353       -1.9918556630713471E-007
   2.7743935122611161       -1.4096578516281623E-007
   2.7806704206598969       -8.1092222032291537E-008
   2.7869473290586777       -2.0288451561550373E-008
   2.7932242374574585        4.0732413354549787E-008
   2.7995011458562393        1.0134072095178543E-007
   2.8057780542550201        1.6093191397330298E-007
   2.8120549626538009        2.1899738071742363E-007
   2.8183318710525818        2.7506150152648997E-007
   2.8246087794513626        3.2875070027714735E-007
   2.8308856878501434        3.7972629211454985E-007
   2.8371625962489242        4.2775228736195389E-007
   2.8434395046477050        4.7262458067174382E-007
   2.8497164130464858        5.1423815160910340E-007
   2.8559933214452666        5.5251332222442725E-007
   2.8622702298440474        5.8746384699472333E-007
   2.8685471382428283        6.1912014259646317E-007
   2.8748240466416091        6.4759707745642861E-007
   2.8811009550403899        6.7301564174091406E-007
   2.8873778634391707        6.9557240982918599E-007
   2.8936547718379515        7.1545973677061715E-007
   2.8999316802367323        7.3293712749074527E-007
   2.9062085886355131        7.4825028786572832E-007
   2.9124854970342939        7.6170480912660276E-007
   2.9187624054330747        7.7358430006156236E-007
   2.9250393138318556        7.8422673024199607E-007
   2.9313162222306364        7.9394175755689483E-007
   2.9375931306294172        8.0308999760714296E-007
   2.9438700390281980        8.1199957114184482E-007
   2.9501469474269788        8.2104855054770589E-007
   2.9564238558257596        8.3058064784842921E-007
   2.9627007642245404        8.4099112452017740E-007
   2.9689776726233212        8.5264143532013119E-007
   2.9752545810221021        8.6594901418076844E-007
   2.9815314894208829        8.8130050763575272E-007
   2.9878083978196632        8.9914619032904810E-007
   2.9940853062184440        9.1991096128019980E-007
   3.0003622146172249        9.4409507743637054E-007
   3.0066391230160057        9.7218055696728046E-007
   3.0129160314147865        1.0047433806781868E-006
   3.0191929398135673        1.0423449029501607E-006
   3.0254698482123481        1.0856871405046599E-006
   3.0317467566111289        1.1352717327480780E-006
   3.0380236650099097        1.1903700919347907E-006
   3.0443005734086905        1.2499081968887861E-006
   3.0505774818074713        1.3127891862438668E-006
   3.0568543902062522        1.3777281226766822E-006
   3.0631312986050330        1.4433640139975399E-006
   3.0694082070038138        1.5081391959788338E-006
   3.0756851154025946        1.5704109154335019E-006
   3.0819620238013754        1.6283489886262392E-006
   3.0882389322001562        1.6800602471736224E-006
   3.0945158405989370        1.7235025803890153E-006
   3.1007927489977178        1.7566272750362113E-006
   3.1070696573964987        1.7773098296768501E-006
   3.1133465657952795        1.7835121891652769E-006
   3.1196234741940603        1.7732295518264358E-006
   3.1259003825928411        1.7446714671843022E-006
   3.1321772909916219        1.6962210665879414E-006
   3.1384541993904027        1.6266302580369083E-006
   3.1447311077891835        1.5349839671436918E-006
   3.1510080161879643        1.4209003629080086E-006
   3.1572849245867451        1.2844884001517127E-006
   3.1635618329855260        1.1265397764707350E-006
   3.1698387413843068        9.4846415245474910E-007
   3.1761156497830876        7.5245637327550194E-007
   3.1823925581818684        5.4139125288296276E-007
   3.1886694665806492        3.1894896054209798E-007
   3.1949463749794300        8.9450801556890352E-008
   3.2012232833782108       -1.4207054085007628E-007
   3.2075001917769916       -3.7017986778998855E-007
   3.2137771001757724       -5.8937683119584349E-007
   3.2200540085745533       -7.9448104944844682E-007
   3.2263309169733341       -9.8061873549249954E-007
   3.2326078253721149       -1.1434746644439039E-006
   3.2388847337708957       -1.2792479492978506E-006
   3.2451616421696765       -1.3848777960371822E-006
   3.2514385505684573       -1.4579638152578211E-006
   3.2577154589672381       -1.4969597307759898E-006
   3.2639923673660189       -1.5010528062880747E-006
   3.2702692757647998       -1.4703228589669134E-006
   3.2765461841635806       -1.4055793451009442E-006
   3.2828230925623614       -1.3084865863773283E-006
   3.2891000009611422       -1.1813607499689513E-006
   3.2953769093599230       -1.0272655994684396E-006
   3.3016538177587038       -8.4977482835523901E-007
   3.3079307261574846       -6.5304551737860073E-007
   3.3142076345562654       -4.4155379341020088E-007
   3.3204845429550462       -2.2015526444828311E-007
   3.3267614513538271        6.1963840672905230E-009
   3.3330383597526079        2.3239155508668059E-007
   3.3393152681513887        4.5345293694193980E-007
   3.3455921765501695        6.6446967181567138E-007
   3.3518690849489503        8.6088240488673624E-007
   3.3581459933477311        1.0383995706853843E-006
   3.3644229017465119        1.1932707552197423E-006
   3.3706998101452927        1.3221758367591152E-006
   3.3769767185440736        1.4224924504154136E-006
   3.3832536269428544        1.4922728154104834E-006
   3.3895305353416352        1.5305396598108110E-006
   3.3958074437404160        1.5369410253603324E-006
   3.4020843521391968        1.5119003188697840E-006
   3.4083612605379776        1.4563773584997710E-006
   3.4146381689367584        1.3720228341984346E-006
   3.4209150773355392        1.2609072325336276E-006
   3.4271919857343200        1.1256649190907805E-006
   3.4334688941331009        9.6920218917352293E-007
   3.4397458025318817        7.9483891455378381E-007
   3.4460227109306620        6.0600437763497401E-007
   3.4522996193294428        4.0638475537890966E-007
   3.4585765277282237        1.9961425057270757E-007
   3.4648534361270045       -1.0564316415908421E-008
   3.4711303445257853       -2.2060707531300392E-007
   3.4774072529245661       -4.2698971290493226E-007
   3.4836841613233469       -6.2650954781652606E-007
   3.4899610697221277       -8.1608347241342448E-007
   3.4962379781209085       -9.9304223519779920E-007
   3.5025148865196893       -1.1549037090735876E-006
   3.5087917949184702       -1.2996588702252772E-006
   3.5150687033172510       -1.4255200790135276E-006
   3.5213456117160318       -1.5311997407155783E-006
   3.5276225201148126       -1.6156347924403644E-006
   3.5338994285135934       -1.6782599093027603E-006
   3.5401763369123742       -1.7187112630511416E-006
   3.5464532453111550       -1.7370938637437230E-006
   3.5527301537099358       -1.7336964344391516E-006
   3.5590070621087166       -1.7094573385114444E-006
   3.5652839705074975       -1.6655718934027083E-006
   3.5715608789062783       -1.6035959965944421E-006
   3.5778377873050591       -1.5250596244403266E-006
   3.5841146957038399       -1.4317440362024608E-006
   3.5903916041026207       -1.3253084291683698E-006
   3.5966685125014015       -1.2075833774548974E-006
   3.6029454209001823       -1.0801937040798528E-006
   3.6092223292989631       -9.4487234523402800E-007
   3.6154992376977440       -8.0307955460977525E-007
   3.6217761460965248       -6.5633844572998441E-007
   3.6280530544953056       -5.0584979508874924E-007
   3.6343299628940864       -3.5284936434475237E-007
   3.6406068712928672       -1.9821667692006076E-007
   3.6468837796916480       -4.2853461679632249E-008
   3.6531606880904288        1.1271586594152780E-007
   3.6594375964892096        2.6794574418680944E-007
   3.6657145048879904        4.2267993974786658E-007
   3.6719914132867713        5.7673440193047044E-007
   3.6782683216855521        7.3032153852058784E-007
   3.6845452300843329        8.8361576575648164E-007
   3.6908221384831137        1.0371944907557780E-006
   3.6970990468818945        1.1915877114199729E-006
   3.7033759552806753        1.3477385980363073E-006
   3.7096528636794561        1.5065385026309299E-006
   3.7159297720782369        1.6693099541754186E-006
   3.7222066804770177        1.8373288477790726E-006
   3.7284835888757986        2.0123296133730532E-006
   3.7347604972745794        2.1959948367243078E-006
   3.7410374056733602        2.3905013995920090E-006
   3.7473143140721410        2.5980276024825292E-006
   3.7535912224709218        2.8213237154442130E-006
   3.7598681308697026        3.0632031862554114E-006
   3.7661450392684834        3.3271501108348617E-006
   3.7724219476672642        3.6168063615284646E-006
   3.7786988560660451        3.9366227081194616E-006
   3.7849757644648259        4.2913475079358956E-006
   3.7912526728636067        4.6867297878271236E-006
   3.7975295812623875        5.1290178932448102E-006
   3.8038064896611683        5.6257259470667144E-006
   3.8100833980599491        6.1851548803474973E-006
   3.8163603064587299        6.8172381923838061E-006
   3.8226372148575107        7.5331036500206628E-006
   3.8289141232562915        8.3460208165730774E-006
   3.8351910316550724        9.2710302294143441E-006
   3.8414679400538532        1.0326024701790481E-005
   3.8477448484526340        1.1531485192084899E-005
   3.8540217568514148        1.2911741849021375E-005
   3.8602986652501956        1.4494873840327365E-005
   3.8665755736489764        1.6314216751844514E-005
   3.8728524820477572        1.8408509888077832E-005
   3.8791293904465380        2.0823747594204269E-005
   3.8854062988453189        2.3613694926590619E-005
   3.8916832072440997        2.6842230009685643E-005
   3.8979601156428805        3.0584390530330280E-005
   3.9042370240416608        3.4929557627945891E-005
   3.9105139324404417        3.9984169079146397E-005
   3.9167908408392225        4.5875294447633048E-005
   3.9230677492380033        5.2753726554212303E-005
   3.9293446576367841        6.0799619160126048E-005
   3.9356215660355649        7.0227627237456138E-005
   3.9418984744343457        8.1294751713632230E-005
   3.9481753828331265        9.4308331094628174E-005
   3.9544522912319073        1.0963718450306981E-004
   3.9607291996306881        1.2772387309788728E-004
   3.9670061080294690        1.4910077390948144E-004
   3.9732830164282498        1.7440877213814363E-004
   3.9795599248270306        2.0442074074387260E-004
   3.9858368332258114        2.4006996518474174E-004
   3.9921137416245922        2.8248479736199913E-004
   3.9983906500233730        3.3303188536241751E-004
   4.0046675584221543        3.9336775571499513E-004
   4.0109444668209351        4.6550469595380472E-004
   4.0172213752197159        5.5188805887839538E-004
   4.0234982836184967        6.5549704857587434E-004
   4.0297751920172775        7.7996115078904360E-004
   4.0360521004160583        9.2971520495528084E-004
   4.0423290088148391        1.1101751493275828E-003
   4.0486059172136200        1.3279788326866152E-003
   4.0548828256124008        1.5912501969386793E-003
   4.0611597340111816        1.9099800907714404E-003
   4.0674366424099624        2.2964145532192669E-003
   4.0737135508087432        2.7656239852519361E-003
   4.0799904592075240        3.3344892172782392E-003
   4.0862673676063048        4.0181920306918495E-003
   4.0925442760050856        4.8330490431402846E-003
   4.0988211844038664        5.7970971058230493E-003
   4.1050980928026473        6.9297806586323145E-003
   4.1113750012014281        8.2517489552016380E-003
   4.1176519096002089        9.7844565615759303E-003
   4.1239288179989897        1.1549683085922401E-002
   4.1302057263977705        1.3568885442421255E-002
   4.1364826347965504        1.5862398478466017E-002
   4.1427595431953312        1.8448464944210170E-002
   4.1490364515941121        2.1342078044825921E-002
   4.1553133599928929        2.4553663211134676E-002
   4.1615902683916737        2.8087572577837942E-002
   4.1678671767904545        3.1940466006218353E-002
   4.1741440851892353        3.6099554135444134E-002
   4.1804209935880161        4.0540833923545884E-002
   4.1866979019867969        4.5227298867602135E-002
   4.1929748103855777        5.0107322809416169E-002
   4.1992517187843585        5.5113201171401290E-002
   4.2055286271831394        6.0160127613492091E-002
   4.2118055355819202        6.5145571301695182E-002
   4.2180824439807010        6.9949417320847418E-002
   4.2243593523794818        7.4434779527207326E-002
   4.2306362607782626        7.8449911393067159E-002
   4.2369131691770434        8.1831091198320827E-002
   4.2431900775758242        8.4406512106314821E-002
   4.2494669859746050        8.6005829242078072E-002
   4.2557438943733858        8.6507716635151471E-002
   4.2620208027721667        8.5870012330015996E-002
   4.2682977111709475        8.4074847356895743E-002
   4.2745746195697283        8.1119381091437959E-002
   4.2808515279685091        7.7018823154670582E-002
   4.2871284363672899        7.1806523978425477E-002
   4.2934053447660707        6.5535011658153133E-002
   4.2996822531648515        5.8275985233430520E-002
   4.3059591615636323        5.0120408816879743E-002
   4.3122360699624132        4.1177887163215937E-002
   4.3185129783611940        3.1575866541980094E-002
   4.3247898867599748        2.1458220178756756E-002
   4.3310667951587556        1.0983543721636862E-002
   4.3373437035575364        3.2289939624269786E-004
   4.3436206119563172       -1.0342759399660346E-002
   4.3498975203550980       -2.0825637421532227E-002
   4.3561744287538788       -3.0934429638007653E-002
   4.3624513371526596       -4.0478016399818177E-002
   4.3687282455514405       -4.9269345631869972E-002
   4.3750051539502213       -5.7129527348172365E-002
   4.3812820623490021       -6.3891967758276741E-002
   4.3875589707477829       -6.9406527551027830E-002
   4.3938358791465637       -7.3543531373049892E-002
   4.4001127875453445       -7.6197586741305029E-002
   4.4063896959441253       -7.7291039937843961E-002
   4.4126666043429061       -7.6777020059564494E-002
   4.4189435127416870       -7.4641892048057615E-002
   4.4252204211404678       -7.0907168259771350E-002
   4.4314973295392486       -6.5631030044032243E-002
   4.4377742379380294       -5.8908389325398020E-002
   4.4440511463368102       -5.0869715329323578E-002
   4.4503280547355910       -4.1679338092987288E-002
   4.4566049631343718       -3.1532868192609857E-002
   4.4628818715331526       -2.0653694084042613E-002
   4.4691587799319334       -9.2885803035186714E-003
   4.4754356883307143        2.2975524563240953E-003
   4.4817125967294951        1.3827593070457771E-002
   4.4879895051282759        2.5018814945215125E-002
   4.4942664135270567        3.5589932785831113E-002
   4.5005433219258375        4.5268456701212260E-002
   4.5068202303246183        5.3798169821286199E-002
   4.5130971387233991        6.0946510203404199E-002
   4.5193740471221799        6.6511653690198499E-002
   4.5256509555209607        7.0329063828762473E-002
   4.5319278639197416        7.2277299561316413E-002
   4.5382047723185224        7.2282857957738395E-002
   4.5444816807173032        7.0323864890749987E-002
   4.5507585891160840        6.6432431121594193E-002
   4.5570354975148648        6.0695538515489041E-002
   4.5633124059136456        5.3254342733885435E-002
   4.5695893143124264        4.4301836170870475E-002
   4.5758662227112072        3.4078850353416693E-002
   4.5821431311099881        2.2868441463453595E-002
   4.5884200395087689        1.0988744862774347E-002
   4.5946969479075497       -1.2155425071351117E-003
   4.6009738563063305       -1.3382914258385894E-002
   4.6072507647051113       -2.5146176323355546E-002
   4.6135276731038921       -3.6144295469378425E-002
   4.6198045815026729       -4.6033845632437835E-002
   4.6260814899014537       -5.4500181444494297E-002
   4.6323583983002345       -6.1268076327224266E-002
   4.6386353066990154       -6.6111429080217346E-002
   4.6449122150977962       -6.8861693963288950E-002
   4.6511891234965770       -6.9414696668075149E-002
   4.6574660318953578       -6.7735551036639419E-002
   4.6637429402941386       -6.3861431376916869E-002
   4.6700198486929194       -5.7902029165382701E-002
   4.6762967570917002       -5.0037582874807002E-002
   4.6825736654904810       -4.0514463100204096E-002
   4.6888505738892619       -2.9638364046549202E-002
   4.6951274822880427       -1.7765258025932731E-002
   4.7014043906868235       -5.2903339474148284E-003
   4.7076812990856043        7.3647510306992072E-003
   4.7139582074843851        1.9765933760943849E-002
   4.7202351158831659        3.1481646541599739E-002
   4.7265120242819467        4.2098078009141664E-002
   4.7327889326807275        5.1234222755724160E-002
   4.7390658410795083        5.8556204238941284E-002
   4.7453427494782892        6.3790267700724337E-002
   4.7516196578770700        6.6733988103641464E-002
   4.7578965662758508        6.7265111967361527E-002
   4.7641734746746316        6.5347780771286071E-002
   4.7704503830734124        6.1035515223654142E-002
   4.7767272914721932        5.4471687190734891E-002
   4.7830041998709740        4.5888407671126237E-002
   4.7892811082697548        3.5596095361867357E-002
   4.7955580166685357        2.3972009967900870E-002
   4.8018349250673165        1.1447058187519994E-002
   4.8081118334660973       -1.5098523203914251E-003
   4.8143887418648781       -1.4409101442170969E-002
   4.8206656502636589       -2.6758818897578938E-002
   4.8269425586624397       -3.8083727156007149E-002
   4.8332194670612205       -4.7943717717907161E-002
   4.8394963754600013       -5.5951370336163229E-002
   4.8457732838587821       -6.1787752883531499E-002
   4.8520501922575630       -6.5215799709496175E-002
   4.8583271006563438       -6.6090722200664281E-002
   4.8646040090551246       -6.4366937891177256E-002
   4.8708809174539054       -6.0101197304578330E-002
   4.8771578258526862       -5.3451666967035370E-002
   4.8834347342514670       -4.4672949755352388E-002
   4.8897116426502478       -3.4107119841618308E-002
   4.8959885510490286       -2.2171087061463954E-002
   4.9022654594478094       -9.3406830640357392E-003
   4.9085423678465903        3.8679013916066169E-003
   4.9148192762453711        1.6918681661658008E-002
   4.9210961846441519        2.9277568541797538E-002
   4.9273730930429327        4.0434402700646237E-002
   4.9336500014417135        4.9924295182716412E-002
   4.9399269098404943        5.7347558991996339E-002
   4.9462038182392751        6.2387120602023435E-002
   4.9524807266380559        6.4824539602958850E-002
   4.9587576350368368        6.4554198667978679E-002
   4.9650345434356176        6.1584261731868505E-002
   4.9713114518343984        5.6035816538814225E-002
   4.9775883602331792        4.8138397345503625E-002
   4.9838652686319600        3.8220650539007424E-002
   4.9901421770307408        2.6696930510025078E-002
   4.9964190854295216        1.4050137014806348E-002
   5.0026959938283024        8.1164137130284501E-004
   5.0089729022270832       -1.2460972093619772E-002
   5.0152498106258641       -2.5207344378682911E-002
   5.0215267190246449       -3.6888036646598663E-002
   5.0278036274234257       -4.7007429583290246E-002
   5.0340805358222065       -5.5134893805507013E-002
   5.0403574442209873       -6.0923285608745631E-002
   5.0466343526197681       -6.4123998780016511E-002
   5.0529112610185480       -6.4597881568838916E-002
   5.0591881694173289       -6.2321557332349842E-002
   5.0654650778161097       -5.7388824895819868E-002
   5.0717419862148905       -5.0007076595518687E-002
   5.0780188946136713       -4.0488830247525087E-002
   5.0842958030124521       -2.9238737542919134E-002
   5.0905727114112329       -1.6736567487231728E-002
   5.0968496198100137       -3.5169066561820724E-003
   5.1031265282087945        9.8536122653912796E-003
   5.1094034366075753        2.2800540359983208E-002
   5.1156803450063562        3.4766317019339354E-002
   5.1219572534051370        4.5234498890798086E-002
   5.1282341618039178        5.3754328787101367E-002
   5.1345110702026986        5.9963006814867686E-002
   5.1407879786014794        6.3598792546611577E-002
   5.1470648870002602        6.4511125143241616E-002
   5.1533417953990410        6.2666492196437745E-002
   5.1596187037978218        5.8149106811803936E-002
   5.1658956121966026        5.1156635835275341E-002
   5.1721725205953835        4.1991092966877315E-002
   5.1784494289941643        3.1045407783891484E-002
   5.1847263373929451        1.8786230323364354E-002
   5.1910032457917259        5.7337769504637167E-003
   5.1972801541905067       -7.5604335338015759E-003
   5.2035570625892875       -2.0536968009364095E-002
   5.2098339709880683       -3.2652018812103563E-002
   5.2161108793868491       -4.3400086749092438E-002
   5.2223877877856300       -5.2334883538086789E-002
   5.2286646961844108       -5.9087582993978316E-002
   5.2349416045831916       -6.3381701641368277E-002
   5.2412185129819724       -6.5044010568910765E-002
   5.2474954213807532       -6.4011079621953973E-002
   5.2537723297795340       -6.0331214763893838E-002
   5.2600492381783148       -5.4161769560339329E-002
   5.2663261465770956       -4.5761975799738577E-002
   5.2726030549758764       -3.5481650085440040E-002
   5.2788799633746573       -2.3746266857849103E-002
   5.2851568717734381       -1.1039066395186163E-002
   5.2914337801722189        2.1190563643133384E-003
   5.2977106885709997        1.5191100634302884E-002
   5.3039875969697805        2.7646976751567433E-002
   5.3102645053685613        3.8986809136848509E-002
   5.3165414137673421        4.8760824312877891E-002
   5.3228183221661229        5.6586561552728655E-002
   5.3290952305649038        6.2163113434794276E-002
   5.3353721389636846        6.5281786629558677E-002
   5.3416490473624654        6.5832902751562034E-002
   5.3479259557612462        6.3808536467056323E-002
   5.3542028641600270        5.9301212464478524E-002
   5.3604797725588078        5.2498699414113677E-002
   5.3667566809575886        4.3675222961415225E-002
   5.3730335893563694        3.3179519770376184E-002
   5.3793104977551502        2.1420291564030136E-002
   5.3855874061539311        8.8496753411151687E-003
   5.3918643145527119       -4.0545721803162647E-003
   5.3981412229514927       -1.6807476148866390E-002
   5.4044181313502735       -2.8935105660144331E-002
   5.4106950397490543       -3.9992027135504885E-002
   5.4169719481478351       -4.9577302213423574E-002
   5.4232488565466159       -5.7348492508887662E-002
   5.4295257649453967       -6.3033187478215957E-002
   5.4358026733441775       -6.6437724815924637E-002
   5.4420795817429584       -6.7452831992614828E-002
   5.4483564901417392       -6.6056110979872323E-002
   5.4546333985405200       -6.2311308908839458E-002
   5.4609103069393008       -5.6364580912117178E-002
   5.4671872153380816       -4.8437802051673286E-002
   5.4734641237368624       -3.8819793809632755E-002
   5.4797410321356432       -2.7856513855049534E-002
   5.4860179405344240       -1.5935841428644248E-002
   5.4922948489332049       -3.4718883393869914E-003
   5.4985717573319857        9.1098904620415481E-003
   5.5048486657307665        2.1387429737007635E-002
   5.5111255741295473        3.2956145791403491E-002
   5.5174024825283281        4.3441980129967438E-002
   5.5236793909271089        5.2512953618474405E-002
   5.5299562993258897        5.9888936653021627E-002
   5.5362332077246705        6.5349356689331617E-002
   5.5425101161234513        6.8738699257095304E-002
   5.5487870245222322        6.9969695711214086E-002
   5.5550639329210130        6.9024214415047941E-002
   5.5613408413197938        6.5951909098031267E-002
   5.5676177497185746        6.0866786503754197E-002
   5.5738946581173554        5.3941877482188240E-002
   5.5801715665161362        4.5402286154260070E-002
   5.5864484749149170        3.5516888157914983E-002
   5.5927253833136978        2.4589022584926169E-002
   5.5990022917124787        1.2946484732732482E-002
   5.6052792001112595        9.3119082875521271E-004
   5.6115561085100403       -1.1111194861609547E-002
   5.6178330169088211       -2.2841307207212915E-002
   5.6241099253076019       -3.3935583237574639E-002
   5.6303868337063827       -4.4094872740588216E-002
   5.6366637421051635       -5.3052094926743905E-002
   5.6429406505039443       -6.0578488433746636E-002
   5.6492175589027251       -6.6489306420908625E-002
   5.6554944673015060       -7.0650469928390330E-002
   5.6617713757002868       -7.2978431754818829E-002
   5.6680482840990676       -7.3439574163883900E-002
   5.6743251924978484       -7.2049094103859498E-002
   5.6806021008966292       -6.8868516643879343E-002
   5.6868790092954100       -6.4002170352512433E-002
   5.6931559176941908       -5.7592673755042442E-002
   5.6994328260929716       -4.9815699266183941E-002
   5.7057097344917524       -4.0874150719178333E-002
   5.7119866428905333       -3.0991991636529589E-002
   5.7182635512893141       -2.0407881790920894E-002
   5.7245404596880949       -9.3688280278476678E-003
   5.7308173680868757        1.8760046751796029E-003
   5.7370942764856565        1.3081157100129952E-002
   5.7433711848844373        2.4010299372804838E-002
   5.7496480932832181        3.4441098237046039E-002
   5.7559250016819989        4.4169452967991137E-002
   5.7622019100807798        5.3013035568221512E-002
   5.7684788184795606        6.0814102033274295E-002
   5.7747557268783414        6.7441560144450949E-002
   5.7810326352771222        7.2792297515257745E-002
   5.7873095436759030        7.6791800251335390E-002
   5.7935864520746838        7.9394092188506377E-002
   5.7998633604734646        8.0581065341689295E-002
   5.8061402688722454        8.0361239252323122E-002
   5.8124171772710262        7.8768065264674073E-002
   5.8186940856698071        7.5857789036205353E-002
   5.8249709940685879        7.1707393253148413E-002
   5.8312479024673687        6.6412779161659982E-002
   5.8375248108661495        6.0084602807549660E-002
   5.8438017192649303        5.2844979657732487E-002
   5.8500786276637111        4.4824507873387813E-002
   5.8563555360624919        3.6159287841566815E-002
   5.8626324444612727        2.6988106715172957E-002
   5.8689093528600536        1.7449780410739347E-002
   5.8751862612588344        7.6807279288095580E-003
   5.8814631696576152       -2.1872137074519181E-003
   5.8877400780563960       -1.2028695537959152E-002
   5.8940169864551768       -2.1726481442811703E-002
   5.9002938948539576       -3.1172777003722615E-002
   5.9065708032527384       -4.0270269924406958E-002
   5.9128477116515192       -4.8932884572899363E-002
   5.9191246200503000       -5.7086267074347607E-002
   5.9254015284490809       -6.4668015584478017E-002
   5.9316784368478617       -7.1627678624545291E-002
   5.9379553452466425       -7.7926543722382835E-002
   5.9442322536454233       -8.3537242739839951E-002
   5.9505091620442041       -8.8443199881219473E-002
   5.9567860704429849       -9.2637949478949821E-002
   5.9630629788417657       -9.6124350097466574E-002
   5.9693398872405457       -9.8913720507124422E-002
   5.9756167956393265      -0.10102492211564805     
   5.9818937040381073      -0.10248341025803524     
   5.9881706124368881      -0.10332027563416872     
   5.9944475208356689      -0.10357128655926913     
   6.0007244292344497      -0.10327588306557885     
   6.0070013376332305      -0.10247622142854150     
   6.0132782460320113      -0.10121647290720795     
   6.0195551544307921       -9.9542072620994834E-002
   6.0258320628295730       -9.7499004787978266E-002
   6.0321089712283538       -9.5133162044031910E-002
   6.0383858796271346       -9.2489776560606238E-002
   6.0446627880259154       -8.9612924087218465E-002
   6.0509396964246962       -8.6545103371931525E-002
   6.0572166048234770       -8.3326885083008118E-002
   6.0634935132222578       -7.9996633332113334E-002
   6.0697704216210386       -7.6590289266112110E-002
   6.0760473300198194       -7.3141220912532057E-002
   6.0823242384186003       -6.9680124609284896E-002
   6.0886011468173811       -6.6234984712587472E-002
   6.0948780552161619       -6.2831072306122795E-002
   6.1011549636149427       -5.9490994412709074E-002
   6.1074318720137235       -5.6234767952523954E-002
   6.1137087804125043       -5.3079938738833272E-002
   6.1199856888112851       -5.0041708533431283E-002
   6.1262625972100659       -4.7133107447777357E-002
   6.1325395056088468       -4.4365151333773119E-002
   6.1388164140076276       -4.1747059492359420E-002
   6.1450933224064084       -3.9286411848152687E-002
   6.1513702308051892       -3.6989432657435255E-002
   6.1576471392039700       -3.4861052279061965E-002
   6.1639240476027508       -3.2905533959512928E-002
   6.1702009560015316       -3.1123923107975498E-002
   6.1764778644003124       -2.9496634871742276E-002
   6.1827547727990932       -2.7986220970822089E-002
   6.1890316811978741       -2.6556525905710299E-002
   6.1953085895966549       -2.5175073682185699E-002
   6.2015854979954357       -2.3812402012337013E-002
   6.2078624063942165       -2.2442047638157249E-002
   6.2141393147929973       -2.1040461838306903E-002
   6.2204162231917781       -1.9587123383673747E-002
   6.2266931315905589       -1.8064692415168691E-002
   6.2329700399893397       -1.6459265007746228E-002
   6.2392469483881206       -1.4760666697564593E-002
   6.2455238567869014       -1.2962788053501931E-002
   6.2518007651856822       -1.1063929149067571E-002
   6.2580776735844630       -9.0671294604300432E-003
   6.2643545819832438       -6.9804623733533515E-003
   6.2706314903820246       -4.8172532996425413E-003
   6.2769083987808054       -2.5962106243236308E-003
   6.2831853071795862       -3.4141441014318928E-004
