   6.2769083987808056E-003  -3.9613705207777586E-002
   1.2553816797561611E-002  -2.8066270889752838E-002
   1.8830725196342418E-002  -1.1596909907991504E-002
   2.5107633595123222E-002   6.9161200012227064E-003
   3.1384541993904030E-002   2.4198054817497126E-002
   3.7661450392684835E-002   3.7156189701664753E-002
   4.3938358791465640E-002   4.3438937405304821E-002
   5.0215267190246445E-002   4.1874234666446193E-002
   5.6492175589027249E-002   3.2702388790574716E-002
   6.2769083987808061E-002   1.7558981197779752E-002
   6.9045992386588859E-002  -7.9677420648008703E-004
   7.5322900785369670E-002  -1.9007126950644656E-002
   8.1599809184150468E-002  -3.3743827507782417E-002
   8.7876717582931280E-002  -4.2316673808178454E-002
   9.4153625981712077E-002  -4.3163796038379491E-002
  0.10043053438049289       -3.6134693603228296E-002
  0.10670744277927370       -2.2515484987563710E-002
  0.11298435117805450       -4.7920700947229177E-003
  0.11926125957683531        1.3804633370175151E-002
  0.12553816797561612        2.9888217588955521E-002
  0.13181507637439691        4.0533239411272438E-002
  0.13809198477317772        4.3806564723079172E-002
  0.14436889317195853        3.9117114758476498E-002
  0.15064580157073934        2.7321084810506161E-002
  0.15692270996952015        1.0564093258337411E-002
  0.16319961836830094       -8.1102772707841459E-003
  0.16947652676708175       -2.5313997372518320E-002
  0.17575343516586256       -3.7929293317656917E-002
  0.18203034356464337       -4.3673087017620946E-002
  0.18830725196342415       -4.1509008587658699E-002
  0.19458416036220497       -3.1832937280835694E-002
  0.20086106876098578       -1.6399014245798402E-002
  0.20713797715976659        1.9996457618130900E-003
  0.21341488555854740        2.0037358878549096E-002
  0.21969179395732819        3.4457193125366894E-002
  0.22596870235610900        4.2658782678291013E-002
  0.23224561075488981        4.3165993821248028E-002
  0.23852251915367062        3.5892488873534668E-002
  0.24479942755245140        2.2159493109794107E-002
  0.25107633595123224        4.4456706994624876E-003
  0.25735324435001306       -1.4066172292780744E-002
  0.26363015274879381       -3.0062504351672601E-002
  0.26990706114757462       -4.0691690161606786E-002
  0.27618396954635543       -4.4069535672459227E-002
  0.28246087794513625       -3.9608940748983662E-002
  0.28873778634391706       -2.8116602276148126E-002
  0.29501469474269787       -1.1642023209996914E-002
  0.30129160314147868        6.8921764119234579E-003
  0.30756851154025949        2.4211169563811415E-002
  0.31384541993904030        3.7266864400236084E-002
  0.32012232833782106        4.3772444417868352E-002
  0.32639923673660187        4.2599165862043854E-002
  0.33267614513538268        3.3967215381368619E-002
  0.33895305353416350        1.9399309329958543E-002
  0.34522996193294431        1.4474338169385402E-003
  0.35150687033172512       -1.6757444228548305E-002
  0.35778377873050593       -3.2052714648057153E-002
  0.36406068712928674       -4.1792620647621598E-002
  0.37033759552806755       -4.4302969724809058E-002
  0.37661450392684831       -3.9164451444214085E-002
  0.38289141232562912       -2.7277408030206722E-002
  0.38916832072440993       -1.0699121195928810E-002
  0.39544522912319074        7.7162329108060737E-003
  0.40172213752197156        2.4811203626478540E-002
  0.40799904592075237        3.7666681539035796E-002
  0.41427595431953318        4.4097715633876516E-002
  0.42055286271831399        4.3018871286401472E-002
  0.42682977111709480        3.4624761879300185E-002
  0.43310667951587556        2.0351522746575521E-002
  0.43938358791465637        2.6275828087200903E-003
  0.44566049631343718       -1.5541907985838849E-002
  0.45193740471221799       -3.1085653089289018E-002
  0.45821431311099881       -4.1384786438692256E-002
  0.46449122150977962       -4.4712055646309368E-002
  0.47076812990856043       -4.0518285458471692E-002
  0.47704503830734124       -2.9519194479088032E-002
  0.48332194670612205       -1.3569522920609237E-002
  0.48959885510490281        4.6527962993361772E-003
  0.49587576350368362        2.2098151432754575E-002
  0.50215267190246449        3.5856015126008056E-002
  0.50842958030124530        4.3639358925073965E-002
  0.51470648870002611        4.4162303422484020E-002
  0.52098339709880681        3.7349077299643360E-002
  0.52726030549758762        2.4340936562765175E-002
  0.53353721389636843        7.3014659864999807E-003
  0.53981412229514925       -1.0945951774693301E-002
  0.54609103069393006       -2.7387338412877098E-002
  0.55236793909271087       -3.9315786308373922E-002
  0.55864484749149168       -4.4775476443487595E-002
  0.56492175589027249       -4.2879464673938925E-002
  0.57119866428905330       -3.3950147659301669E-002
  0.57747557268783412       -1.9460695912242549E-002
  0.58375248108661493       -1.7888405875841091E-003
  0.59002938948539574        1.6176231072432233E-002
  0.59630629788417655        3.1512480241116685E-002
  0.60258320628295736        4.1742883647067255E-002
  0.60886011468173817        4.5231677809209780E-002
  0.61513702308051899        4.1439375647129566E-002
  0.62141393147929980        3.0998392032508308E-002
  0.62769083987808061        1.5600116608754580E-002
  0.63396774827686131       -2.2853874856715423E-003
  0.64024465667564212       -1.9809667984665314E-002
  0.64652156507442293       -3.4200697335303773E-002
  0.65279847347320374       -4.3199452829351302E-002
  0.65907538187198456       -4.5409863051375544E-002
  0.66535229027076537       -4.0508698819063070E-002
  0.67162919866954618       -2.9285000113015169E-002
  0.67790610706832699       -1.3505814482981235E-002
  0.68418301546710780        4.3679187440512461E-003
  0.69045992386588861        2.1568810812138180E-002
  0.69673683226466943        3.5452279629852083E-002
  0.70301374066345024        4.3900970861500813E-002
  0.70929064906223105        4.5642878056008668E-002
  0.71556755746101186        4.0436169634099191E-002
  0.72184446585979267        2.9094971443187016E-002
  0.72812137425857348        1.3355022651225595E-002
  0.73439828265735430       -4.3977147398356628E-003
  0.74067519105613511       -2.1492220782485656E-002
  0.74695209945491581       -3.5375076382911770E-002
  0.75322900785369662       -4.3989638574353201E-002
  0.75950591625247743       -4.6076987405023244E-002
  0.76578282465125824       -4.1359689801119572E-002
  0.77205973305003905       -3.0570034229787234E-002
  0.77833664144881987       -1.5318775948594697E-002
  0.78461354984760068        2.1558887991361014E-003
  0.79089045824638149        1.9322660032023996E-002
  0.79716736664516230        3.3725626624521936E-002
  0.80344427504394311        4.3332806531733888E-002
  0.80972118344272392        4.6815964405282344E-002
  0.81599809184150474        4.3724220038766477E-002
  0.82227500024028555        3.4530453498175316E-002
  0.82855190863906636        2.0547989382440113E-002
  0.83482881703784717        3.7332368637456731E-003
  0.84110572543662798       -1.3594939786291052E-002
  0.84738263383540879       -2.9078049294742888E-002
  0.85365954223418961       -4.0637793717099691E-002
  0.85993645063297042       -4.6749790411569028E-002
  0.86621335903175112       -4.6636018816141094E-002
  0.87249026743053193       -4.0353013142485787E-002
  0.87876717582931274       -2.8767609591679521E-002
  0.88504408422809355       -1.3427156441779426E-002
  0.89132099262687436        3.6552980425708604E-003
  0.89759790102565518        2.0270168424822998E-002
  0.90387480942443599        3.4298293462170913E-002
  0.91015171782321680        4.3978488734425156E-002
  0.91642862622199761        4.8122282869669360E-002
  0.92270553462077842        4.6250805881272714E-002
  0.92898244301955923        3.8639054515118038E-002
  0.93525935141834005        2.6266527148092262E-002
  0.94153625981712086        1.0684547094388496E-002
  0.94781316821590167       -6.1925025664927701E-003
  0.95409007661468248       -2.2331629581867244E-002
  0.96036698501346329       -3.5827080222308148E-002
  0.96664389341224410       -4.5121375890338523E-002
  0.97292080181102492       -4.9176824998572177E-002
  0.97919771020980562       -4.7579925884742073E-002
  0.98547461860858643       -4.0569801291486962E-002
  0.99175152700736724       -2.8991210091429850E-002
  0.99802843540614805       -1.4181213705899035E-002
   1.0043053438049290        2.1943973415644987E-003
   1.0105822522037098        1.8334171040382711E-002
   1.0168591606024906        3.2500780789463939E-002
   1.0231360690012714        4.3205418245445625E-002
   1.0294129774000522        4.9357737111532567E-002
   1.0356898857988328        5.0367179797338554E-002
   1.0419667941976136        4.6187630616408140E-002
   1.0482437025963944        3.7303795119498273E-002
   1.0545206109951752        2.4663943830249686E-002
   1.0607975193939561        9.5688321470805728E-003
   1.0670744277927369       -6.4694832211458801E-003
   1.0733513361915177       -2.1883182464353900E-002
   1.0796282445902985       -3.5202330865227803E-002
   1.0859051529890793       -4.5191849629242879E-002
   1.0921820613878601       -5.0959452845407503E-002
   1.0984589697866409       -5.2026187889845067E-002
   1.1047358781854217       -4.8354832718714928E-002
   1.1110127865842025       -4.0337192652369722E-002
   1.1172896949829834       -2.8745145227661448E-002
   1.1235666033817642       -1.4642769375016629E-002
   1.1298435117805450        7.2077402457718456E-004
   1.1361204201793258        1.6026820572285456E-002
   1.1423973285781066        3.0002077371437487E-002
   1.1486742369768874        4.1522681943195999E-002
   1.1549511453756682        4.9699545848245291E-002
   1.1612280537744490        5.3939062264019282E-002
   1.1675049621732299        5.3976115448631241E-002
   1.1737818705720107        4.9878721602751995E-002
   1.1800587789707915        4.2026222269559974E-002
   1.1863356873695723        3.1064766673225840E-002
   1.1926125957683531        1.7845470806849246E-002
   1.1988895041671339        3.3513465735857334E-003
   1.2051664125659147       -1.1380429907553238E-002
   1.2114433209646955       -2.5334798091011797E-002
   1.2177202293634763       -3.7588034269844244E-002
   1.2239971377622572       -4.7365617817812809E-002
   1.2302740461610380       -5.4085463412813929E-002
   1.2365509545598188       -5.7384944420262769E-002
   1.2428278629585996       -5.7131102805680227E-002
   1.2491047713573804       -5.3415151277380370E-002
   1.2553816797561612       -4.6532770044202892E-002
   1.2616585881549420       -3.6953329674292552E-002
   1.2679354965537226       -2.5280381858517699E-002
   1.2742124049525034       -1.2208097480610977E-002
   1.2804893133512842        1.5260513630973738E-003
   1.2867662217500651        1.5173833682489311E-002
   1.2930431301488459        2.7931304441183181E-002
   1.2993200385476267        3.8921577562175638E-002
   1.3055969469464075        4.7260579669532427E-002
   1.3118738553451883        5.2148769405670495E-002
   1.3181507637439691        5.2972939489683256E-002
   1.3244276721427499        4.9408549010564122E-002
   1.3307045805415307        4.1508711342204289E-002
   1.3369814889403115        2.9764390666405932E-002
   1.3432583973390924        1.5120634583373488E-002
   1.3495353057378732       -1.0637683045441972E-003
   1.3558122141366540       -1.7119914225124891E-002
   1.3620891225354348       -3.1234333451209330E-002
   1.3683660309342156       -4.1664396061352700E-002
   1.3746429393329964       -4.6980830411951655E-002
   1.3809198477317772       -4.6304387393604103E-002
   1.3871967561305580       -3.9497738796986183E-002
   1.3934736645293389       -2.7272405708797319E-002
   1.3997505729281197       -1.1177549930538041E-002
   1.4060274813269005        6.5488797238941066E-003
   1.4123043897256813        2.3264053947532323E-002
   1.4185812981244621        3.6311900242868997E-002
   1.4248582065232429        4.3468174848631379E-002
   1.4311351149220237        4.3365698362846171E-002
   1.4374120233208045        3.5814922117193011E-002
   1.4436889317195853        2.1943784606735007E-002
   1.4499658401183662        4.1002767591565084E-003
   1.4562427485171470       -1.4492844456354693E-002
   1.4625196569159278       -3.0327743854431394E-002
   1.4687965653147086       -4.0384655977894632E-002
   1.4750734737134894       -4.2739237281521278E-002
   1.4813503821122702       -3.6932706726026630E-002
   1.4876272905110510       -2.4065799440189679E-002
   1.4939041989098316       -6.5930363180118261E-003
   1.5001811073086124        1.2142457016473866E-002
   1.5064580157073932        2.8547516800722990E-002
   1.5127349241061741        3.9468105659351820E-002
   1.5190118325049549        4.2797647454443970E-002
   1.5252887409037357        3.7886261215862957E-002
   1.5315656493025165        2.5671309532597095E-002
   1.5378425577012973        8.5019988924661168E-003
   1.5441194661000781       -1.0309544426929792E-002
   1.5503963744988589       -2.7125760838661764E-002
   1.5566732828976397       -3.8687079273340370E-002
   1.5629501912964205       -4.2745441814114264E-002
   1.5692270996952014       -3.8504312626789508E-002
   1.5755040080939822       -2.6778651362493782E-002
   1.5817809164927630       -9.8419187781742107E-003
   1.5880578248915438        9.0117768901211946E-003
   1.5943347332903246        2.6106760288307523E-002
   1.6006116416891054        3.8102330412132859E-002
   1.6068885500878862        4.2647196432681729E-002
   1.6131654584866670        3.8843210265207102E-002
   1.6194423668854478        2.7426485909990483E-002
   1.6257192752842287        1.0628601915444444E-002
   1.6319961836830095       -8.2565914677977491E-003
   1.6382730920817903       -2.5517721911439761E-002
   1.6445500004805711       -3.7757059705329471E-002
   1.6508269088793519       -4.2561003994014239E-002
   1.6571038172781327       -3.8977791812494271E-002
   1.6633807256769135       -2.7708289073348387E-002
   1.6696576340756943       -1.0971141087629855E-002
   1.6759345424744752        7.9321611540468205E-003
   1.6822114508732560        2.5267463143833616E-002
   1.6884883592720368        3.7605496556639320E-002
   1.6947652676708176        4.2501184901781029E-002
   1.7010421760695984        3.8979921831189285E-002
   1.7073190844683792        2.7733809861435275E-002
   1.7135959928671600        1.0987883958319792E-002
   1.7198729012659408       -7.9382523052559072E-003
   1.7261498096647214       -2.5287417764682789E-002
   1.7324267180635022       -3.7610631021583026E-002
   1.7387036264622830       -4.2453691436461022E-002
   1.7449805348610639       -3.8847679100592246E-002
   1.7512574432598447       -2.7505027310567750E-002
   1.7575343516586255       -1.0681031345664723E-002
   1.7638112600574063        8.2727235010698202E-003
   1.7700881684561871        2.5574990518427505E-002
   1.7763650768549679        3.7769140555091590E-002
   1.7826419852537487        4.2414677191490856E-002
   1.7889188936525295        3.8577426343330931E-002
   1.7951958020513104        2.7019636465245505E-002
   1.8014727104500912        1.0050816608710591E-002
   1.8077496188488720       -8.9319312588571533E-003
   1.8140265272476528       -2.6123788461880244E-002
   1.8203034356464336       -3.8077013408448872E-002
   1.8265803440452144       -4.2393286774784378E-002
   1.8328572524439952       -3.8205382233994764E-002
   1.8391341608427760       -2.6352031502618192E-002
   1.8454110692415568       -9.2105383287105283E-003
   1.8516879776403377        9.7795193123804431E-003
   1.8579648860391185        2.6806209436189495E-002
   1.8642417944378993        3.8450424603316283E-002
   1.8705187028366801        4.2372748237998713E-002
   1.8767956112354609        3.7783946287245039E-002
   1.8830725196342417        2.5604383670027729E-002
   1.8893494280330225        8.2800261221320226E-003
   1.8956263364318033       -1.0708292415780578E-002
   1.9019032448305841       -2.7543993481790669E-002
   1.9081801532293650       -3.8841886142852292E-002
   1.9144570616281458       -4.2329125348376566E-002
   1.9207339700269266       -3.7302944376032932E-002
   1.9270108784257074       -2.4772892328611996E-002
   1.9332877868244882       -7.2586526515651707E-003
   1.9395646952232690        1.1716173163827464E-002
   1.9458416036220498        2.8332724559130700E-002
   1.9521185120208304        3.9245492533416859E-002
   1.9583954204196112        4.2256196350090681E-002
   1.9646723288183920        3.6757110364035894E-002
   1.9709492372171729        2.3854353715135279E-002
   1.9772261456159537        6.1459910088842050E-003
   1.9835030540147345       -1.2800735536707920E-002
   1.9897799624135153       -2.9168966044698975E-002
   1.9960568708122961       -3.9663151649052174E-002
   2.0023337792110771       -4.2172431439207826E-002
   2.0086106876098579       -3.6194283356681387E-002
   2.0148875960086388       -2.2934106904590051E-002
   2.0211645044074196       -5.0611368475883779E-003
   2.0274414128062004        1.3829632113225871E-002
   2.0337183212049812        2.9940919832820895E-002
   2.0399952296037620        4.0036342327637899E-002
   2.0462721380025428        4.2089957631760752E-002
   2.0525490464013236        3.5691911889205320E-002
   2.0588259548001044        2.2129162985475931E-002
   2.0651028631988853        4.1255928586875091E-003
   2.0713797715976656       -1.4705797493721902E-002
   2.0776566799964464       -3.0588299106193220E-002
   2.0839335883952272       -4.0338788807612908E-002
   2.0902104967940081       -4.2005092095152331E-002
   2.0964874051927889       -3.5255906341344005E-002
   2.1027643135915697       -2.1445595926660777E-002
   2.1090412219903505       -3.3414028893587488E-003
   2.1153181303891313        1.5431776781423033E-002
   2.1215950387879121        3.1117509083926295E-002
   2.1278719471866929        4.0579310264400065E-002
   2.1341488555854737        4.1927205449704033E-002
   2.1404257639842545        3.4894314281511588E-002
   2.1467026723830354        2.0888609787007319E-002
   2.1529795807818162        2.7100651210004941E-003
   2.1592564891805970       -1.6010012731084069E-002
   2.1655333975793778       -3.1536325822594746E-002
   2.1718103059781586       -4.0776339862667085E-002
   2.1780872143769394       -4.1894881138995199E-002
   2.1843641227757202       -3.4676110157069041E-002
   2.1906410311745010       -2.0562315447391732E-002
   2.1969179395732819       -2.3631305928293904E-003
   2.2031948479720627        1.6305660380058581E-002
   2.2094717563708435        3.1741287063017522E-002
   2.2157486647696243        4.0887924080715399E-002
   2.2220255731684051        4.1940025325555352E-002
   2.2283024815671859        3.4696262453973351E-002
   2.2345793899659667        2.0595191495357313E-002
   2.2408562983647475        2.4269672768572059E-003
   2.2471332067635283       -1.6220614597811836E-002
   2.2534101151623092       -3.1671405319515351E-002
   2.2596870235610900       -4.0885144696957025E-002
   2.2659639319598708       -4.2054074040189522E-002
   2.2722408403586516       -3.4955164676648422E-002
   2.2785177487574324       -2.0989828109995324E-002
   2.2847946571562132       -2.9046648289752404E-003
   2.2910715655549940        1.5750603993780372E-002
   2.2973484739537748        3.1320674919144247E-002
   2.3036253823525557        4.0760449950423862E-002
   2.3099022907513365        4.2228991426520000E-002
   2.3161791991501173        3.5446117957387134E-002
   2.3224561075488981        2.1743028479309763E-002
   2.3287330159476789        3.7984788332159148E-003
   2.3350099243464597       -1.4886951376912330E-002
   2.3412868327452405       -3.0676302960177891E-002
   2.3475637411440213       -4.0505034033806724E-002
   2.3538406495428021       -4.2473628940817923E-002
   2.3601175579415830       -3.6210994892640812E-002
   2.3663944663403638       -2.2940079708161750E-002
   2.3726713747391446       -5.2350137935530455E-003
   2.3789482831379254        1.3481230249308224E-002
   2.3852251915367062        2.9600062796602298E-002
   2.3915020999354870        4.0022610572709699E-002
   2.3977790083342678        4.2753271799450765E-002
   2.4040559167330486        3.7278240702340350E-002
   2.4103328251318294        2.4657911144743715E-002
   2.4166097335306103        7.3174315667412721E-003
   2.4228866419293911       -1.1422472766484202E-002
   2.4291635503281719       -2.7983053818163899E-002
   2.4354404587269527       -3.9210765962634814E-002
   2.4417173671257335       -4.2975777944785507E-002
   2.4479942755245143       -3.8572575231581467E-002
   2.4542711839232951       -2.6847970103764576E-002
   2.4605480923220759       -1.0034143575535618E-002
   2.4668250007208568        8.6796297123807129E-003
   2.4731019091196376        2.5753788961157122E-002
   2.4793788175184184        3.7968040810133552E-002
   2.4856557259171992        4.3026990303607772E-002
   2.4919326343159800        3.9988311673520252E-002
   2.4982095427147608        2.9434167784181869E-002
   2.5044864511135416        1.3355645647894650E-002
   2.5107633595123224       -5.2261867806314907E-003
   2.5170402679111032       -2.2831795345052502E-002
   2.5233171763098841       -3.6176667757790555E-002
   2.5295940847086644       -4.2782380352971633E-002
   2.5358709931074452       -4.1432976167984845E-002
   2.5421479015062260       -3.2393567043201218E-002
   2.5484248099050069       -1.7352859393193878E-002
   2.5547017183037877        8.9715637533723197E-004
   2.5609786267025685        1.8982740439075010E-002
   2.5672555351013493        3.3573162099849778E-002
   2.5735324435001301        4.1992808960022256E-002
   2.5798093518989109        4.2708416741182462E-002
   2.5860862602976917        3.5603349741722322E-002
   2.5923631686964725        2.1990815355449455E-002
   2.5986400770952534        4.3660940989874181E-003
   2.6049169854940342       -1.4054586628175091E-002
   2.6111938938928150       -2.9922668755579484E-002
   2.6174708022915958       -4.0365351886772975E-002
   2.6237477106903766       -4.3502865102868306E-002
   2.6300246190891574       -3.8782314558253810E-002
   2.6363015274879382       -2.7069675799532469E-002
   2.6425784358867190       -1.0485705780333436E-002
   2.6488553442854998        7.9822462366098725E-003
   2.6551322526842807        2.5020765915623959E-002
   2.6614091610830615        3.7585001432351689E-002
   2.6676860694818423        4.3440716428599667E-002
   2.6739629778806231        4.1557577641282269E-002
   2.6802398862794039        3.2285506735765551E-002
   2.6865167946781847        1.7285299122394071E-002
   2.6927937030769655       -7.7510461124048280E-004
   2.6990706114757463       -1.8700006306005646E-002
   2.7053475198745272       -3.3332778253415567E-002
   2.7116244282733080       -4.2110287261340668E-002
   2.7179013366720888       -4.3507947492424946E-002
   2.7241782450708696       -3.7298848199055400E-002
   2.7304551534696504       -2.4583959500270182E-002
   2.7367320618684312       -7.5909254791559355E-003
   2.7430089702672120        1.0720820225130309E-002
   2.7492858786659928        2.7177849604237702E-002
   2.7555627870647736        3.8942471834293828E-002
   2.7618396954635545        4.3999236343906879E-002
   2.7681166038623353        4.1495320885638690E-002
   2.7743935122611161        3.1878198868371052E-002
   2.7806704206598969        1.6809521183089003E-002
   2.7869473290586777       -1.1273382926840791E-003
   2.7932242374574585       -1.8873731104935065E-002
   2.7995011458562393       -3.3418454353166906E-002
   2.8057780542550201       -4.2307241432793435E-002
   2.8120549626538009       -4.4053099471180759E-002
   2.8183318710525818       -3.8379562430798257E-002
   2.8246087794513626       -2.6258056412688847E-002
   2.8308856878501434       -9.7356854776486455E-003
   2.8371625962489242        8.4151169052529042E-003
   2.8434395046477050        2.5164382248958152E-002
   2.8497164130464858        3.7730506428625271E-002
   2.8559933214452666        4.4039823012835606E-002
   2.8622702298440474        4.3064377062095323E-002
   2.8685471382428283        3.4983528560086012E-002
   2.8748240466416091        2.1145095668729037E-002
   2.8811009550403899        3.8350440103974170E-003
   2.8873778634391707       -1.4104101767151978E-002
   2.8936547718379515       -2.9741800649720360E-002
   2.8999316802367323       -4.0537516113924824E-002
   2.9062085886355131       -4.4750374786720282E-002
   2.9124854970342939       -4.1714958464841675E-002
   2.9187624054330747       -3.1940368344181590E-002
   2.9250393138318556       -1.7018925588593289E-002
   2.9313162222306364        6.3833009156465332E-004
   2.9375931306294172        1.8194606593932548E-002
   2.9438700390281980        3.2844262600065011E-002
   2.9501469474269788        4.2259869250766781E-002
   2.9564238558257596        4.4958474340757629E-002
   2.9627007642245404        4.0529976516090166E-002
   2.9689776726233212        2.9693374670465206E-002
   2.9752545810221021        1.4174248726048697E-002
   2.9815314894208829       -3.5747525306909990E-003
   2.9878083978196632       -2.0764540449915155E-002
   2.9940853062184440       -3.4708547183076074E-002
   3.0003622146172249       -4.3241023371960154E-002
   3.0066391230160057       -4.5049600731712783E-002
   3.0129160314147865       -3.9871992061406375E-002
   3.0191929398135673       -2.8527760261210681E-002
   3.0254698482123481       -1.2783240495073282E-002
   3.0317467566111289        4.9280777426766046E-003
   3.0380236650099097        2.1872826667556376E-002
   3.0443005734086905        3.5405237397330314E-002
   3.0505774818074713        4.3379093911634352E-002
   3.0568543902062522        4.4498449062687163E-002
   3.0631312986050330        3.8540762565037467E-002
   3.0694082070038138        2.6414219751426406E-002
   3.0756851154025946        1.0033420353033113E-002
   3.0819620238013754       -7.9717677848028922E-003
   3.0882389322001562       -2.4672285793203318E-002
   3.0945158405989370       -3.7316028420504140E-002
   3.1007927489977178       -4.3787046828813854E-002
   3.1070696573964987       -4.2970348896775840E-002
   3.1133465657952795       -3.4957942366783158E-002
   3.1196234741940603       -2.1056119081815469E-002
   3.1259003825928411       -3.5864403606183488E-003
   3.1321772909916219        1.4491955601379841E-002
   3.1384541993904027        3.0079229857300029E-002
   3.1447311077891835        4.0468341791148735E-002
   3.1510080161879643        4.3823285690151641E-002
   3.1572849245867451        3.9516269063627367E-002
   3.1635618329855260        2.8260144403841878E-002
   3.1698387413843068        1.2006126846524443E-002
   3.1761156497830876       -6.3817050267282478E-003
   3.1823925581818684       -2.3623709715545498E-002
   3.1886694665806492       -3.6608447832915191E-002
   3.1949463749794300       -4.2960084972619252E-002
   3.2012232833782108       -4.1484776075450487E-002
   3.2075001917769916       -3.2420700668903034E-002
   3.2137771001757724       -1.7425083513619245E-002
   3.2200540085745533        7.5674858936414160E-004
   3.2263309169733341        1.8800634989738572E-002
   3.2326078253721149        3.3410469576207850E-002
   3.2388847337708957        4.1920492800482524E-002
   3.2451616421696765        4.2780555502071119E-002
   3.2514385505684573        3.5837442360020635E-002
   3.2577154589672381        2.2360639836112802E-002
   3.2639923673660189        4.8090373415955066E-003
   3.2702692757647998       -1.3618727084625280E-002
   3.2765461841635806       -2.9567577056395730E-002
   3.2828230925623614       -4.0136748998744511E-002
   3.2891000009611422       -4.3406638279212970E-002
   3.2953769093599230       -3.8786343166246781E-002
   3.3016538177587038       -2.7119055507943364E-002
   3.3079307261574846       -1.0526873523810980E-002
   3.3142076345562654        7.9762676619346013E-003
   3.3204845429550462        2.5032661159978594E-002
   3.3267614513538271        3.7550201960175077E-002
   3.3330383597526079        4.3262392431337442E-002
   3.3393152681513887        4.1137730251254438E-002
   3.3455921765501695        3.1564647785080460E-002
   3.3518690849489503        1.6279155167791222E-002
   3.3581459933477311       -1.9511648780711358E-003
   3.3644229017465119       -1.9829015136336368E-002
   3.3706998101452927       -3.4123984377084741E-002
   3.3769767185440736       -4.2256263659070044E-002
   3.3832536269428544       -4.2764906912614108E-002
   3.3895305353416352       -3.5570905752922946E-002
   3.3958074437404160       -2.1981106325771507E-002
   3.4020843521391968       -4.4455532436859209E-003
   3.4083612605379776        1.3887395160409115E-002
   3.4146381689367584        2.9737923406661849E-002
   3.4209150773355392        4.0280946706581972E-002
   3.4271919857343200        4.3647152253403029E-002
   3.4334688941331009        3.9250384894635212E-002
   3.4397458025318817        2.7884869083287297E-002
   3.4460227109306620        1.1577022302946237E-002
   3.4522996193294428       -6.7796616666604848E-003
   3.4585765277282237       -2.3940265055798871E-002
   3.4648534361270045       -3.6882319481332006E-002
   3.4711303445257853       -4.3336413334199700E-002
   3.4774072529245661       -4.2180675695944685E-002
   3.4836841613233469       -3.3631226154744440E-002
   3.4899610697221277       -1.9197075385898751E-002
   3.4962379781209085       -1.4095233768895966E-003
   3.5025148865196893        1.6624731486647542E-002
   3.5087917949184702        3.1767350247755337E-002
   3.5150687033172510        4.1393646570181929E-002
   3.5213456117160318        4.3844808870026536E-002
   3.5276225201148126        3.8709652604902958E-002
   3.5338994285135934        2.6888762304915197E-002
   3.5401763369123742        1.0431984174170419E-002
   3.5464532453111550       -7.8206560656169134E-003
   3.5527301537099358       -2.4731481471035075E-002
   3.5590070621087166       -3.7408125618373922E-002
   3.5652839705074975       -4.3700080013068660E-002
   3.5715608789062783       -4.2557521855778477E-002
   3.5778377873050591       -3.4198326827779818E-002
   3.5841146957038399       -2.0058736333527109E-002
   3.5903916041026207       -2.5392097878321586E-003
   3.5966685125014015        1.5408284777275820E-002
   3.6029454209001823        3.0779851651878246E-002
   3.6092223292989631        4.1021206293975938E-002
   3.6154992376977440        4.4447734382227190E-002
   3.6217761460965248        4.0514750762613523E-002
   3.6280530544953056        2.9895853440095911E-002
   3.6343299628940864        1.4359688491679278E-002
   3.6406068712928672       -3.5312036644074662E-003
   3.6468837796916480       -2.0847199855651283E-002
   3.6531606880904288       -3.4772334497003954E-002
   3.6594375964892096       -4.3059986670712716E-002
   3.6657145048879904       -4.4390178404156141E-002
   3.6719914132867713       -3.8572579689748421E-002
   3.6782683216855521       -2.6565255535670598E-002
   3.6845452300843329       -1.0309375682799545E-002
   3.6908221384831137        7.5905385978846159E-003
   3.6970990468818945        2.4287269148532874E-002
   3.7033759552806753        3.7144049445942594E-002
   3.7096528636794561        4.4148090189119228E-002
   3.7159297720782369        4.4220142886424910E-002
   3.7222066804770177        3.7373445398633111E-002
   3.7284835888757986        2.4699846632369363E-002
   3.7347604972745794        8.1883076576364615E-003
   3.7410374056733602       -9.5922012601267204E-003
   3.7473143140721410       -2.5895033634907555E-002
   3.7535912224709218       -3.8220038394514030E-002
   3.7598681308697026       -4.4693958103579151E-002
   3.7661450392684834       -4.4349680787974570E-002
   3.7724219476672642       -3.7263629894386370E-002
   3.7786988560660451       -2.4532962021681343E-002
   3.7849757644648259       -8.0989044579379606E-003
   3.7912526728636067        9.5544152122353631E-003
   3.7975295812623875        2.5778184272324509E-002
   3.8038064896611683        3.8156245510611135E-002
   3.8100833980599491        4.4862000848559881E-002
   3.8163603064587299        4.4922673971562174E-002
   3.8226372148575107        3.8353524848979734E-002
   3.8289141232562915        2.6144665404322785E-002
   3.8351910316550724        1.0105097299405124E-002
   3.8414679400538532       -7.4105479518482972E-003
   3.8477448484526340       -2.3850622299658567E-002
   3.8540217568514148       -3.6838399075652756E-002
   3.8602986652501956       -4.4513177768584086E-002
   3.8665755736489764       -4.5791972251179112E-002
   3.8728524820477572       -4.0515793605235745E-002
   3.8791293904465380       -2.9461756418448670E-002
   3.8854062988453189       -1.4221901506295067E-002
   3.8916832072440997        3.0316156365421411E-003
   3.8979601156428805        1.9859519190720855E-002
   3.9042370240416608        3.3901325525121449E-002
   3.9105139324404417        4.3205495046123796E-002
   3.9167908408392225        4.6496357883743372E-002
   3.9230677492380033        4.3342574152345256E-002
   3.9293446576367841        3.4206166445505171E-002
   3.9356215660355649        2.0367702215223844E-002
   3.9418984744343457        3.7405947281081509E-003
   3.9481753828331265       -1.3397885826099970E-002
   3.9544522912319073       -2.8720429072056637E-002
   3.9607291996306881       -4.0164989552594593E-002
   3.9670061080294690       -4.6208898581681944E-002
   3.9732830164282498       -4.6065993239931956E-002
   3.9795599248270306       -3.9781910577336627E-002
   3.9858368332258114       -2.8217226444572426E-002
   3.9921137416245922       -1.2922917532489378E-002
   3.9983906500233730        4.0728682311666140E-003
   4.0046675584221543        2.0537025019304236E-002
   4.0109444668209351        3.4325519682486746E-002
   4.0172213752197159        4.3660801695114416E-002
   4.0234982836184967        4.7356633253556997E-002
   4.0297751920172775        4.4962957425188486E-002
   4.0360521004160583        3.6813437812990388E-002
   4.0423290088148391        2.3972467190951419E-002
   4.0486059172136200        8.0897756747792208E-003
   4.0548828256124008       -8.8156771521496514E-003
   4.0611597340111816       -2.4615300376245451E-002
   4.0674366424099624       -3.7337997996878314E-002
   4.0737135508087432       -4.5413997281137826E-002
   4.0799904592075240       -4.7837964796817775E-002
   4.0862673676063048       -4.4236280131028351E-002
   4.0925442760050856       -3.4986572192536786E-002
   4.0988211844038664       -2.1211615159950948E-002
   4.1050980928026473       -4.6586333610105363E-003
   4.1113750012014281        1.2508425858743418E-002
   4.1176519096002089        2.7986610244505074E-002
   4.1239288179989897        3.9644387618886778E-002
   4.1302057263977705        4.5824995495092752E-002
   4.1364826347965504        4.5597498683568376E-002
   4.1427595431953312        3.8916900195651395E-002
   4.1490364515941121        2.6663377024847796E-002
   4.1553133599928929        1.0547928681259248E-002
   4.1615902683916737       -7.1101401563045692E-003
   4.1678671767904545       -2.3707602682809543E-002
   4.1741440851892353       -3.6740388404065634E-002
   4.1804209935880161       -4.4189314186038928E-002
   4.1866979019867969       -4.4848590277722859E-002
   4.1929748103855777       -3.8541700231947362E-002
   4.1992517187843585       -2.6183944518810388E-002
   4.2055286271831394       -9.6727507569348888E-003
   4.2118055355819202        8.3858739902840391E-003
   4.2180824439807010        2.5078860113071196E-002
   4.2243593523794818        3.7655742579162335E-002
   4.2306362607782626        4.3991268103277983E-002
   4.2369131691770434        4.2962244836881512E-002
   4.2431900775758242        3.4669105152105140E-002
   4.2494669859746050        2.0457913712414955E-002
   4.2557438943733858        2.7307618739390786E-003
   4.2620208027721667       -1.5466314551607876E-002
   4.2682977111709475       -3.0991964200586437E-002
   4.2745746195697283       -4.1156195791570475E-002
   4.2808515279685091       -4.4188428138753552E-002
   4.2871284363672899       -3.9549966288612057E-002
   4.2934053447660707       -2.8034139399856151E-002
   4.2996822531648515       -1.1635211450820844E-002
   4.3059591615636323        6.7933674521704780E-003
   4.3122360699624132        2.4033298266422014E-002
   4.3185129783611940        3.7063229317158830E-002
   4.3247898867599748        4.3589911230233327E-002
   4.3310667951587556        4.2455132758971365E-002
   4.3373437035575364        3.3845604077479358E-002
   4.3436206119563172        1.9267080410055627E-002
   4.3498975203550980        1.2851791046563467E-003
   4.3561744287538788       -1.6923220344734834E-002
   4.3624513371526596       -3.2130125501077141E-002
   4.3687282455514405       -4.1629543454489625E-002
   4.3750051539502213       -4.3721699306747082E-002
   4.3812820623490021       -3.8021224506476749E-002
   4.3875589707477829       -2.5532771740575239E-002
   4.3938358791465637       -8.4784862082383679E-003
   4.4001127875453445        1.0093870687505568E-002
   4.4063896959441253        2.6853707114043782E-002
   4.4126666043429061        3.8784969097301204E-002
   4.4189435127416870        4.3730952821797217E-002
   4.4252204211404678        4.0787841528276893E-002
   4.4314973295392486        3.0474687287130740E-002
   4.4377742379380294        1.4646426198492516E-002
   4.4440511463368102       -3.8361965125884284E-003
   4.4503280547355910       -2.1621302167751235E-002
   4.4566049631343718       -3.5473170700816500E-002
   4.4628818715331526       -4.2862296322043955E-002
   4.4691587799319334       -4.2430353431309076E-002
   4.4754356883307143       -3.4244081269166345E-002
   4.4817125967294951       -1.9789889572478903E-002
   4.4879895051282759       -1.7081047630273876E-003
   4.4942664135270567        1.6686425536972145E-002
   4.5005433219258375        3.2010868588118149E-002
   4.5068202303246183        4.1437338228392719E-002
   4.5130971387233991        4.3217369618208025E-002
   4.5193740471221799        3.7010204541119279E-002
   4.5256509555209607        2.3952536102766361E-002
   4.5319278639197416        6.4547328043990677E-003
   4.5382047723185224       -1.2240779785113927E-002
   4.5444816807173032       -2.8658699343698513E-002
   4.5507585891160840       -3.9737188867035367E-002
   4.5570354975148648       -4.3401127986569830E-002
   4.5633124059136456       -3.8954543880953332E-002
   4.5695893143124264       -2.7217338876931306E-002
   4.5758662227112072       -1.0378659469942368E-002
   4.5821431311099881        8.4077538548158071E-003
   4.5884200395087689        2.5612181061140611E-002
   4.5946969479075497        3.7991964840592043E-002
   4.6009738563063305        4.3204790925692231E-002
   4.6072507647051113        4.0256551057281674E-002
   4.6135276731038921        2.9694654019336502E-002
   4.6198045815026729        1.3509791962666230E-002
   4.6260814899014537       -5.2360785697607394E-003
   4.6323583983002345       -2.2987029137594629E-002
   4.6386353066990154       -3.6367305792758917E-002
   4.6449122150977962       -4.2824614094885020E-002
   4.6511891234965770       -4.1119710909892845E-002
   4.6574660318953578       -3.1567886624162697E-002
   4.6637429402941386       -1.5984604314817817E-002
   4.6700198486929194        2.6561744507263515E-003
   4.6762967570917002        2.0787341189925632E-002
   4.6825736654904810        3.4930624961207295E-002
   4.6888505738892619        4.2364956631843899E-002
   4.6951274822880427        4.1652579239720378E-002
   4.7014043906868235        3.2920702623317484E-002
   4.7076812990856043        1.7842849668209253E-002
   4.7139582074843851       -6.7838485032302095E-004
   4.7202351158831659       -1.9067728160505077E-002
   4.7265120242819467       -3.3766580112807296E-002
   4.7327889326807275       -4.1922587639332827E-002
   4.7390658410795083       -4.1945629392322450E-002
   4.7453427494782892       -3.3821395675412466E-002
   4.7516196578770700       -1.9120016834350623E-002
   4.7578965662758508       -6.9621791769897893E-004
   4.7641734746746316        1.7862547362564599E-002
   4.7704503830734124        3.2933622556302694E-002
   4.7767272914721932        4.1567529993105201E-002
   4.7830041998709740        4.2069648899152684E-002
   4.7892811082697548        3.4334938478486912E-002
   4.7955580166685357        1.9872242424933021E-002
   4.8018349250673165        1.5125085357110294E-003
   4.8081118334660973       -1.7143584692391706E-002
   4.8143887418648781       -3.2431066724173493E-002
   4.8206656502636589       -4.1341182529858772E-002
   4.8269425586624397       -4.2115178738303068E-002
   4.8332194670612205       -3.4593901599911242E-002
   4.8394963754600013       -2.0253218182701357E-002
   4.8457732838587821       -1.9169614960523893E-003
   4.8520501922575630        1.6797299366903117E-002
   4.8583271006563438        3.2191233225034858E-002
   4.8646040090551246        4.1217113294004903E-002
   4.8708809174539054        4.2082835746957960E-002
   4.8771578258526862        3.4610184960274251E-002
   4.8834347342514670        2.0274233954852436E-002
   4.8897116426502478        1.9147327686701630E-003
   4.8959885510490286       -1.6824582697316712E-002
   4.9022654594478094       -3.2218402885587090E-002
   4.9085423678465903       -4.1200929259536785E-002
   4.9148192762453711       -4.1978079526094988E-002
   4.9210961846441519       -3.4388283390495267E-002
   4.9273730930429327       -1.9938779050762728E-002
   4.9336500014417135       -1.5088821745031851E-003
   4.9399269098404943        1.7221990359133157E-002
   4.9462038182392751        3.2508123970377389E-002
   4.9524807266380559        4.1288109857922195E-002
   4.9587576350368368        4.1802490744312019E-002
   4.9650345434356176        3.3946359685799433E-002
   4.9713114518343984        1.9291217338473839E-002
   4.9775883602331792        7.7144669694722840E-004
   4.9838652686319600       -1.7902755514932690E-002
   4.9901421770307408       -3.2988446345493826E-002
   4.9964190854295216       -4.1460334785219703E-002
   5.0026959938283024       -4.1617961851216745E-002
   5.0089729022270832       -3.3427753344007577E-002
   5.0152498106258641       -1.8530954798641038E-002
   5.0215267190246449        8.4515656287218106E-005
   5.0278036274234257        1.8682862547131387E-002
   5.0340805358222065        3.3529934959890297E-002
   5.0403574442209873        4.1643153372771198E-002
   5.0466343526197681        4.1391179345325296E-002
   5.0529112610185480        3.2822674531575072E-002
   5.0591881694173289        1.7657730998711124E-002
   5.0654650778161097       -1.0566954126696091E-003
   5.0717419862148905       -1.9558490243163442E-002
   5.0780188946136713       -3.4126500590172609E-002
   5.0842958030124521       -4.1829156575127924E-002
   5.0905727114112329       -4.1114923024732054E-002
   5.0968496198100137       -3.2125579045675916E-002
   5.1031265282087945       -1.6668886415904638E-002
   5.1094034366075753        2.1442171158810187E-003
   5.1156803450063562        2.0525281766850350E-002
   5.1219572534051370        3.4771194182466360E-002
   5.1282341618039178        4.2012138382383768E-002
   5.1345110702026986        4.0792467672218065E-002
   5.1407879786014794        3.1361159442831625E-002
   5.1470648870002602        1.5619266634247907E-002
   5.1533417953990410       -3.2644217439545460E-003
   5.1596187037978218       -2.1492079111584288E-002
   5.1658956121966026       -3.5400836607263376E-002
   5.1721725205953835       -4.2198435554032368E-002
   5.1784494289941643       -4.0522815214973258E-002
   5.1847263373929451       -3.0713726747529549E-002
   5.1910032457917259       -1.4742446235917972E-002
   5.1972801541905067        4.1855806684521751E-003
   5.2035570625892875        2.2274845898130367E-002
   5.2098339709880683        3.5901041720066404E-002
   5.2161108793868491        4.2336771561306330E-002
   5.2223877877856300        4.0296476279037131E-002
   5.2286646961844108        3.0191909247049512E-002
   5.2349416045831916        1.4047649686127173E-002
   5.2412185129819724       -4.9057339650400130E-003
   5.2474954213807532       -2.2878888527555971E-002
   5.2537723297795340       -3.6281435044050271E-002
   5.2600492381783148       -4.2438728548689589E-002
   5.2663261465770956       -4.0124619713048634E-002
   5.2726030549758764       -2.9804301145553019E-002
   5.2788799633746573       -1.3539409768789522E-002
   5.2851568717734381        5.4249973866970225E-003
   5.2914337801722189        2.3308576934403753E-002
   5.2977106885709997        3.6549655766015016E-002
   5.3039875969697805        4.2516135916694252E-002
   5.3102645053685613        4.0028664230529511E-002
   5.3165414137673421        2.9589773931649129E-002
   5.3228183221661229        1.3278818813843483E-002
   5.3290952305649038       -5.6650023507361803E-003
   5.3353721389636846       -2.3487677423610347E-002
   5.3416490473624654       -3.6664597115863520E-002
   5.3479259557612462       -4.2596407629233252E-002
   5.3542028641600270       -4.0119334466996066E-002
   5.3604797725588078       -2.9730295211973609E-002
   5.3667566809575886       -1.3483899112750384E-002
   5.3730335893563694        5.4166992261204588E-003
   5.3793104977551502        2.3253079720032606E-002
   5.3855874061539311        3.6523427826190703E-002
   5.3918643145527119        4.2628894041345088E-002
   5.3981412229514927        4.0380146085750586E-002
   5.4044181313502735        3.0225862089486508E-002
   5.4106950397490543        1.4159910292544632E-002
   5.4169719481478351       -4.6729862992556824E-003
   5.4232488565466159       -2.2594568362288788E-002
   5.4295257649453967       -3.6111824337560404E-002
   5.4358026733441775       -4.2596707330665007E-002
   5.4420795817429584       -4.0794743745211075E-002
   5.4483564901417392       -3.1064555905927937E-002
   5.4546333985405200       -1.5303215170303485E-002
   5.4609103069393008        3.4264943458737966E-003
   5.4671872153380816        2.1493046720528226E-002
   5.4734641237368624        3.5401029262657167E-002
   5.4797410321356432        4.2468112862123653E-002
   5.4860179405344240        4.1340286906556022E-002
   5.4922948489332049        3.2246644177877939E-002
   5.4985717573319857        1.6948265556682929E-002
   5.5048486657307665       -1.6068776186578409E-003
   5.5111255741295473       -1.9854706719617164E-002
   5.5174024825283281       -3.4300472579068056E-002
   5.5236793909271089       -4.2186877951566906E-002
   5.5299562993258897       -4.2017394969908278E-002
   5.5362332077246705       -3.3836040384926880E-002
   5.5425101161234513       -1.9212139151253079E-002
   5.5487870245222322       -9.3516608087643887E-004
   5.5550639329210130        1.7520233767777931E-002
   5.5613408413197938        3.2655913035619613E-002
   5.5676177497185746        4.1612381550093641E-002
   5.5738946581173554        4.2706305301269183E-002
   5.5801715665161362        3.5742841357620209E-002
   5.5864484749149170        2.2045649124671513E-002
   5.5927253833136978        4.2010509954047860E-003
   5.5990022917124787       -1.4433438994659866E-002
   5.6052792001112595       -3.0362261230533587E-002
   5.6115561085100403       -4.0606976424602266E-002
   5.6178330169088211       -4.3260780779301275E-002
   5.6241099253076019       -3.7839587202499469E-002
   5.6303868337063827       -2.5365787830510831E-002
   5.6366637421051635       -8.1711053040937186E-003
   5.6429406505039443        1.0542616089319274E-002
   5.6492175589027251        2.7301646515352315E-002
   5.6554944673015060        3.9006520392951355E-002
   5.6617713757002868        4.3503627289556666E-002
   5.6680482840990676        3.9977062402064209E-002
   5.6743251924978484        2.9091132000251266E-002
   5.6806021008966292        1.2859750868813110E-002
   5.6868790092954100       -5.7306848926167685E-003
   5.6931559176941908       -2.3273529683417258E-002
   5.6994328260929716       -3.6566619554530860E-002
   5.7057097344917524       -4.3194875119080510E-002
   5.7119866428905333       -4.1965144048142139E-002
   5.7182635512893141       -3.3115735825121492E-002
   5.7245404596880949       -1.8264857017504771E-002
   5.7308173680868757       -1.0982968285986174E-004
   5.7370942764856565        1.8066156253076927E-002
   5.7433711848844373        3.2988978280886150E-002
   5.7496480932832181        4.1982204781933694E-002
   5.7559250016819989        4.3443814196773886E-002
   5.7622019100807798        3.7126718047761166E-002
   5.7684788184795606        2.4174877917434112E-002
   5.7747557268783414        6.9109949046021720E-003
   5.7810326352771222       -1.1583956934138440E-002
   5.7873095436759030       -2.8022566241100867E-002
   5.7935864520746838       -3.9495015689314392E-002
   5.7998633604734646       -4.3981627654197081E-002
   5.8061402688722454       -4.0704111705470981E-002
   5.8124171772710262       -3.0255224891669052E-002
   5.8186940856698071       -1.4486266535268568E-002
   5.8249709940685879        3.8253895786709035E-003
   5.8312479024673687        2.1468557483045651E-002
   5.8375248108661495        3.5362619497361913E-002
   5.8438017192649303        4.3093812187530139E-002
   5.8500786276637111        4.3330729339952218E-002
   5.8563555360624919        3.6048333195577334E-002
   5.8626324444612727        2.2523726346403133E-002
   5.8689093528600536        5.1069253930220004E-003
   5.8751862612588344       -1.3191367794498662E-002
   5.8814631696576152       -2.9222039159079227E-002
   5.8877400780563960       -4.0238991594390615E-002
   5.8940169864551768       -4.4366755953518321E-002
   5.9002938948539576       -4.0915168243263231E-002
   5.9065708032527384       -3.0489138043690772E-002
   5.9128477116515192       -1.4877106958781692E-002
   5.9191246200503000        3.2603986334951126E-003
   5.9254015284490809        2.0847127892079244E-002
   5.9316784368478617        3.4913622621938957E-002
   5.9379553452466425        4.3097035230910463E-002
   5.9442322536454233        4.4034407465825383E-002
   5.9505091620442041        3.7584594354167021E-002
   5.9567860704429849        2.4843600062768558E-002
   5.9630629788417657        7.9531048549089482E-003
   5.9693398872405457       -1.0263550275687041E-002
   5.9756167956393265       -2.6775409644006362E-002
   5.9818937040381073       -3.8848062965148644E-002
   5.9881706124368881       -4.4494104506811703E-002
   5.9944475208356689       -4.2796103301012405E-002
   6.0007244292344497       -3.4050299933933811E-002
   6.0070013376332305       -1.9709531075651047E-002
   6.0132782460320113       -2.1371237910748483E-003
   6.0195551544307921        1.5785937286892922E-002
   6.0258320628295730        3.1134722435188226E-002
   6.0321089712283538        4.1416835929070438E-002
   6.0383858796271346        4.4974215983324808E-002
   6.0446627880259154        4.1245975963778062E-002
   6.0509396964246962        3.0851404858304704E-002
   6.0572166048234770        1.5481821865183260E-002
   6.0634935132222578       -2.3790603248929299E-003
   6.0697704216210386       -1.9859362462040616E-002
   6.0760473300198194       -3.4161619776287913E-002
   6.0823242384186003       -4.3009119009400160E-002
   6.0886011468173811       -4.5005001633250268E-002
   6.0948780552161619       -3.9848072996404353E-002
   6.1011549636149427       -2.8372748155173051E-002
   6.1074318720137235       -1.2408935247195834E-002
   6.1137087804125043        5.5139094017505165E-003
   6.1199856888112851        2.2570028706279489E-002
   6.1262625972100659        3.6083317887656355E-002
   6.1325395056088468        4.3945497229286964E-002
   6.1388164140076276        4.4941530677222397E-002
   6.1450933224064084        3.8932544824474447E-002
   6.1513702308051892        2.6869636677658626E-002
   6.1576471392039700        1.0638332267394159E-002
   6.1639240476027508       -7.2400719066577955E-003
   6.1702009560015316       -2.4000956748108548E-002
   6.1764778644003124       -3.7046439189243441E-002
   6.1827547727990932       -4.4322124828940747E-002
   6.1890316811978741       -4.4649985728420015E-002
   6.1953085895966549       -3.7933470969072250E-002
   6.2015854979954357       -2.5193964535505153E-002
   6.2078624063942165       -8.4295020870599827E-003
   6.2141393147929973        9.6881768753410528E-003
   6.2204162231917781        2.6233763320360731E-002
   6.2266931315905589        3.8500999202280978E-002
   6.2329700399893397        4.4451383431750653E-002
   6.2392469483881206        4.3063889761007286E-002
   6.2455238567869014        3.4524068120558388E-002
   6.2518007651856822        2.0215712719731920E-002
   6.2580776735844630        2.5102334953397342E-003
   6.2643545819832438       -1.5616812531784825E-002
   6.2706314903820246       -3.1081828193469749E-002
   6.2769083987808054       -4.1220090406635476E-002
   6.2831853071795862       -4.4253166639961559E-002
