   6.2769083987808056E-003   3.5039143365608670E-006
   1.2553816797561611E-002   2.3382013281140298E-006
   1.8830725196342418E-002   1.1782389474045496E-006
   2.5107633595123222E-002   1.9996037058130592E-008
   3.1384541993904030E-002  -1.1380221178937202E-006
   3.7661450392684835E-002  -2.2948882820383904E-006
   4.3938358791465640E-002  -3.4471393773884286E-006
   5.0215267190246445E-002  -4.5889301507866138E-006
   5.6492175589027249E-002  -5.7118657249826261E-006
   6.2769083987808061E-002  -6.8058779557113968E-006
   6.9045992386588859E-002  -7.8634569265055355E-006
   7.5322900785369670E-002  -8.8795680250348919E-006
   8.1599809184150468E-002  -9.8497552124961536E-006
   8.7876717582931280E-002  -1.0770034318093833E-005
   9.4153625981712077E-002  -1.1636829545470127E-005
  0.10043053438049289       -1.2447055351452930E-005
  0.10670744277927370       -1.3198034593536174E-005
  0.11298435117805450       -1.3887571917848540E-005
  0.11926125957683531       -1.4513868825774054E-005
  0.12553816797561612       -1.5075587569766622E-005
  0.13181507637439691       -1.5571764087168581E-005
  0.13809198477317772       -1.6001864015458509E-005
  0.14436889317195853       -1.6365694023402038E-005
  0.15064580157073934       -1.6663451600590602E-005
  0.15692270996952015       -1.6895635358443253E-005
  0.16319961836830094       -1.7063090208451910E-005
  0.16947652676708175       -1.7166917135230446E-005
  0.17575343516586256       -1.7208515404144235E-005
  0.18203034356464337       -1.7189492055429382E-005
  0.18830725196342415       -1.7111703010706611E-005
  0.19458416036220497       -1.6977161898673264E-005
  0.20086106876098578       -1.6788082731859719E-005
  0.20713797715976659       -1.6546785951685878E-005
  0.21341488555854740       -1.6255748258117135E-005
  0.21969179395732819       -1.5917497271599918E-005
  0.22596870235610900       -1.5534689533606436E-005
  0.23224561075488981       -1.5109934724597854E-005
  0.23852251915367062       -1.4646320137137626E-005
  0.24479942755245140       -1.4149505409415594E-005
  0.25107633595123224       -1.3625700986962726E-005
  0.25735324435001306       -1.3080758564198389E-005
  0.26363015274879381       -1.2520227814879153E-005
  0.26990706114757462       -1.1949243343105335E-005
  0.27618396954635543       -1.1372576627654248E-005
  0.28246087794513625       -1.0794561153241160E-005
  0.28873778634391706       -1.0219145245236978E-005
  0.29501469474269787       -9.6498384378527241E-006
  0.30129160314147868       -9.0897695414027592E-006
  0.30756851154025949       -8.5416472801129553E-006
  0.31384541993904030       -8.0078231021446088E-006
  0.32012232833782106       -7.4902617153109579E-006
  0.32639923673660187       -6.9906069698266963E-006
  0.33267614513538268       -6.5101590148947782E-006
  0.33895305353416350       -6.0499413998489627E-006
  0.34522996193294431       -5.6106822709242957E-006
  0.35150687033172512       -5.1928810092177822E-006
  0.35778377873050593       -4.7967914800090370E-006
  0.36406068712928674       -4.4224868117331698E-006
  0.37033759552806755       -4.0698432434302578E-006
  0.37661450392684831       -3.7386019586546271E-006
  0.38289141232562912       -3.4283526041877953E-006
  0.38916832072440993       -3.1385912876666147E-006
  0.39544522912319074       -2.8687035117180882E-006
  0.40172213752197156       -2.6180171183284529E-006
  0.40799904592075237       -2.3857854847075575E-006
  0.41427595431953318       -2.1712006164419400E-006
  0.42055286271831399       -1.9732740279752366E-006
  0.42682977111709480       -1.7910247125226299E-006
  0.43310667951587556       -1.6234807614008181E-006
  0.43938358791465637       -1.4697119214656634E-006
  0.44566049631343718       -1.3288023387125206E-006
  0.45193740471221799       -1.1998851748173876E-006
  0.45821431311099881       -1.0821130973578326E-006
  0.46449122150977962       -9.7469161160705276E-007
  0.47076812990856043       -8.7684876967584208E-007
  0.47704503830734124       -7.8786695024007357E-007
  0.48332194670612205       -7.0705228023718699E-007
  0.48959885510490281       -6.3376497277580104E-007
  0.49587576350368362       -5.6738874655370502E-007
  0.50215267190246449       -5.0735988749095753E-007
  0.50842958030124530       -4.5313687323718599E-007
  0.51470648870002611       -4.0422832842293931E-007
  0.52098339709880681       -3.6016301097321309E-007
  0.52726030549758762       -3.2051681587408231E-007
  0.53353721389636843       -2.8488324000147992E-007
  0.53981412229514925       -2.5289956477706903E-007
  0.54609103069393006       -2.2421787900338910E-007
  0.55236793909271087       -1.9853055605133933E-007
  0.55864484749149168       -1.7554189324541099E-007
  0.56492175589027249       -1.5499296832853666E-007
  0.57119866428905330       -1.3663393345089835E-007
  0.57747557268783412       -1.2024827974677965E-007
  0.58375248108661493       -1.0562653042974766E-007
  0.59002938948539574       -9.2598227230631530E-008
  0.59630629788417655       -8.1010751376999681E-008
  0.60258320628295736       -7.0735340068300059E-008
  0.60886011468173817       -6.1639593988777102E-008
  0.61513702308051899       -5.3612098463289702E-008
  0.62141393147929980       -4.6538348189847170E-008
  0.62769083987808061       -4.0324125297013970E-008
  0.63396774827686131       -3.4871957696111686E-008
  0.64024465667564212       -3.0103730353725130E-008
  0.64652156507442293       -2.5937618573856756E-008
  0.65279847347320374       -2.2310059760692809E-008
  0.65907538187198456       -1.9153176629974179E-008
  0.66535229027076537       -1.6416190629161337E-008
  0.67162919866954618       -1.4043353068413871E-008
  0.67790610706832699       -1.1994853717829048E-008
  0.68418301546710780       -1.0225271230722356E-008
  0.69045992386588861       -8.7040142602384000E-009
  0.69673683226466943       -7.3942954681533543E-009
  0.70301374066345024       -6.2731314168526319E-009
  0.70929064906223105       -5.3108368071391788E-009
  0.71556755746101186       -4.4906013921249749E-009
  0.72184446585979267       -3.7884983240011275E-009
  0.72812137425857348       -3.1926509429821877E-009
  0.73439828265735430       -2.6837386748838523E-009
  0.74067519105613511       -2.2537670261771463E-009
  0.74695209945491581       -1.8870585737617957E-009
  0.75322900785369662       -1.5786264504935618E-009
  0.75950591625247743       -1.3156616189597155E-009
  0.76578282465125824       -1.0956949072843864E-009
  0.77205973305003905       -9.0844383858468318E-010
  0.77833664144881987       -7.5320500939707222E-010
  0.78461354984760068       -6.2121862765378238E-010
  0.79089045824638149       -5.1292831088483792E-010
  0.79716736664516230       -4.2078640142370257E-010
  0.80344427504394311       -3.4612531079887317E-010
  0.80972118344272392       -2.8236510464881234E-010
  0.81599809184150474       -2.3150552669975357E-010
  0.82227500024028555       -1.8772951713417907E-010
  0.82855190863906636       -1.5352303405737442E-010
  0.83482881703784717       -1.2366384380445811E-010
  0.84110572543662798       -1.0097826101077573E-010
  0.84738263383540879       -8.0706915304284005E-011
  0.85365954223418961       -6.5904631667929569E-011
  0.85993645063297042       -5.2171997625231932E-011
  0.86621335903175112       -4.2704989789736857E-011
  0.87249026743053193       -3.3388343758993330E-011
  0.87876717582931274       -2.7496314321171730E-011
  0.88504408422809355       -2.1136015786537841E-011
  0.89132099262687436       -1.7612361717097986E-011
  0.89759790102565518       -1.3213967528009516E-011
  0.90387480942443599       -1.1243235856874010E-011
  0.91015171782321680       -8.1380687288688848E-012
  0.91642862622199761       -7.1730966079459715E-012
  0.92270553462077842       -4.9131019560069998E-012
  0.92898244301955923       -4.5911395740139715E-012
  0.93525935141834005       -2.8806451265422692E-012
  0.94153625981712086       -2.9631817722132230E-012
  0.94781316821590167       -1.6112851311629214E-012
  0.95409007661468248       -1.9446363316066871E-012
  0.96036698501346329       -8.2749464112437626E-013
  0.96664389341224410       -1.3144171364116766E-012
  0.97292080181102492       -3.5149738383737791E-013
  0.97919771020980562       -9.2600923622994250E-013
  0.98547461860858643       -6.5858608775003239E-014
  0.99175152700736724       -6.8840641431687823E-013
  0.99802843540614805        1.0219014267011114E-013
   1.0043053438049290       -5.4319892654566102E-013
   1.0105822522037098        1.9780763503605977E-013
   1.0168591606024906       -4.5427181833130432E-013
   1.0231360690012714        2.5073824676573390E-013
   1.0294129774000522       -3.9826636800054468E-013
   1.0356898857988328        2.7883612104790293E-013
   1.0419667941976136       -3.6167348003815355E-013
   1.0482437025963944        2.9167682953483758E-013
   1.0545206109951752       -3.3724402581993328E-013
   1.0607975193939561        2.9598687603352264E-013
   1.0670744277927369       -3.1929977530221732E-013
   1.0733513361915177        2.9464523397270783E-013
   1.0796282445902985       -3.0621707326096081E-013
   1.0859051529890793        2.9057056360991398E-013
   1.0921820613878601       -2.9503019419479024E-013
   1.0984589697866409        2.8467043719002021E-013
   1.1047358781854217       -2.8611690852484324E-013
   1.1110127865842025        2.7762786327699551E-013
   1.1172896949829834       -2.7842769303686301E-013
   1.1235666033817642        2.7013975542031519E-013
   1.1298435117805450       -2.6970539019502172E-013
   1.1361204201793258        2.6303702878756183E-013
   1.1423973285781066       -2.6199182957062163E-013
   1.1486742369768874        2.5583104326664958E-013
   1.1549511453756682       -2.5406095785919080E-013
   1.1612280537744490        2.4926866032529677E-013
   1.1675049621732299       -2.4568294153125048E-013
   1.1737818705720107        2.4263685535768040E-013
   1.1800587789707915       -2.3829756427886777E-013
   1.1863356873695723        2.3560817945537512E-013
   1.1926125957683531       -2.3058477586396545E-013
   1.1988895041671339        2.2823908784077148E-013
   1.2051664125659147       -2.2433564588971424E-013
   1.2114433209646955        2.2051609953452766E-013
   1.2177202293634763       -2.1790481903676618E-013
   1.2239971377622572        2.1300865617882768E-013
   1.2302740461610380       -2.1184081405560291E-013
   1.2365509545598188        2.0477553002459201E-013
   1.2428278629585996       -2.0629702237933908E-013
   1.2491047713573804        1.9719218200831554E-013
   1.2553816797561612       -1.9998234135909791E-013
   1.2616585881549420        1.9078688370931121E-013
   1.2679354965537226       -1.9175804022938145E-013
   1.2742124049525034        1.8606165514415329E-013
   1.2804893133512842       -1.8345870341548304E-013
   1.2867662217500651        1.8093797073978304E-013
   1.2930431301488459       -1.7610721759244631E-013
   1.2993200385476267        1.7504244995566085E-013
   1.3055969469464075       -1.7020998421358389E-013
   1.3118738553451883        1.6782550885105180E-013
   1.3181507637439691       -1.6516163933999563E-013
   1.3244276721427499        1.6058845070071057E-013
   1.3307045805415307       -1.6029839133535449E-013
   1.3369814889403115        1.5305388397361097E-013
   1.3432583973390924       -1.5538668047298509E-013
   1.3495353057378732        1.4573585775193580E-013
   1.3558122141366540       -1.5047022140861119E-013
   1.3620891225354348        1.3882445779634262E-013
   1.3683660309342156       -1.4434498147754537E-013
   1.3746429393329964        1.3371612029887019E-013
   1.3809198477317772       -1.3704951355643548E-013
   1.3871967561305580        1.2868504463374888E-013
   1.3934736645293389       -1.3027291173432244E-013
   1.3997505729281197        1.2305629478525184E-013
   1.4060274813269005       -1.2479202644219412E-013
   1.4123043897256813        1.1586857245935269E-013
   1.4185812981244621       -1.1977699905372073E-013
   1.4248582065232429        1.0963001818113886E-013
   1.4311351149220237       -1.1368205282091646E-013
   1.4374120233208045        1.0383463758927313E-013
   1.4436889317195853       -1.0817661922853804E-013
   1.4499658401183662        9.7677294249238534E-014
   1.4562427485171470       -1.0263736497542376E-013
   1.4625196569159278        9.1135109867304193E-014
   1.4687965653147086       -9.7842032601889060E-014
   1.4750734737134894        8.3377197519142357E-014
   1.4813503821122702       -9.3706211873373372E-014
   1.4876272905110510        7.6191399757978486E-014
   1.4939041989098316       -8.8607495207726429E-014
   1.5001811073086124        7.0243856486636982E-014
   1.5064580157073932       -8.1900072485474666E-014
   1.5127349241061741        6.5868201277547106E-014
   1.5190118325049549       -7.3609205048136734E-014
   1.5252887409037357        6.3957480359421347E-014
   1.5315656493025165       -6.3240214523973798E-014
   1.5378425577012973        6.3704137208807167E-014
   1.5441194661000781       -5.1160348445296425E-014
   1.5503963744988589        6.4779155453031847E-014
   1.5566732828976397       -3.7551004807285084E-014
   1.5629501912964205        6.8273382300917826E-014
   1.5692270996952014       -2.1306258112851631E-014
   1.5755040080939822        7.3341170484938065E-014
   1.5817809164927630       -4.2883814340673252E-015
   1.5880578248915438        7.8953010022092329E-014
   1.5943347332903246        1.1290184369088012E-014
   1.6006116416891054        8.1466659808287388E-014
   1.6068885500878862        2.4419384839849412E-014
   1.6131654584866670        8.1978184090395224E-014
   1.6194423668854478        3.4392044857850493E-014
   1.6257192752842287        7.9512264319610369E-014
   1.6319961836830095        4.2812730118129810E-014
   1.6382730920817903        7.5427604791390425E-014
   1.6445500004805711        4.8094820695064930E-014
   1.6508269088793519        6.7456536231475130E-014
   1.6571038172781327        4.9474713652046998E-014
   1.6633807256769135        5.5615783040710223E-014
   1.6696576340756943        4.6491694137127903E-014
   1.6759345424744752        3.8424930362400438E-014
   1.6822114508732560        3.8367888781452170E-014
   1.6884883592720368        1.7885486187144671E-014
   1.6947652676708176        2.8161783976830547E-014
   1.7010421760695984       -4.2383510889306152E-015
   1.7073190844683792        1.7651459017396417E-014
   1.7135959928671600       -2.4855097284280378E-014
   1.7198729012659408        9.5066566546354251E-015
   1.7261498096647214       -4.3176449347933477E-014
   1.7324267180635022        3.4328207179187462E-015
   1.7387036264622830       -5.9558145163077063E-014
   1.7449805348610639       -7.8644870394369969E-016
   1.7512574432598447       -7.4907208209737015E-014
   1.7575343516586255       -4.3472177951127646E-015
   1.7638112600574063       -8.8710046307213675E-014
   1.7700881684561871       -5.6853525869692890E-015
   1.7763650768549679       -9.9678730559674269E-014
   1.7826419852537487       -2.9796045163037817E-015
   1.7889188936525295       -1.0602929157792378E-013
   1.7951958020513104        4.5112404876409212E-015
   1.8014727104500912       -1.0711330110335334E-013
   1.8077496188488720        1.6716187101076169E-014
   1.8140265272476528       -1.0495593436530866E-013
   1.8203034356464336        3.1431814173770318E-014
   1.8265803440452144       -1.0105088904705672E-013
   1.8328572524439952        4.7345231476853949E-014
   1.8391341608427760       -9.6079812398271349E-014
   1.8454110692415568        6.4068721259249981E-014
   1.8516879776403377       -9.0982572455158604E-014
   1.8579648860391185        7.9863777778174322E-014
   1.8642417944378993       -8.7098300606703184E-014
   1.8705187028366801        9.5459395122181497E-014
   1.8767956112354609       -8.3582795867665703E-014
   1.8830725196342417        1.0978315758224704E-013
   1.8893494280330225       -8.1450501516617990E-014
   1.8956263364318033        1.2245721591353838E-013
   1.9019032448305841       -8.1227549276185306E-014
   1.9081801532293650        1.3276901896525405E-013
   1.9144570616281458       -8.5434952997301471E-014
   1.9207339700269266        1.3713315598209915E-013
   1.9270108784257074       -9.4884646792113163E-014
   1.9332877868244882        1.3817873519919531E-013
   1.9395646952232690       -1.0706589939261954E-013
   1.9458416036220498        1.3702521302821171E-013
   1.9521185120208304       -1.2033791708276586E-013
   1.9583954204196112        1.3611576866846557E-013
   1.9646723288183920       -1.3270610360786327E-013
   1.9709492372171729        1.3537920475234055E-013
   1.9772261456159537       -1.4545635532877827E-013
   1.9835030540147345        1.3531381934099645E-013
   1.9897799624135153       -1.5699970540500418E-013
   1.9960568708122961        1.3652389825921025E-013
   2.0023337792110771       -1.6741784682911145E-013
   2.0086106876098579        1.3880091954483181E-013
   2.0148875960086388       -1.7663168954077654E-013
   2.0211645044074196        1.4260195559637781E-013
   2.0274414128062004       -1.8417183231223769E-013
   2.0337183212049812        1.4869651318664308E-013
   2.0399952296037620       -1.8795822943746343E-013
   2.0462721380025428        1.5964276573191370E-013
   2.0525490464013236       -1.8800546716791260E-013
   2.0588259548001044        1.7341902073266218E-013
   2.0651028631988853       -1.8575107187931766E-013
   2.0713797715976656        1.8846627588169918E-013
   2.0776566799964464       -1.8324383390092274E-013
   2.0839335883952272        2.0367738493540598E-013
   2.0902104967940081       -1.8109955871220493E-013
   2.0964874051927889        2.1826332904041401E-013
   2.1027643135915697       -1.7966326487528985E-013
   2.1090412219903505        2.3256566040224372E-013
   2.1153181303891313       -1.7867895785107614E-013
   2.1215950387879121        2.4514331985602813E-013
   2.1278719471866929       -1.8076739679996452E-013
   2.1341488555854737        2.5437457776361211E-013
   2.1404257639842545       -1.8662778539043934E-013
   2.1467026723830354        2.5993432984347303E-013
   2.1529795807818162       -1.9570365400535368E-013
   2.1592564891805970        2.6275108576410139E-013
   2.1655333975793778       -2.0746851105881113E-013
   2.1718103059781586        2.6400298160290682E-013
   2.1780872143769394       -2.2063450600552654E-013
   2.1843641227757202        2.6416432722878003E-013
   2.1906410311745010       -2.3387706693379202E-013
   2.1969179395732819        2.6448725073133575E-013
   2.2031948479720627       -2.4836818637533431E-013
   2.2094717563708435        2.6246894835379385E-013
   2.2157486647696243       -2.6588933396630241E-013
   2.2220255731684051        2.5856734275693136E-013
   2.2283024815671859       -2.8352185085207383E-013
   2.2345793899659667        2.5566893720123154E-013
   2.2408562983647475       -2.9945743699262057E-013
   2.2471332067635283        2.5577190580855245E-013
   2.2534101151623092       -3.1161771962492155E-013
   2.2596870235610900        2.6005864820739706E-013
   2.2659639319598708       -3.2080719376448568E-013
   2.2722408403586516        2.6614552911324594E-013
   2.2785177487574324       -3.2956648751120669E-013
   2.2847946571562132        2.7203611953034040E-013
   2.2910715655549940       -3.3851619316266590E-013
   2.2973484739537748        2.7935391694724069E-013
   2.3036253823525557       -3.4433572095655707E-013
   2.3099022907513365        2.9031566931036281E-013
   2.3161791991501173       -3.4737699115225197E-013
   2.3224561075488981        3.0372344534840538E-013
   2.3287330159476789       -3.4890156110856867E-013
   2.3350099243464597        3.1799326925331558E-013
   2.3412868327452405       -3.5059347204538033E-013
   2.3475637411440213        3.3223366495723713E-013
   2.3538406495428021       -3.5163301067348293E-013
   2.3601175579415830        3.4752526156975132E-013
   2.3663944663403638       -3.5282363335077742E-013
   2.3726713747391446        3.6218268636166166E-013
   2.3789482831379254       -3.5390738945453707E-013
   2.3852251915367062        3.7786021160637987E-013
   2.3915020999354870       -3.5485123117376161E-013
   2.3977790083342678        3.9287008435918812E-013
   2.4040559167330486       -3.5771794885963645E-013
   2.4103328251318294        4.0576137062600631E-013
   2.4166097335306103       -3.6352068390440223E-013
   2.4228866419293911        4.1600315956550211E-013
   2.4291635503281719       -3.7077899382683994E-013
   2.4354404587269527        4.2640352624143926E-013
   2.4417173671257335       -3.7819919919465939E-013
   2.4479942755245143        4.3641605936101358E-013
   2.4542711839232951       -3.8577007957416654E-013
   2.4605480923220759        4.4643601328329923E-013
   2.4668250007208568       -3.9494958989642727E-013
   2.4731019091196376        4.5475070312523200E-013
   2.4793788175184184       -4.0602907185527046E-013
   2.4856557259171992        4.6093819987204189E-013
   2.4919326343159800       -4.1897298595993257E-013
   2.4982095427147608        4.6684955575844198E-013
   2.5044864511135416       -4.3172488108358392E-013
   2.5107633595123224        4.7293876928053105E-013
   2.5170402679111032       -4.4524603900972587E-013
   2.5233171763098841        4.7917058321465776E-013
   2.5295940847086644       -4.5790361624707684E-013
   2.5358709931074452        4.8656624553813272E-013
   2.5421479015062260       -4.7106263587747162E-013
   2.5484248099050069        4.9252209033785352E-013
   2.5547017183037877       -4.8518988349093084E-013
   2.5609786267025685        4.9964301644293431E-013
   2.5672555351013493       -4.9871018376974392E-013
   2.5735324435001301        5.0706149849575279E-013
   2.5798093518989109       -5.1209018873742362E-013
   2.5860862602976917        5.1447825638653736E-013
   2.5923631686964725       -5.2611451270248259E-013
   2.5986400770952534        5.2172506838596401E-013
   2.6049169854940342       -5.4052709846523368E-013
   2.6111938938928150        5.2941600753966979E-013
   2.6174708022915958       -5.5526148775446088E-013
   2.6237477106903766        5.3628452052307759E-013
   2.6300246190891574       -5.7117730840765323E-013
   2.6363015274879382        5.4371050228502040E-013
   2.6425784358867190       -5.8597012017976073E-013
   2.6488553442854998        5.5283601273488134E-013
   2.6551322526842807       -5.9961284231572893E-013
   2.6614091610830615        5.6308722446592909E-013
   2.6676860694818423       -6.1339195592032550E-013
   2.6739629778806231        5.7279263205474226E-013
   2.6802398862794039       -6.2784017695473763E-013
   2.6865167946781847        5.8353313068694045E-013
   2.6927937030769655       -6.4203579510562680E-013
   2.6990706114757463        5.9349611900978018E-013
   2.7053475198745272       -6.5733350868899231E-013
   2.7116244282733080        6.0496665069585204E-013
   2.7179013366720888       -6.7087635960536948E-013
   2.7241782450708696        6.1782634386458240E-013
   2.7304551534696504       -6.8467828703654872E-013
   2.7367320618684312        6.2912372973425775E-013
   2.7430089702672120       -7.0136712582934694E-013
   2.7492858786659928        6.4004281227995761E-013
   2.7555627870647736       -7.1682480198846557E-013
   2.7618396954635545        6.5290327575897905E-013
   2.7681166038623353       -7.3190733402158268E-013
   2.7743935122611161        6.6586793716806055E-013
   2.7806704206598969       -7.4816341823878024E-013
   2.7869473290586777        6.7774288902290327E-013
   2.7932242374574585       -7.6676768563309360E-013
   2.7995011458562393        6.8770761940134793E-013
   2.8057780542550201       -7.8737864712280921E-013
   2.8120549626538009        6.9660014490256265E-013
   2.8183318710525818       -8.0990042606262806E-013
   2.8246087794513626        7.0419196361888858E-013
   2.8308856878501434       -8.3400961907274259E-013
   2.8371625962489242        7.1167789829342871E-013
   2.8434395046477050       -8.5986806891374697E-013
   2.8497164130464858        7.1621398495733012E-013
   2.8559933214452666       -8.8993143339676012E-013
   2.8622702298440474        7.1746556970756924E-013
   2.8685471382428283       -9.2466583366408638E-013
   2.8748240466416091        7.1352434207995613E-013
   2.8811009550403899       -9.6572123220278378E-013
   2.8873778634391707        7.0360326574143993E-013
   2.8936547718379515       -1.0156560552568926E-012
   2.8999316802367323        6.8395385858792880E-013
   2.9062085886355131       -1.0766421769028860E-012
   2.9124854970342939        6.5345609297667487E-013
   2.9187624054330747       -1.1513487788851232E-012
   2.9250393138318556        6.0808376688185694E-013
   2.9313162222306364       -1.2440157762131405E-012
   2.9375931306294172        5.4262820501022394E-013
   2.9438700390281980       -1.3611642701555940E-012
   2.9501469474269788        4.5023222480723124E-013
   2.9564238558257596       -1.5110209734111754E-012
   2.9627007642245404        3.1983988504047085E-013
   2.9689776726233212       -1.7065623257394398E-012
   2.9752545810221021        1.3814685023208270E-013
   2.9815314894208829       -1.9625430883263845E-012
   2.9878083978196632       -1.1476662071145747E-013
   2.9940853062184440       -2.3054120978576159E-012
   3.0003622146172249       -4.6771981949582777E-013
   3.0066391230160057       -2.7641510347171038E-012
   3.0129160314147865       -9.5481850995287635E-013
   3.0191929398135673       -3.3842411371974732E-012
   3.0254698482123481       -1.6330488116974203E-012
   3.0317467566111289       -4.2320518489504255E-012
   3.0380236650099097       -2.5731706498911777E-012
   3.0443005734086905       -5.3783384339468031E-012
   3.0505774818074713       -3.8446965661545999E-012
   3.0568543902062522       -6.8928012500289592E-012
   3.0631312986050330       -5.5200821905576296E-012
   3.0694082070038138       -8.8515331035043346E-012
   3.0756851154025946       -7.6784206595960034E-012
   3.0819620238013754       -1.1335849637980687E-011
   3.0882389322001562       -1.0402156129335287E-011
   3.0945158405989370       -1.4426501213746558E-011
   3.1007927489977178       -1.3765923313197980E-011
   3.1070696573964987       -1.8190245070684312E-011
   3.1133465657952795       -1.7826524944643686E-011
   3.1196234741940603       -2.2669178725291879E-011
   3.1259003825928411       -2.2607266386941906E-011
   3.1321772909916219       -2.7863748555161040E-011
   3.1384541993904027       -2.8080763008077292E-011
   3.1447311077891835       -3.3715445758087084E-011
   3.1510080161879643       -3.4152683689003721E-011
   3.1572849245867451       -4.0089515779171074E-011
   3.1635618329855260       -4.0642119705043844E-011
   3.1698387413843068       -4.6754134501931375E-011
   3.1761156497830876       -4.7263636651113984E-011
   3.1823925581818684       -5.3367580547582571E-011
   3.1886694665806492       -5.3617545884618990E-011
   3.1949463749794300       -5.9474032774020458E-011
   3.2012232833782108       -5.9194305791324532E-011
   3.2075001917769916       -6.4533127674461602E-011
   3.2137771001757724       -6.3518705386107359E-011
   3.2200540085745533       -6.8254037623078573E-011
   3.2263309169733341       -6.6479517879926881E-011
   3.2326078253721149       -7.0602184779906531E-011
   3.2388847337708957       -6.8060970003367711E-011
   3.2451616421696765       -7.1580185143390283E-011
   3.2514385505684573       -6.8283671993587278E-011
   3.2577154589672381       -7.1222846821214562E-011
   3.2639923673660189       -6.7194162031697420E-011
   3.2702692757647998       -6.9586614090529269E-011
   3.2765461841635806       -6.4859615704820502E-011
   3.2828230925623614       -6.6752454104577275E-011
   3.2891000009611422       -6.1371889335372898E-011
   3.2953769093599230       -6.2818545096108903E-011
   3.3016538177587038       -5.6834908945512898E-011
   3.3079307261574846       -5.7896767543596451E-011
   3.3142076345562654       -5.1367494552057407E-011
   3.3204845429550462       -5.2110172083724492E-011
   3.3267614513538271       -4.5094588556656139E-011
   3.3330383597526079       -4.5586949367477221E-011
   3.3393152681513887       -3.8145875735545385E-011
   3.3455921765501695       -3.8454915416917311E-011
   3.3518690849489503       -3.0647629889495372E-011
   3.3581459933477311       -3.0841053402821062E-011
   3.3644229017465119       -2.2724573311978222E-011
   3.3706998101452927       -2.2867113882938093E-011
   3.3769767185440736       -1.4496651737075635E-011
   3.3832536269428544       -1.4652228306506466E-011
   3.3895305353416352       -6.0839902800261081E-012
   3.3958074437404160       -6.3157246067073793E-012
   3.4020843521391968        2.4050556360909210E-012
   3.4083612605379776        2.0511088222951823E-012
   3.4146381689367584        1.0899037036399943E-011
   3.4209150773355392        1.0398731696467007E-011
   3.4271919857343200        1.9374065163755208E-011
   3.4334688941331009        1.8726195986384450E-011
   3.4397458025318817        2.7849398446985230E-011
   3.4460227109306620        2.7074287203872972E-011
   3.4522996193294428        3.6389258986262167E-011
   3.4585765277282237        3.5528318311748505E-011
   3.4648534361270045        4.5101879065371396E-011
   3.4711303445257853        4.4220351488921986E-011
   3.4774072529245661        5.4143692868607438E-011
   3.4836841613233469        5.3329492791337380E-011
   3.4899610697221277        6.3718116242913153E-011
   3.4962379781209085        6.3085219730520110E-011
   3.5025148865196893        7.4085393498018224E-011
   3.5087917949184702        7.3779530971361401E-011
   3.5150687033172510        8.5569063692764723E-011
   3.5213456117160318        8.5768742965364716E-011
   3.5276225201148126        9.8565056846224111E-011
   3.5338994285135934        9.9490669901533579E-011
   3.5401763369123742        1.1356070979041128E-010
   3.5464532453111550        1.1548939962511368E-010
   3.5527301537099358        1.3116610288779140E-010
   3.5590070621087166        1.3446612848909069E-010
   3.5652839705074975        1.5223231227654472E-010
   3.5715608789062783        1.5746918964765930E-010
   3.5778377873050591        1.7800679623083460E-010
   3.5841146957038399        1.8593144207572021E-010
   3.5903916041026207        2.1012528000072010E-010
   3.5966685125014015        2.2172000221901160E-010
   3.6029454209001823        2.5072501018745228E-010
   3.6092223292989631        2.6728876517920123E-010
   3.6154992376977440        3.0263626774515842E-010
   3.6217761460965248        3.2590655126908190E-010
   3.6280530544953056        3.6964497815494617E-010
   3.6343299628940864        4.0196636045520321E-010
   3.6406068712928672        4.5686118413616228E-010
   3.6468837796916480        5.0142135676930216E-010
   3.6531606880904288        5.7123985846756683E-010
   3.6594375964892096        6.3240965346411100E-010
   3.6657145048879904        7.2232334650368733E-010
   3.6719914132867713        8.0613418935773296E-010
   3.6782683216855521        9.2328934474130164E-010
   3.6845452300843329        1.0381176353614916E-009
   3.6908221384831137        1.1924546635080465E-009
   3.6970990468818945        1.3500020745052061E-009
   3.7033759552806753        1.5554349311406975E-009
   3.7096528636794561        1.7721453134838175E-009
   3.7159297720782369        2.0482654574775727E-009
   3.7222066804770177        2.3473779235051254E-009
   3.7284835888757986        2.7219274836991334E-009
   3.7347604972745794        3.1364250824786311E-009
   3.7410374056733602        3.6487888550298452E-009
   3.7473143140721410        4.2256278539906855E-009
   3.7535912224709218        4.9320791693720095E-009
   3.7598681308697026        5.7386281124194931E-009
   3.7661450392684834        6.7201122417134835E-009
   3.7724219476672642        7.8535664019136653E-009
   3.7786988560660451        9.2271477529564498E-009
   3.7849757644648259        1.0828474531535325E-008
   3.7912526728636067        1.2764351163179174E-008
   3.7975295812623875        1.5039078252254298E-008
   3.8038064896611683        1.7786016156471049E-008
   3.8100833980599491        2.1035381758442349E-008
   3.8163603064587299        2.4958903785066688E-008
   3.8226372148575107        2.9626727090089015E-008
   3.8289141232562915        3.5266719206373047E-008
   3.8351910316550724        4.2010283033160292E-008
   3.8414679400538532        5.0168311724308348E-008
   3.8477448484526340        5.9966045139381469E-008
   3.8540217568514148        7.1838318483176922E-008
   3.8602986652501956        8.6154161318321275E-008
   3.8665755736489764        1.0353494549725021E-007
   3.8728524820477572        1.2457037936549195E-007
   3.8791293904465380        1.5016463669025440E-007
   3.8854062988453189        1.8124693697102310E-007
   3.8916832072440997        2.1915304824725291E-007
   3.8979601156428805        2.6533605812384989E-007
   3.9042370240416608        3.2179541917829767E-007
   3.9105139324404417        3.9080604202151573E-007
   3.9167908408392225        4.7540587908495065E-007
   3.9230677492380033        5.7914540246111536E-007
   3.9293446576367841        7.0666894275854060E-007
   3.9356215660355649        8.6352224423023730E-007
   3.9418984744343457        1.0568637026998852E-006
   3.9481753828331265        1.2953761989577945E-006
   3.9544522912319073        1.5901728827582329E-006
   3.9607291996306881        1.9548912390378482E-006
   3.9670061080294690        2.4068967319186109E-006
   3.9732830164282498        2.9676874767450225E-006
   3.9795599248270306        3.6645623866001162E-006
   3.9858368332258114        4.5315479794422277E-006
   3.9921137416245922        5.6118016525952700E-006
   3.9983906500233730        6.9594099699130514E-006
   4.0046675584221543        8.6429689824795049E-006
   4.0109444668209351        1.0748832987190736E-005
   4.0172213752197159        1.3386596649941137E-005
   4.0234982836184967        1.6694758379128850E-005
   4.0297751920172775        2.0849296088141259E-005
   4.0360521004160583        2.6073361684380422E-005
   4.0423290088148391        3.2650909016165997E-005
   4.0486059172136200        4.0943161671644656E-005
   4.0548828256124008        5.1410477845485041E-005
   4.0611597340111816        6.4640369519788064E-005
   4.0674366424099624        8.1382569424655337E-005
   4.0737135508087432        1.0259534243523738E-004
   4.0799904592075240        1.2944191696741736E-004
   4.0862673676063048        1.6318810881449120E-004
   4.0925442760050856        2.0533883203046707E-004
   4.0988211844038664        2.5769952489432008E-004
   4.1050980928026473        3.2241429271806981E-004
   4.1113750012014281        4.0201088006927408E-004
   4.1176519096002089        4.9944761633240610E-004
   4.1239288179989897        6.1815865717526381E-004
   4.1302057263977705        7.6210089325922325E-004
   4.1364826347965504        9.3579271882382833E-004
   4.1427595431953312        1.1443505965256706E-003
   4.1490364515941121        1.3935090404004981E-003
   4.1553133599928929        1.6896317048372390E-003
   4.1615902683916737        2.0396944510068676E-003
   4.1678671767904545        2.4512502464495104E-003
   4.1741440851892353        2.9323514036719888E-003
   4.1804209935880161        3.4914426370153961E-003
   4.1866979019867969        4.1371942585206184E-003
   4.1929748103855777        4.8782954858485553E-003
   4.1992517187843585        5.7231698482151970E-003
   4.2055286271831394        6.6796441407307615E-003
   4.2118055355819202        7.7545235532863631E-003
   4.2180824439807010        8.9531239362806558E-003
   4.2243593523794818        1.0278700885017375E-002
   4.2306362607782626        1.1731856027963389E-002
   4.2369131691770434        1.3309852081476326E-002
   4.2431900775758242        1.5005892240548116E-002
   4.2494669859746050        1.6809173621790841E-002
   4.2557438943733858        1.8712640551492507E-002
   4.2620208027721667        2.0720014605105593E-002
   4.2682977111709475        2.2836039155101458E-002
   4.2745746195697283        2.5064452442863955E-002
   4.2808515279685091        2.7408262709697005E-002
   4.2871284363672899        2.9869496648152128E-002
   4.2934053447660707        3.2449184599559713E-002
   4.2996822531648515        3.5147196466340534E-002
   4.3059591615636323        3.7962166438619792E-002
   4.3122360699624132        4.0891347768699404E-002
   4.3185129783611940        4.3930514971336820E-002
   4.3247898867599748        4.7073827914582297E-002
   4.3310667951587556        5.0313728285795008E-002
   4.3373437035575364        5.3640815942956860E-002
   4.3436206119563172        5.7043752661319364E-002
   4.3498975203550980        6.0509158700119241E-002
   4.3561744287538788        6.4021536722512498E-002
   4.3624513371526596        6.7563199469446167E-002
   4.3687282455514405        7.1114227499110033E-002
   4.3750051539502213        7.4652440819750976E-002
   4.3812820623490021        7.8153404761812539E-002
   4.3875589707477829        8.1590459603810339E-002
   4.3938358791465637        8.4934788854528001E-002
   4.4001127875453445        8.8155521427740038E-002
   4.4063896959441253        9.1219874858155844E-002
   4.4126666043429061        9.4093346144044285E-002
   4.4189435127416870        9.6739930618819872E-002
   4.4252204211404678        9.9122507451836969E-002
   4.4314973295392486       0.10120383557182121     
   4.4377742379380294       0.10294686420214182     
   4.4440511463368102       0.10431458780409679     
   4.4503280547355910       0.10527042109741229     
   4.4566049631343718       0.10577870701182644     
   4.4628818715331526       0.10580524909424430     
   4.4691587799319334       0.10531788709206036     
   4.4754356883307143       0.10428709886975918     
   4.4817125967294951       0.10268663028761135     
   4.4879895051282759       0.10049413900932121     
   4.4942664135270567        9.7691848926633018E-002
   4.5005433219258375        9.4267200046890945E-002
   4.5068202303246183        9.0213487327053546E-002
   4.5130971387233991        8.5530471548870265E-002
   4.5193740471221799        8.0224953349223541E-002
   4.5256509555209607        7.4311291873398522E-002
   4.5319278639197416        6.7811857715433507E-002
   4.5382047723185224        6.0757400474265109E-002
   4.5444816807173032        5.3187320403713649E-002
   4.5507585891160840        4.5149824022757037E-002
   4.5570354975148648        3.6701954781406809E-002
   4.5633124059136456        2.7909478738603131E-002
   4.5695893143124264        1.8846620763737346E-002
   4.5758662227112072        9.5956307159151908E-003
   4.5821431311099881        2.4618532261844476E-004
   4.5884200395087689       -9.1054024293777767E-003
   4.5946969479075497       -1.8357124178669759E-002
   4.6009738563063305       -2.7402552880882201E-002
   4.6072507647051113       -3.6133004051432174E-002
   4.6135276731038921       -4.4439177599354257E-002
   4.6198045815026729       -5.2212509893150169E-002
   4.6260814899014537       -5.9346797095124096E-002
   4.6323583983002345       -6.5739922522223118E-002
   4.6386353066990154       -7.1295638021982369E-002
   4.6449122150977962       -7.5925370014599369E-002
   4.6511891234965770       -7.9550021584333719E-002
   4.6574660318953578       -8.2101734419290653E-002
   4.6637429402941386       -8.3525576099350324E-002
   4.6700198486929194       -8.3781114222048605E-002
   4.6762967570917002       -8.2843838836072853E-002
   4.6825736654904810       -8.0706395130275957E-002
   4.6888505738892619       -7.7379586723390945E-002
   4.6951274822880427       -7.2893115527120633E-002
   4.7014043906868235       -6.7296020621288727E-002
   4.7076812990856043       -6.0656790535190977E-002
   4.7139582074843851       -5.3063116560020954E-002
   4.7202351158831659       -4.4621275111487509E-002
   4.7265120242819467       -3.5455114153382837E-002
   4.7327889326807275       -2.5704651661242778E-002
   4.7390658410795083       -1.5524268208177913E-002
   4.7453427494782892       -5.0805307888011622E-003
   4.7516196578770700        5.4503703964626643E-003
   4.7578965662758508        1.5885485669197175E-002
   4.7641734746746316        2.6038325020741947E-002
   4.7704503830734124        3.5722199525867859E-002
   4.7767272914721932        4.4754296286840314E-002
   4.7830041998709740        5.2961702501409254E-002
   4.7892811082697548        6.0184099684349131E-002
   4.7955580166685357        6.6276790249946843E-002
   4.8018349250673165        7.1113994803156680E-002
   4.8081118334660973        7.4591815060938538E-002
   4.8143887418648781        7.6630905367809102E-002
   4.8206656502636589        7.7178712044196254E-002
   4.8269425586624397        7.6211258117839076E-002
   4.8332194670612205        7.3734387816976762E-002
   4.8394963754600013        6.9784438219014838E-002
   4.8457732838587821        6.4428288894740726E-002
   4.8520501922575630        5.7762766518185051E-002
   4.8583271006563438        4.9913390407995639E-002
   4.8646040090551246        4.1032454841877453E-002
   4.8708809174539054        3.1296471334818554E-002
   4.8771578258526862        2.0902989579861305E-002
   4.8834347342514670        1.0066859587219746E-002
   4.8897116426502478       -9.8402415218471818E-004
   4.8959885510490286       -1.2013393276242250E-002
   4.9022654594478094       -2.2781634281374093E-002
   4.9085423678465903       -3.3051030046201781E-002
   4.9148192762453711       -4.2591156071366675E-002
   4.9210961846441519       -5.1184238054620947E-002
   4.9273730930429327       -5.8630441674178378E-002
   4.9336500014417135       -6.4752826671386474E-002
   4.9399269098404943       -6.9402042648756046E-002
   4.9462038182392751       -7.2460374434739017E-002
   4.9524807266380559       -7.3847194378649894E-002
   4.9587576350368368       -7.3525958097002186E-002
   4.9650345434356176       -7.1500512355016088E-002
   4.9713114518343984       -6.7814166508589721E-002
   4.9775883602331792       -6.2549165103672838E-002
   4.9838652686319600       -5.5824918563818125E-002
   4.9901421770307408       -4.7795508512141163E-002
   4.9964190854295216       -3.8646260162970479E-002
   5.0026959938283024       -2.8589614492126842E-002
   5.0089729022270832       -1.7860278846687686E-002
   5.0152498106258641       -6.7098440419817440E-003
   5.0215267190246449        4.5990714639520553E-003
   5.0278036274234257        1.5798968324406838E-002
   5.0340805358222065        2.6623798729176969E-002
   5.0403574442209873        3.6815304559749892E-002
   5.0466343526197681        4.6129234729681202E-002
   5.0529112610185480        5.4341270887461719E-002
   5.0591881694173289        6.1252532717486555E-002
   5.0654650778161097        6.6694512342362108E-002
   5.0717419862148905        7.0533323425775729E-002
   5.0780188946136713        7.2673146868091620E-002
   5.0842958030124521        7.3058786967159672E-002
   5.0905727114112329        7.1677262978850395E-002
   5.0968496198100137        6.8558389099673739E-002
   5.1031265282087945        6.3774317098222164E-002
   5.1094034366075753        5.7438045747391316E-002
   5.1156803450063562        4.9700899728655178E-002
   5.1219572534051370        4.0749259442322133E-002
   5.1282341618039178        3.0801757252243687E-002
   5.1345110702026986        2.0103768390162750E-002
   5.1407879786014794        8.9176728774976229E-003
   5.1470648870002602       -2.4842677844037712E-003
   5.1533417953990410       -1.3826504534514958E-002
   5.1596187037978218       -2.4836911251282019E-002
   5.1658956121966026       -3.5253259941097813E-002
   5.1721725205953835       -4.4829397436997591E-002
   5.1784494289941643       -5.3340929338353042E-002
   5.1847263373929451       -6.0590317045252730E-002
   5.1910032457917259       -6.6411254132319283E-002
   5.1972801541905067       -7.0672247562702753E-002
   5.2035570625892875       -7.3279320995213351E-002
   5.2098339709880683       -7.4177801887014824E-002
   5.2161108793868491       -7.3353159565815160E-002
   5.2223877877856300       -7.0830898030993933E-002
   5.2286646961844108       -6.6675518414767682E-002
   5.2349416045831916       -6.0988596381532645E-002
   5.2412185129819724       -5.3906032058347597E-002
   5.2474954213807532       -4.5594553936421041E-002
   5.2537723297795340       -3.6247569071575947E-002
   5.2600492381783148       -2.6080467958767860E-002
   5.2663261465770956       -1.5325501606629380E-002
   5.2726030549758764       -4.2263530253083036E-003
   5.2788799633746573        6.9674613433549767E-003
   5.2851568717734381        1.8006248385604860E-002
   5.2914337801722189        2.8645671532657162E-002
   5.2977106885709997        3.8652384444265650E-002
   5.3039875969697805        4.7811249576653440E-002
   5.3102645053685613        5.5931114013061292E-002
   5.3165414137673421        6.2847251613196958E-002
   5.3228183221661229        6.8423984751904157E-002
   5.3290952305649038        7.2556828163005391E-002
   5.3353721389636846        7.5173808892843350E-002
   5.3416490473624654        7.6236051706553898E-002
   5.3479259557612462        7.5737611123816578E-002
   5.3542028641600270        7.3704613363171287E-002
   5.3604797725588078        7.0193742754108016E-002
   5.3667566809575886        6.5290149738627262E-002
   5.3730335893563694        5.9104842702933258E-002
   5.3793104977551502        5.1771654132137690E-002
   5.3855874061539311        4.3443857305559733E-002
   5.3918643145527119        3.4290531195930819E-002
   5.3981412229514927        2.4492752598660746E-002
   5.4044181313502735        1.4239713553593061E-002
   5.4106950397490543        3.7248359777979547E-003
   5.4169719481478351       -6.8580233396447884E-003
   5.4232488565466159       -1.7318221708259651E-002
   5.4295257649453967       -2.7471747368534822E-002
   5.4358026733441775       -3.7144374497927408E-002
   5.4420795817429584       -4.6174473108837211E-002
   5.4483564901417392       -5.4415485865991396E-002
   5.4546333985405200       -6.1737969052542460E-002
   5.4609103069393008       -6.8031302028049911E-002
   5.4671872153380816       -7.3204811219011554E-002
   5.4734641237368624       -7.7189235047652863E-002
   5.4797410321356432       -7.9940486012860662E-002
   5.4860179405344240       -8.1438036979087233E-002
   5.4922948489332049       -8.1682413516832461E-002
   5.4985717573319857       -8.0693943087142103E-002
   5.5048486657307665       -7.8511337994421074E-002
   5.5111255741295473       -7.5190050882905660E-002
   5.5174024825283281       -7.0800421000296584E-002
   5.5236793909271089       -6.5425691768336153E-002
   5.5299562993258897       -5.9159926395873585E-002
   5.5362332077246705       -5.2105883905499875E-002
   5.5425101161234513       -4.4372889166382781E-002
   5.5487870245222322       -3.6074742505872420E-002
   5.5550639329210130       -2.7327702889103505E-002
   5.5613408413197938       -1.8248573993128535E-002
   5.5676177497185746       -8.9529246642261785E-003
   5.5738946581173554        4.4654348048926175E-004
   5.5801715665161362        9.8414524295126673E-003
   5.5864484749149170        1.9129032906641266E-002
   5.5927253833136978        2.8213209437461223E-002
   5.5990022917124787        3.7005510056085732E-002
   5.6052792001112595        4.5425765672241297E-002
   5.6115561085100403        5.3402650110969792E-002
   5.6178330169088211        6.0874005697690400E-002
   5.6241099253076019        6.7787050679306710E-002
   5.6303868337063827        7.4098354050971080E-002
   5.6366637421051635        7.9773793720099045E-002
   5.6429406505039443        8.4788129166498291E-002
   5.6492175589027251        8.9125522341369681E-002
   5.6554944673015060        9.2783119319459276E-002
   5.6617713757002868        9.5767336516455290E-002
   5.6680482840990676        9.8091886917673329E-002
   5.6743251924978484        9.9777037487732895E-002
   5.6806021008966292       0.10084868745297426     
   5.6868790092954100       0.10133754923818585     
   5.6931559176941908       0.10127827420343440     
   5.6994328260929716       0.10070865058114634     
   5.7057097344917524        9.9668803621233579E-002
   5.7119866428905333        9.8200467921759321E-002
   5.7182635512893141        9.6346291772009873E-002
   5.7245404596880949        9.4149217133795454E-002
   5.7308173680868757        9.1651907371033514E-002
   5.7370942764856565        8.8896251637552534E-002
   5.7433711848844373        8.5922923493159845E-002
   5.7496480932832181        8.2771013687639380E-002
   5.7559250016819989        7.9477717059661376E-002
   5.7622019100807798        7.6078088055490822E-002
   5.7684788184795606        7.2604845538818755E-002
   5.7747557268783414        6.9088238653504497E-002
   5.7810326352771222        6.5555953813841661E-002
   5.7873095436759030        6.2033074533253602E-002
   5.7935864520746838        5.8542071561687010E-002
   5.7998633604734646        5.5102839027120661E-002
   5.8061402688722454        5.1732746351729371E-002
   5.8124171772710262        4.8446735721603462E-002
   5.8186940856698071        4.5257414895024300E-002
   5.8249709940685879        4.2175408606282321E-002
   5.8312479024673687        3.9210003413081347E-002
   5.8375248108661495        3.6368551524258781E-002
   5.8438017192649303        3.3656474648062450E-002
   5.8500786276637111        3.1077464881276412E-002
   5.8563555360624919        2.8633639281909817E-002
   5.8626324444612727        2.6325716805977836E-002
   5.8689093528600536        2.4153176502484872E-002
   5.8751862612588344        2.2114420407833152E-002
   5.8814631696576152        2.0206921473041522E-002
   5.8877400780563960        1.8427369197344338E-002
   5.8940169864551768        1.6771801049514912E-002
   5.9002938948539576        1.5235728156778216E-002
   5.9065708032527384        1.3814247241422389E-002
   5.9128477116515192        1.2502145240851723E-002
   5.9191246200503000        1.1293990900988484E-002
   5.9254015284490809        1.0184218614640269E-002
   5.9316784368478617        9.1672002870399720E-003
   5.9379553452466425        8.2373097417838825E-003
   5.9442322536454233        7.3889764578886708E-003
   5.9505091620442041        6.6167325941290187E-003
   5.9567860704429849        5.9152507878895994E-003
   5.9630629788417657        5.2793762338720221E-003
   5.9693398872405457        4.7041510156706811E-003
   5.9756167956393265        4.1848338056486561E-003
   5.9818937040381073        3.7169132443969771E-003
   5.9881706124368881        3.2961177823464288E-003
   5.9944475208356689        2.9184202955870671E-003
   6.0007244292344497        2.5800382411870918E-003
   6.0070013376332305        2.2774310639045395E-003
   6.0132782460320113        2.0073010545783401E-003
   6.0195551544307921        1.7665877124409058E-003
   6.0258320628295730        1.5524603365730206E-003
   6.0321089712283538        1.3623087973618621E-003
   6.0383858796271346        1.1937339553519098E-003
   6.0446627880259154        1.0445367669587903E-003
   6.0509396964246962        9.1270754785631859E-004
   6.0572166048234770        7.9641439495077484E-004
   6.0634935132222578        6.9399211515771078E-004
   6.0697704216210386        6.0393067294005830E-004
   6.0760473300198194        5.2486438042649477E-004
   6.0823242384186003        4.5556086313520955E-004
   6.0886011468173811        3.9491091595482002E-004
   6.0948780552161619        3.4191830498336325E-004
   6.1011549636149427        2.9569054045605917E-004
   6.1074318720137235        2.5542969570334481E-004
   6.1137087804125043        2.2042423118318652E-004
   6.1199856888112851        1.9004090756008811E-004
   6.1262625972100659        1.6371771217995690E-004
   6.1325395056088468        1.4095686482012130E-004
   6.1388164140076276        1.2131885053024644E-004
   6.1450933224064084        1.0441644611463022E-004
   6.1513702308051892        8.9909879686256709E-005
   6.1576471392039700        7.7501639807909292E-005
   6.1639240476027508        6.6933267287347831E-005
   6.1702009560015316        5.7976066920700496E-005
   6.1764778644003124        5.0396214656365203E-005
   6.1827547727990932        4.3963471510458227E-005
   6.1890316811978741        3.8483853155622189E-005
   6.1953085895966549        3.3797299204671051E-005
   6.2015854979954357        2.9770932062259812E-005
   6.2078624063942165        2.6294128724052033E-005
   6.2141393147929973        2.3274508713260011E-005
   6.2204162231917781        2.0634571032174910E-005
   6.2266931315905589        1.8309141996345604E-005
   6.2329700399893397        1.6243117410677501E-005
   6.2392469483881206        1.4389841295286874E-005
   6.2455238567869014        1.2709594248845174E-005
   6.2518007651856822        1.1168587258601437E-005
   6.2580776735844630        9.7379570301926009E-006
   6.2643545819832438        8.3931748804955718E-006
   6.2706314903820246        7.1133908413505137E-006
   6.2769083987808054        5.8811265553638398E-006
   6.2831853071795862        4.6818604449924788E-006
