   6.2769083987808056E-003   4.1548066045378214E-012
   1.2553816797561611E-002   6.7544586386741618E-012
   1.8830725196342418E-002   2.6967323324993140E-012
   2.5107633595123222E-002   5.4581755040792734E-012
   3.1384541993904030E-002   1.6599346182896144E-012
   3.7661450392684835E-002   4.5115525970334480E-012
   4.3938358791465640E-002   9.1065229437223881E-013
   5.0215267190246445E-002   3.8043733770681884E-012
   5.6492175589027249E-002   3.5767693977822625E-013
   6.2769083987808061E-002   3.2620840526849569E-012
   6.9045992386588859E-002  -5.7944842416914253E-014
   7.5322900785369670E-002   2.8371171786448929E-012
   8.1599809184150468E-002  -3.7257964594894133E-013
   8.7876717582931280E-002   2.5031110324818450E-012
   9.4153625981712077E-002  -6.0837115834962251E-013
  0.10043053438049289        2.2395318452165984E-012
  0.10670744277927370       -7.8422136499022041E-013
  0.11298435117805450        2.0302454889575084E-012
  0.11926125957683531       -9.1392174941434483E-013
  0.12553816797561612        1.8621766902871646E-012
  0.13181507637439691       -1.0093411779337512E-012
  0.13809198477317772        1.7256294672046353E-012
  0.14436889317195853       -1.0779047782950166E-012
  0.15064580157073934        1.6145256645738382E-012
  0.15692270996952015       -1.1249820324523507E-012
  0.16319961836830094        1.5239494740037848E-012
  0.16947652676708175       -1.1549228303840650E-012
  0.17575343516586256        1.4495133168817020E-012
  0.18203034356464337       -1.1718747931989120E-012
  0.18830725196342415        1.3883598849491591E-012
  0.19458416036220497       -1.1777882339506982E-012
  0.20086106876098578        1.3373945261468134E-012
  0.20713797715976659       -1.1766561032601237E-012
  0.21341488555854740        1.2938043631309592E-012
  0.21969179395732819       -1.1695034785878662E-012
  0.22596870235610900        1.2572369972304267E-012
  0.23224561075488981       -1.1572044567527464E-012
  0.23852251915367062        1.2258008206087610E-012
  0.24479942755245140       -1.1412000409736388E-012
  0.25107633595123224        1.1977639664155154E-012
  0.25735324435001306       -1.1247649974900103E-012
  0.26363015274879381        1.1706600233291273E-012
  0.26990706114757462       -1.1081592847888856E-012
  0.27618396954635543        1.1447914051042880E-012
  0.28246087794513625       -1.0913036747073106E-012
  0.28873778634391706        1.1194194220742316E-012
  0.29501469474269787       -1.0752027566853279E-012
  0.30129160314147868        1.0949337038443003E-012
  0.30756851154025949       -1.0585033035487723E-012
  0.31384541993904030        1.0724053837295739E-012
  0.32012232833782106       -1.0407919867048094E-012
  0.32639923673660187        1.0516232623349550E-012
  0.33267614513538268       -1.0230356900327075E-012
  0.33895305353416350        1.0305987446123854E-012
  0.34522996193294431       -1.0060692827747497E-012
  0.35150687033172512        1.0096947337021491E-012
  0.35778377873050593       -9.8913709423306227E-013
  0.36406068712928674        9.9083159912178445E-013
  0.37033759552806755       -9.7101425460899216E-013
  0.37661450392684831        9.7373486060380286E-013
  0.38289141232562912       -9.5216234854716711E-013
  0.38916832072440993        9.5796661821253139E-013
  0.39544522912319074       -9.3253464927291766E-013
  0.40172213752197156        9.4320599019972616E-013
  0.40799904592075237       -9.1271546507817331E-013
  0.41427595431953318        9.2946570089938970E-013
  0.42055286271831399       -8.9318520297847040E-013
  0.42682977111709480        9.1560138412610582E-013
  0.43310667951587556       -8.7467369910522571E-013
  0.43938358791465637        9.0150055619995463E-013
  0.44566049631343718       -8.5698071472631689E-013
  0.45193740471221799        8.8804166169721442E-013
  0.45821431311099881       -8.3886621590253301E-013
  0.46449122150977962        8.7417837452936502E-013
  0.47076812990856043       -8.2274787961268937E-013
  0.47704503830734124        8.5930419083332964E-013
  0.48332194670612205       -8.0801616980184662E-013
  0.48959885510490281        8.4358707426282776E-013
  0.49587576350368362       -7.9467245567383749E-013
  0.50215267190246449        8.2698633533138871E-013
  0.50842958030124530       -7.8275214286374494E-013
  0.51470648870002611        8.1002882485507665E-013
  0.52098339709880681       -7.7173071725447381E-013
  0.52726030549758762        7.9238530999265536E-013
  0.53353721389636843       -7.6117031691543584E-013
  0.53981412229514925        7.7553060649871335E-013
  0.54609103069393006       -7.4995130446937155E-013
  0.55236793909271087        7.6032468901313429E-013
  0.55864484749149168       -7.3823832787469712E-013
  0.56492175589027249        7.4520167361823967E-013
  0.57119866428905330       -7.2717583193869405E-013
  0.57747557268783412        7.3009554866981819E-013
  0.58375248108661493       -7.1639253824209147E-013
  0.59002938948539574        7.1457916252165845E-013
  0.59630629788417655       -7.0630513999242773E-013
  0.60258320628295736        6.9920399152900730E-013
  0.60886011468173817       -6.9668355061673085E-013
  0.61513702308051899        6.8413379012694629E-013
  0.62141393147929980       -6.8679083653395546E-013
  0.62769083987808061        6.7073302293127787E-013
  0.63396774827686131       -6.7474463589085771E-013
  0.64024465667564212        6.6000362442423916E-013
  0.64652156507442293       -6.6064715470645694E-013
  0.65279847347320374        6.5096914255025582E-013
  0.65907538187198456       -6.4633649069521720E-013
  0.66535229027076537        6.4120757217518191E-013
  0.67162919866954618       -6.3400804573718664E-013
  0.67790610706832699        6.3005264616501139E-013
  0.68418301546710780       -6.2324126055546317E-013
  0.69045992386588861        6.1833649447940060E-013
  0.69673683226466943       -6.1191262875522375E-013
  0.70301374066345024        6.0777757682823947E-013
  0.70929064906223105       -6.0050960305736618E-013
  0.71556755746101186        5.9796954669986830E-013
  0.72184446585979267       -5.8882723693890017E-013
  0.72812137425857348        5.8805882289560683E-013
  0.73439828265735430       -5.7755440885388017E-013
  0.74067519105613511        5.7818107246011010E-013
  0.74695209945491581       -5.6690430798287533E-013
  0.75322900785369662        5.6847732728733866E-013
  0.75950591625247743       -5.5589549634544649E-013
  0.76578282465125824        5.5943688934170401E-013
  0.77205973305003905       -5.4467836431296535E-013
  0.77833664144881987        5.4999102439511564E-013
  0.78461354984760068       -5.3415091008921787E-013
  0.79089045824638149        5.4079339205751001E-013
  0.79716736664516230       -5.2391550865341778E-013
  0.80344427504394311        5.3088184833963577E-013
  0.80972118344272392       -5.1485053105059139E-013
  0.81599809184150474        5.2007085377698575E-013
  0.82227500024028555       -5.0749555547340430E-013
  0.82855190863906636        5.0871532794108672E-013
  0.83482881703784717       -5.0008125245009437E-013
  0.84110572543662798        4.9731614514571798E-013
  0.84738263383540879       -4.9244985534719628E-013
  0.85365954223418961        4.8749087145428028E-013
  0.85993645063297042       -4.8333804237700794E-013
  0.86621335903175112        4.7833954619252389E-013
  0.87249026743053193       -4.7513836463566624E-013
  0.87876717582931274        4.6928414858956150E-013
  0.88504408422809355       -4.6611214637482841E-013
  0.89132099262687436        4.6046130925510959E-013
  0.89759790102565518       -4.5808691597552491E-013
  0.90387480942443599        4.5078011429843756E-013
  0.91015171782321680       -4.5042036149506262E-013
  0.91642862622199761        4.4133191840474317E-013
  0.92270553462077842       -4.4329071073503712E-013
  0.92898244301955923        4.3198101108768253E-013
  0.93525935141834005       -4.3434896031361126E-013
  0.94153625981712086        4.2558457328321906E-013
  0.94781316821590167       -4.2387021661861266E-013
  0.95409007661468248        4.1951038785508254E-013
  0.96036698501346329       -4.1417404343876860E-013
  0.96664389341224410        4.1257322935313488E-013
  0.97292080181102492       -4.0588853896979369E-013
  0.97919771020980562        4.0354192908704934E-013
  0.98547461860858643       -3.9932954644799499E-013
  0.99175152700736724        3.9442847225214750E-013
  0.99802843540614805       -3.9256887935691737E-013
   1.0043053438049290        3.8573175894346670E-013
   1.0105822522037098       -3.8482267161456533E-013
   1.0168591606024906        3.7900608173300641E-013
   1.0231360690012714       -3.7617885937495392E-013
   1.0294129774000522        3.7249882721385683E-013
   1.0356898857988328       -3.6703623210787764E-013
   1.0419667941976136        3.6719071274169283E-013
   1.0482437025963944       -3.5783657663519860E-013
   1.0545206109951752        3.6053852677282814E-013
   1.0607975193939561       -3.5088173013663166E-013
   1.0670744277927369        3.5239403843121492E-013
   1.0733513361915177       -3.4405010609171103E-013
   1.0796282445902985        3.4433984811376490E-013
   1.0859051529890793       -3.3861465514560197E-013
   1.0921820613878601        3.3546037044637687E-013
   1.0984589697866409       -3.3298580156645493E-013
   1.1047358781854217        3.2764033530723689E-013
   1.1110127865842025       -3.2631826451923267E-013
   1.1172896949829834        3.1988563088339285E-013
   1.1235666033817642       -3.1982015284601812E-013
   1.1298435117805450        3.1293493667921871E-013
   1.1361204201793258       -3.1306722917893181E-013
   1.1423973285781066        3.0637572483275857E-013
   1.1486742369768874       -3.0537722581862979E-013
   1.1549511453756682        3.0102741799240950E-013
   1.1612280537744490       -2.9754696817345122E-013
   1.1675049621732299        2.9510012680835202E-013
   1.1737818705720107       -2.9061872854916130E-013
   1.1800587789707915        2.8700526780243381E-013
   1.1863356873695723       -2.8622927312576228E-013
   1.1926125957683531        2.7915867255251255E-013
   1.1988895041671339       -2.7976556443539704E-013
   1.2051664125659147        2.7416930304964915E-013
   1.2114433209646955       -2.7124785645944457E-013
   1.2177202293634763        2.6893344128822034E-013
   1.2239971377622572       -2.6453265622241305E-013
   1.2302740461610380        2.6255768976145638E-013
   1.2365509545598188       -2.5875060931075490E-013
   1.2428278629585996        2.5581708926397109E-013
   1.2491047713573804       -2.5299898435353142E-013
   1.2553816797561612        2.4862990581401894E-013
   1.2616585881549420       -2.4716951570722215E-013
   1.2679354965537226        2.4265162141542464E-013
   1.2742124049525034       -2.4052706147838419E-013
   1.2804893133512842        2.3694612494173981E-013
   1.2867662217500651       -2.3423596204174609E-013
   1.2930431301488459        2.3197669411443798E-013
   1.2993200385476267       -2.2775188236446734E-013
   1.3055969469464075        2.2655862404742257E-013
   1.3118738553451883       -2.2171442307758096E-013
   1.3181507637439691        2.2072172023267548E-013
   1.3244276721427499       -2.1755494311784039E-013
   1.3307045805415307        2.1326445162205351E-013
   1.3369814889403115       -2.1322786528597366E-013
   1.3432583973390924        2.0658048828854303E-013
   1.3495353057378732       -2.0815268097087320E-013
   1.3558122141366540        2.0124019459376903E-013
   1.3620891225354348       -2.0138394878606798E-013
   1.3683660309342156        1.9740598823078395E-013
   1.3746429393329964       -1.9552347066784344E-013
   1.3809198477317772        1.9082431234762777E-013
   1.3871967561305580       -1.9150143999302802E-013
   1.3934736645293389        1.8444120235774046E-013
   1.3997505729281197       -1.8549717363786694E-013
   1.4060274813269005        1.8068581327455298E-013
   1.4123043897256813       -1.7825328438316715E-013
   1.4185812981244621        1.7550528874483415E-013
   1.4248582065232429       -1.7399083223898734E-013
   1.4311351149220237        1.6810103470728382E-013
   1.4374120233208045       -1.7078118414612359E-013
   1.4436889317195853        1.6153228459096626E-013
   1.4499658401183662       -1.6553176199097717E-013
   1.4562427485171470        1.5709888129407137E-013
   1.4625196569159278       -1.5953440434618662E-013
   1.4687965653147086        1.5007078215539707E-013
   1.4750734737134894       -1.5617375848525010E-013
   1.4813503821122702        1.4293670199535786E-013
   1.4876272905110510       -1.5175484804471245E-013
   1.4939041989098316        1.3639869129875724E-013
   1.5001811073086124       -1.4769636525088464E-013
   1.5064580157073932        1.3005300920046051E-013
   1.5127349241061741       -1.4285576482138791E-013
   1.5190118325049549        1.2455058872687429E-013
   1.5252887409037357       -1.3749225575935703E-013
   1.5315656493025165        1.1961780429554992E-013
   1.5378425577012973       -1.3171771277401131E-013
   1.5441194661000781        1.1426189719438577E-013
   1.5503963744988589       -1.2695324682371151E-013
   1.5566732828976397        1.0789466996161758E-013
   1.5629501912964205       -1.2215361277488075E-013
   1.5692270996952014        1.0193188109605255E-013
   1.5755040080939822       -1.1834933990991904E-013
   1.5817809164927630        9.4750512719364490E-014
   1.5880578248915438       -1.1548224598099104E-013
   1.5943347332903246        8.6122324744711151E-014
   1.6006116416891054       -1.1440141898355716E-013
   1.6068885500878862        7.7640101259931093E-014
   1.6131654584866670       -1.1076349881872290E-013
   1.6194423668854478        7.1584700735447445E-014
   1.6257192752842287       -1.0639493999468983E-013
   1.6319961836830095        6.6179252421185924E-014
   1.6382730920817903       -1.0193909912149032E-013
   1.6445500004805711        5.8119272379128458E-014
   1.6508269088793519       -1.0122756287258243E-013
   1.6571038172781327        4.8511555732149446E-014
   1.6633807256769135       -9.9681085313849344E-014
   1.6696576340756943        4.1307859861893967E-014
   1.6759345424744752       -9.4785565799264102E-014
   1.6822114508732560        3.5941618918811964E-014
   1.6884883592720368       -9.1430310087213839E-014
   1.6947652676708176        2.8021771969667377E-014
   1.7010421760695984       -8.9549663822617739E-014
   1.7073190844683792        2.0173104129524802E-014
   1.7135959928671600       -8.5844486273787673E-014
   1.7198729012659408        1.4190584052042867E-014
   1.7261498096647214       -8.2051447412013253E-014
   1.7324267180635022        8.2453546362490166E-015
   1.7387036264622830       -7.7661121915176255E-014
   1.7449805348610639        2.2240071602993949E-015
   1.7512574432598447       -7.3536301043554978E-014
   1.7575343516586255       -4.6173906219780874E-015
   1.7638112600574063       -7.1073486194241294E-014
   1.7700881684561871       -1.2077480950737167E-014
   1.7763650768549679       -6.8031112683335111E-014
   1.7826419852537487       -1.8472306923621822E-014
   1.7889188936525295       -6.2919942987005923E-014
   1.7951958020513104       -2.2746807520488082E-014
   1.8014727104500912       -5.7237669067092431E-014
   1.8077496188488720       -2.7389911102784405E-014
   1.8140265272476528       -5.2576348268906542E-014
   1.8203034356464336       -3.3364954334223857E-014
   1.8265803440452144       -4.8492720219294187E-014
   1.8328572524439952       -3.9164426502536966E-014
   1.8391341608427760       -4.3371928319010051E-014
   1.8454110692415568       -4.3832386992193490E-014
   1.8516879776403377       -3.8076343092114628E-014
   1.8579648860391185       -4.8539742778210371E-014
   1.8642417944378993       -3.3440560152685007E-014
   1.8705187028366801       -5.4809048078425209E-014
   1.8767956112354609       -2.9601867953155533E-014
   1.8830725196342417       -6.1419389571520368E-014
   1.8893494280330225       -2.6451824018829696E-014
   1.8956263364318033       -6.8144704848982468E-014
   1.9019032448305841       -2.2769129035738491E-014
   1.9081801532293650       -7.4663943573937819E-014
   1.9144570616281458       -1.9874697354560768E-014
   1.9207339700269266       -8.2002922255644066E-014
   1.9270108784257074       -1.6437172987569194E-014
   1.9332877868244882       -8.8138419815487552E-014
   1.9395646952232690       -1.2408766904920169E-014
   1.9458416036220498       -9.3786106743681545E-014
   1.9521185120208304       -7.1681801064698763E-015
   1.9583954204196112       -9.9053758470177416E-014
   1.9646723288183920       -2.1544626972527858E-015
   1.9709492372171729       -1.0373288242195443E-013
   1.9772261456159537        3.7286195772846519E-015
   1.9835030540147345       -1.0750975061800941E-013
   1.9897799624135153        1.0698075412037772E-014
   1.9960568708122961       -1.1086710605128486E-013
   2.0023337792110771        1.7194936329549403E-014
   2.0086106876098579       -1.1433504109683541E-013
   2.0148875960086388        2.4733980623264589E-014
   2.0211645044074196       -1.1601013233006271E-013
   2.0274414128062004        3.3529555230222929E-014
   2.0337183212049812       -1.1816800735364306E-013
   2.0399952296037620        4.1515639592563704E-014
   2.0462721380025428       -1.1997526516993884E-013
   2.0525490464013236        5.0022340190927948E-014
   2.0588259548001044       -1.2207028743631544E-013
   2.0651028631988853        5.8340182128226134E-014
   2.0713797715976656       -1.2526051705316651E-013
   2.0776566799964464        6.4849162781113769E-014
   2.0839335883952272       -1.2838798271293381E-013
   2.0902104967940081        7.3153644846453983E-014
   2.0964874051927889       -1.3080857625711209E-013
   2.1027643135915697        7.9714404012035504E-014
   2.1090412219903505       -1.3563195440188466E-013
   2.1153181303891313        8.5678619473989735E-014
   2.1215950387879121       -1.3967779808942969E-013
   2.1278719471866929        9.2081007835154039E-014
   2.1341488555854737       -1.4455349903627059E-013
   2.1404257639842545        9.7749236657857260E-014
   2.1467026723830354       -1.4936902855391773E-013
   2.1529795807818162        1.0363193264318797E-013
   2.1592564891805970       -1.5431697382124416E-013
   2.1655333975793778        1.0946614303803492E-013
   2.1718103059781586       -1.5918926200819208E-013
   2.1780872143769394        1.1477201583161479E-013
   2.1843641227757202       -1.6528861764858378E-013
   2.1906410311745010        1.1929402982827009E-013
   2.1969179395732819       -1.7131642258275942E-013
   2.2031948479720627        1.2481029537917192E-013
   2.2094717563708435       -1.7621139159820385E-013
   2.2157486647696243        1.3152787947451754E-013
   2.2220255731684051       -1.8014797500624771E-013
   2.2283024815671859        1.3843581614800420E-013
   2.2345793899659667       -1.8456106655597227E-013
   2.2408562983647475        1.4583628754032181E-013
   2.2471332067635283       -1.8679981679980464E-013
   2.2534101151623092        1.5524764351073177E-013
   2.2596870235610900       -1.8884959693628913E-013
   2.2659639319598708        1.6363528851462386E-013
   2.2722408403586516       -1.9236422149536682E-013
   2.2785177487574324        1.7204665866441798E-013
   2.2847946571562132       -1.9435367216275270E-013
   2.2910715655549940        1.8161923646981536E-013
   2.2973484739537748       -1.9653594574635090E-013
   2.3036253823525557        1.9023477654352752E-013
   2.3099022907513365       -2.0019042226194738E-013
   2.3161791991501173        1.9718714511371473E-013
   2.3224561075488981       -2.0543426777811903E-013
   2.3287330159476789        2.0335194001080158E-013
   2.3350099243464597       -2.1031700852459436E-013
   2.3412868327452405        2.1097767390382882E-013
   2.3475637411440213       -2.1430480105880931E-013
   2.3538406495428021        2.1817309537742296E-013
   2.3601175579415830       -2.1940467653188672E-013
   2.3663944663403638        2.2468702621456026E-013
   2.3726713747391446       -2.2534491810966329E-013
   2.3789482831379254        2.3030801025341312E-013
   2.3852251915367062       -2.3157366229859655E-013
   2.3915020999354870        2.3652764998405522E-013
   2.3977790083342678       -2.3720876605996043E-013
   2.4040559167330486        2.4263436827270512E-013
   2.4103328251318294       -2.4386289476416825E-013
   2.4166097335306103        2.4829917365877550E-013
   2.4228866419293911       -2.5046448789837258E-013
   2.4291635503281719        2.5377853671909598E-013
   2.4354404587269527       -2.5768517933717930E-013
   2.4417173671257335        2.5927833343696793E-013
   2.4479942755245143       -2.6440196625071668E-013
   2.4542711839232951        2.6555765628570568E-013
   2.4605480923220759       -2.7061028298961511E-013
   2.4668250007208568        2.7186794983174969E-013
   2.4731019091196376       -2.7649332041991919E-013
   2.4793788175184184        2.7925551289248670E-013
   2.4856557259171992       -2.8230078230864534E-013
   2.4919326343159800        2.8591406436565444E-013
   2.4982095427147608       -2.8897983586741301E-013
   2.5044864511135416        2.9222169545048352E-013
   2.5107633595123224       -2.9598247006822633E-013
   2.5170402679111032        2.9835424143732666E-013
   2.5233171763098841       -3.0263123135615700E-013
   2.5295940847086644        3.0579958574288292E-013
   2.5358709931074452       -3.0847576243922675E-013
   2.5421479015062260        3.1308636117857993E-013
   2.5484248099050069       -3.1521010136566175E-013
   2.5547017183037877        3.1904141603656126E-013
   2.5609786267025685       -3.2305468280931704E-013
   2.5672555351013493        3.2565241308585563E-013
   2.5735324435001301       -3.2990452141676610E-013
   2.5798093518989109        3.3224026126141412E-013
   2.5860862602976917       -3.3788119921143884E-013
   2.5923631686964725        3.3841265643231667E-013
   2.5986400770952534       -3.4514245523981081E-013
   2.6049169854940342        3.4570431398282757E-013
   2.6111938938928150       -3.5195087482759426E-013
   2.6174708022915958        3.5377791313466578E-013
   2.6237477106903766       -3.5818879244765100E-013
   2.6300246190891574        3.6162960110070246E-013
   2.6363015274879382       -3.6527687971752660E-013
   2.6425784358867190        3.6934584674366121E-013
   2.6488553442854998       -3.7200470365925186E-013
   2.6551322526842807        3.7788401878426953E-013
   2.6614091610830615       -3.7875852101045565E-013
   2.6676860694818423        3.8554463193696344E-013
   2.6739629778806231       -3.8636125361101122E-013
   2.6802398862794039        3.9311825966461353E-013
   2.6865167946781847       -3.9473336250079345E-013
   2.6927937030769655        3.9983349797509329E-013
   2.6990706114757463       -4.0298264526807562E-013
   2.7053475198745272        4.0771837385543131E-013
   2.7116244282733080       -4.1115342497870442E-013
   2.7179013366720888        4.1539162997489527E-013
   2.7241782450708696       -4.1935590776680751E-013
   2.7304551534696504        4.2271649686809027E-013
   2.7367320618684312       -4.2834809392793693E-013
   2.7430089702672120        4.3010966758818533E-013
   2.7492858786659928       -4.3664211814336425E-013
   2.7555627870647736        4.3890134515782813E-013
   2.7618396954635545       -4.4470596505562067E-013
   2.7681166038623353        4.4711536121894378E-013
   2.7743935122611161       -4.5302626895877728E-013
   2.7806704206598969        4.5640729040033122E-013
   2.7869473290586777       -4.6084450655316438E-013
   2.7932242374574585        4.6495692158046959E-013
   2.7995011458562393       -4.6969540382668098E-013
   2.8057780542550201        4.7345278955790032E-013
   2.8120549626538009       -4.7866046308154570E-013
   2.8183318710525818        4.8197163792491795E-013
   2.8246087794513626       -4.8736917791120451E-013
   2.8308856878501434        4.9182489607193235E-013
   2.8371625962489242       -4.9562221586944503E-013
   2.8434395046477050        5.0134713001885661E-013
   2.8497164130464858       -5.0505124833694537E-013
   2.8559933214452666        5.0959684767005837E-013
   2.8622702298440474       -5.1497034496934437E-013
   2.8685471382428283        5.1938757293347148E-013
   2.8748240466416091       -5.2356277647522273E-013
   2.8811009550403899        5.2921105854962463E-013
   2.8873778634391707       -5.3319607205865191E-013
   2.8936547718379515        5.3902633859332545E-013
   2.8999316802367323       -5.4275992446114833E-013
   2.9062085886355131        5.4843722501042301E-013
   2.9124854970342939       -5.5343668138962592E-013
   2.9187624054330747        5.5739655930862255E-013
   2.9250393138318556       -5.6400501354590414E-013
   2.9313162222306364        5.6799632379049827E-013
   2.9375931306294172       -5.7322091340445129E-013
   2.9438700390281980        5.7882697900707467E-013
   2.9501469474269788       -5.8376440319876685E-013
   2.9564238558257596        5.8887168036459934E-013
   2.9627007642245404       -5.9462378159732024E-013
   2.9689776726233212        5.9923869835576188E-013
   2.9752545810221021       -6.0547617635046047E-013
   2.9815314894208829        6.0994835250134015E-013
   2.9878083978196632       -6.1640234029422723E-013
   2.9940853062184440        6.2073795076093313E-013
   3.0003622146172249       -6.2763005648077173E-013
   3.0066391230160057        6.3166937378062301E-013
   3.0129160314147865       -6.3883387977251410E-013
   3.0191929398135673        6.4342992583776733E-013
   3.0254698482123481       -6.4942375224425815E-013
   3.0317467566111289        6.5553888271144781E-013
   3.0380236650099097       -6.6168987059181367E-013
   3.0443005734086905        6.6664133660179458E-013
   3.0505774818074713       -6.7448201280639905E-013
   3.0568543902062522        6.7834946281568121E-013
   3.0631312986050330       -6.8703777034130243E-013
   3.0694082070038138        6.9078148849493718E-013
   3.0756851154025946       -6.9918649714500588E-013
   3.0819620238013754        7.0413621539013927E-013
   3.0882389322001562       -7.1104576082026342E-013
   3.0945158405989370        7.1772536224095207E-013
   3.1007927489977178       -7.2372828052292329E-013
   3.1070696573964987        7.3067719583107623E-013
   3.1133465657952795       -7.3695164335917286E-013
   3.1196234741940603        7.4403887926837948E-013
   3.1259003825928411       -7.5066387210792795E-013
   3.1321772909916219        7.5674906068060276E-013
   3.1384541993904027       -7.6519647301792056E-013
   3.1447311077891835        7.7015316410242991E-013
   3.1510080161879643       -7.7965830198246694E-013
   3.1572849245867451        7.8358939595334879E-013
   3.1635618329855260       -7.9412229331633498E-013
   3.1698387413843068        7.9795196541499071E-013
   3.1761156497830876       -8.0868345906966153E-013
   3.1823925581818684        8.1244916796147914E-013
   3.1886694665806492       -8.2401598663453367E-013
   3.1949463749794300        8.2688174343356889E-013
   3.2012232833782108       -8.3941611423033325E-013
   3.2075001917769916        8.4274127450896534E-013
   3.2137771001757724       -8.5336500126304297E-013
   3.2200540085745533        8.5903488768275625E-013
   3.2263309169733341       -8.6795056754734631E-013
   3.2326078253721149        8.7511208218720218E-013
   3.2388847337708957       -8.8415107608035669E-013
   3.2451616421696765        8.9086084875790813E-013
   3.2514385505684573       -9.0009722080199880E-013
   3.2577154589672381        9.0775267316148201E-013
   3.2639923673660189       -9.1582026396400687E-013
   3.2702692757647998        9.2473809800659819E-013
   3.2765461841635806       -9.3318094324108420E-013
   3.2828230925623614        9.4051618476060878E-013
   3.2891000009611422       -9.5186356778605568E-013
   3.2953769093599230        9.5656534392106137E-013
   3.3016538177587038       -9.7044160468383789E-013
   3.3079307261574846        9.7357912299772358E-013
   3.3142076345562654       -9.8907142536990560E-013
   3.3204845429550462        9.9111137577949877E-013
   3.3267614513538271       -1.0078128325134866E-012
   3.3330383597526079        1.0092101123588808E-012
   3.3393152681513887       -1.0267680749208251E-012
   3.3455921765501695        1.0285213479544838E-012
   3.3518690849489503       -1.0450665111884103E-012
   3.3581459933477311        1.0487939392174510E-012
   3.3644229017465119       -1.0645137003921438E-012
   3.3706998101452927        1.0681664243847778E-012
   3.3769767185440736       -1.0845722841071662E-012
   3.3832536269428544        1.0886941665949866E-012
   3.3895305353416352       -1.1048104299354784E-012
   3.3958074437404160        1.1094254283610968E-012
   3.4020843521391968       -1.1254767887712396E-012
   3.4083612605379776        1.1313994901947209E-012
   3.4146381689367584       -1.1458872018382503E-012
   3.4209150773355392        1.1539209390293894E-012
   3.4271919857343200       -1.1674541229431094E-012
   3.4334688941331009        1.1756811555895720E-012
   3.4397458025318817       -1.1901227770291825E-012
   3.4460227109306620        1.1987017556319577E-012
   3.4522996193294428       -1.2126802665140690E-012
   3.4585765277282237        1.2227115550506039E-012
   3.4648534361270045       -1.2351174644125569E-012
   3.4711303445257853        1.2472343786665841E-012
   3.4774072529245661       -1.2589520512659886E-012
   3.4836841613233469        1.2716862794640685E-012
   3.4899610697221277       -1.2838109606775532E-012
   3.4962379781209085        1.2967476611871440E-012
   3.5025148865196893       -1.3083923331940915E-012
   3.5087917949184702        1.3232719126151831E-012
   3.5150687033172510       -1.3338614645334290E-012
   3.5213456117160318        1.3497417834111320E-012
   3.5276225201148126       -1.3602829674119896E-012
   3.5338994285135934        1.3770789455198571E-012
   3.5401763369123742       -1.3877572554805802E-012
   3.5464532453111550        1.4042018375395099E-012
   3.5527301537099358       -1.4165223840139647E-012
   3.5590070621087166        1.4322256917339201E-012
   3.5652839705074975       -1.4451020710508874E-012
   3.5715608789062783        1.4615754837399901E-012
   3.5778377873050591       -1.4740291528168281E-012
   3.5841146957038399        1.4918115053929106E-012
   3.5903916041026207       -1.5042570635940686E-012
   3.5966685125014015        1.5221801105334568E-012
   3.6029454209001823       -1.5357978813398809E-012
   3.6092223292989631        1.5533689517142236E-012
   3.6154992376977440       -1.5676788369914800E-012
   3.6217761460965248        1.5855656543708084E-012
   3.6280530544953056       -1.6011939737741957E-012
   3.6343299628940864        1.6183468457034240E-012
   3.6406068712928672       -1.6353109945935843E-012
   3.6468837796916480        1.6522190212278038E-012
   3.6531606880904288       -1.6702930391460546E-012
   3.6594375964892096        1.6871512396042991E-012
   3.6657145048879904       -1.7059935643686185E-012
   3.6719914132867713        1.7234727311456035E-012
   3.6782683216855521       -1.7425975518189513E-012
   3.6845452300843329        1.7611356491654138E-012
   3.6908221384831137       -1.7796243737746286E-012
   3.6970990468818945        1.7996265178135224E-012
   3.7033759552806753       -1.8191078872337398E-012
   3.7096528636794561        1.8387439165814983E-012
   3.7159297720782369       -1.8588108554144956E-012
   3.7222066804770177        1.8798305887289856E-012
   3.7284835888757986       -1.8999973920868895E-012
   3.7347604972745794        1.9220392742194518E-012
   3.7410374056733602       -1.9422606196261377E-012
   3.7473143140721410        1.9658513091101497E-012
   3.7535912224709218       -1.9849151999226631E-012
   3.7598681308697026        2.0119938135536407E-012
   3.7661450392684834       -2.0287717487480866E-012
   3.7724219476672642        2.0598653749961593E-012
   3.7786988560660451       -2.0730597243377841E-012
   3.7849757644648259        2.1097493753793621E-012
   3.7912526728636067       -2.1188860252880372E-012
   3.7975295812623875        2.1618483632954028E-012
   3.8038064896611683       -2.1641167175672260E-012
   3.8100833980599491        2.2185691324386674E-012
   3.8163603064587299       -2.2080844243361518E-012
   3.8226372148575107        2.2799602674249623E-012
   3.8289141232562915       -2.2492788619953912E-012
   3.8351910316550724        2.3492248201863956E-012
   3.8414679400538532       -2.2850921623326247E-012
   3.8477448484526340        2.4291120471162750E-012
   3.8540217568514148       -2.3115721063266998E-012
   3.8602986652501956        2.5254665766423293E-012
   3.8665755736489764       -2.3213681573104490E-012
   3.8728524820477572        2.6471626263593442E-012
   3.8791293904465380       -2.3034943281798188E-012
   3.8854062988453189        2.8101164615123142E-012
   3.8916832072440997       -2.2353298141987546E-012
   3.8979601156428805        3.0430821593084577E-012
   3.9042370240416608       -2.0845956697244700E-012
   3.9105139324404417        3.3870119935342374E-012
   3.9167908408392225       -1.7957240946913979E-012
   3.9230677492380033        3.9138246834450902E-012
   3.9293446576367841       -1.2757245764171663E-012
   3.9356215660355649        4.7469246355345336E-012
   3.9418984744343457       -3.6389407533685548E-013
   3.9481753828331265        6.0943957962452329E-012
   3.9544522912319073        1.2101901369563277E-012
   3.9607291996306881        8.3108123487298710E-012
   3.9670061080294690        3.9087320556276046E-012
   3.9732830164282498        1.1999423227939215E-011
   3.9795599248270306        8.5225717199714728E-012
   3.9858368332258114        1.8197962603685134E-011
   3.9921137416245922        1.6412930985094551E-011
   3.9983906500233730        2.8696072426690685E-011
   4.0046675584221543        2.9932602268948797E-011
   4.0109444668209351        4.6589196913032737E-011
   4.0172213752197159        5.3159083324559947E-011
   4.0234982836184967        7.7259031213921007E-011
   4.0297751920172775        9.3203366645054018E-011
   4.0360521004160583        1.3010826176689373E-010
   4.0423290088148391        1.6250496112630892E-010
   4.0486059172136200        2.2161292292448527E-010
   4.0548828256124008        2.8291207288840497E-010
   4.0611597340111816        3.8077927142073518E-010
   4.0674366424099624        4.9296988708956970E-010
   4.0737135508087432        6.5886973650404935E-010
   4.0799904592075240        8.6050492642877707E-010
   4.0862673676063048        1.1435027242769665E-009
   4.0925442760050856        1.4955689048756334E-009
   4.0988211844038664        1.9724996047068767E-009
   4.1050980928026473        2.5726425488394655E-009
   4.1113750012014281        3.3671566566064959E-009
   4.1176519096002089        4.3711187294380689E-009
   4.1239288179989897        5.6785118951712214E-009
   4.1302057263977705        7.3299742178491334E-009
   4.1364826347965504        9.4529233735425147E-009
   4.1427595431953312        1.2125971972946426E-008
   4.1490364515941121        1.5524611955847495E-008
   4.1553133599928929        1.9782303345124132E-008
   4.1615902683916737        2.5142114232589961E-008
   4.1678671767904545        3.1814415763620418E-008
   4.1741440851892353        4.0134781570989557E-008
   4.1804209935880161        5.0418050638721371E-008
   4.1866979019867969        6.3122570631403920E-008
   4.1929748103855777        7.8700079459949828E-008
   4.1992517187843585        9.7766002436664011E-008
   4.2055286271831394        1.2094411258633096E-007
   4.2118055355819202        1.4904200367164726E-007
   4.2180824439807010        1.8288880061946816E-007
   4.2243593523794818        2.2351409549310754E-007
   4.2306362607782626        2.7197605041469330E-007
   4.2369131691770434        3.2954124683511540E-007
   4.2431900775758242        3.9749821059237495E-007
   4.2494669859746050        4.7735585958014615E-007
   4.2557438943733858        5.7088779908326758E-007
   4.2620208027721667        6.8059731712430346E-007
   4.2682977111709475        8.0932599008172541E-007
   4.2745746195697283        9.6046607577412207E-007
   4.2808515279685091        1.1378389080239349E-006
   4.2871284363672899        1.3459823622557280E-006
   4.2934053447660707        1.5900349995151002E-006
   4.2996822531648515        1.8760590168087470E-006
   4.3059591615636323        2.2109419070246041E-006
   4.3122360699624132        2.6027600409894266E-006
   4.3185129783611940        3.0607055662278631E-006
   4.3247898867599748        3.5954988181329142E-006
   4.3310667951587556        4.2193490084090071E-006
   4.3373437035575364        4.9464256511465627E-006
   4.3436206119563172        5.7928631098141579E-006
   4.3498975203550980        6.7773032112957731E-006
   4.3561744287538788        7.9209555316434001E-006
   4.3624513371526596        9.2482254952940666E-006
   4.3687282455514405        1.0786844250890893E-005
   4.3750051539502213        1.2568598788205911E-005
   4.3812820623490021        1.4629547299408657E-005
   4.3875589707477829        1.7010870126664637E-005
   4.3938358791465637        1.9759188437204346E-005
   4.4001127875453445        2.2927557106677216E-005
   4.4063896959441253        2.6575905951611133E-005
   4.4126666043429061        3.0772198461311942E-005
   4.4189435127416870        3.5593012456619513E-005
   4.4252204211404678        4.1124926793550075E-005
   4.4314973295392486        4.7465566030035960E-005
   4.4377742379380294        5.4725250203095379E-005
   4.4440511463368102        6.3027796843781000E-005
   4.4503280547355910        7.2512352964576986E-005
   4.4566049631343718        8.3334625900837437E-005
   4.4628818715331526        9.5669029164776424E-005
   4.4691587799319334        1.0971016268767966E-004
   4.4754356883307143        1.2567527005735916E-004
   4.4817125967294951        1.4380598865244753E-004
   4.4879895051282759        1.6437113618360673E-004
   4.4942664135270567        1.8766873949744846E-004
   4.5005433219258375        2.1402915916108418E-004
   4.5068202303246183        2.4381739189460578E-004
   4.5130971387233991        2.7743652763166518E-004
   4.5193740471221799        3.1533030123770091E-004
   4.5256509555209607        3.5798685680173901E-004
   4.5319278639197416        4.0594149794346310E-004
   4.5382047723185224        4.5978070872971691E-004
   4.5444816807173032        5.2014501651711273E-004
   4.5507585891160840        5.8773318851228489E-004
   4.5570354975148648        6.6330507321926723E-004
   4.5633124059136456        7.4768586064837233E-004
   4.5695893143124264        8.4176869747642547E-004
   4.5758662227112072        9.4651888866371437E-004
   4.5821431311099881        1.0629759344615588E-003
   4.5884200395087689        1.1922577155562932E-003
   4.5946969479075497        1.3355607724669623E-003
   4.6009738563063305        1.4941710258881647E-003
   4.6072507647051113        1.6695070773385980E-003
   4.6135276731038921        1.8631106451395447E-003
   4.6198045815026729        2.0766313336194175E-003
   4.6260814899014537        2.3118298691508538E-003
   4.6323583983002345        2.5705798464573659E-003
   4.6386353066990154        2.8548712399345758E-003
   4.6449122150977962        3.1668106489783259E-003
   4.6511891234965770        3.5086232250654860E-003
   4.6574660318953578        3.8826508918707626E-003
   4.6637429402941386        4.2913521780808235E-003
   4.6700198486929194        4.7372977473743427E-003
   4.6762967570917002        5.2231675527397879E-003
   4.6825736654904810        5.7517429311057314E-003
   4.6888505738892619        6.3259004424579650E-003
   4.6951274822880427        6.9485997020391410E-003
   4.7014043906868235        7.6228732566707182E-003
   4.7076812990856043        8.3518092433612877E-003
   4.7139582074843851        9.1385367132689275E-003
   4.7202351158831659        9.9862021007987509E-003
   4.7265120242819467        1.0897949595006081E-002
   4.7327889326807275        1.1876890201312471E-002
   4.7390658410795083        1.2926077257377187E-002
   4.7453427494782892        1.4048466263640039E-002
   4.7516196578770700        1.5246887141158910E-002
   4.7578965662758508        1.6523990383100776E-002
   4.7641734746746316        1.7882224773078922E-002
   4.7704503830734124        1.9323743293604097E-002
   4.7767272914721932        2.0850575120360294E-002
   4.7830041998709740        2.2465593867999206E-002
   4.7892811082697548        2.4171739225283519E-002
   4.7955580166685357        2.5971723668414156E-002
   4.8018349250673165        2.7868027097611658E-002
   4.8081118334660973        2.9862836730964272E-002
   4.8143887418648781        3.1958017680724038E-002
   4.8206656502636589        3.4155057400793401E-002
   4.8269425586624397        3.6455026361970712E-002
   4.8332194670612205        3.8858520490937146E-002
   4.8394963754600013        4.1365616233090166E-002
   4.8457732838587821        4.3975809903566206E-002
   4.8520501922575630        4.6687969566070436E-002
   4.8583271006563438        4.9500271652653458E-002
   4.8646040090551246        5.2410152001500850E-002
   4.8708809174539054        5.5414240732204433E-002
   4.8771578258526862        5.8508315236824211E-002
   4.8834347342514670        6.1687234595995816E-002
   4.8897116426502478        6.4944898130565781E-002
   4.8959885510490286        6.8274180559520226E-002
   4.9022654594478094        7.1666901080477879E-002
   4.9085423678465903        7.5113759540189728E-002
   4.9148192762453711        7.8604323728811251E-002
   4.9210961846441519        8.2126963427326727E-002
   4.9273730930429327        8.5668870861846727E-002
   4.9336500014417135        8.9215976694864141E-002
   4.9399269098404943        9.2753044830198667E-002
   4.9462038182392751        9.6263585531942378E-002
   4.9524807266380559        9.9732509366722982E-002
   4.9587576350368368       0.10315212862392248     
   4.9650345434356176       0.10651568315783784     
   4.9713114518343984       0.10981589015475433     
   4.9775883602331792       0.11304525518230886     
   4.9838652686319600       0.11619594990448444     
   4.9901421770307408       0.11925990883122831     
   4.9964190854295216       0.12222879454394950     
   5.0026959938283024       0.12509405623800415     
   5.0089729022270832       0.12784692261209471     
   5.0152498106258641       0.13047844934378180     
   5.0215267190246449       0.13297952567372379     
   5.0278036274234257       0.13534091913035895     
   5.0340805358222065       0.13755329072484213     
   5.0403574442209873       0.13960724043103634     
   5.0466343526197681       0.14149332849661328     
   5.0529112610185480       0.14320212352601830     
   5.0591881694173289       0.14472422824282938     
   5.0654650778161097       0.14605033141122664     
   5.0717419862148905       0.14717123649755132     
   5.0780188946136713       0.14807791857362518     
   5.0842958030124521       0.14876155398359459     
   5.0905727114112329       0.14921358364915208     
   5.0968496198100137       0.14942574133845238     
   5.1031265282087945       0.14939012419235020     
   5.1094034366075753       0.14909922268390149     
   5.1156803450063562       0.14854596003021117     
   5.1219572534051370       0.14772433162693044     
   5.1282341618039178       0.14663583483401441     
   5.1345110702026986       0.14529378370741022     
   5.1407879786014794       0.14371333867181421     
   5.1470648870002602       0.14190955693237448     
   5.1533417953990410       0.13989764214533384     
   5.1596187037978218       0.13769272142216554     
   5.1658956121966026       0.13530985116141075     
   5.1721725205953835       0.13276389762244237     
   5.1784494289941643       0.13006950888816401     
   5.1847263373929451       0.12724103135602957     
   5.1910032457917259       0.12429247699732293     
   5.1972801541905067       0.12123746083397843     
   5.2035570625892875       0.11808917143596673     
   5.2098339709880683       0.11486032395471714     
   5.2161108793868491       0.11156313645556061     
   5.2223877877856300       0.10820929577543890     
   5.2286646961844108       0.10480994031489965     
   5.2349416045831916       0.10137563700707702     
   5.2412185129819724        9.7916370196910574E-002
   5.2474954213807532        9.4441528605574351E-002
   5.2537723297795340        9.0959899119167284E-002
   5.2600492381783148        8.7479663444156669E-002
   5.2663261465770956        8.4008394216883803E-002
   5.2726030549758764        8.0553063497372110E-002
   5.2788799633746573        7.7120033206250313E-002
   5.2851568717734381        7.3715091760171464E-002
   5.2914337801722189        7.0343379941179632E-002
   5.2977106885709997        6.7009947608946005E-002
   5.3039875969697805        6.3723111650485803E-002
   5.3102645053685613        6.0493698303171015E-002
   5.3165414137673421        5.7331634945247352E-002
   5.3228183221661229        5.4245525126144237E-002
   5.3290952305649038        5.1242765542943686E-002
   5.3353721389636846        4.8329586392809556E-002
   5.3416490473624654        4.5511126046343581E-002
   5.3479259557612462        4.2791493653219083E-002
   5.3542028641600270        4.0173842401503262E-002
   5.3604797725588078        3.7660438036913234E-002
   5.3667566809575886        3.5252731671719481E-002
   5.3730335893563694        3.2951428940873592E-002
   5.3793104977551502        3.0756560455878202E-002
   5.3855874061539311        2.8667548529215912E-002
   5.3918643145527119        2.6683273359018666E-002
   5.3981412229514927        2.4802135286337425E-002
   5.4044181313502735        2.3022115222337190E-002
   5.4106950397490543        2.1340831136743697E-002
   5.4169719481478351        1.9755591696241023E-002
   5.4232488565466159        1.8263446295119241E-002
   5.4295257649453967        1.6861231234617097E-002
   5.4358026733441775        1.5545613194733420E-002
   5.4420795817429584        1.4313127408974590E-002
   5.4483564901417392        1.3160215294846884E-002
   5.4546333985405200        1.2083253378817571E-002
   5.4609103069393008        1.1078588523726281E-002
   5.4671872153380816        1.0142548447561959E-002
   5.4734641237368624        9.2715445768068779E-003
   5.4797410321356432        8.4624751645439936E-003
   5.4860179405344240        7.7124306544112935E-003
   5.4922948489332049        7.0184673065331205E-003
   5.4985717573319857        6.3776215823131231E-003
   5.5048486657307665        5.7869351319000733E-003
   5.5111255741295473        5.2434795041387365E-003
   5.5174024825283281        4.7443748376232893E-003
   5.5236793909271089        4.2868074644319756E-003
   5.5299562993258897        3.8680433517045416E-003
   5.5362332077246705        3.4854398659564527E-003
   5.5425101161234513        3.1364545722736095E-003
   5.5487870245222322        2.8186522773626719E-003
   5.5550639329210130        2.5297099388673005E-003
   5.5613408413197938        2.2674199624927532E-003
   5.5676177497185746        2.0296919915524674E-003
   5.5738946581173554        1.8145533172514061E-003
   5.5801715665161362        1.6201482690099340E-003
   5.5864484749149170        1.4447364856443087E-003
   5.5927253833136978        1.2866905442532350E-003
   5.5990022917124787        1.1444927311999697E-003
   5.6052792001112595        1.0167314478255370E-003
   5.6115561085100403        9.0209701981151216E-004
   5.6178330169088211        7.9937730563541898E-004
   5.6241099253076019        7.0745300907437052E-004
   5.6303868337063827        6.2529276319484017E-004
   5.6366637421051635        5.5194846283039003E-004
   5.6429406505039443        4.8654954713635659E-004
   5.6492175589027251        4.2830235079265819E-004
   5.6554944673015060        3.7650366502238214E-004
   5.6617713757002868        3.3051360720296125E-004
   5.6680482840990676        2.8974530669101454E-004
   5.6743251924978484        2.5366233947259455E-004
   5.6806021008966292        2.2177544576245072E-004
   5.6868790092954100        1.9363953888205463E-004
   5.6931559176941908        1.6885070248809619E-004
   5.6994328260929716        1.4704317563713330E-004
   5.7057097344917524        1.2788657779703828E-004
   5.7119866428905333        1.1108304389691706E-004
   5.7182635512893141        9.6364706717913019E-005
   5.7245404596880949        8.3491063348456855E-005
   5.7308173680868757        7.2246739201812295E-005
   5.7370942764856565        6.2439123637408691E-005
   5.7433711848844373        5.3896423912807770E-005
   5.7496480932832181        4.6465581159670995E-005
   5.7559250016819989        4.0010608294742002E-005
   5.7622019100807798        3.4410780356566140E-005
   5.7684788184795606        2.9559239947394893E-005
   5.7747557268783414        2.5361445083888721E-005
   5.7810326352771222        2.1734019025770179E-005
   5.7873095436759030        1.8603432512924934E-005
   5.7935864520746838        1.5905071194117555E-005
   5.7998633604734646        1.3582126193648406E-005
   5.8061402688722454        1.1584850923222104E-005
   5.8124171772710262        9.8696336766825138E-006
   5.8186940856698071        8.3984162937022941E-006
   5.8249709940685879        7.1379596729438813E-006
   5.8312479024673687        6.0594808458118413E-006
   5.8375248108661495        5.1378677600785491E-006
   5.8438017192649303        4.3513344833364999E-006
   5.8500786276637111        3.6809045777609881E-006
   5.8563555360624919        3.1101825583550952E-006
   5.8626324444612727        2.6249178953004899E-006
   5.8689093528600536        2.2128497076731055E-006
   5.8751862612588344        1.8633401802854210E-006
   5.8814631696576152        1.5672774415151684E-006
   5.8877400780563960        1.3167660744988876E-006
   5.8940169864551768        1.1050760913721918E-006
   5.9002938948539576        9.2637978488784318E-007
   5.9065708032527384        7.7573680011548227E-007
   5.9128477116515192        6.4886827723941996E-007
   5.9191246200503000        5.4216980083265012E-007
   5.9254015284490809        4.5251536873084508E-007
   5.9316784368478617        3.7729154964549397E-007
   5.9379553452466425        3.1422519611172509E-007
   5.9442322536454233        2.6143345818014440E-007
   5.9505091620442041        2.1727035924763029E-007
   5.9567860704429849        1.8038841978938653E-007
   5.9630629788417657        1.4960020920411443E-007
   5.9693398872405457        1.2394825563195444E-007
   5.9756167956393265        1.0257851331354533E-007
   5.9818937040381073        8.4815979169443356E-008
   5.9881706124368881        7.0047680493479367E-008
   5.9944475208356689        5.7802022673758022E-008
   6.0007244292344497        4.7639396166749647E-008
   6.0070013376332305        3.9233753755119433E-008
   6.0132782460320113        3.2269568021113075E-008
   6.0195551544307921        2.6524537868972827E-008
   6.0258320628295730        2.1771584809755882E-008
   6.0321089712283538        1.7861834444023252E-008
   6.0383858796271346        1.4630909029009315E-008
   6.0446627880259154        1.1981592054195969E-008
   6.0509396964246962        9.7937724915643114E-009
   6.0572166048234770        8.0063548489835560E-009
   6.0634935132222578        6.5303672317464855E-009
   6.0697704216210386        5.3298095603621859E-009
   6.0760473300198194        4.3375465152179245E-009
   6.0823242384186003        3.5348892499242519E-009
   6.0886011468173811        2.8699832076620357E-009
   6.0948780552161619        2.3359831014017223E-009
   6.1011549636149427        1.8917155193479683E-009
   6.1074318720137235        1.5383622887017799E-009
   6.1137087804125043        1.2422209333390643E-009
   6.1199856888112851        1.0098489387960963E-009
   6.1262625972100659        8.1278224960172510E-010
   6.1325395056088468        6.6112188614491155E-010
   6.1388164140076276        5.3009866040079505E-010
   6.1450933224064084        4.3209969323877502E-010
   6.1513702308051892        3.4498669084617997E-010
   6.1576471392039700        2.8257569417958446E-010
   6.1639240476027508        2.2463235259857562E-010
   6.1702009560015316        1.8580844995536040E-010
   6.1764778644003124        1.4714513841888517E-010
   6.1827547727990932        1.2358703472045153E-010
   6.1890316811978741        9.7222704366739893E-011
   6.1953085895966549        8.3291760209717633E-011
   6.2015854979954357        6.4766267534067427E-011
   6.2078624063942165        5.6944422415048709E-011
   6.2141393147929973        4.3468313891901778E-011
   6.2204162231917781        3.9547507217469296E-011
   6.2266931315905589        2.9361408618052902E-011
   6.2329700399893397        2.7944113089196703E-011
   6.2392469483881206        1.9927851464891068E-011
   6.2455238567869014        2.0123233517490191E-011
   6.2518007651856822        1.3559260443011108E-011
   6.2580776735844630        1.4794719731830700E-011
   6.2643545819832438        9.2183656002878668E-012
   6.2706314903820246        1.1123037551368013E-011
   6.2769083987808054        6.2310629551961131E-012
   6.2831853071795862        8.5628455565509266E-012
