   6.2769083987808056E-003  -1.8151476142039085E-002
   1.2553816797561611E-002   8.5778519239546984E-003
   1.8830725196342418E-002   3.2175329713665594E-002
   2.5107633595123222E-002   4.4006984180902715E-002
   3.1384541993904030E-002   3.9705855685483536E-002
   3.7661450392684835E-002   2.0811571509172105E-002
   4.3938358791465640E-002  -5.7493759721098719E-003
   5.0215267190246445E-002  -3.0180872124367528E-002
   5.6492175589027249E-002  -4.3423715122941228E-002
   6.2769083987808061E-002  -4.0532882601836483E-002
   6.9045992386588859E-002  -2.2571435103374865E-002
   7.5322900785369670E-002   3.7811963789131935E-003
   8.1599809184150468E-002   2.8729022438951285E-002
   8.7876717582931280E-002   4.3002975239798465E-002
   9.4153625981712077E-002   4.1303539732926796E-002
  0.10043053438049289        2.4265677302868636E-002
  0.10670744277927370       -1.7813796424617212E-003
  0.11298435117805450       -2.7167717016676370E-002
  0.11926125957683531       -4.2473442654674141E-002
  0.12553816797561612       -4.2023038776682155E-002
  0.13181507637439691       -2.5987373980955856E-002
  0.13809198477317772       -3.1590320058885540E-004
  0.14436889317195853        2.5473122133689356E-002
  0.15064580157073934        4.1822678843706648E-002
  0.15692270996952015        4.2677772565603664E-002
  0.16319961836830094        2.7725455898095913E-002
  0.16947652676708175        2.5063252496772821E-003
  0.17575343516586256       -2.3641084669466874E-002
  0.18203034356464337       -4.1039395725505454E-002
  0.18830725196342415       -4.3253315881235897E-002
  0.19458416036220497       -2.9467604957563939E-002
  0.20086106876098578       -4.7842531179932719E-003
  0.20713797715976659        2.1668333544723976E-002
  0.21341488555854740        4.0112427957924156E-002
  0.21969179395732819        4.3734541864179154E-002
  0.22596870235610900        3.1200204122861647E-002
  0.23224561075488981        7.1426320086723921E-003
  0.23852251915367062       -1.9552966125075281E-002
  0.24479942755245140       -3.9036613667343928E-002
  0.25107633595123224       -4.4132855581303559E-002
  0.25735324435001306       -3.2977234071316280E-002
  0.26363015274879381       -9.6879479102524556E-003
  0.26990706114757462        1.7163895035010399E-002
  0.27618396954635543        3.7713986900956321E-002
  0.28246087794513625        4.4427646715573990E-002
  0.28873778634391706        3.4855644824520367E-002
  0.29501469474269787        1.2517559582403222E-002
  0.30129160314147868       -1.4402104674305069E-002
  0.30756851154025949       -3.6058490835014188E-002
  0.31384541993904030       -4.4546551598936585E-002
  0.32012232833782106       -3.6780362458421867E-002
  0.32639923673660187       -1.5605133420845364E-002
  0.33267614513538268        1.1255117111170701E-002
  0.33895305353416350        3.4021444093916740E-002
  0.34522996193294431        4.4420715923256346E-002
  0.35150687033172512        3.8686473805509637E-002
  0.35778377873050593        1.8913492866099210E-002
  0.36406068712928674       -7.7175886174631041E-003
  0.37033759552806755       -3.1554966104945903E-002
  0.37661450392684831       -4.3975119453946526E-002
  0.38289141232562912       -4.0497702701640603E-002
  0.38916832072440993       -2.2392567893369256E-002
  0.39544522912319074        3.7941988901159271E-003
  0.40172213752197156        2.8614670498082667E-002
  0.40799904592075237        4.3130133431991985E-002
  0.41427595431953318        4.2125563912746883E-002
  0.42055286271831399        2.5972707026829123E-002
  0.42682977111709480        4.8592582944899187E-004
  0.43310667951587556       -2.5176513841550934E-002
  0.43938358791465637       -4.1805826059870529E-002
  0.44566049631343718       -4.3444923750077614E-002
  0.45193740471221799       -2.9516362061698730E-002
  0.45821431311099881       -5.0179507839323376E-003
  0.46449122150977962        2.1277142391182301E-002
  0.47076812990856043        3.9965310660987095E-002
  0.47704503830734124        4.4373930070738060E-002
  0.48332194670612205        3.2938292015168590E-002
  0.48959885510490281        9.7492924659699047E-003
  0.49587576350368362       -1.6916986349673820E-002
  0.50215267190246449       -3.7556848675344097E-002
  0.50842958030124530       -4.4825392717545910E-002
  0.51470648870002611       -3.6145361919143790E-002
  0.52098339709880681       -1.4613536076359903E-002
  0.52726030549758762        1.2111385900830173E-002
  0.53353721389636843        3.4537500652445589E-002
  0.53981412229514925        4.4711166490919767E-002
  0.54609103069393006        3.9033654832389741E-002
  0.55236793909271087        1.9526995481475986E-002
  0.55864484749149168       -6.8936601250069625E-003
  0.56492175589027249       -3.0876730614007478E-002
  0.57119866428905330       -4.3945334145463401E-002
  0.57747557268783412       -4.1490052889254204E-002
  0.58375248108661493       -2.4388274676644468E-002
  0.59002938948539574        1.3159468399552485E-003
  0.59630629788417655        2.6559274024517271E-002
  0.60258320628295736        4.2465710874250669E-002
  0.60886011468173817        4.3463472069443877E-002
  0.61513702308051899        2.9223721555978303E-002
  0.62141393147929980        4.7526608810714585E-003
  0.62769083987808061       -2.1381937888395222E-002
  0.63396774827686131       -4.0056724975092169E-002
  0.64024465667564212       -4.4774619244715576E-002
  0.64652156507442293       -3.3913859025951433E-002
  0.65279847347320374       -1.1269808041561507E-002
  0.65907538187198456        1.5285785894822034E-002
  0.66535229027076537        3.6549522672520145E-002
  0.67162919866954618        4.5175273149330286E-002
  0.67790610706832699        3.8202616561320894E-002
  0.68418301546710780        1.8057932351842724E-002
  0.69045992386588861       -8.3050924785639437E-003
  0.69673683226466943       -3.1816015064958347E-002
  0.70301374066345024       -4.4410206530849372E-002
  0.70929064906223105       -4.1787865796757903E-002
  0.71556755746101186       -2.4868203759921017E-002
  0.72184446585979267        5.4820967234566625E-004
  0.72812137425857348        2.5780070690300031E-002
  0.73439828265735430        4.2234979573995565E-002
  0.74067519105613511        4.4330712825772854E-002
  0.74695209945491581        3.1376759914162847E-002
  0.75322900785369662        7.7860066965389947E-003
  0.75950591625247743       -1.8442225642074581E-002
  0.76578282465125824       -3.8445687552234348E-002
  0.77205973305003905       -4.5500837092298178E-002
  0.77833664144881987       -3.7268812011755345E-002
  0.78461354984760068       -1.6545789997475871E-002
  0.79089045824638149        9.7109046542809205E-003
  0.79716736664516230        3.2734428064989531E-002
  0.80344427504394311        4.4877577084152249E-002
  0.80972118344272392        4.2140454140402885E-002
  0.81599809184150474        2.5465331073441504E-002
  0.82227500024028555        3.8748319332669628E-004
  0.82855190863906636       -2.4821816245766515E-002
  0.83482881703784717       -4.1890847871860537E-002
  0.84110572543662798       -4.5254585760933649E-002
  0.84738263383540879       -3.3849853923837971E-002
  0.85365954223418961       -1.1426007476615836E-002
  0.85993645063297042        1.4710249899860013E-002
  0.86621335903175112        3.6088645205404411E-002
  0.87249026743053193        4.5819513243204046E-002
  0.87876717582931274        4.0799724263920395E-002
  0.88504408422809355        2.2678977130004076E-002
  0.89132099262687436       -2.7065853346167532E-003
  0.89759790102565518       -2.7231877767298452E-002
  0.90387480942443599       -4.3089110986169667E-002
  0.91015171782321680       -4.5265076363911035E-002
  0.91642862622199761       -3.3106396374239164E-002
  0.92270553462077842       -1.0490427005678250E-002
  0.92898244301955923        1.5432835008906151E-002
  0.93525935141834005        3.6514091582056887E-002
  0.94153625981712086        4.6171006501887671E-002
  0.94781316821590167        4.1431541522182057E-002
  0.95409007661468248        2.3818443782092441E-002
  0.96036698501346329       -1.1711930054842071E-003
  0.96664389341224410       -2.5804811938388142E-002
  0.97292080181102492       -4.2515212567491495E-002
  0.97919771020980562       -4.6215615528942287E-002
  0.98547461860858643       -3.5823935673111644E-002
  0.99175152700736724       -1.4547364953597599E-002
  0.99802843540614805        1.1136094590720862E-002
   1.0043053438049290        3.3467576315039840E-002
   1.0105822522037098        4.5752546957969126E-002
   1.0168591606024906        4.4352230758423747E-002
   1.0231360690012714        2.9733917731536802E-002
   1.0294129774000522        6.2856902057048247E-003
   1.0356898857988328       -1.9026111270239971E-002
   1.0419667941976136       -3.8738939782542184E-002
   1.0482437025963944       -4.7089886065668711E-002
   1.0545206109951752       -4.1680848332568958E-002
   1.0607975193939561       -2.4137887948254881E-002
   1.0670744277927369        4.0705189187074226E-004
   1.0733513361915177        2.4839520524063779E-002
   1.0796282445902985        4.2132674927256933E-002
   1.0859051529890793        4.7359900916273311E-002
   1.0921820613878601        3.9076059459394852E-002
   1.0984589697866409        1.9687010855831060E-002
   1.1047358781854217       -5.2773288944434286E-003
   1.1110127865842025       -2.8759755774858869E-002
   1.1172896949829834       -4.4178394113654935E-002
   1.1235666033817642       -4.7262068955084550E-002
   1.1298435117805450       -3.7207500768082609E-002
   1.1361204201793258       -1.6854690670257012E-002
   1.1423973285781066        8.1450656274031225E-003
   1.1486742369768874        3.0917640282214845E-002
   1.1549511453756682        4.5259314829672458E-002
   1.1612280537744490        4.7313199846248342E-002
   1.1675049621732299        3.6579582113940849E-002
   1.1737818705720107        1.6003778094303703E-002
   1.1800587789707915       -8.8610907668397586E-003
   1.1863356873695723       -3.1370864672842891E-002
   1.1926125957683531       -4.5568423482700460E-002
   1.1988895041671339       -4.7746324724119979E-002
   1.2051664125659147       -3.7388797685644265E-002
   1.2114433209646955       -1.7260516293658049E-002
   1.2177202293634763        7.3596222491546506E-003
   1.2239971377622572        3.0081625515203377E-002
   1.2302740461610380        4.5065928126439260E-002
   1.2365509545598188        4.8512181645687817E-002
   1.2428278629585996        3.9597591325750629E-002
   1.2491047713573804        2.0642236719463677E-002
   1.2553816797561612       -3.5242378046731583E-003
   1.2616585881549420       -2.6811601890312082E-002
   1.2679354965537226       -4.3411295724268294E-002
   1.2742124049525034       -4.9232603787776906E-002
   1.2804893133512842       -4.2892792127952328E-002
   1.2867662217500651       -2.5978611492739150E-002
   1.2930431301488459       -2.5670265339044012E-003
   1.2993200385476267        2.1481892764430372E-002
   1.3055969469464075        3.9914529398858867E-002
   1.3118738553451883        4.7743112298901241E-002
   1.3181507637439691        4.2669252608324389E-002
   1.3244276721427499        2.5869331462313835E-002
   1.3307045805415307        1.8472635563843926E-003
   1.3369814889403115       -2.2679720320509435E-002
   1.3432583973390924       -4.0623507367341834E-002
   1.3495353057378732       -4.6602724710516151E-002
   1.3558122141366540       -3.8645516671063869E-002
   1.3620891225354348       -1.8957306378618966E-002
   1.3683660309342156        6.5625989986483882E-003
   1.3746429393329964        3.0004525845905853E-002
   1.3809198477317772        4.3882417447395440E-002
   1.3871967561305580        4.3580735388171497E-002
   1.3934736645293389        2.9001098433414797E-002
   1.3997505729281197        4.7942835507601379E-003
   1.4060274813269005       -2.1008127817245845E-002
   1.4123043897256813       -3.9605289630998956E-002
   1.4185812981244621       -4.4456522625450967E-002
   1.4248582065232429       -3.3680643131829550E-002
   1.4311351149220237       -1.0918200186135426E-002
   1.4374120233208045        1.5765108742223321E-002
   1.4436889317195853        3.6660905688230848E-002
   1.4499658401183662        4.3960013823843208E-002
   1.4562427485171470        3.4766400255697348E-002
   1.4625196569159278        1.2416300579390364E-002
   1.4687965653147086       -1.4641568521178533E-002
   1.4750734737134894       -3.6143917423520022E-002
   1.4813503821122702       -4.3927381632905167E-002
   1.4876272905110510       -3.5028212990807626E-002
   1.4939041989098316       -1.2819162367894411E-002
   1.5001811073086124        1.4263031169366719E-002
   1.5064580157073932        3.5917962131848537E-002
   1.5127349241061741        4.3899732787392849E-002
   1.5190118325049549        3.5160808770014866E-002
   1.5252887409037357        1.3022569186979074E-002
   1.5315656493025165       -1.4080545937596573E-002
   1.5378425577012973       -3.5810242896328427E-002
   1.5441194661000781       -4.3868068136593705E-002
   1.5503963744988589       -3.5168651216966079E-002
   1.5566732828976397       -1.3027939669615291E-002
   1.5629501912964205        1.4094123848344631E-002
   1.5692270996952014        3.5821976245166975E-002
   1.5755040080939822        4.3833775451934585E-002
   1.5817809164927630        3.5052866178817074E-002
   1.5880578248915438        1.2836074577793221E-002
   1.5943347332903246       -1.4302910530638993E-002
   1.6006116416891054       -3.5951947366654469E-002
   1.6068885500878862       -4.3795337677163711E-002
   1.6131654584866670       -3.4812233552977162E-002
   1.6194423668854478       -1.2446924759585691E-002
   1.6257192752842287        1.4705100635697485E-002
   1.6319961836830095        3.6196657672726021E-002
   1.6382730920817903        4.3750224121454045E-002
   1.6445500004805711        3.4451598817503849E-002
   1.6508269088793519        1.1878274625783366E-002
   1.6571038172781327       -1.5273055990619002E-002
   1.6633807256769135       -3.6534545642441983E-002
   1.6696576340756943       -4.3703158059557892E-002
   1.6759345424744752       -3.4008201892670800E-002
   1.6822114508732560       -1.1186421222404104E-002
   1.6884883592720368        1.5954235585436505E-002
   1.6947652676708176        3.6931616621403283E-002
   1.7010421760695984        4.3638011908693444E-002
   1.7073190844683792        3.3476504894799343E-002
   1.7135959928671600        1.0370800045081995E-002
   1.7198729012659408       -1.6745842152516493E-002
   1.7261498096647214       -3.7382124557023423E-002
   1.7324267180635022       -4.3548097369685082E-002
   1.7387036264622830       -3.2851517700319584E-002
   1.7449805348610639       -9.4302261611230054E-003
   1.7512574432598447        1.7644543710583070E-002
   1.7575343516586255        3.7879289534513215E-002
   1.7638112600574063        4.3425707051536984E-002
   1.7700881684561871        3.2127645220052514E-002
   1.7763650768549679        8.3635771154899983E-003
   1.7826419852537487       -1.8646302581217685E-002
   1.7889188936525295       -3.8415262608875067E-002
   1.7951958020513104       -4.3262140290727578E-002
   1.8014727104500912       -3.1298767290174494E-002
   1.8077496188488720       -7.1699740515094217E-003
   1.8140265272476528        1.9746089940890527E-002
   1.8203034356464336        3.8984478881260068E-002
   1.8265803440452144        4.3063748154815472E-002
   1.8328572524439952        3.0396225573009434E-002
   1.8391341608427760        5.9071154336007882E-003
   1.8454110692415568       -2.0879438305533314E-002
   1.8516879776403377       -3.9543892508193838E-002
   1.8579648860391185       -4.2824566804733108E-002
   1.8642417944378993       -2.9443741797325149E-002
   1.8705187028366801       -4.6064589999020673E-003
   1.8767956112354609        2.2023198493627182E-002
   1.8830725196342417        4.0081871161979872E-002
   1.8893494280330225        4.2540246504382651E-002
   1.8956263364318033        2.8440070683578782E-002
   1.9019032448305841        3.2688378758503988E-003
   1.9081801532293650       -2.3174841104690883E-002
   1.9144570616281458       -4.0595167932367698E-002
   1.9207339700269266       -4.2208097673787172E-002
   1.9270108784257074       -2.7384152460143935E-002
   1.9332877868244882       -1.8952622880215662E-003
   1.9395646952232690        2.4331659580905305E-002
   1.9458416036220498        4.1080429385508002E-002
   1.9521185120208304        4.1825441028184071E-002
   1.9583954204196112        2.6275049279089253E-002
   1.9646723288183920        4.8693457270750464E-004
   1.9709492372171729       -2.5490772677529316E-002
   1.9772261456159537       -4.1534175564684840E-002
   1.9835030540147345       -4.1389937350666386E-002
   1.9897799624135153       -2.5115806036550305E-002
   1.9960568708122961        9.4472273997958753E-004
   2.0023337792110771        2.6637510963545701E-002
   2.0086106876098579        4.1954806155947530E-002
   2.0148875960086388        4.0932774108906445E-002
   2.0211645044074196        2.3971832384255490E-002
   2.0274414128062004       -2.3222355289706951E-003
   2.0337183212049812       -2.7712640466665637E-002
   2.0399952296037620       -4.2317486523778050E-002
   2.0462721380025428       -4.0455060193817928E-002
   2.0525490464013236       -2.2852459903543294E-002
   2.0588259548001044        3.6402813548562308E-003
   2.0651028631988853        2.8717435892488610E-002
   2.0713797715976656        4.2626992954132185E-002
   2.0776566799964464        3.9962238149258922E-002
   2.0839335883952272        2.1761618409092773E-002
   2.0902104967940081       -4.8979498737012845E-003
   2.0964874051927889       -2.9654302014064049E-002
   2.1027643135915697       -4.2888045900128222E-002
   2.1090412219903505       -3.9459459302402508E-002
   2.1153181303891313       -2.0702875122149130E-002
   2.1215950387879121        6.0946165646363175E-003
   2.1278719471866929        3.0525743058779555E-002
   2.1341488555854737        4.3105240927169178E-002
   2.1404257639842545        3.8951583475953198E-002
   2.1467026723830354        1.9679451484752118E-002
   2.1529795807818162       -7.2298932286397116E-003
   2.1592564891805970       -3.1334629493532842E-002
   2.1655333975793778       -4.3287198297749900E-002
   2.1718103059781586       -3.8458690661266975E-002
   2.1780872143769394       -1.8726883303767115E-002
   2.1843641227757202        8.2592810308528119E-003
   2.1906410311745010        3.2048451202971832E-002
   2.1969179395732819        4.3435196288066809E-002
   2.2031948479720627        3.8019541932251502E-002
   2.2094717563708435        1.7902316739987552E-002
   2.2157486647696243       -9.1350190325567501E-003
   2.2220255731684051       -3.2643881354228521E-002
   2.2283024815671859       -4.3546981856315468E-002
   2.2345793899659667       -3.7640590688174505E-002
   2.2408562983647475       -1.7210409048166907E-002
   2.2471332067635283        9.8581663207897383E-003
   2.2534101151623092        3.3127070536416850E-002
   2.2596870235610900        4.3631122837758454E-002
   2.2659639319598708        3.7329433273579710E-002
   2.2722408403586516        1.6655009891315034E-002
   2.2785177487574324       -1.0429771343387286E-002
   2.2847946571562132       -3.3503182031459355E-002
   2.2910715655549940       -4.3694632800239316E-002
   2.2973484739537748       -3.7092168753996672E-002
   2.3036253823525557       -1.6239129828048204E-002
   2.3099022907513365        1.0850728768319582E-002
   2.3161791991501173        3.3776294630951206E-002
   2.3224561075488981        4.3742940885488635E-002
   2.3287330159476789        3.6933504625320544E-002
   2.3350099243464597        1.5965966751242421E-002
   2.3412868327452405       -1.1118887585103706E-002
   2.3475637411440213       -3.3948410261367433E-002
   2.3538406495428021       -4.3791427846220747E-002
   2.3601175579415830       -3.6892966203401385E-002
   2.3663944663403638       -1.5899096047350431E-002
   2.3726713747391446        1.1165976061896281E-002
   2.3789482831379254        3.3972072246893109E-002
   2.3852251915367062        4.3826335520201057E-002
   2.3915020999354870        3.6982194920450129E-002
   2.3977790083342678        1.6056166514270730E-002
   2.4040559167330486       -1.0980357356380406E-002
   2.4103328251318294       -3.3842862206377299E-002
   2.4166097335306103       -4.3846376040621256E-002
   2.4228866419293911       -3.7200314397811615E-002
   2.4291635503281719       -1.6437223444734163E-002
   2.4354404587269527        1.0560183816566440E-002
   2.4417173671257335        3.3556940863288164E-002
   2.4479942755245143        4.3846577851721039E-002
   2.4542711839232951        3.7543046673641139E-002
   2.4605480923220759        1.7040797543700845E-002
   2.4668250007208568       -9.9026945299931484E-003
   2.4731019091196376       -3.3107453222693033E-002
   2.4793788175184184       -4.3817973249970783E-002
   2.4856557259171992       -3.8002616533368803E-002
   2.4919326343159800       -1.7863718721794750E-002
   2.4982095427147608        9.0043973628912023E-003
   2.5044864511135416        3.2484727016547664E-002
   2.5107633595123224        4.3749195810415788E-002
   2.5170402679111032        3.8575396489065550E-002
   2.5233171763098841        1.8919608147008091E-002
   2.5295940847086644       -7.8335841728237997E-003
   2.5358709931074452       -3.1652991455710357E-002
   2.5421479015062260       -4.3623494545598669E-002
   2.5484248099050069       -3.9277718098582041E-002
   2.5547017183037877       -2.0253600765949759E-002
   2.5609786267025685        6.3335330969521561E-003
   2.5672555351013493        3.0559829824333279E-002
   2.5735324435001301        4.3398851943534010E-002
   2.5798093518989109        4.0080012210054576E-002
   2.5860862602976917        2.1851735168477934E-002
   2.5923631686964725       -4.4987489677709496E-003
   2.5986400770952534       -2.9180489459177120E-002
   2.6049169854940342       -4.3039020302964491E-002
   2.6111938938928150       -4.0947472640010162E-002
   2.6174708022915958       -2.3694045387475268E-002
   2.6237477106903766        2.3256086692747539E-003
   2.6300246190891574        2.7487373270443198E-002
   2.6363015274879382        4.2501143629588796E-002
   2.6425784358867190        4.1837097707420702E-002
   2.6488553442854998        2.5753569465811501E-002
   2.6551322526842807        1.8615170959225650E-004
   2.6614091610830615       -2.5451341748075000E-002
   2.6676860694818423       -4.1736303667232966E-002
   2.6739629778806231       -4.2697218852220671E-002
   2.6802398862794039       -2.7995095747000102E-002
   2.6865167946781847       -3.0328472885832840E-003
   2.6927937030769655        2.3041453218719393E-002
   2.6990706114757463        4.0692961671636246E-002
   2.7053475198745272        4.3483853901579841E-002
   2.7116244282733080        3.0411689772876446E-002
   2.7179013366720888        6.2566753833561113E-003
   2.7241782450708696       -2.0177471729616387E-002
   2.7304551534696504       -3.9277723561833518E-002
   2.7367320618684312       -4.4115520036714276E-002
   2.7430089702672120       -3.2951158912850061E-002
   2.7492858786659928       -9.8468332530091129E-003
   2.7555627870647736        1.6822941688614330E-002
   2.7618396954635545        3.7413218161560860E-002
   2.7681166038623353        4.4495607420890607E-002
   2.7743935122611161        3.5530136717873681E-002
   2.7806704206598969        1.3763901479417889E-002
   2.7869473290586777       -1.2956861719658316E-002
   2.7932242374574585       -3.5022517772143380E-002
   2.7995011458562393       -4.4516085364531284E-002
   2.8057780542550201       -3.8046667804914704E-002
   2.8120549626538009       -1.7948771169561107E-002
   2.8183318710525818        8.5723059380492846E-003
   2.8246087794513626        3.2031948922645131E-002
   2.8308856878501434        4.4059554973004525E-002
   2.8371625962489242        4.0379250092024664E-002
   2.8434395046477050        2.2318724552676934E-002
   2.8497164130464858       -3.6821093105865173E-003
   2.8559933214452666       -2.8376674722321495E-002
   2.8622702298440474       -4.3002840964408387E-002
   2.8685471382428283       -4.2387243696898197E-002
   2.8748240466416091       -2.6764579899962036E-002
   2.8811009550403899       -1.6759990532970888E-003
   2.8873778634391707        2.4006467003449085E-002
   2.8936547718379515        4.1221479905715237E-002
   2.8999316802367323        4.3912180272944933E-002
   2.9062085886355131        3.1147604396851970E-002
   2.9124854970342939        7.4322276128295887E-003
   2.9187624054330747       -1.8894626948077059E-002
   2.9250393138318556       -3.8596866509275393E-002
   2.9313162222306364       -4.4780239466277537E-002
   2.9375931306294172       -3.5296354014211336E-002
   2.9438700390281980       -1.3476971003125242E-002
   2.9501469474269788        1.3048163836772942E-002
   2.9564238558257596        3.5026313942429804E-002
   2.9627007642245404        4.4809514190168209E-002
   2.9689776726233212        3.9008855427181792E-002
   2.9752545810221021        1.9656900246748345E-002
   2.9815314894208829       -6.5167489719793322E-003
   2.9878083978196632       -3.0433997970027150E-002
   2.9940853062184440       -4.3819015550258730E-002
   3.0003622146172249       -4.2056245188932612E-002
   3.0066391230160057       -2.5771630509533582E-002
   3.0129160314147865       -5.9758235684338333E-004
   3.0191929398135673        2.4783918571063188E-002
   3.0254698482123481        4.1641432003250239E-002
   3.0317467566111289        4.4184189301558020E-002
   3.0380236650099097        3.1501351248016229E-002
   3.0443005734086905        7.9332167041172626E-003
   3.0505774818074713       -1.8380377518311550E-002
   3.0568543902062522       -3.8299132526004309E-002
   3.0631312986050330       -4.4860193636323868E-002
   3.0694082070038138       -3.5732723061409143E-002
   3.0756851154025946       -1.4074976815296861E-002
   3.0819620238013754        1.2529359418043855E-002
   3.0882389322001562        3.4709054737206507E-002
   3.0945158405989370        4.4605656008982426E-002
   3.1007927489977178        3.8674940713664750E-002
   3.1070696573964987        1.8984586022857141E-002
   3.1133465657952795       -7.4762421370102002E-003
   3.1196234741940603       -3.1256882707123276E-002
   3.1259003825928411       -4.3816350856983148E-002
   3.1321772909916219       -4.0605111405377571E-002
   3.1384541993904027       -2.2740417898450611E-002
   3.1447311077891835        3.3509085278894553E-003
   3.1510080161879643        2.8221282735233978E-002
   3.1572849245867451        4.2816151871909777E-002
   3.1635618329855260        4.1782244961539511E-002
   3.1698387413843068        2.5457319445924307E-002
   3.1761156497830876       -2.0714305964780595E-004
   3.1823925581818684       -2.5790632215674462E-002
   3.1886694665806492       -4.1852098474869752E-002
   3.1949463749794300       -4.2423785937029064E-002
   3.2012232833782108       -2.7254509169602183E-002
   3.2075001917769916       -1.9530672994094716E-003
   3.2137771001757724        2.4075325198352260E-002
   3.2200540085745533        4.1154731094722230E-002
   3.2263309169733341        4.2939994048283227E-002
   3.2326078253721149        2.8771031707025073E-002
   3.2388847337708957        3.9145654156233578E-003
   3.2451616421696765       -2.2396075221663463E-002
   3.2514385505684573       -4.0391735155078136E-002
   3.2577154589672381       -4.3394227424334741E-002
   3.2639923673660189       -3.0292522734215697E-002
   3.2702692757647998       -5.9512331596983936E-003
   3.2765461841635806        2.0598006654201802E-002
   3.2828230925623614        3.9508778387599294E-002
   3.2891000009611422        4.3771221516419212E-002
   3.2953769093599230        3.1808499919826885E-002
   3.3016538177587038        8.0574856829556656E-003
   3.3079307261574846       -1.8679282472949622E-002
   3.3142076345562654       -3.8497229386267103E-002
   3.3204845429550462       -4.4058550824437992E-002
   3.3267614513538271       -3.3307263439698490E-002
   3.3330383597526079       -1.0226662388234596E-002
   3.3393152681513887        1.6638962789847001E-002
   3.3455921765501695        3.7348742024382937E-002
   3.3518690849489503        4.4243381681105851E-002
   3.3581459933477311        3.4776122381599606E-002
   3.3644229017465119        1.2450884876259196E-002
   3.3706998101452927       -1.4477111215515492E-002
   3.3769767185440736       -3.6055622514035837E-002
   3.3832536269428544       -4.4316943585547733E-002
   3.3895305353416352       -3.6222104636314666E-002
   3.3958074437404160       -1.4769173281520659E-002
   3.4020843521391968        1.2126827229155812E-002
   3.4083612605379776        3.4559879034744667E-002
   3.4146381689367584        4.4281809236485059E-002
   3.4209150773355392        3.7729588914279868E-002
   3.4271919857343200        1.7322154493719401E-002
   3.4334688941331009       -9.4419903058838069E-003
   3.4397458025318817       -3.2746298086262761E-002
   3.4460227109306620       -4.4057608035143470E-002
   3.4522996193294428       -3.9245845960614714E-002
   3.4585765277282237       -2.0083275822978596E-002
   3.4648534361270045        6.4177284021369272E-003
   3.4711303445257853        3.0577542634787722E-002
   3.4774072529245661        4.3586391965049383E-002
   3.4836841613233469        4.0712588702005233E-002
   3.4899610697221277        2.3015163163946219E-002
   3.4962379781209085       -3.0559236532076164E-003
   3.5025148865196893       -2.8017729887493650E-002
   3.5087917949184702       -4.2805879480291062E-002
   3.5150687033172510       -4.2062579835096231E-002
   3.5213456117160318       -2.6069771361947696E-002
   3.5276225201148126       -6.3277423395574444E-004
   3.5338994285135934        2.5034669509528727E-002
   3.5401763369123742        4.1650863478601564E-002
   3.5464532453111550        4.3219653793482644E-002
   3.5527301537099358        2.9187385139396577E-002
   3.5590070621087166        4.6308067836091467E-003
   3.5652839705074975       -2.1595304210768707E-002
   3.5715608789062783       -4.0061797491609416E-002
   3.5778377873050591       -4.4152331580491450E-002
   3.5841146957038399       -3.2421719642267845E-002
   3.5903916041026207       -9.0897758671303012E-003
   3.5966685125014015        1.7491726494459098E-002
   3.6029454209001823        3.7836796386292525E-002
   3.6092223292989631        4.4708796484778109E-002
   3.6154992376977440        3.5683626052975807E-002
   3.6217761460965248        1.3988580299610674E-002
   3.6280530544953056       -1.2667380442497961E-002
   3.6343299628940864       -3.4842592103796012E-002
   3.6406068712928672       -4.4707240051027039E-002
   3.6468837796916480       -3.8798728699871839E-002
   3.6531606880904288       -1.9221573679532308E-002
   3.6594375964892096        7.1183403816468763E-003
   3.6657145048879904        3.0961082951616085E-002
   3.6719914132867713        4.3950413420802061E-002
   3.6782683216855521        4.1555064035841707E-002
   3.6845452300843329        2.4634962405688476E-002
   3.6908221384831137       -8.8377043897213271E-004
   3.6970990468818945       -2.6097132510543460E-002
   3.7033759552806753       -4.2234609420469173E-002
   3.7096528636794561       -4.3704846360912229E-002
   3.7159297720782369       -3.0019846485709604E-002
   3.7222066804770177       -5.9401565196718336E-003
   3.7284835888757986        2.0195215038488624E-002
   3.7347604972745794        3.9363268043002018E-002
   3.7410374056733602        4.4969036079107579E-002
   3.7473143140721410        3.5103577646156285E-002
   3.7535912224709218        1.3178425053707133E-002
   3.7598681308697026       -1.3268837276106418E-002
   3.7661450392684834       -3.5174772533155992E-002
   3.7724219476672642       -4.5056114099042241E-002
   3.7786988560660451       -3.9557254912331086E-002
   3.7849757644648259       -2.0575068414802857E-002
   3.7912526728636067        5.4107995906062922E-003
   3.7975295812623875        2.9560751581342276E-002
   3.8038064896611683        4.3684969532510970E-002
   3.8100833980599491        4.3014434123144520E-002
   3.8163603064587299        2.7797859200691173E-002
   3.8226372148575107        3.1944390852562277E-003
   3.8289141232562915       -2.2488191874624523E-002
   3.8351910316550724       -4.0604735125509508E-002
   3.8414679400538532       -4.5078952800816703E-002
   3.8477448484526340       -3.4430241219143745E-002
   3.8540217568514148       -1.2248084149648304E-002
   3.8602986652501956        1.4032157504774758E-002
   3.8665755736489764        3.5629913300966036E-002
   3.8728524820477572        4.5352815300108415E-002
   3.8791293904465380        3.9982970403200709E-002
   3.8854062988453189        2.1327477541024622E-002
   3.8916832072440997       -4.4048688910380395E-003
   3.8979601156428805       -2.8680811063747747E-002
   3.9042370240416608       -4.3475627167481296E-002
   3.9105139324404417       -4.3920924419932991E-002
   3.9167908408392225       -2.9893245616201266E-002
   3.9230677492380033       -6.0305754533020797E-003
   3.9293446576367841        1.9814901189831233E-002
   3.9356215660355649        3.9167379147741190E-002
   3.9418984744343457        4.5704416235215560E-002
   3.9481753828331265        3.7311499970623697E-002
   3.9544522912319073        1.6750118024486768E-002
   3.9607291996306881       -9.2661886296509892E-003
   3.9670061080294690       -3.2273946053497322E-002
   3.9732830164282498       -4.4814403108541304E-002
   3.9795599248270306       -4.2843907698163826E-002
   3.9858368332258114       -2.7023472817414507E-002
   3.9921137416245922       -2.4812070006893045E-003
   3.9983906500233730        2.2862837000865707E-002
   4.0046675584221543        4.0857917304351246E-002
   4.0109444668209351        4.5740266167222501E-002
   4.0172213752197159        3.5967444942215744E-002
   4.0234982836184967        1.4689802951927068E-002
   4.0297751920172775       -1.1280062481401098E-002
   4.0360521004160583       -3.3657610691312352E-002
   4.0423290088148391       -4.5330020551977691E-002
   4.0486059172136200       -4.2608611041949719E-002
   4.0548828256124008       -2.6380560612003275E-002
   4.0611597340111816       -1.8034193366861626E-003
   4.0674366424099624        2.3345628058526479E-002
   4.0737135508087432        4.1136487263832427E-002
   4.0799904592075240        4.5958130950165807E-002
   4.0862673676063048        3.6224863760702934E-002
   4.0925442760050856        1.4961738460698305E-002
   4.0988211844038664       -1.1083062951314586E-002
   4.1050980928026473       -3.3554626072476383E-002
   4.1113750012014281       -4.5168545642166519E-002
   4.1176519096002089       -4.2096999892602030E-002
   4.1239288179989897       -2.5272385041125254E-002
   4.1302057263977705       -1.5362906800563445E-004
   4.1364826347965504        2.5008276631342918E-002
   4.1427595431953312        4.1866529371840773E-002
   4.1490364515941121        4.4761350376310328E-002
   4.1553133599928929        3.2657087512939581E-002
   4.1615902683916737        9.5595838433183145E-003
   4.1678671767904545       -1.6765983226844153E-002
   4.1741440851892353       -3.7381920296256629E-002
   4.1804209935880161       -4.5216711986238868E-002
   4.1866979019867969       -3.7521385145624225E-002
   4.1929748103855777       -1.6880768715754332E-002
   4.1992517187843585        9.6068323609188218E-003
   4.2055286271831394        3.2739373084931640E-002
   4.2118055355819202        4.4403934485355991E-002
   4.2180824439807010        4.0446699436109117E-002
   4.2243593523794818        2.2197006114453865E-002
   4.2306362607782626       -3.9283916595192325E-003
   4.2369131691770434       -2.8644576739754870E-002
   4.2431900775758242       -4.3087460268087442E-002
   4.2494669859746050       -4.2014512360193518E-002
   4.2557438943733858       -2.5767336927043208E-002
   4.2620208027721667       -2.0416181340376759E-004
   4.2682977111709475        2.5431361100741810E-002
   4.2745746195697283        4.1855330167242799E-002
   4.2808515279685091        4.3107513204983794E-002
   4.2871284363672899        2.8722023238234872E-002
   4.2934053447660707        3.9095376730520631E-003
   4.2996822531648515       -2.2322143187174202E-002
   4.3059591615636323       -4.0434801181569668E-002
   4.3122360699624132       -4.3829966065497120E-002
   4.3185129783611940       -3.1259642124914305E-002
   4.3247898867599748       -7.2941434418490334E-003
   4.3310667951587556        1.9331342824573560E-002
   4.3373437035575364        3.8896473477746260E-002
   4.3436206119563172        4.4245710836869082E-002
   4.3498975203550980        3.3411702169020320E-002
   4.3561744287538788        1.0347887157815884E-002
   4.3624513371526596       -1.6505620653131430E-002
   4.3687282455514405       -3.7305885679524087E-002
   4.3750051539502213       -4.4415662652649256E-002
   4.3812820623490021       -3.5213489830719265E-002
   4.3875589707477829       -1.3069198952288438E-002
   4.3938358791465637        1.3881338806673608E-002
   4.4001127875453445        3.5720056548703707E-002
   4.4063896959441253        4.4396721914468092E-002
   4.4126666043429061        3.6701907791262346E-002
   4.4189435127416870        1.5462940791272408E-002
   4.4252204211404678       -1.1485979755447007E-002
   4.4314973295392486       -3.4187899224885160E-002
   4.4377742379380294       -4.4241936050364902E-002
   4.4440511463368102       -3.7917005312868665E-002
   4.4503280547355910       -1.7544674743856601E-002
   4.4566049631343718        9.3316455700190645E-003
   4.4628818715331526        3.2744020428430207E-002
   4.4691587799319334        4.3996045336991564E-002
   4.4754356883307143        3.8897529888548325E-002
   4.4817125967294951        1.9332991633410922E-002
   4.4879895051282759       -7.4261120873517087E-003
   4.4942664135270567       -3.1417779026042120E-002
   4.5005433219258375       -4.3696900976064892E-002
   4.5068202303246183       -3.9674500222337684E-002
   4.5130971387233991       -2.0840681084299650E-002
   4.5193740471221799        5.7785048133817841E-003
   4.5256509555209607        3.0235744664957070E-002
   4.5319278639197416        4.3378071421175786E-002
   4.5382047723185224        4.0276139447393826E-002
   4.5444816807173032        2.2080913304274970E-002
   4.5507585891160840       -4.3944469712365163E-003
   4.5570354975148648       -2.9219121408943130E-002
   4.5633124059136456       -4.3067760204301461E-002
   4.5695893143124264       -4.0727133011909597E-002
   4.5758662227112072       -2.3066316796689135E-002
   4.5821431311099881        3.2769770522428818E-003
   4.5884200395087689        2.8384349755490312E-002
   4.5946969479075497        4.2788887524480068E-002
   4.6009738563063305        4.1048356810541455E-002
   4.6072507647051113        2.3809943065012169E-002
   4.6135276731038921       -2.4228816448308788E-003
   4.6198045815026729       -2.7738670905280788E-002
   4.6260814899014537       -4.2560947570255948E-002
   4.6323583983002345       -4.1273490791374885E-002
   4.6386353066990154       -2.4354587409527201E-002
   4.6449122150977962        1.7931197047524499E-003
   4.6511891234965770        2.7259752917004648E-002
   4.6574660318953578        4.2381993000461818E-002
   4.6637429402941386        4.1412423286486276E-002
   4.6700198486929194        2.4710120745313202E-002
   4.6762967570917002       -1.3847600920039497E-003
   4.6825736654904810       -2.6951792064878841E-002
   4.6888505738892619       -4.2259616418088730E-002
   4.6951274822880427       -4.1472443621860533E-002
   4.7014043906868235       -2.4881013181818457E-002
   4.7076812990856043        1.1971882530714465E-003
   4.7139582074843851        2.6817482790356277E-002
   4.7202351158831659        4.2198189997601006E-002
   4.7265120242819467        4.1457731703022326E-002
   4.7327889326807275        2.4869932804589916E-002
   4.7390658410795083       -1.2296176064357494E-003
   4.7453427494782892       -2.6857443009345231E-002
   4.7516196578770700       -4.2198887094404412E-002
   4.7578965662758508       -4.1369352927194965E-002
   4.7641734746746316       -2.4677688776492807E-002
   4.7704503830734124        1.4811517932218374E-003
   4.7767272914721932        2.7070426243409856E-002
   4.7830041998709740        4.2262106412820258E-002
   4.7892811082697548        4.1215002146630909E-002
   4.7955580166685357        2.4325235600850578E-002
   4.8018349250673165       -1.9183925312636913E-003
   4.8081118334660973       -2.7423202864699878E-002
   4.8143887418648781       -4.2372649335345042E-002
   4.8206656502636589       -4.1006441718486587E-002
   4.8269425586624397       -2.3844452898570817E-002
   4.8332194670612205        2.5058624949516515E-003
   4.8394963754600013        2.7889313248239987E-002
   4.8457732838587821        4.2515364397069072E-002
   4.8520501922575630        4.0736302694303651E-002
   4.8583271006563438        2.3232458832618000E-002
   4.8646040090551246       -3.2427206869845146E-003
   4.8708809174539054       -2.8464319565618755E-002
   4.8771578258526862       -4.2683642618048655E-002
   4.8834347342514670       -4.0398285309931253E-002
   4.8897116426502478       -2.2485848656907375E-002
   4.8959885510490286        4.1278397067925224E-003
   4.9022654594478094        2.9142635253311518E-002
   4.9085423678465903        4.2869337496370251E-002
   4.9148192762453711        3.9984776972273164E-002
   4.9210961846441519        2.1600660808361444E-002
   4.9273730930429327       -5.1596680749798019E-003
   4.9336500014417135       -2.9917434287195659E-002
   4.9399269098404943       -4.3062750779176089E-002
   4.9462038182392751       -3.9486964115231733E-002
   4.9524807266380559       -2.0573412831366173E-002
   4.9587576350368368        6.3325097258622983E-003
   4.9650345434356176        3.0777789446934121E-002
   4.9713114518343984        4.3263213229159887E-002
   4.9775883602331792        3.8935228673184455E-002
   4.9838652686319600        1.9474122755120414E-002
   4.9901421770307408       -7.5568494034015578E-003
   4.9964190854295216       -3.1649708767251691E-002
   5.0026959938283024       -4.3436404546645109E-002
   5.0089729022270832       -3.8332112833771380E-002
   5.0152498106258641       -1.8320046413612488E-002
   5.0215267190246449        8.8176009513960003E-003
   5.0278036274234257        3.2524905973594698E-002
   5.0340805358222065        4.3578059172913151E-002
   5.0403574442209873        3.7674831858106904E-002
   5.0466343526197681        1.7110543029873661E-002
   5.0529112610185480       -1.0112924276018290E-002
   5.0591881694173289       -3.3399765282012273E-002
   5.0654650778161097       -4.3684184840060938E-002
   5.0717419862148905       -3.6960596668198967E-002
   5.0780188946136713       -1.5845149699148513E-002
   5.0842958030124521        1.1440735864593909E-002
   5.0905727114112329        3.4270443875632620E-002
   5.0968496198100137        4.3750676985976983E-002
   5.1031265282087945        3.6186664247026677E-002
   5.1094034366075753        1.4523595661420967E-002
   5.1156803450063562       -1.2798688603268901E-002
   5.1219572534051370       -3.5132972473929866E-002
   5.1282341618039178       -4.3775514982732099E-002
   5.1345110702026986       -3.5361260591348774E-002
   5.1407879786014794       -1.3171443793554888E-002
   5.1470648870002602        1.4148747637223916E-002
   5.1533417953990410        3.5959817130292206E-002
   5.1596187037978218        4.3771381036417048E-002
   5.1658956121966026        3.4545603540843899E-002
   5.1721725205953835        1.1876065041726653E-002
   5.1784494289941643       -1.5414486019421062E-002
   5.1847263373929451       -3.6709318128597887E-002
   5.1910032457917259       -4.3727795724601740E-002
   5.1972801541905067       -3.3743700986937415E-002
   5.2035570625892875       -1.0641645790009747E-002
   5.2098339709880683        1.6596811447636473E-002
   5.2161108793868491        3.7386394948503654E-002
   5.2223877877856300        4.3651525503032591E-002
   5.2286646961844108        3.2961513801897831E-002
   5.2349416045831916        9.4710349883387664E-003
   5.2412185129819724       -1.7697015063218441E-002
   5.2474954213807532       -3.7995877611924626E-002
   5.2537723297795340       -4.3548975512062257E-002
   5.2600492381783148       -3.2204497271242236E-002
   5.2663261465770956       -8.3666460583409260E-003
   5.2726030549758764        1.8716584455086571E-002
   5.2788799633746573        3.8542475495748935E-002
   5.2851568717734381        4.3426173654387848E-002
   5.2914337801722189        3.1477614911572145E-002
   5.2977106885709997        7.3305675956945584E-003
   5.3039875969697805       -1.9656990771492595E-002
   5.3102645053685613       -3.9034544955013364E-002
   5.3165414137673421       -4.3306745484636165E-002
   5.3228183221661229       -3.0828302592685371E-002
   5.3290952305649038       -6.4312992823025673E-003
   5.3353721389636846        2.0451633749685956E-002
   5.3416490473624654        3.9437106493643403E-002
   5.3479259557612462        4.3200435058306424E-002
   5.3542028641600270        3.0296959056014827E-002
   5.3604797725588078        5.7102947792115636E-003
   5.3667566809575886       -2.1078061186164392E-002
   5.3730335893563694       -3.9747880900784724E-002
   5.3793104977551502       -4.3114911578006232E-002
   5.3855874061539311       -2.9890778350566184E-002
   5.3918643145527119       -5.1696474701659455E-003
   5.3981412229514927        2.1539694048141728E-002
   5.4044181313502735        3.9973984653783635E-002
   5.4106950397490543        4.3057982282226084E-002
   5.4169719481478351        2.9615323737103842E-002
   5.4232488565466159        4.8109135386091373E-003
   5.4295257649453967       -2.1839045032033787E-002
   5.4358026733441775       -4.0120547235789270E-002
   5.4420795817429584       -4.3035178248817078E-002
   5.4483564901417392       -2.9474493808141471E-002
   5.4546333985405200       -4.6352583563082283E-003
   5.4609103069393008        2.1977595527624037E-002
   5.4671872153380816        4.0190622804170462E-002
   5.4734641237368624        4.3049980213092309E-002
   5.4797410321356432        2.9473427720443545E-002
   5.4860179405344240        4.6516401495314171E-003
   5.4922948489332049       -2.1944786010865518E-002
   5.4985717573319857       -4.0182475503802204E-002
   5.5048486657307665       -4.3124318695799677E-002
   5.5111255741295473       -2.9661589304747885E-002
   5.5174024825283281       -4.9229766828527500E-003
   5.5236793909271089        2.1686887354776967E-002
   5.5299562993258897        4.0066338648580474E-002
   5.5362332077246705        4.3249725797523814E-002
   5.5425101161234513        3.0040829328701692E-002
   5.5487870245222322        5.4535675273847508E-003
   5.5550639329210130       -2.1198918750486444E-002
   5.5613408413197938       -3.9835619038480513E-002
   5.5676177497185746       -4.3419037177897662E-002
   5.5738946581173554       -3.0606252004526539E-002
   5.5801715665161362       -6.2434326938230261E-003
   5.5864484749149170        2.0474872746768232E-002
   5.5927253833136978        3.9479627321393915E-002
   5.5990022917124787        4.3620428835835827E-002
   5.6052792001112595        3.1349530415663227E-002
   5.6115561085100403        7.2916484583336588E-003
   5.6178330169088211       -1.9506842341678633E-002
   5.6241099253076019       -3.8983610457663943E-002
   5.6303868337063827       -4.3837313813700859E-002
   5.6366637421051635       -3.2258594598942814E-002
   5.6429406505039443       -8.5959288610325570E-003
   5.6492175589027251        1.8285489741208881E-002
   5.6554944673015060        3.8330556242306538E-002
   5.6617713757002868        4.4056036412457138E-002
   5.6680482840990676        3.3337204616969839E-002
   5.6743251924978484        1.0185579113357140E-002
   5.6806021008966292       -1.6762383421260987E-002
   5.6868790092954100       -3.7472667770302850E-002
   5.6931559176941908       -4.4248994451819373E-002
   5.6994328260929716       -3.4585880513200135E-002
   5.7057097344917524       -1.2084441915153669E-002
   5.7119866428905333        1.4899772084604523E-002
   5.7182635512893141        3.6365497321321057E-002
   5.7245404596880949        4.4372204907851376E-002
   5.7308173680868757        3.5970843489906826E-002
   5.7370942764856565        1.4279643940976547E-002
   5.7433711848844373       -1.2683534451757218E-002
   5.7496480932832181       -3.4971348169785033E-002
   5.7559250016819989       -4.4376985881789656E-002
   5.7622019100807798       -3.7449978346322570E-002
   5.7684788184795606       -1.6751836587848214E-002
   5.7747557268783414        1.0101595595945293E-002
   5.7810326352771222        3.3249304731618155E-002
   5.7873095436759030        4.4207083580644492E-002
   5.7935864520746838        3.8971681868073885E-002
   5.7998633604734646        1.9473445586995989E-002
   5.8061402688722454       -7.1459683988666757E-003
   5.8124171772710262       -3.1156825181499519E-002
   5.8186940856698071       -4.3799212434411851E-002
   5.8249709940685879       -4.0474296719354146E-002
   5.8312479024673687       -2.2408146859525170E-002
   5.8375248108661495        3.8120815285163194E-003
   5.8438017192649303        2.8648538569232204E-002
   5.8500786276637111        4.3084655062660751E-002
   5.8563555360624919        4.1894130419223179E-002
   5.8626324444612727        2.5523312455325679E-002
   5.8689093528600536       -8.7415792585566015E-005
   5.8751862612588344       -2.5668269209913046E-002
   5.8814631696576152       -4.1978679382502965E-002
   5.8877400780563960       -4.3141810008641132E-002
   5.8940169864551768       -2.8752959936459876E-002
   5.9002938948539576       -4.0087674443640368E-003
   5.9065708032527384        2.2179225964016707E-002
   5.9128477116515192        4.0398430623147186E-002
   5.9191246200503000        4.4115895092533448E-002
   5.9254015284490809        3.2012492351396214E-002
   5.9316784368478617        8.4396649295946490E-003
   5.9379553452466425       -1.8155161467933827E-002
   5.9442322536454233       -3.8261144705295166E-002
   5.9505091620442041       -4.4704008592597336E-002
   5.9567860704429849       -3.5198484682523151E-002
   5.9630629788417657       -1.3147837061879924E-002
   5.9693398872405457        1.3585200022176827E-002
   5.9756167956393265        3.5488499296247991E-002
   5.9818937040381073        4.4785088607589327E-002
   5.9881706124368881        3.8187943899681769E-002
   5.9944475208356689        1.8051558022080982E-002
   6.0007244292344497       -8.4793052769757127E-003
   6.0070013376332305       -3.2012070086878036E-002
   6.0132782460320113       -4.4232759191837369E-002
   6.0195551544307921       -4.0837965093563328E-002
   6.0258320628295730       -2.3040281820866020E-002
   6.0321089712283538        2.8758753957083445E-003
   6.0383858796271346        2.7781645364948853E-002
   6.0446627880259154        4.2921964241910242E-002
   6.0509396964246962        4.2989220853991636E-002
   6.0572166048234770        2.7974701109811605E-002
   6.0634935132222578        3.1552483925172399E-003
   6.0697704216210386       -2.2770481578953668E-002
   6.0760473300198194       -4.0734752923901510E-002
   6.0823242384186003       -4.4469721490537517E-002
   6.0886011468173811       -3.2686110505288621E-002
   6.0948780552161619       -9.5071700254771348E-003
   6.1011549636149427        1.6984049683824616E-002
   6.1074318720137235        3.7568915516450890E-002
   6.1137087804125043        4.5100213204639292E-002
   6.1199856888112851        3.6976707564877392E-002
   6.1262625972100659        1.6030893900620565E-002
   6.1325395056088468       -1.0469129435845425E-002
   6.1388164140076276       -3.3348507171784676E-002
   6.1450933224064084       -4.4702819679828469E-002
   6.1513702308051892       -4.0623375548040748E-002
   6.1576471392039700       -2.2532680689818892E-002
   6.1639240476027508        3.3224171877425561E-003
   6.1702009560015316        2.8034368494153267E-002
   6.1764778644003124        4.3085264937080515E-002
   6.1827547727990932        4.3250365824541739E-002
   6.1890316811978741        2.8431568183553434E-002
   6.1953085895966549        3.7369578731681050E-003
   6.2015854979954357       -2.2255332122875109E-002
   6.2078624063942165       -4.0465431267550568E-002
   6.2141393147929973       -4.4490293867997369E-002
   6.2204162231917781       -3.2877135256507241E-002
   6.2266931315905589       -9.6774979181225990E-003
   6.2329700399893397        1.6938783054312484E-002
   6.2392469483881206        3.7545505362922227E-002
   6.2455238567869014        4.4801065886640228E-002
   6.2518007651856822        3.6083519122203152E-002
   6.2580776735844630        1.4467361678912629E-002
   6.2643545819832438       -1.2331602007487154E-002
   6.2706314903820246       -3.4692219782782585E-002
   6.2769083987808054       -4.4541375438136244E-002
   6.2831853071795862       -3.8285772113733990E-002
