   6.2769083987808056E-003   3.3279500242122555E-002
   1.2553816797561611E-002   1.2183680607926572E-002
   1.8830725196342418E-002  -1.2904289704953267E-002
   2.5107633595123222E-002  -3.3764956294400246E-002
   3.1384541993904030E-002  -4.3565923193185141E-002
   3.7661450392684835E-002  -3.9099156089804507E-002
   4.3938358791465640E-002  -2.1829756065731832E-002
   5.0215267190246445E-002   2.5863142265323135E-003
   5.6492175589027249E-002   2.6156216343530918E-002
   6.2769083987808061E-002   4.1167577587299588E-002
   6.9045992386588859E-002   4.2711680471552348E-002
   7.5322900785369670E-002   3.0286983926482214E-002
   8.1599809184150468E-002   7.9595951365242796E-003
   8.7876717582931280E-002  -1.6969839845879405E-002
   9.4153625981712077E-002  -3.6354877713162502E-002
  0.10043053438049289       -4.3865408814936849E-002
  0.10670744277927370       -3.7053063742586448E-002
  0.11298435117805450       -1.8146413173606511E-002
  0.11926125957683531        6.6813842647250590E-003
  0.12553816797561612        2.9330704182607463E-002
  0.13181507637439691        4.2418638513539185E-002
  0.13809198477317772        4.1684257464147452E-002
  0.14436889317195853        2.7372643113133890E-002
  0.15064580157073934        4.1490971282503600E-003
  0.15692270996952015       -2.0425260316652122E-002
  0.16319961836830094       -3.8357142559468739E-002
  0.16947652676708175       -4.3820512884982669E-002
  0.17575343516586256       -3.5046482069968736E-002
  0.18203034356464337       -1.4891503267975776E-002
  0.18830725196342415        1.0097179320364564E-002
  0.19458416036220497        3.1811533913745971E-002
  0.20086106876098578        4.3214115182540348E-002
  0.20713797715976659        4.0616511987219980E-002
  0.21341488555854740        2.4867850483897194E-002
  0.21969179395732819        1.0718357624972074E-003
  0.22596870235610900       -2.3071679195310876E-002
  0.23224561075488981       -3.9760181030434813E-002
  0.23852251915367062       -4.3608806741923724E-002
  0.24479942755245140       -3.3383681975034649E-002
  0.25107633595123224       -1.2391632951495075E-002
  0.25735324435001306        1.2594877359703570E-002
  0.26363015274879381        3.3526234834460461E-002
  0.26990706114757462        4.3669154347949900E-002
  0.27618396954635543        3.9769395529366557E-002
  0.28246087794513625        2.3090032127981386E-002
  0.28873778634391706       -1.0041301352129877E-003
  0.29501469474269787       -2.4777209855782127E-002
  0.30129160314147868       -4.0607985148147653E-002
  0.30756851154025949       -4.3431251824987929E-002
  0.31384541993904030       -3.2353263313098388E-002
  0.32012232833782106       -1.0927672256437582E-002
  0.32639923673660187        1.3990885433786366E-002
  0.33267614513538268        3.4443643052218927E-002
  0.33895305353416350        4.3909614266525537E-002
  0.34522996193294431        3.9380648750981767E-002
  0.35150687033172512        2.2310556442696017E-002
  0.35778377873050593       -1.8589849838516728E-003
  0.36406068712928674       -2.5438829414119790E-002
  0.37033759552806755       -4.0940590346259131E-002
  0.37661450392684831       -4.3452457469923697E-002
  0.38289141232562912       -3.2189504332407748E-002
  0.38916832072440993       -1.0731052420462217E-002
  0.39544522912319074        1.4124026853704145E-002
  0.40172213752197156        3.4515699689991949E-002
  0.40799904592075237        4.4008244360270767E-002
  0.41427595431953318        3.9616844410624061E-002
  0.42055286271831399        2.2738528752570375E-002
  0.42682977111709480       -1.3004709134297810E-003
  0.43310667951587556       -2.4931772680493288E-002
  0.43938358791465637       -4.0729939112556630E-002
  0.44566049631343718       -4.3743212099960134E-002
  0.45193740471221799       -3.3039052169678181E-002
  0.45821431311099881       -1.1984142676357674E-002
  0.46449122150977962        1.2822358948250075E-002
  0.47076812990856043        3.3621868613416865E-002
  0.47704503830734124        4.3923004354396111E-002
  0.48332194670612205        4.0522797048327765E-002
  0.48959885510490281        2.4494608203017930E-002
  0.49587576350368362        8.4058028116232471E-004
  0.50215267190246449       -2.3076254113016437E-002
  0.50842958030124530       -3.9826643903660981E-002
  0.51470648870002611       -4.4220595441821352E-002
  0.52098339709880681       -3.4908913540720440E-002
  0.52726030549758762       -1.4788657106966294E-002
  0.53353721389636843        9.9064769596725333E-003
  0.53981412229514925        3.1542715458782219E-002
  0.54609103069393006        4.3446499021597695E-002
  0.55236793909271087        4.1958572029145734E-002
  0.55864484749149168        2.7550997145604602E-002
  0.56492175589027249        4.6685923667518867E-003
  0.57119866428905330       -1.9649557285848201E-002
  0.57747557268783412       -3.7938809176566723E-002
  0.58375248108661493       -4.4598734056003383E-002
  0.59002938948539574       -3.7602070147181955E-002
  0.59630629788417655       -1.9103235320908331E-002
  0.60258320628295736        5.2335606422601556E-003
  0.60886011468173817        2.7974544486766464E-002
  0.61513702308051899        4.2188523779910156E-002
  0.62141393147929980        4.3556028855316724E-002
  0.62769083987808061        3.1674694193619436E-002
  0.63396774827686131        1.0168612810901926E-002
  0.64024465667564212       -1.4424931825067355E-002
  0.64652156507442293       -3.4647037464714203E-002
  0.65279847347320374       -4.4378999745546148E-002
  0.65907538187198456       -4.0688614973208685E-002
  0.66535229027076537       -2.4705383719273527E-002
  0.67162919866954618       -1.2659167139899496E-003
  0.67790610706832699        2.2556592930690695E-002
  0.68418301546710780        3.9589650741364266E-002
  0.69045992386588861        4.4718811295036749E-002
  0.69673683226466943        3.6416834653488640E-002
  0.70301374066345024        1.7189410628640683E-002
  0.70929064906223105       -7.1898336114926947E-003
  0.71556755746101186       -2.9418927267783647E-002
  0.72184446585979267       -4.2855841052781986E-002
  0.72812137425857348       -4.3499269043985239E-002
  0.73439828265735430       -3.1172309616974370E-002
  0.74067519105613511       -9.5612409219582081E-003
  0.74695209945491581        1.4895109262707752E-002
  0.75322900785369662        3.4928292535724069E-002
  0.75950591625247743        4.4599833529727066E-002
  0.76578282465125824        4.1056046612947095E-002
  0.77205973305003905        2.5361260189487356E-002
  0.77833664144881987        2.1689032427229492E-003
  0.78461354984760068       -2.1665270336569075E-002
  0.79089045824638149       -3.9112500478166085E-002
  0.79716736664516230       -4.5041494600768187E-002
  0.80344427504394311       -3.7720993882203659E-002
  0.80972118344272392       -1.9316552144124196E-002
  0.81599809184150474        4.7582603845791552E-003
  0.82227500024028555        2.7439506820234431E-002
  0.82855190863906636        4.2086470826120076E-002
  0.83482881703784717        4.4422437370314198E-002
  0.84110572543662798        3.3776750210647133E-002
  0.84738263383540879        1.3269606479687510E-002
  0.85365954223418961       -1.1108806725476917E-002
  0.85993645063297042       -3.2251306466113530E-002
  0.86621335903175112       -4.4005123328992292E-002
  0.87249026743053193       -4.2958508551615100E-002
  0.87876717582931274       -2.9425235842450732E-002
  0.88504408422809355       -7.3448469528916115E-003
  0.89132099262687436        1.6868155393510005E-002
  0.89759790102565518        3.6189027947635795E-002
  0.90387480942443599        4.5019361701316478E-002
  0.91015171782321680        4.0805919488726278E-002
  0.91642862622199761        2.4774912640254092E-002
  0.92270553462077842        1.5718337068880985E-003
  0.92898244301955923       -2.2086511001590540E-002
  0.93525935141834005       -3.9356379990849080E-002
  0.94153625981712086       -4.5245384092305566E-002
  0.94781316821590167       -3.8053588130279065E-002
  0.95409007661468248       -1.9862284802332240E-002
  0.96036698501346329        4.0694669431823299E-003
  0.96664389341224410        2.6825360548798052E-002
  0.97292080181102492        4.1830023254101935E-002
  0.97919771020980562        4.4748079394324465E-002
  0.98547461860858643        3.4736174256220241E-002
  0.99175152700736724        1.4686740659292177E-002
  0.99802843540614805       -9.6069419181453210E-003
   1.0043053438049290       -3.1123718847670144E-002
   1.0105822522037098       -4.3642989476837403E-002
   1.0168591606024906       -4.3543088951509316E-002
   1.0231360690012714       -3.0849958198207874E-002
   1.0294129774000522       -9.2323017188845977E-003
   1.0356898857988328        1.5056679474132912E-002
   1.0419667941976136        3.4986481216048075E-002
   1.0482437025963944        4.4783846337674349E-002
   1.0545206109951752        4.1606279279016577E-002
   1.0607975193939561        2.6369287820880449E-002
   1.0670744277927369        3.4859482473958217E-003
   1.0733513361915177       -2.0408161854909779E-002
   1.0796282445902985       -3.8377320544566176E-002
   1.0859051529890793       -4.5199134477434059E-002
   1.0921820613878601       -3.8884750707061135E-002
   1.0984589697866409       -2.1262727541606016E-002
   1.1047358781854217        2.5459592283587295E-003
   1.1110127865842025        2.5612456762106571E-002
   1.1172896949829834        4.1214980199044016E-002
   1.1235666033817642        4.4798840402410084E-002
   1.1298435117805450        3.5309836776299362E-002
   1.1361204201793258        1.5509667427858849E-002
   1.1423973285781066       -8.8225030912676382E-003
   1.1486742369768874       -3.0573148701000925E-002
   1.1549511453756682       -4.3373207356541710E-002
   1.1612280537744490       -4.3465524174700856E-002
   1.1675049621732299       -3.0812786164110352E-002
   1.1737818705720107       -9.1178130710138795E-003
   1.1800587789707915        1.5254365262053215E-002
   1.1863356873695723        3.5140633730637978E-002
   1.1926125957683531        4.4685273155220931E-002
   1.1988895041671339        4.1067994252946140E-002
   1.2051664125659147        2.5343567328201332E-002
   1.2114433209646955        2.1412875007373452E-003
   1.2177202293634763       -2.1692291441030884E-002
   1.2239971377622572       -3.9111167544811330E-002
   1.2302740461610380       -4.4954393824080750E-002
   1.2365509545598188       -3.7480244993901249E-002
   1.2428278629585996       -1.8892557492580148E-002
   1.2491047713573804        5.3018804681557140E-003
   1.2553816797561612        2.7919739782067993E-002
   1.2616585881549420        4.2232576379049702E-002
   1.2679354965537226        4.3971294770608599E-002
   1.2742124049525034        3.2605700414669501E-002
   1.2804893133512842        1.1513812561446122E-002
   1.2867662217500651       -1.3015205096825369E-002
   1.2930431301488459       -3.3652327476151468E-002
   1.2993200385476267       -4.4218625668798271E-002
   1.3055969469464075       -4.1539519125929104E-002
   1.3118738553451883       -2.6405622978873097E-002
   1.3181507637439691       -3.3472755446648846E-003
   1.3244276721427499        2.0715473559723342E-002
   1.3307045805415307        3.8546998349447498E-002
   1.3369814889403115        4.4773477278541522E-002
   1.3432583973390924        3.7507784915160353E-002
   1.3495353057378732        1.8928931468424483E-002
   1.3558122141366540       -5.3640897660507400E-003
   1.3620891225354348       -2.8034712965654841E-002
   1.3683660309342156       -4.2223410499450047E-002
   1.3746429393329964       -4.3626282188158727E-002
   1.3809198477317772       -3.1806781599814427E-002
   1.3871967561305580       -1.0338883578249393E-002
   1.3934736645293389        1.4267258565398061E-002
   1.3997505729281197        3.4536150460541343E-002
   1.4060274813269005        4.4298620591949153E-002
   1.4123043897256813        4.0573737468546922E-002
   1.4185812981244621        2.4485530034421426E-002
   1.4248582065232429        9.3058304740998839E-004
   1.4311351149220237       -2.2907342954449534E-002
   1.4374120233208045       -3.9746534472855088E-002
   1.4436889317195853       -4.4433636302093495E-002
   1.4499658401183662       -3.5525645489091151E-002
   1.4562427485171470       -1.5740347718192660E-002
   1.4625196569159278        8.8672963109803511E-003
   1.4687965653147086        3.0754915471150539E-002
   1.4750734737134894        4.3204437133990636E-002
   1.4813503821122702        4.2387069792368157E-002
   1.4876272905110510        2.8545760313023891E-002
   1.4939041989098316        5.9283343323161637E-003
   1.5001811073086124       -1.8512163046418072E-002
   1.5064580157073932       -3.7253423931512646E-002
   1.5127349241061741       -4.4520274229514135E-002
   1.5190118325049549       -3.8067636358103264E-002
   1.5252887409037357       -1.9878409077215626E-002
   1.5315656493025165        4.4420557951705018E-003
   1.5378425577012973        2.7391123425822211E-002
   1.5441194661000781        4.1883262789900767E-002
   1.5503963744988589        4.3439513651991377E-002
   1.5566732828976397        3.1574679350175112E-002
   1.5629501912964205        9.9515473029265378E-003
   1.5692270996952014       -1.4747796348619174E-002
   1.5755040080939822       -3.4886279430120501E-002
   1.5817809164927630       -4.4234008809548760E-002
   1.5880578248915438       -3.9897139418158999E-002
   1.5943347332903246       -2.3215484445333827E-002
   1.6006116416891054        6.5022307801598051E-004
   1.6068885500878862        2.4314604210793178E-002
   1.6131654584866670        4.0453588873952270E-002
   1.6194423668854478        4.4072032464867766E-002
   1.6257192752842287        3.4050336964153279E-002
   1.6319961836830095        1.3490789704938522E-002
   1.6382730920817903       -1.1243563044416153E-002
   1.6445500004805711       -3.2499373323039406E-002
   1.6508269088793519       -4.3701950775389881E-002
   1.6571038172781327       -4.1388831847549407E-002
   1.6633807256769135       -2.6278666549412827E-002
   1.6696576340756943       -3.0456667961630264E-003
   1.6759345424744752        2.1128881881925212E-002
   1.6822114508732560        3.8778166779438419E-002
   1.6884883592720368        4.4456296642111079E-002
   1.6947652676708176        3.6416774532549587E-002
   1.7010421760695984        1.7145981543276630E-002
   1.7073190844683792       -7.4102293291785715E-003
   1.7135959928671600       -2.9684784479898731E-002
   1.7198729012659408       -4.2822722263466055E-002
   1.7261498096647214       -4.2789251657620986E-002
   1.7324267180635022       -2.9604366242709578E-002
   1.7387036264622830       -7.3274012460926496E-003
   1.7449805348610639        1.7198932160920052E-002
   1.7512574432598447        3.6454345104847505E-002
   1.7575343516586255        4.4546977395961689E-002
   1.7638112600574063        3.9012046865125091E-002
   1.7700881684561871        2.1555003199637757E-002
   1.7763650768549679       -2.4826760783886836E-003
   1.7826419852537487       -2.5765056324551054E-002
   1.7889188936525295       -4.1203715842547478E-002
   1.7951958020513104       -4.4113562557739287E-002
   1.8014727104500912       -3.3627139990806347E-002
   1.8077496188488720       -1.2942500083191148E-002
   1.8140265272476528        1.1662798020869943E-002
   1.8203034356464336        3.2744288863522722E-002
   1.8265803440452144        4.3944487102883747E-002
   1.8328572524439952        4.1904688095675165E-002
   1.8391341608427760        2.7260889045866661E-002
   1.8454110692415568        4.4316435770519599E-003
   1.8516879776403377       -1.9727872118086045E-002
   1.8579648860391185       -3.7991555193846095E-002
   1.8642417944378993       -4.4922645207165983E-002
   1.8705187028366801       -3.8482375820412945E-002
   1.8767956112354609       -2.0613399116077898E-002
   1.8830725196342417        3.3641688744587010E-003
   1.8893494280330225        2.6351196432798506E-002
   1.8956263364318033        4.1577500495461460E-002
   1.9019032448305841        4.4590858914693027E-002
   1.9081801532293650        3.4543401606175687E-002
   1.9144570616281458        1.4407768972464466E-002
   1.9207339700269266       -9.9245715906208492E-003
   1.9270108784257074       -3.1382725148942955E-002
   1.9332877868244882       -4.3774471205494297E-002
   1.9395646952232690       -4.3562357586663804E-002
   1.9458416036220498       -3.0851347279768973E-002
   1.9521185120208304       -9.3192002133385566E-003
   1.9583954204196112        1.4870876293204679E-002
   1.9646723288183920        3.4847050221131624E-002
   1.9709492372171729        4.4979239377074529E-002
   1.9772261456159537        4.2450283831817183E-002
   1.9835030540147345        2.8014560917586234E-002
   1.9897799624135153        5.7477817215722416E-003
   1.9960568708122961       -1.8123309163046265E-002
   2.0023337792110771       -3.6970108466281654E-002
   2.0086106876098579       -4.5597330633517494E-002
   2.0148875960086388       -4.1658731803113705E-002
   2.0211645044074196       -2.6273421021155562E-002
   2.0274414128062004       -3.6881390152149231E-003
   2.0337183212049812        1.9907675985705888E-002
   2.0399952296037620        3.8080919817385914E-002
   2.0462721380025428        4.5902321025971318E-002
   2.0525490464013236        4.1270881872413831E-002
   2.0588259548001044        2.5463862344403114E-002
   2.0651028631988853        2.7727806842504209E-003
   2.0713797715976656       -2.0668211492195204E-002
   2.0776566799964464       -3.8540884645698575E-002
   2.0839335883952272       -4.6041097885426228E-002
   2.0902104967940081       -4.1162625597683043E-002
   2.0964874051927889       -2.5226424579663394E-002
   2.1027643135915697       -2.5180248970186115E-003
   2.1090412219903505        2.0866440447730849E-002
   2.1153181303891313        3.8655215590593962E-002
   2.1215950387879121        4.6079854847360484E-002
   2.1278719471866929        4.1150504829045594E-002
   2.1341488555854737        2.5187958261087353E-002
   2.1404257639842545        2.4707793069315767E-003
   2.1467026723830354       -2.0908774552088779E-002
   2.1529795807818162       -3.8675532146024691E-002
   2.1592564891805970       -4.6054071944005737E-002
   2.1655333975793778       -4.1053363513369134E-002
   2.1718103059781586       -2.5008112330816540E-002
   2.1780872143769394       -2.2287314224650238E-003
   2.1843641227757202        2.1150238952944867E-002
   2.1906410311745010        3.8817942621123647E-002
   2.1969179395732819        4.5990558710963185E-002
   2.2031948479720627        4.0711242195067637E-002
   2.2094717563708435        2.4392680922266419E-002
   2.2157486647696243        1.4497181800518990E-003
   2.2220255731684051       -2.1885691672565731E-002
   2.2283024815671859       -3.9252218189612970E-002
   2.2345793899659667       -4.5894575108479406E-002
   2.2408562983647475       -3.9973482653479685E-002
   2.2471332067635283       -2.3087616537870410E-002
   2.2534101151623092        1.4375356468841811E-004
   2.2596870235610900        2.3332860991242252E-002
   2.2659639319598708        4.0074591741108424E-002
   2.2722408403586516        4.5718674303134005E-002
   2.2785177487574324        3.8672283424913176E-002
   2.2847946571562132        2.0865549646259463E-002
   2.2910715655549940       -2.7601337037838122E-003
   2.2973484739537748       -2.5610592774039456E-002
   2.3036253823525557       -4.1274720209126571E-002
   2.3099022907513365       -4.5328383996768133E-002
   2.3161791991501173       -3.6597815623568897E-002
   2.3224561075488981       -1.7518127080099834E-002
   2.3287330159476789        6.5272121124201532E-003
   2.3350099243464597        2.8712544374400552E-002
   2.3412868327452405        4.2704498795432373E-002
   2.3475637411440213        4.4477783992799877E-002
   2.3538406495428021        3.3489806170427350E-002
   2.3601175579415830        1.2866868378331045E-002
   2.3663944663403638       -1.1466235870780741E-002
   2.3726713747391446       -3.2476816001423513E-002
   2.3789482831379254       -4.4056310419504086E-002
   2.3852251915367062       -4.2807015756242774E-002
   2.3915020999354870       -2.9057981228809138E-002
   2.3977790083342678       -6.8010465794126271E-003
   2.4040559167330486        1.7450076574309897E-002
   2.4103328251318294        3.6557182932470345E-002
   2.4166097335306103        4.4861512537187294E-002
   2.4228866419293911        3.9873380423638083E-002
   2.4291635503281719        2.3039011565655906E-002
   2.4354404587269527       -6.5738477856907716E-004
   2.4417173671257335       -2.4153849752512706E-002
   2.4479942755245143       -4.0410158097746590E-002
   2.4542711839232951       -4.4523899813100391E-002
   2.4605480923220759       -3.5225066847313607E-002
   2.4668250007208568       -1.5288614228020771E-002
   2.4731019091196376        9.2746392317556298E-003
   2.4793788175184184        3.1018865895704566E-002
   2.4856557259171992        4.3319688784147277E-002
   2.4919326343159800        4.2402388405708140E-002
   2.4982095427147608        2.8517571137679398E-002
   2.5044864511135416        5.8927804296213552E-003
   2.5107633595123224       -1.8539690230760145E-002
   2.5170402679111032       -3.7260516276181953E-002
   2.5233171763098841       -4.4481308252127136E-002
   2.5295940847086644       -3.7946675020209437E-002
   2.5358709931074452       -1.9655212258258715E-002
   2.5421479015062260        4.7361614467748636E-003
   2.5484248099050069        2.7652005686076821E-002
   2.5547017183037877        4.1949911214516536E-002
   2.5609786267025685        4.3153661971320104E-002
   2.5672555351013493        3.0867004209819984E-002
   2.5735324435001301        8.9172352252622298E-003
   2.5798093518989109       -1.5826732843864193E-002
   2.5860862602976917       -3.5599680960328360E-002
   2.5923631686964725       -4.4179418926666519E-002
   2.5986400770952534       -3.8852478429174483E-002
   2.6049169854940342       -2.1282352068519087E-002
   2.6111938938928150        3.0007317398909445E-003
   2.6174708022915958        2.6334797070667625E-002
   2.6237477106903766        4.1342914699651220E-002
   2.6300246190891574        4.3269225025346213E-002
   2.6363015274879382        3.1492846130545475E-002
   2.6425784358867190        9.7354342884565133E-003
   2.6488553442854998       -1.5109095498570693E-002
   2.6551322526842807       -3.5156305588485121E-002
   2.6614091610830615       -4.4034463954299087E-002
   2.6676860694818423       -3.8913878683635703E-002
   2.6739629778806231       -2.1414547525372349E-002
   2.6802398862794039        2.9008042710324208E-003
   2.6865167946781847        2.6291307993186838E-002
   2.6927937030769655        4.1301396091498431E-002
   2.6990706114757463        4.3139273547280296E-002
   2.7053475198745272        3.1210926672700666E-002
   2.7116244282733080        9.3172710305020577E-003
   2.7179013366720888       -1.5552446195812065E-002
   2.7241782450708696       -3.5449325387891910E-002
   2.7304551534696504       -4.4005706790056186E-002
   2.7367320618684312       -3.8476090212794689E-002
   2.7430089702672120       -2.0623116812692615E-002
   2.7492858786659928        3.8388536754745627E-003
   2.7555627870647736        2.7068751784835351E-002
   2.7618396954635545        4.1610919611184689E-002
   2.7681166038623353        4.2789997355523794E-002
   2.7743935122611161        3.0218706796160073E-002
   2.7806704206598969        7.9308011362234539E-003
   2.7869473290586777       -1.6908168905251167E-002
   2.7932242374574585       -3.6301908868470942E-002
   2.7995011458562393       -4.3998216936234139E-002
   2.8057780542550201       -3.7508300381817697E-002
   2.8120549626538009       -1.8917164065929158E-002
   2.8183318710525818        5.7806133087853406E-003
   2.8246087794513626        2.8609982241654501E-002
   2.8308856878501434        4.2189834457616676E-002
   2.8371625962489242        4.2121892983577131E-002
   2.8434395046477050        2.8420058886247847E-002
   2.8497164130464858        5.5140918375927326E-003
   2.8559933214452666       -1.9178047515489613E-002
   2.8622702298440474       -3.7650511845649479E-002
   2.8685471382428283       -4.3906393003696621E-002
   2.8748240466416091       -3.5908256646308714E-002
   2.8811009550403899       -1.6246650205942452E-002
   2.8873778634391707        8.6944131786986269E-003
   2.8936547718379515        3.0807641253094199E-002
   2.8999316802367323        4.2897760889394933E-002
   2.9062085886355131        4.1025151227286540E-002
   2.9124854970342939        2.5793510992301618E-002
   2.9187624054330747        2.1593399504427437E-003
   2.9250393138318556       -2.2178012308366520E-002
   2.9313162222306364       -3.9283646788377209E-002
   2.9375931306294172       -4.3575408727234137E-002
   2.9438700390281980       -3.3648345366605582E-002
   2.9501469474269788       -1.2738008921018966E-002
   2.9564238558257596        1.2331282987319614E-002
   2.9627007642245404        3.3372215811479769E-002
   2.9689776726233212        4.3508668695626099E-002
   2.9752545810221021        3.9424611035078154E-002
   2.9815314894208829        2.2451473661140819E-002
   2.9878083978196632       -1.8634588795958089E-003
   2.9940853062184440       -2.5568500388089135E-002
   3.0003622146172249       -4.0907739796623578E-002
   3.0066391230160057       -4.2859635766702972E-002
   3.0129160314147865       -3.0782665760865503E-002
   3.0191929398135673       -8.6280629018646877E-003
   3.0254698482123481        1.6351517958980231E-002
   3.0317467566111289        3.5975760389926961E-002
   3.0380236650099097        4.3815997954878373E-002
   3.0443005734086905        3.7302248562948413E-002
   3.0505774818074713        1.8566925523676052E-002
   3.0568543902062522       -6.2522058731516129E-003
   3.0631312986050330       -2.9022288208034406E-002
   3.0694082070038138       -4.2280518208429270E-002
   3.0756851154025946       -4.1680641404156497E-002
   3.0819620238013754       -2.7418459625210983E-002
   3.0882389322001562       -4.1684896818487962E-003
   3.0945158405989370        2.0447929093682728E-002
   3.1007927489977178        3.8361056887753063E-002
   3.1070696573964987        4.3698501102846517E-002
   3.1133465657952795        3.4710607725902821E-002
   3.1196234741940603        1.4344021905836538E-002
   3.1259003825928411       -1.0724643728430867E-002
   3.1321772909916219       -3.2277991546141756E-002
   3.1384541993904027       -4.3251803908902521E-002
   3.1447311077891835       -4.0050349695901856E-002
   3.1510080161879643       -2.3724062520208904E-002
   3.1572849245867451        3.7602773809450752E-004
   3.1635618329855260        2.4353116044219358E-002
   3.1698387413843068        4.0352795981567824E-002
   3.1761156497830876        4.3135948595685779E-002
   3.1823925581818684        3.1793399739759781E-002
   3.1886694665806492        1.0041359136806458E-002
   3.1949463749794300       -1.4997870800174644E-002
   3.2012232833782108       -3.5129228076939280E-002
   3.2075001917769916       -4.3767281349317615E-002
   3.2137771001757724       -3.8089436580284568E-002
   3.2200540085745533       -1.9956145533690513E-002
   3.2263309169733341        4.7012460479631379E-003
   3.2326078253721149        2.7822727340892583E-002
   3.2388847337708957        4.1855136256673461E-002
   3.2451616421696765        4.2218742162964042E-002
   3.2514385505684573        2.8799528751219841E-002
   3.2577154589672381        5.9816229112825423E-003
   3.2639923673660189       -1.8788084839529061E-002
   3.2702692757647998       -3.7432095908235673E-002
   3.2765461841635806       -4.3876172214479925E-002
   3.2828230925623614       -3.6026008613223227E-002
   3.2891000009611422       -1.6444114644970913E-002
   3.2953769093599230        8.4906559854741135E-003
   3.3016538177587038        3.0663923769245798E-002
   3.3079307261574846        4.2867122079284163E-002
   3.3142076345562654        4.1139191310592002E-002
   3.3204845429550462        2.6048407864106594E-002
   3.3267614513538271        2.5007535033864463E-003
   3.3330383597526079       -2.1859077042521227E-002
   3.3393152681513887       -3.9131477602101408E-002
   3.3455921765501695       -4.3722781526578713E-002
   3.3518690849489503       -3.4153171115383310E-002
   3.3581459933477311       -1.3528408956457880E-002
   3.3644229017465119        1.1473272323728642E-002
   3.3706998101452927        3.2766939236059049E-002
   3.3769767185440736        4.3475832025590473E-002
   3.3832536269428544        4.0149383509400699E-002
   3.3895305353416352        2.3869809176010417E-002
   3.3958074437404160       -1.0594723988075895E-004
   3.4020843521391968       -2.4048566488352328E-002
   3.4083612605379776       -4.0250122254605974E-002
   3.4146381689367584       -4.3503945138086024E-002
   3.4209150773355392       -3.2773151680467794E-002
   3.4271919857343200       -1.1514612321735054E-002
   3.4334688941331009        1.3440719596641483E-002
   3.4397458025318817        3.4086488975292949E-002
   3.4460227109306620        4.3809672222934630E-002
   3.4522996193294428        3.9505103718832889E-002
   3.4585765277282237        2.2560785406591215E-002
   3.4648534361270045       -1.5966440227998472E-003
   3.4711303445257853       -2.5245252465509928E-002
   3.4774072529245661       -4.0838135583265642E-002
   3.4836841613233469       -4.3409716356380239E-002
   3.4899610697221277       -3.2151387106637827E-002
   3.4962379781209085       -1.0658292323849143E-002
   3.5025148865196893        1.4225552668490240E-002
   3.5087917949184702        3.4590630630436728E-002
   3.5150687033172510        4.3975897079284197E-002
   3.5213456117160318        3.9414282483624885E-002
   3.5276225201148126        2.2363463761317103E-002
   3.5338994285135934       -1.7677684189497183E-003
   3.5401763369123742       -2.5341236543376139E-002
   3.5464532453111550       -4.0909210397102928E-002
   3.5527301537099358       -4.3564984593302568E-002
   3.5590070621087166       -3.2483046661736570E-002
   3.5652839705074975       -1.1167372825241568E-002
   3.5715608789062783        1.3664045182103778E-002
   3.5778377873050591        3.4200953123586737E-002
   3.5841146957038399        4.3997303379493383E-002
   3.5903916041026207        3.9989822523364263E-002
   3.5966685125014015        2.3448021279860950E-002
   3.6029454209001823       -4.3647586356322069E-004
   3.6092223292989631       -2.4185861976924163E-002
   3.6154992376977440       -4.0379779663299586E-002
   3.6217761460965248       -4.3971334899087493E-002
   3.6280530544953056       -3.3853372260701300E-002
   3.6343299628940864       -1.3191004026651108E-002
   3.6406068712928672        1.1576601999934774E-002
   3.6468837796916480        3.2747862432055838E-002
   3.6531606880904288        4.3753849418196884E-002
   3.6594375964892096        4.1191887462161840E-002
   3.6657145048879904        2.5869554274681572E-002
   3.6719914132867713        2.5412950629997086E-003
   3.6782683216855521       -2.1573893774415275E-002
   3.6845452300843329       -3.9029403001589837E-002
   3.6908221384831137       -4.4448499470065121E-002
   3.6970990468818945       -3.6174156461463089E-002
   3.7033759552806753       -1.6766974368987050E-002
   3.7096528636794561        7.7956235852704916E-003
   3.7159297720782369        2.9965947458187692E-002
   3.7222066804770177        4.2946252286923052E-002
   3.7284835888757986        4.2769104873124505E-002
   3.7347604972745794        2.9502461971105082E-002
   3.7410374056733602        7.2157784188632557E-003
   3.7473143140721410       -1.7275759905974977E-002
   3.7535912224709218       -3.6499122459963833E-002
   3.7598681308697026       -4.4602650538350122E-002
   3.7661450392684834       -3.9131778106259070E-002
   3.7724219476672642       -2.1764104956444714E-002
   3.7786988560660451        2.2136994035647259E-003
   3.7849757644648259        2.5521512665683449E-002
   3.7912526728636067        4.1098247741898256E-002
   3.7975295812623875        4.4238181246683557E-002
   3.8038064896611683        3.4005627198645687E-002
   3.8100833980599491        1.3504768660180850E-002
   3.8163603064587299       -1.1070288763515694E-002
   3.8226372148575107       -3.2312090528774241E-002
   3.8289141232562915       -4.3832967549313179E-002
   3.8351910316550724       -4.2181376568119842E-002
   3.8414679400538532       -2.7867873345022411E-002
   3.8477448484526340       -5.1981935058095508E-003
   3.8540217568514148        1.9029586752285707E-002
   3.8602986652501956        3.7567329510067943E-002
   3.8665755736489764        4.4883880620951930E-002
   3.8728524820477572        3.8809345111621797E-002
   3.8791293904465380        2.1169575169594734E-002
   3.8854062988453189       -2.7718610954604261E-003
   3.8916832072440997       -2.5890956406780886E-002
   3.8979601156428805       -4.1325131992164942E-002
   3.9042370240416608       -4.4507105614983930E-002
   3.9105139324404417       -3.4508993029119181E-002
   3.9167908408392225       -1.4303408366753343E-002
   3.9230677492380033        1.0128843651856897E-002
   3.9293446576367841        3.1574151406328049E-002
   3.9356215660355649        4.3716107314504128E-002
   3.9418984744343457        4.2991276808868724E-002
   3.9481753828331265        2.9627034211367205E-002
   3.9544522912319073        7.5617165435390519E-003
   3.9607291996306881       -1.6722961677458185E-002
   3.9670061080294690       -3.6109115038670217E-002
   3.9732830164282498       -4.4927570426806201E-002
   3.9795599248270306       -4.0610397559149060E-002
   3.9858368332258114       -2.4431193094779473E-002
   3.9921137416245922       -1.1220977650640638E-003
   3.9983906500233730        2.2515238407380810E-002
   4.0046675584221543        3.9595735824998354E-002
   4.0109444668209351        4.5153974993686140E-002
   4.0172213752197159        3.7582575929268829E-002
   4.0234982836184967        1.9090985289562275E-002
   4.0297751920172775       -4.9443320932850837E-003
   4.0360521004160583       -2.7545806767205420E-002
   4.0423290088148391       -4.2160225985315006E-002
   4.0486059172136200       -4.4556262343944698E-002
   4.0548828256124008       -3.4045739399148768E-002
   4.0611597340111816       -1.3677483324367660E-002
   4.0674366424099624        1.0649686399274567E-002
   4.0737135508087432        3.1896192478806068E-002
   4.0799904592075240        4.3917960794402050E-002
   4.0862673676063048        4.3241293063291011E-002
   4.0925442760050856        3.0064478403480640E-002
   4.0988211844038664        8.1981067749611058E-003
   4.1050980928026473       -1.6037548123834539E-002
   4.1113750012014281       -3.5639044144430122E-002
   4.1176519096002089       -4.4942727692407154E-002
   4.1239288179989897       -4.1260363922570494E-002
   4.1302057263977705       -2.5655562578359044E-002
   4.1364826347965504       -2.6369425452569236E-003
   4.1427595431953312        2.1143623020359534E-002
   4.1490364515941121        3.8812298729086335E-002
   4.1553133599928929        4.5259740655295380E-002
   4.1615902683916737        3.8619057592261911E-002
   4.1678671767904545        2.0807812107939486E-002
   4.1741440851892353       -3.0236521234298405E-003
   4.1804209935880161       -2.5979531541536743E-002
   4.1866979019867969       -4.1412800003041657E-002
   4.1929748103855777       -4.4850217577812650E-002
   4.1992517187843585       -3.5290760151765486E-002
   4.2055286271831394       -1.5500176595137588E-002
   4.2118055355819202        8.7858511901510589E-003
   4.2180824439807010        3.0521457601778861E-002
   4.2243593523794818        4.3393910089064659E-002
   4.2306362607782626        4.3658395142758440E-002
   4.2369131691770434        3.1230789063842482E-002
   4.2431900775758242        9.7186651731902603E-003
   4.2494669859746050       -1.4621691198987550E-002
   4.2557438943733858       -3.4702088663622850E-002
   4.2620208027721667       -4.4666430065370862E-002
   4.2682977111709475       -4.1601133076044072E-002
   4.2745746195697283       -2.6391790088142988E-002
   4.2808515279685091       -3.4728831190679811E-003
   4.2871284363672899        2.0460446196924050E-002
   4.2934053447660707        3.8405841930639964E-002
   4.2996822531648515        4.5103290728628523E-002
   4.3059591615636323        3.8580807012176664E-002
   4.3122360699624132        2.0740999039026611E-002
   4.3185129783611940       -3.1876409059008151E-003
   4.3247898867599748       -2.6178414601783048E-002
   4.3310667951587556       -4.1468201132314655E-002
   4.3373437035575364       -4.4548985224405944E-002
   4.3436206119563172       -3.4502200773400736E-002
   4.3498975203550980       -1.4279471814906002E-002
   4.3561744287538788        1.0157977455574726E-002
   4.3624513371526596        3.1592352084241125E-002
   4.3687282455514405        4.3680584026587990E-002
   4.3750051539502213        4.2834817764117426E-002
   4.3812820623490021        2.9293663521173432E-002
   4.3875589707477829        7.0625313513658179E-003
   4.3938358791465637       -1.7264783201206384E-002
   4.4001127875453445       -3.6458531737655300E-002
   4.4063896959441253       -4.4802399182085902E-002
   4.4126666043429061       -3.9800657613135206E-002
   4.4189435127416870       -2.2931891082407799E-002
   4.4252204211404678        7.8045179086311191E-004
   4.4314973295392486        2.4258329869234974E-002
   4.4377742379380294        4.0479848574200304E-002
   4.4440511463368102        4.4581666350180710E-002
   4.4503280547355910        3.5322936978676368E-002
   4.4566049631343718        1.5468371235248867E-002
   4.4628818715331526       -9.0300660398292109E-003
   4.4691587799319334       -3.0812855336022321E-002
   4.4754356883307143       -4.3323260202948181E-002
   4.4817125967294951       -4.2784607279018894E-002
   4.4879895051282759       -2.9347110298764280E-002
   4.4942664135270567       -7.0539678994276621E-003
   4.5005433219258375        1.7368818566603217E-002
   4.5068202303246183        3.6538625302869811E-002
   4.5130971387233991        4.4648918242181500E-002
   4.5193740471221799        3.9232892953339753E-002
   4.5256509555209607        2.1920853675569160E-002
   4.5319278639197416       -2.0433505049385079E-003
   4.5382047723185224       -2.5385646805611013E-002
   4.5444816807173032       -4.1008255959300584E-002
   4.5507585891160840       -4.4150446820189357E-002
   4.5570354975148648       -3.3844886122690709E-002
   4.5633124059136456       -1.3222306588574203E-002
   4.5695893143124264        1.1433494729252473E-002
   4.5758662227112072        3.2596933487334549E-002
   4.5821431311099881        4.3797820086699010E-002
   4.5884200395087689        4.1603054511147174E-002
   4.5946969479075497        2.6674660577130228E-002
   4.6009738563063305        3.5762576412128990E-003
   4.6072507647051113       -2.0617461168942940E-002
   4.6135276731038921       -3.8485892581454281E-002
   4.6198045815026729       -4.4540077121120680E-002
   4.6260814899014537       -3.6912971576343045E-002
   4.6323583983002345       -1.7940533642791336E-002
   4.6386353066990154        6.5489002446913521E-003
   4.6449122150977962        2.9022226010653948E-002
   4.6511891234965770        4.2558637204250814E-002
   4.6574660318953578        4.2983303598385307E-002
   4.6637429402941386        3.0158922975759464E-002
   4.6700198486929194        8.0342298866831353E-003
   4.6762967570917002       -1.6568721051620303E-002
   4.6825736654904810       -3.6056922130992361E-002
   4.6888505738892619       -4.4410700163122284E-002
   4.6951274822880427       -3.9045611228893648E-002
   4.7014043906868235       -2.1615075452393790E-002
   4.7076812990856043        2.4965685908328490E-003
   4.7139582074843851        2.5835934845543536E-002
   4.7202351158831659        4.1184695360819139E-002
   4.7265120242819467        4.3793333479276483E-002
   4.7327889326807275        3.2852617978082484E-002
   4.7390658410795083        1.1746161025552693E-002
   4.7453427494782892       -1.2995281876302745E-002
   4.7516196578770700       -3.3714710203314638E-002
   4.7578965662758508       -4.3999314939841494E-002
   4.7641734746746316       -4.0666065466878516E-002
   4.7704503830734124       -2.4747124239309137E-002
   4.7767272914721932       -1.1697737136671111E-003
   4.7830041998709740        2.2769723510780653E-002
   4.7892811082697548        3.9665108149746504E-002
   4.7955580166685357        4.4291883904035753E-002
   4.8018349250673165        3.5222203019537081E-002
   4.8081118334660973        1.5263661393590866E-002
   4.8143887418648781       -9.4123517875825055E-003
   4.8206656502636589       -3.1181231829690806E-002
   4.8269425586624397       -4.3322161534472520E-002
   4.8332194670612205       -4.2092198986054478E-002
   4.8394963754600013       -2.7877293162990275E-002
   4.8457732838587821       -5.0669674965041029E-003
   4.8520501922575630        1.9305424187434597E-002
   4.8583271006563438        3.7734134233460934E-002
   4.8646040090551246        4.4552538383770691E-002
   4.8708809174539054        3.7672452013163160E-002
   4.8771578258526862        1.9218026976462344E-002
   4.8834347342514670       -5.1365648004046086E-003
   4.8897116426502478       -2.7917085127213272E-002
   4.8959885510490286       -4.2145197589884997E-002
   4.9022654594478094       -4.3474087393064596E-002
   4.9085423678465903       -3.1510394478712234E-002
   4.9148192762453711       -9.9220585279373129E-003
   4.9210961846441519        1.4694541960890000E-002
   4.9273730930429327        3.4835568361308439E-002
   4.9336500014417135        4.4377618488860966E-002
   4.9399269098404943        4.0434386395897359E-002
   4.9462038182392751        2.4220322619956425E-002
   4.9524807266380559        6.6558065484414097E-004
   4.9587576350368368       -2.3092539554008432E-002
   4.9650345434356176       -3.9876981957322512E-002
   4.9713114518343984       -4.4637100124078878E-002
   4.9775883602331792       -3.5959850649665989E-002
   4.9838652686319600       -1.6476019393444535E-002
   4.9901421770307408        7.9512886130826081E-003
   4.9964190854295216        3.0001408364402522E-002
   5.0026959938283024        4.3093359758432322E-002
   5.0089729022270832        4.3344449411862669E-002
   5.0152498106258641        3.0708316633552609E-002
   5.0215267190246449        8.9624945291478398E-003
   5.0278036274234257       -1.5437812470518663E-002
   5.0340805358222065       -3.5286741922493703E-002
   5.0403574442209873       -4.4756513630621844E-002
   5.0466343526197681       -4.1098017451725345E-002
   5.0529112610185480       -2.5419422133227447E-002
   5.0591881694173289       -2.3278614773041971E-003
   5.0654650778161097        2.1444147444503913E-002
   5.0717419862148905        3.9011603766617435E-002
   5.0780188946136713        4.5327296727456147E-002
   5.0842958030124521        3.8614788627430389E-002
   5.0905727114112329        2.0842379603912942E-002
   5.0968496198100137       -2.8798846193978577E-003
   5.1031265282087945       -2.5788210957657307E-002
   5.1094034366075753       -4.1399278123915209E-002
   5.1156803450063562       -4.5336047226050107E-002
   5.1219572534051370       -3.6534054529226492E-002
   5.1282341618039178       -1.7502513965717191E-002
   5.1345110702026986        6.4144795475904806E-003
   5.1407879786014794        2.8552810802949045E-002
   5.1470648870002602        4.2786361906731032E-002
   5.1533417953990410        4.5210750699492708E-002
   5.1596187037978218        3.5194438250605378E-002
   5.1658956121966026        1.5521010091185637E-002
   5.1721725205953835       -8.4012675003526868E-003
   5.1784494289941643       -3.0034077126133148E-002
   5.1847263373929451       -4.3494027132229170E-002
   5.1910032457917259       -4.5142753780752658E-002
   5.1972801541905067       -3.4556370235674240E-002
   5.2035570625892875       -1.4620556662277481E-002
   5.2098339709880683        9.2654269980509685E-003
   5.2161108793868491        3.0654410574439923E-002
   5.2223877877856300        4.3788985160625425E-002
   5.2286646961844108        4.5144732031500934E-002
   5.2349416045831916        3.4368151888447253E-002
   5.2412185129819724        1.4362377336316529E-002
   5.2474954213807532       -9.4981757036443938E-003
   5.2537723297795340       -3.0811468151553917E-002
   5.2600492381783148       -4.3862996176423162E-002
   5.2663261465770956       -4.5154681729096285E-002
   5.2726030549758764       -3.4340199961688370E-002
   5.2788799633746573       -1.4317727591723239E-002
   5.2851568717734381        9.5447253623239265E-003
   5.2914337801722189        3.0845377940257757E-002
   5.2977106885709997        4.3863608515677006E-002
   5.3039875969697805        4.5095939678137222E-002
   5.3102645053685613        3.4201520823033509E-002
   5.3165414137673421        1.4101657231732154E-002
   5.3228183221661229       -9.7969595179705684E-003
   5.3290952305649038       -3.1051018026543191E-002
   5.3353721389636846       -4.3915377686818066E-002
   5.3416490473624654       -4.4898250137245806E-002
   5.3479259557612462       -3.3715845170649697E-002
   5.3542028641600270       -1.3383997625362508E-002
   5.3604797725588078        1.0584792009659689E-002
   5.3667566809575886        3.1668407450893714E-002
   5.3730335893563694        4.4107814812386632E-002
   5.3793104977551502        4.4484836588375216E-002
   5.3855874061539311        3.2672033278698290E-002
   5.3918643145527119        1.1888171089810799E-002
   5.3981412229514927       -1.2165427239825197E-002
   5.4044181313502735       -3.2860072327251556E-002
   5.4106950397490543       -4.4465216349912552E-002
   5.4169719481478351       -4.3742470598538585E-002
   5.4232488565466159       -3.0863228256531400E-002
   5.4295257649453967       -9.3863321995384646E-003
   5.4358026733441775        1.4709868953134399E-002
   5.4420795817429584        3.4682583003029108E-002
   5.4483564901417392        4.4911604716928885E-002
   5.4546333985405200        4.2490632217642543E-002
   5.4609103069393008        2.8069920337832076E-002
   5.4671872153380816        5.7015094323773106E-003
   5.4734641237368624       -1.8282998619468419E-002
   5.4797410321356432       -3.7056371117981310E-002
   5.4860179405344240       -4.5241519705988956E-002
   5.4922948489332049       -4.0464242978375156E-002
   5.4985717573319857       -2.4061222772316117E-002
   5.5048486657307665       -7.2696073918977787E-004
   5.5111255741295473        2.2813861377211930E-002
   5.5174024825283281        3.9738064644747377E-002
   5.5236793909271089        4.5106916971259452E-002
   5.5299562993258897        3.7322741640916014E-002
   5.5362332077246705        1.8625290183704655E-002
   5.5425101161234513       -5.5319270567913388E-003
   5.5487870245222322       -2.8058258251701860E-002
   5.5550639329210130       -4.2304006278985506E-002
   5.5613408413197938       -4.4032017110973515E-002
   5.5676177497185746       -3.2695724550540976E-002
   5.5738946581173554       -1.1633014319686828E-002
   5.5801715665161362        1.2897497462537199E-002
   5.5864484749149170        3.3565486375881207E-002
   5.5927253833136978        4.4160212984981441E-002
   5.5990022917124787        4.1468733676920333E-002
   5.6052792001112595        2.6269398451291930E-002
   5.6115561085100403        3.1277709815590174E-003
   5.6178330169088211       -2.0958990882235840E-002
   5.6241099253076019       -3.8671615253051253E-002
   5.6303868337063827       -4.4597823112553725E-002
   5.6366637421051635       -3.6900421426625904E-002
   5.6429406505039443       -1.7905728119163852E-002
   5.6492175589027251        6.5816724659745127E-003
   5.6554944673015060        2.9041692667292493E-002
   5.6617713757002868        4.2546908206630735E-002
   5.6680482840990676        4.2907678364144781E-002
   5.6743251924978484        2.9986951403096929E-002
   5.6806021008966292        7.7672602591078166E-003
   5.6868790092954100       -1.6863692461906069E-002
   5.6931559176941908       -3.6242491609136278E-002
   5.6994328260929716       -4.4317432058900728E-002
   5.7057097344917524       -3.8548571582973284E-002
   5.7119866428905333       -2.0720153345269464E-002
   5.7182635512893141        3.5988415341824979E-003
   5.7245404596880949        2.6786784846013104E-002
   5.7308173680868757        4.1557193540456221E-002
   5.7370942764856565        4.3253749809974963E-002
   5.7433711848844373        3.1327474398557764E-002
   5.7496480932832181        9.5242803977092470E-003
   5.7559250016819989       -1.5283868227381406E-002
   5.7622019100807798       -3.5261592879532871E-002
   5.7684788184795606       -4.4086488139470040E-002
   5.7747557268783414       -3.8955603442394078E-002
   5.7810326352771222       -2.1483184295705764E-002
   5.7873095436759030        2.8002321425402480E-003
   5.7935864520746838        2.6194016654414645E-002
   5.7998633604734646        4.1268678691402494E-002
   5.8061402688722454        4.3228126439584881E-002
   5.8124171772710262        3.1440752636122872E-002
   5.8186940856698071        9.6488672639918980E-003
   5.8249709940685879       -1.5214629534645842E-002
   5.8312479024673687       -3.5229522284577187E-002
   5.8375248108661495       -4.4011875611234277E-002
   5.8438017192649303       -3.8753556566963089E-002
   5.8500786276637111       -2.1125049921920755E-002
   5.8563555360624919        3.2501586871710483E-003
   5.8626324444612727        2.6585786989733469E-002
   5.8689093528600536        4.1418765679826053E-002
   5.8751862612588344        4.2997740262650769E-002
   5.8814631696576152        3.0809245170143322E-002
   5.8877400780563960        8.7500962454288636E-003
   5.8940169864551768       -1.6113521011082810E-002
   5.9002938948539576       -3.5806781067211739E-002
   5.9065708032527384       -4.4004454162765570E-002
   5.9128477116515192       -3.8065942727992221E-002
   5.9191246200503000       -1.9891300779784991E-002
   5.9254015284490809        4.6810074681677832E-003
   5.9316784368478617        2.7745626748745790E-002
   5.9379553452466425        4.1872540314266543E-002
   5.9442322536454233        4.2502835908998622E-002
   5.9505091620442041        2.9424769223991083E-002
   5.9567860704429849        6.8506261641896422E-003
   5.9630629788417657       -1.7935087230671675E-002
   5.9693398872405457       -3.6923914706106432E-002
   5.9756167956393265       -4.3971929534734458E-002
   5.9818937040381073       -3.6791438391260048E-002
   5.9881706124368881       -1.7698953427309198E-002
   5.9944475208356689        7.1269020560068745E-003
   6.0007244292344497        2.9641552461905987E-002
   6.0070013376332305        4.2540817695202918E-002
   6.0132782460320113        4.1633056198362453E-002
   6.0195551544307921        2.7205772393859701E-002
   6.0258320628295730        3.9395748110261190E-003
   6.0321089712283538       -2.0606589903373430E-002
   6.0383858796271346       -3.8449869805033988E-002
   6.0446627880259154       -4.3780935099779095E-002
   6.0509396964246962       -3.4858673808841598E-002
   6.0572166048234770       -1.4583011164788004E-002
   6.0634935132222578        1.0443972331135183E-002
   6.0697704216210386        3.2065786310927942E-002
   6.0760473300198194        4.3229965526077045E-002
   6.0823242384186003        4.0290516710167035E-002
   6.0886011468173811        2.4201863650504057E-002
   6.0948780552161619        2.1219626436997391E-004
   6.1011549636149427       -2.3846307217001400E-002
   6.1074318720137235       -4.0113983819915579E-002
   6.1137087804125043       -4.3272479561876125E-002
   6.1199856888112851       -3.2285757700977566E-002
   6.1262625972100659       -1.0742548547551247E-002
   6.1325395056088468        1.4313805844015178E-002
   6.1388164140076276        3.4687178526979570E-002
   6.1450933224064084        4.3710074303040018E-002
   6.1513702308051892        3.8427120248781678E-002
   6.1576471392039700        2.0564989401110748E-002
   6.1639240476027508       -4.0302304812282934E-003
   6.1702009560015316       -2.7305420272770109E-002
   6.1764778644003124       -4.1637203085197652E-002
   6.1827547727990932       -4.2329646211742525E-002
   6.1890316811978741       -2.9154168573868898E-002
   6.1953085895966549       -6.4262089129563296E-003
   6.2015854979954357        1.8407436733629479E-002
   6.2078624063942165        3.7208375443513145E-002
   6.2141393147929973        4.3814096169749815E-002
   6.2204162231917781        3.6058604713662894E-002
   6.2266931315905589        1.6483332906358037E-002
   6.2329700399893397       -8.4952739860553895E-003
   6.2392469483881206       -3.0688941995405769E-002
   6.2455238567869014       -4.2822046540918868E-002
   6.2518007651856822       -4.0917068434991773E-002
   6.2580776735844630       -2.5598674266387213E-002
   6.2643545819832438       -1.8887362682964376E-003
   6.2706314903820246        2.2440393803698572E-002
   6.2769083987808054        3.9414164785540648E-002
   6.2831853071795862        4.3469890818166275E-002
