   6.2769083987808056E-003  -3.3793552056756632E-002
   1.2553816797561611E-002  -1.7197495995229812E-002
   1.8830725196342418E-002   3.3616993454233949E-003
   2.5107633595123222E-002   2.3146549245120718E-002
   3.1384541993904030E-002   3.7599905421909760E-002
   3.7661450392684835E-002   4.3394609176165000E-002
   4.3938358791465640E-002   3.9198826711846345E-002
   5.0215267190246445E-002   2.5981078823240435E-002
   5.6492175589027249E-002   6.7853199351195978E-003
   6.2769083987808061E-002  -1.3971372902193578E-002
   6.9045992386588859E-002  -3.1516093173076076E-002
   7.5322900785369670E-002  -4.1817787985764930E-002
   8.1599809184150468E-002  -4.2512743380856158E-002
   8.7876717582931280E-002  -3.3445465643526774E-002
   9.4153625981712077E-002  -1.6701483680175971E-002
  0.10043053438049289        3.8743423261825712E-003
  0.10670744277927370        2.3562248694804378E-002
  0.11298435117805450        3.7850856081745266E-002
  0.11926125957683531        4.3470435375975940E-002
  0.12553816797561612        3.9139521569397158E-002
  0.13181507637439691        2.5854703691452510E-002
  0.13809198477317772        6.6586033910212257E-003
  0.14436889317195853       -1.4059313527912893E-002
  0.15064580157073934       -3.1567829372919541E-002
  0.15692270996952015       -4.1874430447579436E-002
  0.16319961836830094       -4.2634297138628943E-002
  0.16947652676708175       -3.3681135643985130E-002
  0.17575343516586256       -1.7060248412036915E-002
  0.18203034356464337        3.4418482405133444E-003
  0.18830725196342415        2.3162334881445236E-002
  0.19458416036220497        3.7623385527662478E-002
  0.20086106876098578        4.3548027066416854E-002
  0.20713797715976659        3.9600234327916158E-002
  0.21341488555854740        2.6682634277707326E-002
  0.21969179395732819        7.7262961565954516E-003
  0.22596870235610900       -1.2977582805761403E-002
  0.23224561075488981       -3.0750940747004608E-002
  0.23852251915367062       -4.1585842557753494E-002
  0.24479942755245140       -4.3046316292734650E-002
  0.25107633595123224       -3.4812503322921282E-002
  0.25735324435001306       -1.8746345492598345E-002
  0.26363015274879381        1.5335819525535805E-003
  0.26990706114757462        2.1470069890077107E-002
  0.27618396954635543        3.6592480318863259E-002
  0.28246087794513625        4.3518214398843943E-002
  0.28873778634391706        4.0706287796323570E-002
  0.29501469474269787        2.8795783621662473E-002
  0.30129160314147868        1.0455846673643285E-002
  0.30756851154025949       -1.0216567559498405E-002
  0.31384541993904030       -2.8614366269557993E-002
  0.32012232833782106       -4.0647276193902071E-002
  0.32639923673660187       -4.3649072281888322E-002
  0.33267614513538268       -3.6964291523178594E-002
  0.33895305353416350       -2.2086214754762658E-002
  0.34522996193294431       -2.3182869587707097E-003
  0.35150687033172512        1.7963162130854280E-002
  0.35778377873050593        3.4279481353217657E-002
  0.36406068712928674        4.3037881390173109E-002
  0.37033759552806755        4.2319344148919649E-002
  0.37661450392684831        3.2294152640168210E-002
  0.38289141232562912        1.5176165924181187E-002
  0.38916832072440993       -5.2710509324439834E-003
  0.39544522912319074       -2.4564975434083529E-002
  0.40172213752197156       -3.8487633358578639E-002
  0.40799904592075237       -4.4005857231762778E-002
  0.41427595431953318       -3.9927899249522433E-002
  0.42055286271831399       -2.7155164688168910E-002
  0.42682977111709480       -8.4771755307098840E-003
  0.43310667951587556        1.2042396279294989E-002
  0.43938358791465637        2.9952455424354634E-002
  0.44566049631343718        4.1379890967390198E-002
  0.45193740471221799        4.3864283993453414E-002
  0.45821431311099881        3.6882639371341258E-002
  0.46449122150977962        2.1953336921173794E-002
  0.47076812990856043        2.3001136583952696E-003
  0.47704503830734124       -1.7848344356693007E-002
  0.48332194670612205       -3.4170101341120959E-002
  0.48959885510490281       -4.3176001550819854E-002
  0.49587576350368362       -4.2951839875232545E-002
  0.50215267190246449       -3.3559617303709696E-002
  0.50842958030124530       -1.7015010828799366E-002
  0.51470648870002611        3.1507981991013415E-003
  0.52098339709880681        2.2648521715850061E-002
  0.52726030549758762        3.7344152543625775E-002
  0.53353721389636843        4.4133625813918602E-002
  0.53981412229514925        4.1594105393284030E-002
  0.54609103069393006        3.0276197793390393E-002
  0.55236793909271087        1.2578403927982328E-002
  0.55864484749149168       -7.7663941749294262E-003
  0.56492175589027249       -2.6481396222078801E-002
  0.57119866428905330       -3.9645278526232230E-002
  0.57747557268783412       -4.4511340351651885E-002
  0.58375248108661493       -4.0075836461500688E-002
  0.59002938948539574       -2.7278927754116351E-002
  0.59630629788417655       -8.7993648286322865E-003
  0.60258320628295736        1.1511085263595974E-002
  0.60886011468173817        2.9433083826887422E-002
  0.61513702308051899        4.1256089055086063E-002
  0.62141393147929980        4.4543673415679157E-002
  0.62769083987808061        3.8630555461815097E-002
  0.63396774827686131        2.4751020099689373E-002
  0.64024465667564212        5.7753280841569502E-003
  0.64652156507442293       -1.4388431475418139E-002
  0.65279847347320374       -3.1601474564431777E-002
  0.65907538187198456       -4.2343291823504020E-002
  0.66535229027076537       -4.4428425623616243E-002
  0.67162919866954618       -3.7445790780632565E-002
  0.67790610706832699       -2.2833335047838729E-002
  0.68418301546710780       -3.5759666899239859E-003
  0.69045992386588861        1.6408634272155460E-002
  0.69673683226466943        3.3069050687242030E-002
  0.70301374066345024        4.3040627863957695E-002
  0.70929064906223105        4.4321431352566290E-002
  0.71556755746101186        3.6668579853455611E-002
  0.72184446585979267        2.1637638506079644E-002
  0.72812137425857348        2.2603623289749047E-003
  0.73439828265735430       -1.7571274510978660E-002
  0.74067519105613511       -3.3888697216714156E-002
  0.74695209945491581       -4.3439807167541811E-002
  0.75322900785369662       -4.4333258497376730E-002
  0.75950591625247743       -3.6407120609673514E-002
  0.76578282465125824       -2.1251325979801880E-002
  0.77205973305003905       -1.8827476287252458E-003
  0.77833664144881987        1.7859524457563201E-002
  0.78461354984760068        3.4076689091673905E-002
  0.79089045824638149        4.3578826302921404E-002
  0.79716736664516230        4.4508416691154407E-002
  0.80344427504394311        3.6697796365765943E-002
  0.80972118344272392        2.1692993925846449E-002
  0.81599809184150474        2.4423155452409548E-003
  0.82227500024028555       -1.7286579731742444E-002
  0.82855190863906636       -3.3645231579058271E-002
  0.83482881703784717       -4.3453677960414390E-002
  0.84110572543662798       -4.4815041749538952E-002
  0.84738263383540879       -3.7477479514716770E-002
  0.85365954223418961       -2.2875522393356187E-002
  0.85993645063297042       -3.8453024037971737E-003
  0.86621335903175112        1.5929021616409841E-002
  0.87249026743053193        3.2629180241967579E-002
  0.87876717582931274        4.3038757366381936E-002
  0.88504408422809355        4.5159814801546558E-002
  0.89132099262687436        3.8592728216681228E-002
  0.89759790102565518        2.4607900945160792E-002
  0.90387480942443599        5.8972731907998462E-003
  0.91015171782321680       -1.3945354333209177E-002
  0.91642862622199761       -3.1114744699292790E-002
  0.92270553462077842       -4.2322940065132257E-002
  0.92898244301955923       -4.5427127362598525E-002
  0.93525935141834005       -3.9837276359713181E-002
  0.94153625981712086       -2.6626500055652372E-002
  0.94781316821590167       -8.3238649553046880E-003
  0.95409007661468248        1.1570194232033631E-002
  0.96036698501346329        2.9253067288132737E-002
  0.96664389341224410        4.1346072195633979E-002
  0.97292080181102492        4.5539150931032391E-002
  0.97919771020980562        4.1031465785665015E-002
  0.98547461860858643        2.8684090413906856E-002
  0.99175152700736724        1.0855755961261522E-002
  0.99802843540614805       -9.0471137748245126E-003
   1.0043053438049290       -2.7220477930063262E-002
   1.0105822522037098       -4.0189112470033039E-002
   1.0168591606024906       -4.5470965967475033E-002
   1.0231360690012714       -4.2052612215747028E-002
   1.0294129774000522       -3.0584736493700478E-002
   1.0356898857988328       -1.3259777246451608E-002
   1.0419667941976136        6.6056017986395252E-003
   1.0482437025963944        2.5204105757459790E-002
   1.0545206109951752        3.8966823334961570E-002
   1.0607975193939561        4.5248344043859773E-002
   1.0670744277927369        4.2836530955151504E-002
   1.0733513361915177        3.2188554735503194E-002
   1.0796282445902985        1.5346854475653263E-002
   1.0859051529890793       -4.4500885844694109E-003
   1.0921820613878601       -2.3388565582723626E-002
   1.0984589697866409       -3.7813516569626809E-002
   1.1047358781854217       -4.4934526288717185E-002
   1.1110127865842025       -4.3367569162526341E-002
   1.1172896949829834       -3.3407026136487099E-002
   1.1235666033817642       -1.6973968074323380E-002
   1.1298435117805450        2.7510093186542679E-003
   1.1361204201793258        2.1940950376236668E-002
   1.1423973285781066        3.6864066650132601E-002
   1.1486742369768874        4.4610235520734301E-002
   1.1549511453756682        4.3660974486819382E-002
   1.1612280537744490        3.4190841261549865E-002
   1.1675049621732299        1.8039749986923665E-002
   1.1737818705720107       -1.6404946495255084E-003
   1.1800587789707915       -2.0998393969286561E-002
   1.1863356873695723       -3.6235413041584695E-002
   1.1926125957683531       -4.4352313760716945E-002
   1.1988895041671339       -4.3742409198817479E-002
   1.2051664125659147       -3.4513879372373706E-002
   1.2114433209646955       -1.8475685834337192E-002
   1.2177202293634763        1.2125377766144664E-003
   1.2239971377622572        2.0659806945299466E-002
   1.2302740461610380        3.6011612919970640E-002
   1.2365509545598188        4.4215025508712473E-002
   1.2428278629585996        4.3629031393516322E-002
   1.2491047713573804        3.4357489655636758E-002
   1.2553816797561612        1.8236251705531968E-002
   1.2616585881549420       -1.5256009756506573E-003
   1.2679354965537226       -2.0981296271002061E-002
   1.2742124049525034       -3.6233520935731803E-002
   1.2804893133512842       -4.4216446752857380E-002
   1.2867662217500651       -4.3315477386502634E-002
   1.2930431301488459       -3.3698757331912563E-002
   1.2993200385476267       -1.7291410863589013E-002
   1.3055969469464075        2.6050356254650690E-003
   1.3118738553451883        2.1973824729447956E-002
   1.3181507637439691        3.6892991652533805E-002
   1.3244276721427499        4.4331084677513490E-002
   1.3307045805415307        4.2766827726188832E-002
   1.3369814889403115        3.2505311516258809E-002
   1.3432583973390924        1.5623987854910955E-002
   1.3495353057378732       -4.4432939787736178E-003
   1.3558122141366540       -2.3601890892841818E-002
   1.3620891225354348       -3.7931290154678346E-002
   1.3683660309342156       -4.4489210808309636E-002
   1.3746429393329964       -4.1919564484899544E-002
   1.3809198477317772       -3.0737853576513374E-002
   1.3871967561305580       -1.3232934307846887E-002
   1.3934736645293389        6.9973100763438276E-003
   1.3997505729281197        2.5783061550623699E-002
   1.4060274813269005        3.9241888941406365E-002
   1.4123043897256813        4.4583197188480451E-002
   1.4185812981244621        4.0690643727602671E-002
   1.4248582065232429        2.8360143909426060E-002
   1.4311351149220237        1.0141760294614126E-002
   1.4374120233208045       -1.0184131340398599E-002
   1.4436889317195853       -2.8389511001416699E-002
   1.4499658401183662       -4.0678492701626087E-002
   1.4562427485171470       -4.4481007761165800E-002
   1.4625196569159278       -3.8993902007062958E-002
   1.4687965653147086       -2.5354720312770550E-002
   1.4750734737134894       -6.4097199060065601E-003
   1.4813503821122702        1.3877395746204904E-002
   1.4876272905110510        3.1253712577107504E-002
   1.4939041989098316        4.2069380496167118E-002
   1.5001811073086124        4.4046469286260326E-002
   1.5064580157073932        3.6761878260979583E-002
   1.5127349241061741        2.1741198082138178E-002
   1.5190118325049549        2.1420286124651995E-003
   1.5252887409037357       -1.7908084366362004E-002
   1.5315656493025165       -3.4180556660453824E-002
   1.5378425577012973       -4.3238549415383389E-002
   1.5441194661000781       -4.3164792347131144E-002
   1.5503963744988589       -3.3969783435979103E-002
   1.5566732828976397       -1.7592880493660135E-002
   1.5629501912964205        2.5051329584667471E-003
   1.5692270996952014        2.2072697154895630E-002
   1.5755040080939822        3.6967111513897991E-002
   1.5817809164927630        4.4032579546072897E-002
   1.5880578248915438        4.1770188253480077E-002
   1.5943347332903246        3.0657165866174802E-002
   1.6006116416891054        1.3047075346438198E-002
   1.6068885500878862       -7.3283641610011096E-003
   1.6131654584866670       -2.6150348295114624E-002
   1.6194423668854478       -3.9429038763154171E-002
   1.6257192752842287       -4.4349968073081031E-002
   1.6319961836830095       -3.9870916295680583E-002
   1.6382730920817903       -2.6942462946971977E-002
   1.6445500004805711       -8.3055158476368039E-003
   1.6508269088793519        1.2090872529216198E-002
   1.6571038172781327        2.9927387418534027E-002
   1.6633807256769135        4.1429830086777836E-002
   1.6696576340756943        4.4167635314898576E-002
   1.6759345424744752        3.7566407670225788E-002
   1.6822114508732560        2.3026489824053930E-002
   1.6884883592720368        3.6234711320528813E-003
   1.6947652676708176       -1.6544741596847993E-002
   1.7010421760695984       -3.3225027778011937E-002
   1.7073190844683792       -4.2906296842877938E-002
   1.7135959928671600       -4.3557287537832889E-002
   1.7198729012659408       -3.5049957245171535E-002
   1.7261498096647214       -1.9180688848579878E-002
   1.7324267180635022        7.1314676121473058E-004
   1.7387036264622830        2.0458489954441227E-002
   1.7449805348610639        3.5923805431467393E-002
   1.7512574432598447        4.3883194700369256E-002
   1.7575343516586255        4.2686522693512571E-002
   1.7638112600574063        3.2596745360278602E-002
   1.7700881684561871        1.5726403802250023E-002
   1.7763650768549679       -4.4104340309701661E-003
   1.7826419852537487       -2.3634474451169861E-002
   1.7889188936525295       -3.7970380377975572E-002
   1.7951958020513104       -4.4467459479520084E-002
   1.8014727104500912       -4.1802493503088997E-002
   1.8077496188488720       -3.0542333802280563E-002
   1.8140265272476528       -1.3015517962916572E-002
   1.8203034356464336        7.1766673747884757E-003
   1.8265803440452144        2.5905444765288169E-002
   1.8328572524439952        3.9360614703695021E-002
   1.8391341608427760        4.4823383773013287E-002
   1.8454110692415568        4.1209352588406578E-002
   1.8516879776403377        2.9274273880459018E-002
   1.8579648860391185        1.1445468887160703E-002
   1.8642417944378993       -8.6816603685400413E-003
   1.8705187028366801       -2.7075520166586462E-002
   1.8767956112354609       -4.0077978767036261E-002
   1.8830725196342417       -4.5128380805992838E-002
   1.8893494280330225       -4.1258945344143927E-002
   1.8956263364318033       -2.9267225971525833E-002
   1.9019032448305841       -1.1537646939669684E-002
   1.9081801532293650        8.4456569286024356E-003
   1.9144570616281458        2.6792537214115546E-002
   1.9207339700269266        3.9966830371696224E-002
   1.9270108784257074        4.5463051612754796E-002
   1.9332877868244882        4.2270860479419511E-002
   1.9395646952232690        3.1043682326228571E-002
   1.9458416036220498        1.3947465834370409E-002
   1.9521185120208304       -5.7726917127964000E-003
   1.9583954204196112       -2.4418323207037584E-002
   1.9646723288183920       -3.8533198935290412E-002
   1.9709492372171729       -4.5537690180764853E-002
   1.9772261456159537       -4.4186986794926553E-002
   1.9835030540147345       -3.4774811531628078E-002
   1.9897799624135153       -1.9053424435556660E-002
   1.9960568708122961        1.0710608213476028E-004
   2.0023337792110771        1.9251682116425677E-002
   2.0086106876098579        3.4964840176176237E-002
   2.0148875960086388        4.4474634545084164E-002
   2.0211645044074196        4.6130704995121459E-002
   2.0274414128062004        3.9676907338381875E-002
   2.0337183212049812        2.6276856624152887E-002
   2.0399952296037620        8.2939052460638818E-003
   2.0462721380025428       -1.1131648218278650E-002
   2.0525490464013236       -2.8632111263195450E-002
   2.0588259548001044       -4.1193083613000767E-002
   2.0651028631988853       -4.6666450408444970E-002
   2.0713797715976656       -4.4130100657048039E-002
   2.0776566799964464       -3.4035899415818471E-002
   2.0839335883952272       -1.8123672131403628E-002
   2.0902104967940081        8.8177299881620711E-004
   2.0964874051927889        1.9737692995174104E-002
   2.1027643135915697        3.5234940861369669E-002
   2.1090412219903505        4.4741074496594001E-002
   2.1153181303891313        4.6644209945233571E-002
   2.1215950387879121        4.0623769180048078E-002
   2.1278719471866929        2.7703308639108436E-002
   2.1341488555854737        1.0076925602159909E-002
   2.1404257639842545       -9.2616061155598780E-003
   2.1467026723830354       -2.7024964381283455E-002
   2.1529795807818162       -4.0188986982734168E-002
   2.1592564891805970       -4.6506530986843091E-002
   2.1655333975793778       -4.4891759357371948E-002
   2.1718103059781586       -3.5609302445997845E-002
   2.1780872143769394       -2.0235023789765112E-002
   2.1843641227757202       -1.3932915770996346E-003
   2.1906410311745010        1.7686547592809871E-002
   2.1969179395732819        3.3720687864071661E-002
   2.2031948479720627        4.3935469746352200E-002
   2.2094717563708435        4.6549499267258231E-002
   2.2157486647696243        4.1089398034721530E-002
   2.2220255731684051        2.8482541968225170E-002
   2.2283024815671859        1.0907625100298170E-002
   2.2345793899659667       -8.5745655843251067E-003
   2.2408562983647475       -2.6549196213894375E-002
   2.2471332067635283       -3.9844410056879977E-002
   2.2534101151623092       -4.6093594536059546E-002
   2.2596870235610900       -4.4163095202960280E-002
   2.2659639319598708       -3.4367184849824685E-002
   2.2722408403586516       -1.8428096038630763E-002
   2.2785177487574324        8.1660345669780214E-004
   2.2847946571562132        1.9911714881248061E-002
   2.2910715655549940        3.5401569363768114E-002
   2.2973484739537748        4.4457317315191640E-002
   2.3036253823525557        4.5400432438224940E-002
   2.3099022907513365        3.8024549941642311E-002
   2.3161791991501173        2.3652209585394664E-002
   2.3224561075488981        4.9102704126464860E-003
   2.3287330159476789       -1.4740554995530425E-002
   2.3350099243464597       -3.1639872921478178E-002
   2.3412868327452405       -4.2610457210892280E-002
   2.3475637411440213       -4.5562447551040795E-002
   2.3538406495428021       -3.9902930003967038E-002
   2.3601175579415830       -2.6668684538477545E-002
   2.3663944663403638       -8.3504347364835810E-003
   2.3726713747391446        1.1564779787650732E-002
   2.3789482831379254        2.9251419226668882E-002
   2.3852251915367062        4.1280711379148204E-002
   2.3915020999354870        4.5292146808048724E-002
   2.3977790083342678        4.0468528833899377E-002
   2.4040559167330486        2.7716838930067551E-002
   2.4103328251318294        9.5125720050933081E-003
   2.4166097335306103       -1.0569202798745405E-002
   2.4228866419293911       -2.8549728795839911E-002
   2.4291635503281719       -4.0835295057744310E-002
   2.4354404587269527       -4.4942448104300176E-002
   2.4417173671257335       -4.0012000189880527E-002
   2.4479942755245143       -2.7003139302628640E-002
   2.4542711839232951       -8.5213319792635089E-003
   2.4605480923220759        1.1692511148458127E-002
   2.4668250007208568        2.9513810772061940E-002
   2.4731019091196376        4.1277074307183192E-002
   2.4793788175184184        4.4537149104306527E-002
   2.4856557259171992        3.8589308754598921E-002
   2.4919326343159800        2.4635122797780400E-002
   2.4982095427147608        5.5527213064977994E-003
   2.5044864511135416       -1.4687614379826699E-002
   2.5107633595123224       -3.1845792692563865E-002
   2.5170402679111032       -4.2302504202202454E-002
   2.5233171763098841       -4.3830317191830073E-002
   2.5295940847086644       -3.6079201341343098E-002
   2.5358709931074452       -2.0668245491469461E-002
   2.5421479015062260       -8.5780867876217423E-004
   2.5484248099050069        1.9133794368893793E-002
   2.5547017183037877        3.5027080533900655E-002
   2.5609786267025685        4.3401019107954644E-002
   2.5672555351013493        4.2436764559103453E-002
   2.5735324435001301        3.2321920677553594E-002
   2.5798093518989109        1.5223364614180460E-002
   2.5860862602976917       -5.1702140661106380E-003
   2.5923631686964725       -2.4440715879006179E-002
   2.5986400770952534       -3.8398139539897715E-002
   2.6049169854940342       -4.3995245349411800E-002
   2.6111938938928150       -3.9998636330038820E-002
   2.6174708022915958       -2.7267067288873043E-002
   2.6237477106903766       -8.5728224640971191E-003
   2.6300246190891574        1.1997921109206543E-002
   2.6363015274879382        2.9936711230306046E-002
   2.6425784358867190        4.1301944782073254E-002
   2.6488553442854998        4.3588042286905930E-002
   2.6551322526842807        3.6282185475209824E-002
   2.6614091610830615        2.0983927283874149E-002
   2.6676860694818423        1.0589103900087401E-003
   2.6739629778806231       -1.9099095538125107E-002
   2.6802398862794039       -3.5036427181718392E-002
   2.6865167946781847       -4.3224679777440496E-002
   2.6927937030769655       -4.1844526768698924E-002
   2.6990706114757463       -3.1193492480228159E-002
   2.7053475198745272       -1.3625562933997451E-002
   2.7116244282733080        6.9659470588901463E-003
   2.7179013366720888        2.6009287730892970E-002
   2.7241782450708696        3.9268957067611909E-002
   2.7304551534696504        4.3789063500729017E-002
   2.7367320618684312        3.8555054329110799E-002
   2.7430089702672120        2.4725161579412236E-002
   2.7492858786659928        5.3779678725162051E-003
   2.7555627870647736       -1.5169821474448871E-002
   2.7618396954635545       -3.2324962330389041E-002
   2.7681166038623353       -4.2244811631671840E-002
   2.7743935122611161       -4.2700290385537285E-002
   2.7806704206598969       -3.3580386832810907E-002
   2.7869473290586777       -1.6923210861222070E-002
   2.7932242374574585        3.5357048646944274E-003
   2.7995011458562393        2.3198639660670175E-002
   2.8057780542550201        3.7638289641385589E-002
   2.8120549626538009        4.3595979121201792E-002
   2.8183318710525818        3.9720096876116731E-002
   2.8246087794513626        2.6876718780913619E-002
   2.8308856878501434        7.9601250276706333E-003
   2.8371625962489242       -1.2756302803890731E-002
   2.8434395046477050       -3.0583944118604177E-002
   2.8497164130464858       -4.1480482323382001E-002
   2.8559933214452666       -4.2968649314904378E-002
   2.8622702298440474       -3.4702808990889310E-002
   2.8685471382428283       -1.8552981279327474E-002
   2.8748240466416091        1.8149201218173659E-003
   2.8811009550403899        2.1769168446209203E-002
   2.8873778634391707        3.6765090146461017E-002
   2.8936547718379515        4.3381391733363056E-002
   2.8999316802367323        4.0103239033207630E-002
   2.9062085886355131        2.7672197488676827E-002
   2.9124854970342939        8.9214670058818234E-003
   2.9187624054330747       -1.1867665110890177E-002
   2.9250393138318556       -2.9942412386930965E-002
   2.9313162222306364       -4.1165477986147260E-002
   2.9375931306294172       -4.2963652181772782E-002
   2.9438700390281980       -3.4920083961977551E-002
   2.9501469474269788       -1.8873336516512445E-002
   2.9564238558257596        1.5008423345161208E-003
   2.9627007642245404        2.1530324579516570E-002
   2.9689776726233212        3.6617849500987967E-002
   2.9752545810221021        4.3297036295563668E-002
   2.9815314894208829        4.0030314708267421E-002
   2.9878083978196632        2.7564686147308788E-002
   2.9940853062184440        8.7625644424890650E-003
   3.0003622146172249       -1.2054367279498631E-002
   3.0066391230160057       -3.0098084377050568E-002
   3.0129160314147865       -4.1215819083553429E-002
   3.0191929398135673       -4.2846721949936169E-002
   3.0254698482123481       -3.4612925899221568E-002
   3.0317467566111289       -1.8408275344740665E-002
   3.0380236650099097        2.0363808862380321E-003
   3.0443005734086905        2.2011721820270846E-002
   3.0505774818074713        3.6914781759192578E-002
   3.0568543902062522        4.3310085056268197E-002
   3.0631312986050330        3.9722290667372921E-002
   3.0694082070038138        2.6977250390821779E-002
   3.0756851154025946        8.0124461326223344E-003
   3.0819620238013754       -1.2799797638335091E-002
   3.0882389322001562       -3.0660407876994259E-002
   3.0945158405989370       -4.1450449779326229E-002
   3.1007927489977178       -4.2681361795749495E-002
   3.1070696573964987       -3.4069166658285056E-002
   3.1133465657952795       -1.7600056394385784E-002
   3.1196234741940603        2.9278217826700747E-003
   3.1259003825928411        2.2780603051857411E-002
   3.1321772909916219        3.7380680635609939E-002
   3.1384541993904027        4.3362369489093867E-002
   3.1447311077891835        3.9347678680205153E-002
   3.1510080161879643        2.6263336425957091E-002
   3.1572849245867451        7.1261975877323783E-003
   3.1635618329855260       -1.3653107979777507E-002
   3.1698387413843068       -3.1287323508534061E-002
   3.1761156497830876       -4.1715714720739608E-002
   3.1823925581818684       -4.2538864364527675E-002
   3.1886694665806492       -3.3569900085690274E-002
   3.1949463749794300       -1.6875659490903916E-002
   3.2012232833782108        3.7009778019323745E-003
   3.2075001917769916        2.3426835932586425E-002
   3.2137771001757724        3.7767763190464390E-002
   3.2200540085745533        4.3430594650274344E-002
   3.2263309169733341        3.9118274154155440E-002
   3.2326078253721149        2.5825173698915051E-002
   3.2388847337708957        6.6057573884639852E-003
   3.2451616421696765       -1.4129106462116773E-002
   3.2514385505684573       -3.1625585628274930E-002
   3.2577154589672381       -4.1876877454731135E-002
   3.2639923673660189       -4.2539717437562671E-002
   3.2702692757647998       -3.3467932442115211E-002
   3.2765461841635806       -1.6741988274504623E-002
   3.2828230925623614        3.8107300137550358E-003
   3.2891000009611422        2.3493658498218096E-002
   3.2953769093599230        3.7815010824006734E-002
   3.3016538177587038        4.3512118335912113E-002
   3.3079307261574846        3.9292641715776323E-002
   3.3142076345562654        2.6124690810319085E-002
   3.3204845429550462        7.0114117851180100E-003
   3.3267614513538271       -1.3696724780918774E-002
   3.3330383597526079       -3.1293765058173828E-002
   3.3393152681513887       -4.1787680507844767E-002
   3.3455921765501695       -4.2804256683986831E-002
   3.3518690849489503       -3.4121136533616203E-002
   3.3581459933477311       -1.7712576153374574E-002
   3.3644229017465119        2.7030850873459374E-003
   3.3706998101452927        2.2508666617268365E-002
   3.3769767185440736        3.7233315161005968E-002
   3.3832536269428544        4.3560729525268613E-002
   3.3895305353416352        4.0073245785289903E-002
   3.3958074437404160        2.7565430266355790E-002
   3.4020843521391968        8.8587308813316799E-003
   3.4083612605379776       -1.1838635699419009E-002
   3.4146381689367584       -2.9880483175095954E-002
   3.4209150773355392       -4.1225692922461650E-002
   3.4271919857343200       -4.3341267684511048E-002
   3.4334688941331009       -3.5764027017437201E-002
   3.4397458025318817       -2.0197232334842240E-002
   3.4460227109306620       -1.2314792595391377E-004
   3.4522996193294428        1.9979312810055289E-002
   3.4585765277282237        3.5635298693855622E-002
   3.4648534361270045        4.3369148727515176E-002
   3.4711303445257853        4.1472812115886409E-002
   3.4774072529245661        3.0378354794154856E-002
   3.4836841613233469        1.2554374372288540E-002
   3.4899610697221277       -8.0478167327304416E-003
   3.4962379781209085       -2.6872979264466277E-002
   3.5025148865196893       -3.9769597835418211E-002
   3.5087917949184702       -4.3903351594259579E-002
   3.5150687033172510       -3.8375834449253278E-002
   3.5213456117160318       -2.4414374779715906E-002
   3.5276225201148126       -5.0941051566800455E-003
   3.5338994285135934        1.5343623788070901E-002
   3.5401763369123742        3.2424465319594774E-002
   3.5464532453111550        4.2420101792611145E-002
   3.5527301537099358        4.3158937129309245E-002
   3.5590070621087166        3.4492837059030515E-002
   3.5652839705074975        1.8320716861386390E-002
   3.5715608789062783       -1.8329756143118789E-003
   3.5778377873050591       -2.1590144642354373E-002
   3.5841146957038399       -3.6671410740639662E-002
   3.5903916041026207       -4.3821487312645430E-002
   3.5966685125014015       -4.1507784323955195E-002
   3.6029454209001823       -3.0243195646001649E-002
   3.6092223292989631       -1.2466366904733149E-002
   3.6154992376977440        7.9914357342373392E-003
   3.6217761460965248        2.6735194882750384E-002
   3.6280530544953056        3.9750746242413364E-002
   3.6343299628940864        4.4262006205979851E-002
   3.6406068712928672        3.9318291022724702E-002
   3.6468837796916480        2.5988521213085848E-002
   3.6531606880904288        7.1240375488395829E-003
   3.6594375964892096       -1.3256109428134787E-002
   3.6657145048879904       -3.0823867482415532E-002
   3.6719914132867713       -4.1860903659574414E-002
   3.6782683216855521       -4.4042419874604111E-002
   3.6845452300843329       -3.6921535767763351E-002
   3.6908221384831137       -2.2014477498357131E-002
   3.6970990468818945       -2.4718589260981942E-003
   3.7033759552806753        1.7591483144257698E-002
   3.7096528636794561        3.3964669992882376E-002
   3.7159297720782369        4.3223456227599509E-002
   3.7222066804770177        4.3442638255433950E-002
   3.7284835888757986        3.4590789126307371E-002
   3.7347604972745794        1.8527588416466262E-002
   3.7410374056733602       -1.3924686682335408E-003
   3.7473143140721410       -2.1024416018743615E-002
   3.7535912224709218       -3.6296554179820514E-002
   3.7598681308697026       -4.4053350195274503E-002
   3.7661450392684834       -4.2703348053165203E-002
   3.7724219476672642       -3.2539919601043660E-002
   3.7786988560660451       -1.5671441838686077E-002
   3.7849757644648259        4.4214931842294514E-003
   3.7912526728636067        2.3607764448734438E-002
   3.7975295812623875        3.7955958558258784E-002
   3.8038064896611683        4.4537993454994686E-002
   3.8100833980599491        4.2022263264013808E-002
   3.8163603064587299        3.0937060513948057E-002
   3.8226372148575107        1.3553432198750874E-002
   3.8289141232562915       -6.5854414721065188E-003
   3.8351910316550724       -2.5389759747651546E-002
   3.8414679400538532       -3.9054275608115051E-002
   3.8477448484526340       -4.4826081089699377E-002
   3.8540217568514148       -4.1554536589450956E-002
   3.8602986652501956       -2.9914441221137737E-002
   3.8665755736489764       -1.2260471271833081E-002
   3.8728524820477572        7.8545544027754325E-003
   3.8791293904465380        2.6397947300338294E-002
   3.8854062988453189        3.9666051955679765E-002
   3.8916832072440997        4.5021427272304113E-002
   3.8979601156428805        4.1412118189817451E-002
   3.9042370240416608        2.9571847249099888E-002
   3.9105139324404417        1.1864441761195589E-002
   3.9167908408392225       -8.1933168923541758E-003
   3.9230677492380033       -2.6633087732974049E-002
   3.9293446576367841       -3.9820179147647031E-002
   3.9356215660355649       -4.5167260153169089E-002
   3.9418984744343457       -4.1637067479929561E-002
   3.9481753828331265       -2.9937520419922287E-002
   3.9544522912319073       -1.2373880600880346E-002
   3.9607291996306881        7.6100896995443430E-003
   3.9670061080294690        2.6109793568480668E-002
   3.9732830164282498        3.9522561711784185E-002
   3.9795599248270306        4.5246673865135270E-002
   3.9858368332258114        4.2181670607427627E-002
   3.9921137416245922        3.0934746612021616E-002
   3.9983906500233730        1.3695657110604892E-002
   4.0046675584221543       -6.1932201282721717E-003
   4.0109444668209351       -2.4886638976059715E-002
   4.0172213752197159       -3.8779561362581309E-002
   4.0234982836184967       -4.5200229224363508E-002
   4.0297751920172775       -4.2920624491125527E-002
   4.0360521004160583       -3.2387637751885148E-002
   4.0423290088148391       -1.5632276934820558E-002
   4.0486059172136200        4.1241129342842473E-003
   4.0548828256124008        2.3090002178224264E-002
   4.0611597340111816        3.7630852828350957E-002
   4.0674366424099624        4.4964164413143257E-002
   4.0737135508087432        4.3689953920244433E-002
   4.0799904592075240        3.4056058240132837E-002
   4.0862673676063048        1.7908426059841005E-002
   4.0925442760050856       -1.6633900569726289E-003
   4.0988211844038664       -2.0917415571653681E-002
   4.1050980928026473       -3.6174144653070311E-002
   4.1113750012014281       -4.4518857039466259E-002
   4.1176519096002089       -4.4357647611430517E-002
   4.1239288179989897       -3.5721383821828698E-002
   4.1302057263977705       -2.0259782269905643E-002
   4.1364826347965504       -9.2672737743736719E-004
   4.1427595431953312        1.8583317437835034E-002
   4.1490364515941121        3.4540558399808283E-002
   4.1553133599928929        4.3892460538223738E-002
   4.1615902683916737        4.4847777220635529E-002
   4.1678671767904545        3.7220381086383876E-002
   4.1741440851892353        2.2466818024649251E-002
   4.1804209935880161        3.4097712086345010E-003
   4.1866979019867969       -1.6300444711721689E-002
   4.1929748103855777       -3.2884038639281007E-002
   4.1992517187843585       -4.3156363062129166E-002
   4.2055286271831394       -4.5140263552412359E-002
   4.2118055355819202       -3.8448371797137136E-002
   4.2180824439807010       -2.4361150173900947E-002
   4.2243593523794818       -5.5845302970422865E-003
   4.2306362607782626        1.4267557855699099E-002
   4.2369131691770434        3.1367352289192733E-002
   4.2431900775758242        4.2411177945602452E-002
   4.2494669859746050        4.5259005317010027E-002
   4.2557438943733858        3.9351682785166472E-002
   4.2620208027721667        2.5824063170768553E-002
   4.2682977111709475        7.2905329786881190E-003
   4.2745746195697283       -1.2657277321251551E-002
   4.2808515279685091       -3.0144764864226466E-002
   4.2871284363672899       -4.1766846753068708E-002
   4.2934053447660707       -4.5252649682572928E-002
   4.2996822531648515       -3.9912402371776123E-002
   4.3059591615636323       -2.6778019064281268E-002
   4.3122360699624132       -8.4079745524936484E-003
   4.3185129783611940        1.1607539349394949E-002
   4.3247898867599748        2.9346232606791554E-002
   4.3310667951587556        4.1322259965227461E-002
   4.3373437035575364        4.5173193159658849E-002
   4.3436206119563172        4.0129715699689511E-002
   4.3498975203550980        2.7173978272547698E-002
   4.3561744287538788        8.8531568761098384E-003
   4.3624513371526596       -1.1217420575531292E-002
   4.3687282455514405       -2.9065492490397381E-002
   4.3750051539502213       -4.1148015348432154E-002
   4.3812820623490021       -4.5056722841316489E-002
   4.3875589707477829       -4.0002192030684808E-002
   4.3938358791465637       -2.6978346447491912E-002
   4.4001127875453445       -8.5721688265150888E-003
   4.4063896959441253        1.1546050508324157E-002
   4.4126666043429061        2.9352356802115870E-002
   4.4189435127416870        4.1274104301016239E-002
   4.4252204211404678        4.4909239221314692E-002
   4.4314973295392486        3.9514608131731507E-002
   4.4377742379380294        2.6163175652191232E-002
   4.4440511463368102        7.5358929819646153E-003
   4.4503280547355910       -1.2612542092555299E-002
   4.4566049631343718       -3.0208433979780420E-002
   4.4628818715331526       -4.1683072791153672E-002
   4.4691587799319334       -4.4699224810479471E-002
   4.4754356883307143       -3.8631691011419861E-002
   4.4817125967294951       -2.4702220132332156E-002
   4.4879895051282759       -5.7386576530638620E-003
   4.4942664135270567        1.4395293542228139E-002
   4.5005433219258375        3.1585509641745349E-002
   4.5068202303246183        4.2308766330683312E-002
   4.5130971387233991        4.4357745156510711E-002
   4.5193740471221799        3.7299918653045168E-002
   4.5256509555209607        2.2573980185555533E-002
   4.5319278639197416        3.2013716169472677E-003
   4.5382047723185224       -1.6830269414828600E-002
   4.5444816807173032       -3.3386615867452812E-002
   4.5507585891160840       -4.3040927120970358E-002
   4.5570354975148648       -4.3786322415071077E-002
   4.5633124059136456       -3.5457329935348739E-002
   4.5695893143124264       -1.9771238532257287E-002
   4.5758662227112072        2.1787743522360691E-005
   4.5821431311099881        1.9809422927241215E-002
   4.5884200395087689        3.5470837308587341E-002
   4.5946969479075497        4.3736181821940140E-002
   4.6009738563063305        4.2872284782793896E-002
   4.6072507647051113        3.3050074347924660E-002
   4.6135276731038921        1.6314970750646383E-002
   4.6198045815026729       -3.8357101846339565E-003
   4.6260814899014537       -2.3181711189056084E-002
   4.6323583983002345       -3.7663538859085022E-002
   4.6386353066990154       -4.4235809742261337E-002
   4.6449122150977962       -4.1510430260018237E-002
   4.6511891234965770       -3.0053104378885209E-002
   4.6574660318953578       -1.2269094084075902E-002
   4.6637429402941386        8.0994017287503734E-003
   4.6700198486929194        2.6759654066106527E-002
   4.6762967570917002        3.9773451059527690E-002
   4.6825736654904810        4.4389766154291202E-002
   4.6888505738892619        3.9628540587580495E-002
   4.6951274822880427        2.6491125660194254E-002
   4.7014043906868235        7.7516583487808989E-003
   4.7076812990856043       -1.2627569241530821E-002
   4.7139582074843851       -3.0333698075068784E-002
   4.7202351158831659       -4.1616691309181872E-002
   4.7265120242819467       -4.4084778468099085E-002
   4.7327889326807275       -3.7212816268516399E-002
   4.7390658410795083       -2.2455121105450230E-002
   4.7453427494782892       -2.9382646848739157E-003
   4.7516196578770700        1.7201349935663343E-002
   4.7578965662758508        3.3694654810450121E-002
   4.7641734746746316        4.3045530747789600E-002
   4.7704503830734124        4.3272417120243482E-002
   4.7767272914721932        3.4328322531260835E-002
   4.7830041998709740        1.8110084234365408E-002
   4.7892811082697548       -1.9448565118437304E-003
   4.7955580166685357       -2.1588167922247593E-002
   4.8018349250673165       -3.6661517381029532E-002
   4.8081118334660973       -4.3977184595737746E-002
   4.8143887418648781       -4.1991626942168819E-002
   4.8206656502636589       -3.1129624579018477E-002
   4.8269425586624397       -1.3691171783835077E-002
   4.8332194670612205        6.6380156313709119E-003
   4.8394963754600013        2.5567570605183200E-002
   4.8457732838587821        3.9108973501769007E-002
   4.8520501922575630        4.4415499933199508E-002
   4.8583271006563438        4.0378607302802516E-002
   4.8646040090551246        2.7856093138226193E-002
   4.8708809174539054        9.4857363668583283E-003
   4.8771578258526862       -1.0874232756028670E-002
   4.8834347342514670       -2.8958198583805581E-002
   4.8897116426502478       -4.0987637365546503E-002
   4.8959885510490286       -4.4459034589828542E-002
   4.9022654594478094       -3.8661057024833301E-002
   4.9085423678465903       -2.4814810369798150E-002
   4.9148192762453711       -5.8107093753777374E-003
   4.9210961846441519        1.4400094349092729E-002
   4.9273730930429327        3.1630371486053757E-002
   4.9336500014417135        4.2324566264728851E-002
   4.9399269098404943        4.4289518903762336E-002
   4.9462038182392751        3.7138414124713720E-002
   4.9524807266380559        2.2359183825316983E-002
   4.9587576350368368        2.9970628468283956E-003
   4.9650345434356176       -1.6979420915491688E-002
   4.9713114518343984       -3.3495549958924516E-002
   4.9775883602331792       -4.3201360904932200E-002
   4.9838652686319600       -4.4146697886519405E-002
   4.9901421770307408       -3.6164950133182550E-002
   4.9964190854295216       -2.0891452654327874E-002
   5.0026959938283024       -1.4179305842673272E-003
   5.0089729022270832        1.8341926500400493E-002
   5.0152498106258641        3.4443654409739857E-002
   5.0215267190246449        4.3698748524914309E-002
   5.0278036274234257        4.4299761764718823E-002
   5.0340805358222065        3.6162139514273821E-002
   5.0403574442209873        2.0920247024379193E-002
   5.0466343526197681        1.5851371649681044E-003
   5.0529112610185480       -1.8061646643651817E-002
   5.0591881694173289       -3.4213749359473841E-002
   5.0654650778161097       -4.3776435963234293E-002
   5.0717419862148905       -4.4950923532666331E-002
   5.0780188946136713       -3.7557849113810375E-002
   5.0842958030124521       -2.3045006479415500E-002
   5.0905727114112329       -4.1867149475904456E-003
   5.0968496198100137        1.5459559207720137E-002
   5.1031265282087945        3.2230347475104296E-002
   5.1094034366075753        4.3037086151321374E-002
   5.1156803450063562        4.5924885541479249E-002
   5.1219572534051370        4.0410406037666463E-002
   5.1282341618039178        2.7544061800856466E-002
   5.1345110702026986        9.6936747506006678E-003
   5.1407879786014794       -9.9032381150046464E-003
   5.1470648870002602       -2.7731964787991122E-002
   5.1533417953990410       -4.0628937921390246E-002
   5.1596187037978218       -4.6334619743762975E-002
   5.1658956121966026       -4.3876647418301030E-002
   5.1721725205953835       -3.3721452815296982E-002
   5.1784494289941643       -1.7674143238408192E-002
   5.1847263373929451        1.4505965822036665E-003
   5.1910032457917259        2.0325769387024795E-002
   5.1972801541905067        3.5689736032591610E-002
   5.2035570625892875        4.4904948304557130E-002
   5.2098339709880683        4.6403586055029110E-002
   5.2161108793868491        3.9946593953093933E-002
   5.2223877877856300        2.6654980546418253E-002
   5.2286646961844108        8.8107988721284267E-003
   5.2349416045831916       -1.0536420109107866E-002
   5.2412185129819724       -2.8090086541807065E-002
   5.2474954213807532       -4.0865722613559433E-002
   5.2537723297795340       -4.6695063200711338E-002
   5.2600492381783148       -4.4591007142185182E-002
   5.2663261465770956       -3.4912842122752523E-002
   5.2726030549758764       -1.9304529738981651E-002
   5.2788799633746573       -4.1659758102637263E-004
   5.2851568717734381        1.8541817472306665E-002
   5.2914337801722189        3.4345875846570603E-002
   5.2977106885709997        4.4301941518212935E-002
   5.3039875969697805        4.6706482742361319E-002
   5.3102645053685613        4.1139179142688186E-002
   5.3165414137673421        2.8539725845581738E-002
   5.3228183221661229        1.1053792087507926E-002
   5.3290952305649038       -8.3276138276610189E-003
   5.3353721389636846       -2.6275919379977350E-002
   5.3416490473624654       -3.9694778485470580E-002
   5.3479259557612462       -4.6255087819796176E-002
   5.3542028641600270       -4.4803005787552086E-002
   5.3604797725588078       -3.5569109433574685E-002
   5.3667566809575886       -2.0139858744733809E-002
   5.3730335893563694       -1.1929034098891349E-003
   5.3793104977551502        1.7961277639791832E-002
   5.3855874061539311        3.3954408196892417E-002
   5.3918643145527119        4.3953212476625328E-002
   5.3981412229514927        4.6165920201644152E-002
   5.4044181313502735        4.0171411252392694E-002
   5.4106950397490543        2.7009325500237699E-002
   5.4169719481478351        9.0105741139760078E-003
   5.4232488565466159       -1.0606411210433507E-002
   5.4295257649453967       -2.8305701483732824E-002
   5.4358026733441775       -4.0870531583261913E-002
   5.4420795817429584       -4.5992409806696055E-002
   5.4483564901417392       -4.2704251495762041E-002
   5.4546333985405200       -3.1574860153536180E-002
   5.4609103069393008       -1.4623801680188467E-002
   5.4671872153380816        5.0336999742660463E-003
   5.4734641237368624        2.3751825333367053E-002
   5.4797410321356432        3.8028355618073828E-002
   5.4860179405344240        4.5163963868651000E-002
   5.4922948489332049        4.3781969956561778E-002
   5.4985717573319857        3.4106923369568942E-002
   5.5048486657307665        1.7943474615341320E-002
   5.5111255741295473       -1.6472910911377043E-003
   5.5174024825283281       -2.0918796796782355E-002
   5.5236793909271089       -3.6152617814261101E-002
   5.5299562993258897       -4.4379634324029589E-002
   5.5362332077246705       -4.3968278164793081E-002
   5.5425101161234513       -3.4961622738574831E-002
   5.5487870245222322       -1.9091273010730558E-002
   5.5550639329210130        5.4200057301180614E-004
   5.5613408413197938        2.0064948504310696E-002
   5.5676177497185746        3.5592995838766558E-002
   5.5738946581173554        4.4006967181150075E-002
   5.5801715665161362        4.3589378592811513E-002
   5.5864484749149170        3.4388612625225037E-002
   5.5927253833136978        1.8231202300833568E-002
   5.5990022917124787       -1.6277255637088888E-003
   5.6052792001112595       -2.1151823252880484E-002
   5.6115561085100403       -3.6341735010991479E-002
   5.6178330169088211       -4.4058707687757402E-002
   5.6241099253076019       -4.2683027691315538E-002
   5.6303868337063827       -3.2467091492503562E-002
   5.6366637421051635       -1.5503555224220008E-002
   5.6429406505039443        4.6919496234778093E-003
   5.6492175589027251        2.3902798744949858E-002
   5.6554944673015060        3.8091095198602098E-002
   5.6617713757002868        4.4251558947074644E-002
   5.6680482840990676        4.1057728457620291E-002
   5.6743251924978484        2.9159351557156165E-002
   5.6806021008966292        1.1061870131577988E-002
   5.6868790092954100       -9.3925459369484758E-003
   5.6931559176941908       -2.7836694622314372E-002
   5.6994328260929716       -4.0311909244319349E-002
   5.7057097344917524       -4.4123357944120450E-002
   5.7119866428905333       -3.8430728811551226E-002
   5.7182635512893141       -2.4442730553362657E-002
   5.7245404596880949       -5.1685139192036069E-003
   5.7308173680868757        1.5224520556922059E-002
   5.7370942764856565        3.2310292358403055E-002
   5.7433711848844373        4.2366771354074871E-002
   5.7496480932832181        4.3191677234469136E-002
   5.7559250016819989        3.4591106370066571E-002
   5.7622019100807798        1.8431240987942552E-002
   5.7684788184795606       -1.7615140473475244E-003
   5.7747557268783414       -2.1567238507086663E-002
   5.7810326352771222       -3.6639723973307663E-002
   5.7873095436759030       -4.3662360380605787E-002
   5.7935864520746838       -4.1081788242897425E-002
   5.7998633604734646       -2.9456096505651119E-002
   5.8061402688722454       -1.1338540127692576E-002
   5.8124171772710262        9.2799346431826236E-003
   5.8186940856698071        2.7848221837350185E-002
   5.8249709940685879        4.0259896907387155E-002
   5.8312479024673687        4.3763338556894432E-002
   5.8375248108661495        3.7574939570903389E-002
   5.8438017192649303        2.3058075934695898E-002
   5.8500786276637111        3.4262452499929340E-003
   5.8563555360624919       -1.6965696939148907E-002
   5.8626324444612727       -3.3586395663589445E-002
   5.8689093528600536       -4.2735423552028529E-002
   5.8751862612588344       -4.2369246385563136E-002
   5.8814631696576152       -3.2561017581596491E-002
   5.8877400780563960       -1.5490071124873533E-002
   5.8940169864551768        5.0387361373986517E-003
   5.9002938948539576        2.4440682963352181E-002
   5.9065708032527384        3.8374480779909660E-002
   5.9128477116515192        4.3714997037622993E-002
   5.9191246200503000        3.9257182041407566E-002
   5.9254015284490809        2.5991976545508669E-002
   5.9316784368478617        6.8901408168163215E-003
   5.9379553452466425       -1.3759821343558843E-002
   5.9442322536454233       -3.1312850046017519E-002
   5.9505091620442041       -4.1812574896776998E-002
   5.9567860704429849       -4.2885327171726405E-002
   5.9630629788417657       -3.4280372680607719E-002
   5.9693398872405457       -1.7932576941788816E-002
   5.9756167956393265        2.4689695409278356E-003
   5.9818937040381073        2.2311050402015607E-002
   5.9881706124368881        3.7098894366255457E-002
   5.9944475208356689        4.3475693680276865E-002
   6.0007244292344497        3.9987464247476422E-002
   6.0070013376332305        2.7418266660108152E-002
   6.0132782460320113        8.6176372875363134E-003
   6.0195551544307921       -1.2142668880993905E-002
   6.0258320628295730       -3.0138019484646665E-002
   6.0321089712283538       -4.1266589691927244E-002
   6.0383858796271346       -4.2986281900365263E-002
   6.0446627880259154       -3.4898323584034961E-002
   6.0509396964246962       -1.8842849870099716E-002
   6.0572166048234770        1.5171052961421671E-003
   6.0634935132222578        2.1529729884797819E-002
   6.0697704216210386        3.6617012968926874E-002
   6.0760473300198194        4.3323027926835886E-002
   6.0823242384186003        4.0107552933387060E-002
   6.0886011468173811        2.7702259628702791E-002
   6.0948780552161619        8.9465221049308558E-003
   6.1011549636149427       -1.1860830214369974E-002
   6.1074318720137235       -2.9946135512730888E-002
   6.1137087804125043       -4.1156445014766632E-002
   6.1199856888112851       -4.2914391005794375E-002
   6.1262625972100659       -3.4812472959577283E-002
   6.1325395056088468       -1.8709294405998361E-002
   6.1388164140076276        1.6953728777908729E-003
   6.1450933224064084        2.1709836881881273E-002
   6.1513702308051892        3.6729220889588479E-002
   6.1576471392039700        4.3295582397742262E-002
   6.1639240476027508        3.9895131608726687E-002
   6.1702009560015316        2.7308446230596268E-002
   6.1764778644003124        8.4323578547461104E-003
   6.1827547727990932       -1.2386079101833092E-002
   6.1890316811978741       -3.0350506906760357E-002
   6.1953085895966549       -4.1320574877035415E-002
   6.2015854979954357       -4.2766790044835926E-002
   6.2078624063942165       -3.4354499768237401E-002
   6.2141393147929973       -1.8021971258426840E-002
   6.2204162231917781        2.4658049193098377E-003
   6.2266931315905589        2.2384935682274055E-002
   6.2329700399893397        3.7142000527221684E-002
   6.2392469483881206        4.3333639350878340E-002
   6.2455238567869014        3.9531775719862772E-002
   6.2518007651856822        2.6613171770785642E-002
   6.2580776735844630        7.5571934516918482E-003
   6.2643545819832438       -1.3241545668201104E-002
   6.2706314903820246       -3.0986979687122107E-002
   6.2769083987808054       -4.1587796651851520E-002
   6.2831853071795862       -4.2600759544397286E-002
