   6.2769083987808056E-003   3.3714944731210686E-002
   1.2553816797561611E-002   4.3353923925382863E-002
   1.8830725196342418E-002   3.9912877228501703E-002
   2.5107633595123222E-002   2.4431680065560690E-002
   3.1384541993904030E-002   1.5815048613725619E-003
   3.7661450392684835E-002  -2.1745819981486121E-002
   4.3938358791465640E-002  -3.8517216713586822E-002
   5.0215267190246445E-002  -4.3678761778695181E-002
   5.6492175589027249E-002  -3.5677669417706809E-002
   6.2769083987808061E-002  -1.6927696866046341E-002
   6.9045992386588859E-002   6.9210267235962587E-003
   7.5322900785369670E-002   2.8686217977090478E-002
   8.1599809184150468E-002   4.1817070042121825E-002
   8.7876717582931280E-002   4.2365181666827262E-002
   9.4153625981712077E-002   3.0169878033301845E-002
  0.10043053438049289        8.9025994095067538E-003
  0.10670744277927370       -1.5041002146085392E-002
  0.11298435117805450       -3.4466080134438727E-002
  0.11926125957683531       -4.3540689310360980E-002
  0.12553816797561612       -3.9545065601773115E-002
  0.13181507637439691       -2.3683780343106649E-002
  0.13809198477317772       -7.1910854294897429E-004
  0.14436889317195853        2.2461743493111117E-002
  0.15064580157073934        3.8913524914565123E-002
  0.15692270996952015        4.3713118783820393E-002
  0.16319961836830094        3.5430064935983462E-002
  0.16947652676708175        1.6548915292416710E-002
  0.17575343516586256       -7.2800891537940183E-003
  0.18203034356464337       -2.8934778220520457E-002
  0.18830725196342415       -4.1950551293869293E-002
  0.19458416036220497       -4.2448555772156296E-002
  0.20086106876098578       -3.0287843248022729E-002
  0.20713797715976659       -9.1003545536994055E-003
  0.21341488555854740        1.4798163558318875E-002
  0.21969179395732819        3.4293385063704815E-002
  0.22596870235610900        4.3590180590542309E-002
  0.23224561075488981        3.9932449721917722E-002
  0.23852251915367062        2.4415375235459343E-002
  0.24479942755245140        1.6521326790431795E-003
  0.25107633595123224       -2.1601950404314355E-002
  0.25735324435001306       -3.8456100908480916E-002
  0.26363015274879381       -4.3924898683102738E-002
  0.26990706114757462       -3.6399000500417389E-002
  0.27618396954635543       -1.8113036482949259E-002
  0.28246087794513625        5.5236466895790901E-003
  0.28873778634391706        2.7531258906318221E-002
  0.29501469474269787        4.1421803044930490E-002
  0.30129160314147868        4.3109551836075066E-002
  0.30756851154025949        3.2107786666972428E-002
  0.31384541993904030        1.1662715831138317E-002
  0.32012232833782106       -1.2210215344341253E-002
  0.32639923673660187       -3.2499794607314982E-002
  0.33267614513538268       -4.3258326531635014E-002
  0.33895305353416350       -4.1341769276069647E-002
  0.34522996193294431       -2.7322542058464083E-002
  0.35150687033172512       -5.3117415455274583E-003
  0.35778377873050593        1.8252170419194438E-002
  0.36406068712928674        3.6489593337164290E-002
  0.37033759552806755        4.4087432456851934E-002
  0.37661450392684831        3.8842476659784832E-002
  0.38289141232562912        2.2293451049834816E-002
  0.38916832072440993       -7.3756075884374365E-004
  0.39544522912319074       -2.3555621405703234E-002
  0.40172213752197156       -3.9541173364150840E-002
  0.40799904592075237       -4.4068409161196594E-002
  0.41427595431953318       -3.5838350726093454E-002
  0.42055286271831399       -1.7244045351830172E-002
  0.42682977111709480        6.3325329921945159E-003
  0.43310667951587556        2.8083212611004695E-002
  0.43938358791465637        4.1740759338884492E-002
  0.44566049631343718        4.3381667349016807E-002
  0.45193740471221799        3.2546880376297896E-002
  0.45821431311099881        1.2362175597774696E-002
  0.46449122150977962       -1.1370769109181729E-002
  0.47076812990856043       -3.1846271713518434E-002
  0.47704503830734124       -4.3206448851596205E-002
  0.48332194670612205       -4.2213091229740096E-002
  0.48959885510490281       -2.9163597144748681E-002
  0.49587576350368362       -7.7939602330976653E-003
  0.50215267190246449        1.5797686805911541E-002
  0.50842958030124530        3.4894865767556620E-002
  0.51470648870002611        4.4074206900856540E-002
  0.52098339709880681        4.0740783395096639E-002
  0.52726030549758762        2.5854073100851444E-002
  0.53353721389636843        3.6436667094056664E-003
  0.53981412229514925       -1.9598865158529318E-002
  0.54609103069393006       -3.7305054958864235E-002
  0.55236793909271087       -4.4484301239411411E-002
  0.55864484749149168       -3.9125027571131087E-002
  0.56492175589027249       -2.2750429946222946E-002
  0.57119866428905330        2.2424977651739950E-005
  0.57747557268783412        2.2790363074580759E-002
  0.58375248108661493        3.9166689051247441E-002
  0.59002938948539574        4.4570563215938504E-002
  0.59630629788417655        3.7502466052445532E-002
  0.60258320628295736        1.9952294934709121E-002
  0.60886011468173817       -3.1686516443754035E-003
  0.61513702308051899       -2.5407555340579802E-002
  0.62141393147929980       -4.0572627672402987E-002
  0.62769083987808061       -4.4454355715177710E-002
  0.63396774827686131       -3.5987711746975244E-002
  0.64024465667564212       -1.7536209681732234E-002
  0.64652156507442293        5.7755740540465861E-003
  0.65279847347320374        2.7490435342940728E-002
  0.65907538187198456        4.1608347820229506E-002
  0.66535229027076537        4.4241205853421173E-002
  0.67162919866954618        3.4677002520988702E-002
  0.67790610706832699        1.5564013469406045E-002
  0.68418301546710780       -7.8301719060782631E-003
  0.69045992386588861       -2.9075385363313444E-002
  0.69673683226466943       -4.2347158654245584E-002
  0.70301374066345024       -4.4020018620817489E-002
  0.70929064906223105       -3.3650895160350421E-002
  0.71556755746101186       -1.4087809965979374E-002
  0.72184446585979267        9.3201333600956594E-003
  0.72812137425857348        3.0190232781693287E-002
  0.73439828265735430        4.2847197214096550E-002
  0.74067519105613511        4.3862564436688053E-002
  0.74695209945491581        3.2976017395824474E-002
  0.75322900785369662        1.3153098150733952E-002
  0.75950591625247743       -1.0230384513446359E-002
  0.76578282465125824       -3.0850845606683594E-002
  0.77205973305003905       -4.3147210463997526E-002
  0.77833664144881987       -4.3816439118905266E-002
  0.78461354984760068       -3.2693347274941408E-002
  0.79089045824638149       -1.2782506400130747E-002
  0.79716736664516230        1.0560620663280347E-002
  0.80344427504394311        3.1074226906641998E-002
  0.80972118344272392        4.3269753088676331E-002
  0.81599809184150474        4.3896206466960609E-002
  0.82227500024028555        3.2799840642237392E-002
  0.82855190863906636        1.2953899657758595E-002
  0.83482881703784717       -1.0344374996562026E-002
  0.84110572543662798       -3.0891003104731522E-002
  0.84738263383540879       -4.3226894427189209E-002
  0.85365954223418961       -4.4084502325668205E-002
  0.85993645063297042       -3.3247410942540551E-002
  0.86621335903175112       -1.3598514598557408E-002
  0.87249026743053193        9.6518055487512661E-003
  0.87876717582931274        3.0349679211536827E-002
  0.88504408422809355        4.3025921197180080E-002
  0.89132099262687436        4.4338106388503398E-002
  0.89759790102565518        3.3947483976261711E-002
  0.90387480942443599        1.4602061537595804E-002
  0.91015171782321680       -8.5932554977471466E-003
  0.91642862622199761       -2.9524986567653379E-002
  0.92270553462077842       -4.2681709852867775E-002
  0.92898244301955923       -4.4603188567779284E-002
  0.93525935141834005       -3.4787799818761532E-002
  0.94153625981712086       -1.5821157312197010E-002
  0.94781316821590167        7.3064116608933553E-003
  0.95409007661468248        2.8513149863134031E-002
  0.96036698501346329        4.2224491198026959E-002
  0.96664389341224410        4.4837290348621821E-002
  0.97292080181102492        3.5665623923721745E-002
  0.97919771020980562        1.7120328807099666E-002
  0.98547461860858643       -5.9245622899729939E-003
  0.99175152700736724       -2.7412152286364792E-002
  0.99802843540614805       -4.1693854890880171E-002
   1.0043053438049290       -4.5013871200084626E-002
   1.0105822522037098       -3.6497180668730755E-002
   1.0168591606024906       -1.8381213795882440E-002
   1.0231360690012714        4.5703888950292355E-003
   1.0294129774000522        2.6318846554092109E-002
   1.0356898857988328        4.1138175195222025E-002
   1.0419667941976136        4.5122912489320016E-002
   1.0482437025963944        3.7218790343155075E-002
   1.0545206109951752        1.9504108526016157E-002
   1.0607975193939561       -3.3538982542819710E-003
   1.0670744277927369       -2.5326343439247914E-002
   1.0733513361915177       -4.0611701536615169E-002
   1.0796282445902985       -4.5168244745355537E-002
   1.0859051529890793       -3.7785140034604314E-002
   1.0921820613878601       -2.0407842564573026E-002
   1.0984589697866409        2.3705781708879552E-003
   1.1047358781854217        2.4520316097659228E-002
   1.1110127865842025        4.0169667441940789E-002
   1.1172896949829834        4.5162542532602289E-002
   1.1235666033817642        3.8165410693065817E-002
   1.1298435117805450        2.1028110421264425E-002
   1.1361204201793258       -1.7002816707901278E-003
   1.1423973285781066       -2.3975214060715979E-002
   1.1486742369768874       -3.9862657317681918E-002
   1.1549511453756682       -4.5121191085254260E-002
   1.1612280537744490       -3.8338173356779644E-002
   1.1675049621732299       -2.1314703471147257E-002
   1.1737818705720107        1.4069345062352827E-003
   1.1800587789707915        2.3750972664148065E-002
   1.1863356873695723        3.9731160805738026E-002
   1.1926125957683531        4.5056087584971094E-002
   1.1988895041671339        3.8286022038221020E-002
   1.2051664125659147        2.1228315490666689E-002
   1.2114433209646955       -1.5388162003963086E-003
   1.2177202293634763       -2.3890427045189833E-002
   1.2239971377622572       -3.9800919181901130E-002
   1.2302740461610380       -4.4970230182625921E-002
   1.2365509545598188       -3.7990848556171589E-002
   1.2428278629585996       -2.0737677268902393E-002
   1.2491047713573804        2.1289710539254395E-003
   1.2553816797561612        2.4417384607405741E-002
   1.2616585881549420        4.0079405614760887E-002
   1.2679354965537226        4.4853723897457030E-002
   1.2742124049525034        3.7430510586105747E-002
   1.2804893133512842        1.9817706538161443E-002
   1.2867662217500651       -3.1952891419251097E-003
   1.2930431301488459       -2.5335217002443726E-002
   1.2993200385476267       -4.0553627460100647E-002
   1.3055969469464075       -4.4681638661306873E-002
   1.3118738553451883       -3.6577435568960572E-002
   1.3181507637439691       -1.8449166482778445E-002
   1.3244276721427499        4.7399410634684103E-003
   1.3307045805415307        2.6625895247464098E-002
   1.3369814889403115        4.1189397719483559E-002
   1.3432583973390924        4.4414005781092392E-002
   1.3495353057378732        3.5399466249266792E-002
   1.3558122141366540        1.6620046399843779E-002
   1.3620891225354348       -6.7481098045926594E-003
   1.3683660309342156       -2.8249564754541930E-002
   1.3746429393329964       -4.1932258081552279E-002
   1.3809198477317772       -4.3998117000348898E-002
   1.3871967561305580       -3.3862996259729806E-002
   1.3934736645293389       -1.4328547359458725E-002
   1.3997505729281197        9.1862799551997824E-003
   1.4060274813269005        3.0144971412393841E-002
   1.4123043897256813        4.2710284295750633E-002
   1.4185812981244621        4.3373155232629530E-002
   1.4248582065232429        3.1938162300461759E-002
   1.4311351149220237        1.1587209172376657E-002
   1.4374120233208045       -1.2000651960174614E-002
   1.4436889317195853       -3.2231224743486823E-002
   1.4499658401183662       -4.3438994002396439E-002
   1.4562427485171470       -4.2476995684154147E-002
   1.4625196569159278       -2.9605553401593487E-002
   1.4687965653147086       -8.4273955113359084E-003
   1.4750734737134894        1.5116474944228266E-002
   1.4813503821122702        3.4411440997329512E-002
   1.4876272905110510        4.4028447696302757E-002
   1.4939041989098316        4.1254748432273468E-002
   1.5001811073086124        2.6863589771141845E-002
   1.5064580157073932        4.9031195997924874E-003
   1.5127349241061741       -1.8439163358162990E-002
   1.5190118325049549       -3.6578686970914112E-002
   1.5252887409037357       -4.4392358354800661E-002
   1.5315656493025165       -3.9668285703655257E-002
   1.5378425577012973       -2.3735468669698681E-002
   1.5441194661000781       -1.0931152971626731E-003
   1.5503963744988589        2.1857919442380094E-002
   1.5566732828976397        3.8624319440325933E-002
   1.5629501912964205        4.4458627454357018E-002
   1.5692270996952014        3.7705674089282326E-002
   1.5755040080939822        2.0274456682210500E-002
   1.5817809164927630       -2.8997911289926678E-003
   1.5880578248915438       -2.5252196228478404E-002
   1.5943347332903246       -4.0448313529664250E-002
   1.6006116416891054       -4.4180284210208198E-002
   1.6068885500878862       -3.5389218617757727E-002
   1.6131654584866670       -1.6566419058846985E-002
   1.6194423668854478        6.9525307669935019E-003
   1.6257192752842287        2.8500729167283082E-002
   1.6319961836830095        4.1970585266921885E-002
   1.6382730920817903        4.3545445833758335E-002
   1.6445500004805711        3.2780838801348959E-002
   1.6508269088793519        1.2728882386640864E-002
   1.6571038172781327       -1.0928705267080126E-002
   1.6633807256769135       -3.1492126729231705E-002
   1.6696576340756943       -4.3141750639416186E-002
   1.6759345424744752       -4.2584676749023519E-002
   1.6822114508732560       -2.9983581427857026E-002
   1.6884883592720368       -8.9062103658750745E-003
   1.6947652676708176        1.4688066560309958E-002
   1.7010421760695984        3.4135658902375833E-002
   1.7073190844683792        4.3951328889379290E-002
   1.7135959928671600        4.1373552779993182E-002
   1.7198729012659408        2.7137495569432065E-002
   1.7261498096647214        5.2602026092268672E-003
   1.7324267180635022       -1.8097820547678289E-002
   1.7387036264622830       -3.6370434602420634E-002
   1.7449805348610639       -4.4431681411204682E-002
   1.7512574432598447       -4.0030340923892842E-002
   1.7575343516586255       -2.4412425238106231E-002
   1.7638112600574063       -1.9611157861405566E-003
   1.7700881684561871        2.1039782640065723E-002
   1.7763650768549679        3.8168014669138946E-002
   1.7826419852537487        4.4655200176452393E-002
   1.7889188936525295        3.8708989157124583E-002
   1.7951958020513104        2.1999663219475218E-002
   1.8014727104500912       -8.1855554956695249E-004
   1.8077496188488720       -2.3411690827363146E-002
   1.8140265272476528       -3.9527896100907546E-002
   1.8203034356464336       -4.4725566132355947E-002
   1.8265803440452144       -3.7590070931673242E-002
   1.8328572524439952       -2.0107476627347493E-002
   1.8391341608427760        2.9003844476076642E-003
   1.8454110692415568        2.5115538935314805E-002
   1.8516879776403377        4.0463042580335805E-002
   1.8579648860391185        4.4769264914287926E-002
   1.8642417944378993        3.6886868611037106E-002
   1.8705187028366801        1.8985576703905008E-002
   1.8767956112354609       -4.0607190136232501E-003
   1.8830725196342417       -2.6013219044514330E-002
   1.8893494280330225       -4.0962132679709988E-002
   1.8956263364318033       -4.4913336819333176E-002
   1.9019032448305841       -3.6842291303383776E-002
   1.9081801532293650       -1.8940260977081076E-002
   1.9144570616281458        4.0006155582009931E-003
   1.9207339700269266        2.5885656781231114E-002
   1.9270108784257074        4.0942856464172700E-002
   1.9332877868244882        4.5239121214711422E-002
   1.9395646952232690        3.7690457816141110E-002
   1.9458416036220498        2.0311422115052408E-002
   1.9521185120208304       -2.3458554747797363E-003
   1.9583954204196112       -2.4400833787430250E-002
   1.9646723288183920       -4.0176194131768178E-002
   1.9709492372171729       -4.5651683049842080E-002
   1.9772261456159537       -3.9470232288172057E-002
   1.9835030540147345       -2.3250037522188419E-002
   1.9897799624135153       -1.1383957629258247E-003
   1.9960568708122961        2.1264322213840326E-002
   2.0023337792110771        3.8327750936007876E-002
   2.0086106876098579        4.5799568672941569E-002
   2.0148875960086388        4.1849159204306659E-002
   2.0211645044074196        2.7495928505188255E-002
   2.0274414128062004        6.3282919194043753E-003
   2.0337183212049812       -1.6405212246630052E-002
   2.0399952296037620       -3.5100437829959683E-002
   2.0462721380025428       -4.5174120566277252E-002
   2.0525490464013236       -4.4176754279637687E-002
   2.0588259548001044       -3.2375260713917796E-002
   2.0651028631988853       -1.2670598008155289E-002
   2.0713797715976656        1.0122675070281634E-002
   2.0776566799964464        3.0454856880434925E-002
   2.0839335883952272        4.3389601005767851E-002
   2.0902104967940081        4.5796509968422508E-002
   2.0964874051927889        3.7102014550150823E-002
   2.1027643135915697        1.9420583148964984E-002
   2.1090412219903505       -2.9623046894169318E-003
   2.1153181303891313       -2.4628761393249588E-002
   2.1215950387879121       -4.0337742428926175E-002
   2.1278719471866929       -4.6289983066427322E-002
   2.1341488555854737       -4.1044827829731977E-002
   2.1404257639842545       -2.5868734333817020E-002
   2.1467026723830354       -4.4313380010398366E-003
   2.1529795807818162        1.8078693700103735E-002
   2.1592564891805970        3.6206355710973089E-002
   2.1655333975793778        4.5550637507365273E-002
   2.1718103059781586        4.3834052868932716E-002
   2.1780872143769394        3.1461745368055065E-002
   2.1843641227757202        1.1432189219359071E-002
   2.1906410311745010       -1.1382677868994082E-002
   2.1969179395732819       -3.1417191856846244E-002
   2.2031948479720627       -4.3767831419697326E-002
   2.2094717563708435       -4.5396037032409388E-002
   2.2157486647696243       -3.5882826221031380E-002
   2.2220255731684051       -1.7546394365226078E-002
   2.2283024815671859        5.1122629178403248E-003
   2.2345793899659667        2.6506124824184366E-002
   2.2408562983647475        4.1336597986726065E-002
   2.2471332067635283        4.5908891431182527E-002
   2.2534101151623092        3.9061524930584741E-002
   2.2596870235610900        2.2474252993725404E-002
   2.2659639319598708        2.6989741350691394E-004
   2.2722408403586516       -2.1999436814652877E-002
   2.2785177487574324       -3.8735689564065548E-002
   2.2847946571562132       -4.5704807318588739E-002
   2.2910715655549940       -4.1117991699721218E-002
   2.2973484739537748       -2.6105921341696054E-002
   2.3036253823525557       -4.4567450145133114E-003
   2.3099022907513365        1.8326300362730735E-002
   2.3161791991501173        3.6417068026021841E-002
   2.3224561075488981        4.5158436057296893E-002
   2.3287330159476789        4.2271805466717577E-002
   2.3350099243464597        2.8467623961699971E-002
   2.3412868327452405        7.2894024644258575E-003
   2.3475637411440213       -1.5780452095109750E-002
   2.3538406495428021       -3.4731734309870088E-002
   2.3601175579415830       -4.4593716907129322E-002
   2.3663944663403638       -4.2749803850176279E-002
   2.3726713747391446       -2.9649243718914139E-002
   2.3789482831379254       -8.7180067254716553E-003
   2.3852251915367062        1.4520625099936974E-002
   2.3915020999354870        3.3894715186618539E-002
   2.3977790083342678        4.4224184022585676E-002
   2.4040559167330486        4.2716939138320580E-002
   2.4103328251318294        2.9741501250834398E-002
   2.4166097335306103        8.7577493819721991E-003
   2.4228866419293911       -1.4589016894377287E-002
   2.4291635503281719       -3.3978224052662258E-002
   2.4354404587269527       -4.4126842214298238E-002
   2.4417173671257335       -4.2240286213739084E-002
   2.4479942755245143       -2.8799838038242407E-002
   2.4542711839232951       -7.4599910501729665E-003
   2.4605480923220759        1.5929518451787760E-002
   2.4668250007208568        3.4919738625562517E-002
   2.4731019091196376        4.4243160576726087E-002
   2.4793788175184184        4.1286502030353583E-002
   2.4856557259171992        2.6840475512367658E-002
   2.4919326343159800        4.9067104031085985E-003
   2.4982095427147608       -1.8397001422224304E-002
   2.5044864511135416       -3.6537472111558209E-002
   2.5107633595123224       -4.4401438340410174E-002
   2.5170402679111032       -3.9748499521783220E-002
   2.5233171763098841       -2.3865289135321238E-002
   2.5295940847086644       -1.2254137553796749E-003
   2.5358709931074452        2.1759775443133549E-002
   2.5421479015062260        3.8553626682655794E-002
   2.5484248099050069        4.4357982283777617E-002
   2.5547017183037877        3.7495038657467825E-002
   2.5609786267025685        1.9905797214076409E-002
   2.5672555351013493       -3.3868236834028731E-003
   2.5735324435001301       -2.5705218775066863E-002
   2.5798093518989109       -4.0630749056190185E-002
   2.5860862602976917       -4.3854948419421766E-002
   2.5923631686964725       -3.4432338397845264E-002
   2.5986400770952534       -1.5067693746349873E-002
   2.6049169854940342        8.6521751448080629E-003
   2.6111938938928150        2.9866054419031684E-002
   2.6174708022915958        4.2423538327242480E-002
   2.6237477106903766        4.2672804397836682E-002
   2.6300246190891574        3.0529615541288087E-002
   2.6363015274879382        9.5124789928665073E-003
   2.6425784358867190       -1.4271363670021993E-002
   2.6488553442854998       -3.3898232604980781E-002
   2.6551322526842807       -4.3644641348831788E-002
   2.6614091610830615       -4.0660285753403087E-002
   2.6676860694818423       -2.5807069636899594E-002
   2.6739629778806231       -3.4156106373529989E-003
   2.6802398862794039        1.9973511433174555E-002
   2.6865167946781847        3.7518845393277364E-002
   2.6927937030769655        4.4080510237643894E-002
   2.6990706114757463        3.7729419384057619E-002
   2.7053475198745272        2.0319117127853597E-002
   2.7116244282733080       -3.0505540569005928E-003
   2.7179013366720888       -2.5524036261963073E-002
   2.7241782450708696       -4.0500117111148218E-002
   2.7304551534696504       -4.3572434207704645E-002
   2.7367320618684312       -3.3829659953831775E-002
   2.7430089702672120       -1.4130765149797088E-002
   2.7492858786659928        9.7291808858824044E-003
   2.7555627870647736        3.0720748889606353E-002
   2.7618396954635545        4.2650694621781178E-002
   2.7681166038623353        4.1991613416791251E-002
   2.7743935122611161        2.8929494270727149E-002
   2.7806704206598969        7.3167307784190545E-003
   2.7869473290586777       -1.6459500381922981E-002
   2.7932242374574585       -3.5362485799998081E-002
   2.7995011458562393       -4.3789120843779811E-002
   2.8057780542550201       -3.9234092362719152E-002
   2.8120549626538009       -2.3039811357533541E-002
   2.8183318710525818       -6.0934352909959853E-006
   2.8246087794513626        2.3028564566036733E-002
   2.8308856878501434        3.9215932093759870E-002
   2.8371625962489242        4.3735606341879243E-002
   2.8434395046477050        3.5234425325106226E-002
   2.8497164130464858        1.6236676698835481E-002
   2.8559933214452666       -7.6007720595464125E-003
   2.8622702298440474       -2.9170036664873045E-002
   2.8685471382428283       -4.2031411609691580E-002
   2.8748240466416091       -4.2338341547156218E-002
   2.8811009550403899       -2.9991941169588490E-002
   2.8873778634391707       -8.6772328638072983E-003
   2.8936547718379515        1.5233117542759364E-002
   2.8999316802367323        3.4582468096046787E-002
   2.9062085886355131        4.3572949084957895E-002
   2.9124854970342939        3.9505378180952518E-002
   2.9187624054330747        2.3593298252979584E-002
   2.9250393138318556        6.0449447880664073E-004
   2.9313162222306364       -2.2565173885664192E-002
   2.9375931306294172       -3.8959650829086416E-002
   2.9438700390281980       -4.3652226196746802E-002
   2.9501469474269788       -3.5228573627311813E-002
   2.9564238558257596       -1.6216016826065178E-002
   2.9627007642245404        7.6721720842090396E-003
   2.9689776726233212        2.9252200056696879E-002
   2.9752545810221021        4.2030158006570541E-002
   2.9815314894208829        4.2157547680140052E-002
   2.9878083978196632        2.9592531020997227E-002
   2.9940853062184440        8.1157964263408513E-003
   3.0003622146172249       -1.5805382767133312E-002
   3.0066391230160057       -3.4964014320302467E-002
   3.0129160314147865       -4.3585177024048259E-002
   3.0191929398135673       -3.9068014430380951E-002
   3.0254698482123481       -2.2771984023158491E-002
   3.0317467566111289        3.9084744953364202E-004
   3.0380236650099097        2.3435596619478131E-002
   3.0443005734086905        3.9410814774401039E-002
   3.0505774818074713        4.3495977609605427E-002
   3.0568543902062522        3.4457050540725218E-002
   3.0631312986050330        1.5020259779502249E-002
   3.0694082070038138       -8.9494635265103695E-003
   3.0756851154025946       -3.0217962922294152E-002
   3.0819620238013754       -4.2365378243585147E-002
   3.0882389322001562       -4.1724462157270235E-002
   3.0945158405989370       -2.8488208816891975E-002
   3.1007927489977178       -6.6520363328149016E-003
   3.1070696573964987        1.7192249365963981E-002
   3.1133465657952795        3.5846597317086885E-002
   3.1196234741940603        4.3679929784444571E-002
   3.1259003825928411        3.8328087972742765E-002
   3.1321772909916219        2.1407172129013972E-002
   3.1384541993904027       -1.9749548973202070E-003
   3.1447311077891835       -2.4761174623964620E-002
   3.1510080161879643       -4.0075537872032170E-002
   3.1572849245867451       -4.3298194976505645E-002
   3.1635618329855260       -3.3458538286961034E-002
   3.1698387413843068       -1.3526508563955406E-002
   3.1761156497830876        1.0485078031748819E-002
   3.1823925581818684        3.1335430045275114E-002
   3.1886694665806492        4.2739670527152128E-002
   3.1949463749794300        4.1262766638712076E-002
   3.2012232833782108        2.7352787663296869E-002
   3.2075001917769916        5.2030365266501786E-003
   3.2137771001757724       -1.8513945805643847E-002
   3.2200540085745533       -3.6657633552328053E-002
   3.2263309169733341       -4.3769300743749372E-002
   3.2326078253721149       -3.7712971009955784E-002
   3.2388847337708957       -2.0314551062292890E-002
   3.2451616421696765        3.1914065514007553E-003
   3.2514385505684573        2.5738826190168696E-002
   3.2577154589672381        4.0555169456086948E-002
   3.2639923673660189        4.3194918382351850E-002
   3.2702692757647998        3.2871024110455054E-002
   3.2765461841635806        1.2686188613127470E-002
   3.2828230925623614       -1.1302951086034419E-002
   3.2891000009611422       -3.1905423853402594E-002
   3.2953769093599230       -4.2951859459139548E-002
   3.3016538177587038       -4.1140144174374040E-002
   3.3079307261574846       -2.7019063300935880E-002
   3.3142076345562654       -4.8179120183530410E-003
   3.3204845429550462        1.8823824840805942E-002
   3.3267614513538271        3.6844011119937778E-002
   3.3330383597526079        4.3866956697211648E-002
   3.3393152681513887        3.7804222195005406E-002
   3.3455921765501695        2.0471205333072610E-002
   3.3518690849489503       -2.9612077024366995E-003
   3.3581459933477311       -2.5512868054746517E-002
   3.3644229017465119       -4.0474952449208991E-002
   3.3706998101452927       -4.3404255311702881E-002
   3.3769767185440736       -3.3438705000202497E-002
   3.3832536269428544       -1.3545740678697033E-002
   3.3895305353416352        1.0366371613808451E-002
   3.3958074437404160        3.1206607864210176E-002
   3.4020843521391968        4.2804451656138609E-002
   3.4083612605379776        4.1734281837157897E-002
   3.4146381689367584        2.8322183834050746E-002
   3.4209150773355392        6.5407338065424968E-003
   3.4271919857343200       -1.7172764513311494E-002
   3.4334688941331009       -3.5821489962048980E-002
   3.4397458025318817       -4.3913007584156526E-002
   3.4460227109306620       -3.9073144365705470E-002
   3.4522996193294428       -2.2736676141674093E-002
   3.4585765277282237        2.8435318338000649E-004
   3.4648534361270045        2.3222968912188478E-002
   3.4711303445257853        3.9348358466005151E-002
   3.4774072529245661        4.3939221184020397E-002
   3.4836841613233469        3.5661243563270578E-002
   3.4899610697221277        1.6948201514650939E-002
   3.4962379781209085       -6.7201372934187669E-003
   3.5025148865196893       -2.8427154744788102E-002
   3.5087917949184702       -4.1841679797225959E-002
   3.5150687033172510       -4.3061787822121188E-002
   3.5213456117160318       -3.1743898674309441E-002
   3.5276225201148126       -1.1192143957449326E-002
   3.5338994285135934        1.2612788572163669E-002
   3.5401763369123742        3.2757977603834337E-002
   3.5464532453111550        4.3405829044620432E-002
   3.5527301537099358        4.1481793426931320E-002
   3.5590070621087166        2.7555386827862221E-002
   3.5652839705074975        5.6640247351542180E-003
   3.5715608789062783       -1.7863827604472127E-002
   3.5778377873050591       -3.6241299040940728E-002
   3.5841146957038399       -4.4179882942521731E-002
   3.5903916041026207       -3.9406411043241961E-002
   3.5966685125014015       -2.3306500053125914E-002
   3.6029454209001823       -5.1453181622018013E-004
   3.6092223292989631        2.2426327749314030E-002
   3.6154992376977440        3.8944906830878021E-002
   3.6217761460965248        4.4322293299115190E-002
   3.6280530544953056        3.7034125730096429E-002
   3.6343299628940864        1.9174761142639225E-002
   3.6406068712928672       -4.1523470859146216E-003
   3.6468837796916480       -2.6298435968842005E-002
   3.6531606880904288       -4.0965988035285089E-002
   3.6594375964892096       -4.3996633289224353E-002
   3.6657145048879904       -3.4543629349538342E-002
   3.6719914132867713       -1.5300196224194861E-002
   3.6782683216855521        8.2753626858839829E-003
   3.6845452300843329        2.9512701294197679E-002
   3.6908221384831137        4.2417398855229070E-002
   3.6970990468818945        4.3359307629241124E-002
   3.7033759552806753        3.2086804908106878E-002
   3.7096528636794561        1.1785572618633489E-002
   3.7159297720782369       -1.1828908714238091E-002
   3.7222066804770177       -3.2124648595689954E-002
   3.7284835888757986       -4.3415700218790092E-002
   3.7347604972745794       -4.2550918764672672E-002
   3.7410374056733602       -2.9786190943428284E-002
   3.7473143140721410       -8.7007563128686169E-003
   3.7535912224709218        1.4813304170691911E-002
   3.7598681308697026        3.4201234599728528E-002
   3.7661450392684834        4.4072260014770707E-002
   3.7724219476672642        4.1693845836193261E-002
   3.7786988560660451        2.7740668982951636E-002
   3.7849757644648259        6.0951205252439324E-003
   3.7912526728636067       -1.7239618888332673E-002
   3.7975295812623875       -3.5807810912281350E-002
   3.8038064896611683       -4.4486199392226394E-002
   3.8100833980599491       -4.0892555466374603E-002
   3.8163603064587299       -2.6031866561349169E-002
   3.8226372148575107       -4.0070607721123053E-003
   3.8289141232562915        1.9120340487279525E-002
   3.8351910316550724        3.7001467011945462E-002
   3.8414679400538532        4.4741613152571462E-002
   3.8477448484526340        4.0234672479737756E-002
   3.8540217568514148        2.4728166824770217E-002
   3.8602986652501956        2.4695311321520862E-003
   3.8665755736489764       -2.0463872352720944E-002
   3.8728524820477572       -3.7826942629459653E-002
   3.8791293904465380       -4.4905789929483519E-002
   3.8854062988453189       -3.9791676521817483E-002
   3.8916832072440997       -2.3887286650474435E-002
   3.8979601156428805       -1.5134550889492652E-003
   3.9042370240416608        2.1271116644028525E-002
   3.9105139324404417        3.8313014048937472E-002
   3.9167908408392225        4.5023866254678038E-002
   3.9230677492380033        3.9609671287871642E-002
   3.9293446576367841        2.3542078899846844E-002
   3.9356215660355649        1.1502221202065472E-003
   3.9418984744343457       -2.1551562635317222E-002
   3.9481753828331265       -3.8481177656306188E-002
   3.9544522912319073       -4.5115975636483424E-002
   3.9607291996306881       -3.9695177507262543E-002
   3.9670061080294690       -2.3679546742949937E-002
   3.9732830164282498       -1.3505241522919630E-003
   3.9795599248270306        2.1339306304969063E-002
   3.9858368332258114        3.8354577683712025E-002
   3.9921137416245922        4.5180314575216395E-002
   3.9983906500233730        4.0014919237053477E-002
   4.0046675584221543        2.4239338164434930E-002
   4.0109444668209351        2.0420958144368585E-003
   4.0172213752197159       -2.0696518584649225E-002
   4.0234982836184967       -3.7963051271893332E-002
   4.0297751920172775       -4.5199229121089743E-002
   4.0360521004160583       -4.0501396854316155E-002
   4.0423290088148391       -2.5116785953941265E-002
   4.0486059172136200       -3.1085705054968841E-003
   4.0548828256124008        1.9719449497146831E-002
   4.0611597340111816        3.7353619980563912E-002
   4.0674366424099624        4.5153175747935467E-002
   4.0737135508087432        4.1069095978453152E-002
   4.0799904592075240        2.6179832908399654E-002
   4.0862673676063048        4.4046154761535634E-003
   4.0925442760050856       -1.8529033363267194E-002
   4.0988211844038664       -3.6591559382369819E-002
   4.1050980928026473       -4.5035647096692534E-002
   4.1113750012014281       -4.1642775920419053E-002
   4.1176519096002089       -2.7305260986996979E-002
   4.1239288179989897       -5.7913822414001623E-003
   4.1302057263977705        1.7244585392483438E-002
   4.1364826347965504        3.5747663046176714E-002
   4.1427595431953312        4.4853074526287971E-002
   4.1490364515941121        4.2165194856152888E-002
   4.1553133599928929        2.8388522106467754E-002
   4.1615902683916737        7.1443861519097833E-003
   4.1678671767904545       -1.5979328024729938E-002
   4.1741440851892353       -3.4896667336214084E-002
   4.1804209935880161       -4.4624961079594370E-002
   4.1866979019867969       -4.2598023806509414E-002
   4.1929748103855777       -2.9345073049992579E-002
   4.1992517187843585       -8.3552997993780187E-003
   4.2055286271831394        1.4838039449018367E-002
   4.2118055355819202        3.4114440976766289E-002
   4.2180824439807010        4.4381008597092007E-002
   4.2243593523794818        4.2919554348827466E-002
   4.2306362607782626        3.0109378677120217E-002
   4.2369131691770434        9.3327939558055396E-003
   4.2431900775758242       -1.3914234623883181E-002
   4.2494669859746050       -3.3473578498463351E-002
   4.2557438943733858       -4.4156016688902018E-002
   4.2620208027721667       -4.3120106451907239E-002
   4.2682977111709475       -3.0632031492505020E-002
   4.2745746195697283       -1.0002229432816005E-002
   4.2808515279685091        1.3287653753504170E-002
   4.2871284363672899        3.3038548473895611E-002
   4.2934053447660707        4.3983810344837365E-002
   4.2996822531648515        4.3196223149097594E-002
   4.3059591615636323        3.0875681748635576E-002
   4.3122360699624132        1.0304375390925581E-002
   4.3185129783611940       -1.3022411332432022E-002
   4.3247898867599748       -3.2861177663901335E-002
   4.3310667951587556       -4.3891221092124524E-002
   4.3373437035575364       -4.3144695013791569E-002
   4.3436206119563172       -3.0810619779736620E-002
   4.3498975203550980       -1.0193626294585627E-002
   4.3561744287538788        1.3165787340976938E-002
   4.3624513371526596        3.2976891613545598E-002
   4.3687282455514405        4.3892872882532533E-002
   4.3750051539502213        4.2957319634970258E-002
   4.3812820623490021        3.0410864706686132E-002
   4.3875589707477829        9.6363331938429612E-003
   4.3938358791465637       -1.3747410815203984E-002
   4.4001127875453445       -3.3401866817293971E-002
   4.4063896959441253       -4.3987275648233411E-002
   4.4126666043429061       -4.2617109438674583E-002
   4.4189435127416870       -2.9651501145523351E-002
   4.4252204211404678       -8.6098392204132027E-003
   4.4314973295392486        1.4778529782101991E-002
   4.4377742379380294        3.4131124047283252E-002
   4.4440511463368102        4.4154552845119072E-002
   4.4503280547355910        4.2096456449638796E-002
   4.4566049631343718        2.8507800667294404E-002
   4.4628818715331526        7.1026365784537856E-003
   4.4691587799319334       -1.6251168306767112E-002
   4.4754356883307143       -3.5137605065915199E-002
   4.4817125967294951       -4.4356033394149022E-002
   4.4879895051282759       -4.1357565511102631E-002
   4.4942664135270567       -2.6956399472048611E-002
   4.5005433219258375       -5.1157841813963979E-003
   4.5068202303246183        1.8137195580310433E-002
   4.5130971387233991        3.6372383943696636E-002
   4.5193740471221799        4.4535894971665956E-002
   4.5256509555209607        4.0355272313474813E-002
   4.5319278639197416        2.4978499903779521E-002
   4.5382047723185224        2.6653896622832016E-003
   4.5444816807173032       -2.0387607711977451E-002
   4.5507585891160840       -3.7766300973892809E-002
   4.5570354975148648       -4.4625001007395963E-002
   4.5633124059136456       -3.9042146266217916E-002
   4.5695893143124264       -2.2564736918524911E-002
   4.5758662227112072        2.1438061733011746E-004
   4.5821431311099881        2.2932573809494546E-002
   4.5884200395087689        3.9233392484473342E-002
   4.5946969479075497        4.4546968638986252E-002
   4.6009738563063305        3.7375518977428017E-002
   4.6072507647051113        1.9721023891453617E-002
   4.6135276731038921       -3.4685847871765178E-003
   4.6198045815026729       -2.5682945507636418E-002
   4.6260814899014537       -4.0676451511701628E-002
   4.6323583983002345       -4.4226296586970908E-002
   4.6386353066990154       -3.5325777106112941E-002
   4.6449122150977962       -1.6474407313257170E-002
   4.6511891234965770        7.0200643341231089E-003
   4.6574660318953578        2.8533903342335038E-002
   4.6637429402941386        4.1994846293058843E-002
   4.6700198486929194        4.3598065293129644E-002
   4.6762967570917002        3.2884951436385014E-002
   4.6825736654904810        1.2877783566051121E-002
   4.6888505738892619       -1.0770228666273151E-002
   4.6951274822880427       -3.1371168917554274E-002
   4.7014043906868235       -4.3094344458477297E-002
   4.7076812990856043       -4.2618342664188465E-002
   4.7139582074843851       -3.0074400363332084E-002
   4.7202351158831659       -9.0123448602269108E-003
   4.7265120242819467        1.4602736395007664E-002
   4.7327889326807275        3.4079747551182926E-002
   4.7390658410795083        4.3898196669631760E-002
   4.7453427494782892        4.1274083851313391E-002
   4.7516196578770700        2.6950329190265441E-002
   4.7578965662758508        4.9868975053496325E-003
   4.7641734746746316       -1.8390207848285444E-002
   4.7704503830734124       -3.6554541111297703E-002
   4.7767272914721932       -4.4358236126130240E-002
   4.7830041998709740       -3.9591129463032844E-002
   4.7892811082697548       -2.3606102363131889E-002
   4.7955580166685357       -9.3376112024259308E-004
   4.8018349250673165        2.2003363846743920E-002
   4.8081118334660973        3.8711494467780806E-002
   4.8143887418648781        4.4464338939292837E-002
   4.8206656502636589        3.7638838397634156E-002
   4.8269425586624397        2.0170509937926559E-002
   4.8332194670612205       -2.9987177790977010E-003
   4.8394963754600013       -2.5321643871212871E-002
   4.8457732838587821       -4.0497558092566423E-002
   4.8520501922575630       -4.4250085400918931E-002
   4.8583271006563438       -3.5529284656443061E-002
   4.8646040090551246       -1.6800682254795155E-002
   4.8708809174539054        6.6570178707837345E-003
   4.8771578258526862        2.8243928234907626E-002
   4.8834347342514670        4.1897523344061161E-002
   4.8897116426502478        4.3793542565281181E-002
   4.8959885510490286        3.3412188237418462E-002
   4.9022654594478094        1.3673544070493683E-002
   4.9085423678465903       -9.8909340177378638E-003
   4.9148192762453711       -3.0693662724813997E-002
   4.9210961846441519       -4.2933898944448413E-002
   4.9273730930429327       -4.3212078798936120E-002
   4.9336500014417135       -3.1466812661053070E-002
   4.9399269098404943       -1.0978110988755667E-002
   4.9462038182392751        1.2557598506678097E-002
   4.9524807266380559        3.2617221898913057E-002
   4.9587576350368368        4.3659920066171587E-002
   4.9650345434356176        4.2652870483785674E-002
   4.9713114518343984        2.9894608189137209E-002
   4.9775883602331792        8.9148371575203909E-003
   4.9838652686319600       -1.4513466163098563E-002
   4.9901421770307408       -3.3969902697997337E-002
   4.9964190854295216       -4.4146875050036685E-002
   5.0026959938283024       -4.2290829003996888E-002
   5.0089729022270832       -2.8934451873029111E-002
   5.0152498106258641       -7.7284023771695461E-003
   5.0215267190246449        1.5571030630305073E-002
   5.0278036274234257        3.4673491737730260E-002
   5.0340805358222065        4.4453300295871488E-002
   5.0403574442209873        4.2315809999147545E-002
   5.0466343526197681        2.8868996937566092E-002
   5.0529112610185480        7.7307971950685223E-003
   5.0591881694173289       -1.5462803109952648E-002
   5.0654650778161097       -3.4571784021581876E-002
   5.0717419862148905       -4.4577627462128691E-002
   5.0780188946136713       -4.2889318075901281E-002
   5.0842958030124521       -2.9993036802861604E-002
   5.0905727114112329       -9.2888366025480392E-003
   5.0968496198100137        1.3826636443651272E-002
   5.1031265282087945        3.3378321963893440E-002
   5.1094034366075753        4.4356073370796549E-002
   5.1156803450063562        4.3985027549544239E-002
   5.1219572534051370        3.2404954562593194E-002
   5.1282341618039178        1.2598851079067292E-002
   5.1345110702026986       -1.0395264505532130E-002
   5.1407879786014794       -3.0776283569986004E-002
   5.1470648870002602       -4.3442225473734483E-002
   5.1533417953990410       -4.5255382868891476E-002
   5.1596187037978218       -3.5800815365351485E-002
   5.1658956121966026       -1.7460699221700873E-002
   5.1721725205953835        5.2012818725815282E-003
   5.1784494289941643        2.6583083252487431E-002
   5.1847263373929451        4.1427987606260340E-002
   5.1910032457917259        4.6108695343301490E-002
   5.1972801541905067        3.9501329095188401E-002
   5.2035570625892875        2.3242571301494621E-002
   5.2098339709880683        1.3146422695622731E-003
   5.2161108793868491       -2.0934817182692658E-002
   5.2223877877856300       -3.8096420535372454E-002
   5.2286646961844108       -4.6009613017382815E-002
   5.2349416045831916       -4.2764738921239560E-002
   5.2412185129819724       -2.9157575807335610E-002
   5.2474954213807532       -8.4899842116625424E-003
   5.2537723297795340        1.4232631237647442E-002
   5.2600492381783148        3.3512286751622267E-002
   5.2663261465770956        4.4686004926508802E-002
   5.2726030549758764        4.5050988505487548E-002
   5.2788799633746573        3.4517204988662467E-002
   5.2851568717734381        1.5630455289971191E-002
   5.2914337801722189       -7.0402362505235924E-003
   5.2977106885709997       -2.8004580002536174E-002
   5.3039875969697805       -4.2178069123091771E-002
   5.3102645053685613       -4.6114755967200417E-002
   5.3165414137673421       -3.8847617426316081E-002
   5.3228183221661229       -2.2131354265194265E-002
   5.3290952305649038       -2.5499356396321286E-005
   5.3353721389636846        2.2085109711042168E-002
   5.3416490473624654        3.8798254571131646E-002
   5.3479259557612462        4.6014574394280104E-002
   5.3542028641600270        4.1948011489888380E-002
   5.3604797725588078        2.7576626934547953E-002
   5.3667566809575886        6.4180716581514483E-003
   5.3730335893563694       -1.6321772184970485E-002
   5.3793104977551502       -3.5023786702487354E-002
   5.3855874061539311       -4.5044017737883864E-002
   5.3918643145527119       -4.3873020025503438E-002
   5.3981412229514927       -3.1775628284498023E-002
   5.4044181313502735       -1.1745522056221969E-002
   5.4106950397490543        1.1222744844235541E-002
   5.4169719481478351        3.1370877790668085E-002
   5.4232488565466159        4.3619275884054259E-002
   5.4295257649453967        4.4854240527145983E-002
   5.4358026733441775        3.4732521166113556E-002
   5.4420795817429584        1.5792330434805150E-002
   5.4483564901417392       -7.1675572807766378E-003
   5.4546333985405200       -2.8293134040833293E-002
   5.4609103069393008       -4.2165268799638188E-002
   5.4671872153380816       -4.5196339038014274E-002
   5.4734641237368624       -3.6572113618283560E-002
   5.4797410321356432       -1.8488275041378618E-002
   5.4860179405344240        4.3909447640222551E-003
   5.4922948489332049        2.6123561087558870E-002
   5.4985717573319857        4.1029571567884920E-002
   5.5048486657307665        4.5181852570796162E-002
   5.5111255741295473        3.7455470644752673E-002
   5.5174024825283281        1.9851415375537664E-002
   5.5236793909271089       -3.0027786003897572E-003
   5.5299562993258897       -2.5056341546432520E-002
   5.5362332077246705       -4.0433350590150692E-002
   5.5425101161234513       -4.5004737418530581E-002
   5.5487870245222322       -3.7512082612109116E-002
   5.5550639329210130       -1.9933460065927854E-002
   5.5613408413197938        3.0196813107883158E-003
   5.5676177497185746        2.5152218079170841E-002
   5.5738946581173554        4.0453847529086422E-002
   5.5801715665161362        4.4738041014393069E-002
   5.5864484749149170        3.6802689042469361E-002
   5.5927253833136978        1.8786573169009346E-002
   5.5990022917124787       -4.3887481790510705E-003
   5.6052792001112595       -2.6351378952707213E-002
   5.6115561085100403       -4.1028450296969582E-002
   5.6178330169088211       -4.4332736993111098E-002
   5.6241099253076019       -3.5315911241786097E-002
   5.6303868337063827       -1.6458800275551921E-002
   5.6366637421051635        6.9946332307045077E-003
   5.6429406505039443        2.8485592591463368E-002
   5.6492175589027251        4.1973704661832124E-002
   5.6554944673015060        4.3642802881549619E-002
   5.6617713757002868        3.2994971905269212E-002
   5.6680482840990676        1.3015009866364325E-002
   5.6743251924978484       -1.0652574829567671E-002
   5.6806021008966292       -3.1290992622821319E-002
   5.6868790092954100       -4.3018324372799017E-002
   5.6931559176941908       -4.2472153064947775E-002
   5.6994328260929716       -2.9786372409069742E-002
   5.7057097344917524       -8.5725264541044611E-003
   5.7119866428905333        1.5098443596196234E-002
   5.7182635512893141        3.4429581474126635E-002
   5.7245404596880949        4.3852060438558375E-002
   5.7308173680868757        4.0636937678828151E-002
   5.7370942764856565        2.5695479768955639E-002
   5.7433711848844373        3.3304159010784434E-003
   5.7496480932832181       -1.9996758044864543E-002
   5.7559250016819989       -3.7530739509324729E-002
   5.7622019100807798       -4.4181421792340678E-002
   5.7684788184795606       -3.8007631659698907E-002
   5.7747557268783414       -2.0791110637147794E-002
   5.7810326352771222        2.4710861599567366E-003
   5.7873095436759030        2.5012940490882526E-002
   5.7935864520746838        4.0266807680037937E-002
   5.7998633604734646        4.3779563172279386E-002
   5.8061402688722454        3.4517515018688522E-002
   5.8124171772710262        1.5176201057955235E-002
   5.8186940856698071       -8.5992873727648890E-003
   5.8249709940685879       -2.9859190531583934E-002
   5.8312479024673687       -4.2380493631574631E-002
   5.8375248108661495       -4.2490963997573794E-002
   5.8438017192649303       -3.0150393791050702E-002
   5.8500786276637111       -8.9695013808030483E-003
   5.8563555360624919        1.4842445013269139E-002
   5.8626324444612727        3.4295670252162257E-002
   5.8689093528600536        4.3671913125018447E-002
   5.8751862612588344        4.0207998367650329E-002
   5.8814631696576152        2.4914637379441003E-002
   5.8877400780563960        2.2865876762246666E-003
   5.8940169864551768       -2.1014295788861506E-002
   5.9002938948539576       -3.8118539882785150E-002
   5.9065708032527384       -4.3975327773454594E-002
   5.9128477116515192       -3.6847629219690529E-002
   5.9191246200503000       -1.8832547819930334E-002
   5.9254015284490809        4.7505076798211700E-003
   5.9316784368478617        2.6926922698635527E-002
   5.9379553452466425        4.1128684327217509E-002
   5.9442322536454233        4.3141683536777699E-002
   5.9505091620442041        3.2360558104028311E-002
   5.9567860704429849        1.1976100184333038E-002
   5.9630629788417657       -1.1964317954490490E-002
   5.9693398872405457       -3.2348077395070930E-002
   5.9756167956393265       -4.3110577761150466E-002
   5.9818937040381073       -4.1042467816282076E-002
   5.9881706124368881       -2.6751373986603297E-002
   5.9944475208356689       -4.4884851079370772E-003
   6.0007244292344497        1.9112144460288048E-002
   6.0070013376332305        3.7008858519334699E-002
   6.0132782460320113        4.3854502936841490E-002
   6.0195551544307921        3.7597401750755710E-002
   6.0258320628295730        2.0100753647330546E-002
   6.0321089712283538       -3.4079380114039968E-003
   6.0383858796271346       -2.5895989822282355E-002
   6.0446627880259154       -4.0628912940788249E-002
   6.0509396964246962       -4.3188931198999678E-002
   6.0572166048234770       -3.2802973336974510E-002
   6.0634935132222578       -1.2579875327818481E-002
   6.0697704216210386        1.1417087036275770E-002
   6.0760473300198194        3.1986509945274459E-002
   6.0823242384186003        4.2950273707503962E-002
   6.0886011468173811        4.1011102955724105E-002
   6.0948780552161619        2.6747069595561272E-002
   6.1011549636149427        4.4421669655980824E-003
   6.1074318720137235       -1.9198270600140503E-002
   6.1137087804125043       -3.7062647721347534E-002
   6.1199856888112851       -4.3773197468202046E-002
   6.1262625972100659       -3.7306706802979400E-002
   6.1325395056088468       -1.9606784906312947E-002
   6.1388164140076276        3.9983219989607006E-003
   6.1450933224064084        2.6398548144151997E-002
   6.1513702308051892        4.0843557443530833E-002
   6.1576471392039700        4.2977885998399773E-002
   6.1639240476027508        3.2155717422857000E-002
   6.1702009560015316        1.1637878141811655E-002
   6.1764778644003124       -1.2389511235243133E-002
   6.1827547727990932       -3.2679685855852451E-002
   6.1890316811978741       -4.3111171080807253E-002
   6.1953085895966549       -4.0535430204192077E-002
   6.2015854979954357       -2.5728218340809118E-002
   6.2078624063942165       -3.1568252623037796E-003
   6.2141393147929973        2.0367218972492440E-002
   6.2204162231917781        3.7743721238898111E-002
   6.2266931315905589        4.3727244666630215E-002
   6.2329700399893397        3.6511076868798661E-002
   6.2392469483881206        1.8273184356067923E-002
   6.2455238567869014       -5.4809872111276315E-003
   6.2518007651856822       -2.7580571136900690E-002
   6.2580776735844630       -4.1354299127016769E-002
   6.2643545819832438       -4.2644609372967206E-002
   6.2706314903820246       -3.1062577213070531E-002
   6.2769083987808054       -1.0104801829243953E-002
   6.2831853071795862        1.3902789037842696E-002
