   6.2769083987808056E-003  -3.2818911129053961E-002
   1.2553816797561611E-002  -3.7266202944623732E-002
   1.8830725196342418E-002  -3.8943474445666620E-002
   2.5107633595123222E-002  -3.7727861202006663E-002
   3.1384541993904030E-002  -3.3711622732914698E-002
   3.7661450392684835E-002  -2.7194826651675132E-002
   4.3938358791465640E-002  -1.8662557041756112E-002
   5.0215267190246445E-002  -8.7484101959482714E-003
   5.6492175589027249E-002   1.8129367947870292E-003
   6.2769083987808061E-002   1.2240491033358376E-002
   6.9045992386588859E-002   2.1764917741119803E-002
   7.5322900785369670E-002   2.9685385601246412E-002
   8.1599809184150468E-002   3.5421060481833529E-002
   8.7876717582931280E-002   3.8553454979130555E-002
   9.4153625981712077E-002   3.8856552680667386E-002
  0.10043053438049289        3.6312561799995868E-002
  0.10670744277927370        3.1112239980891084E-002
  0.11298435117805450        2.3639886926656670E-002
  0.11926125957683531        1.4444236578612882E-002
  0.12553816797561612        4.1975119390124209E-003
  0.13181507637439691       -6.3542440637587086E-003
  0.13809198477317772       -1.6445840455357044E-002
  0.14436889317195853       -2.5348566850030056E-002
  0.15064580157073934       -3.2422711117805869E-002
  0.15692270996952015       -3.7163176555305898E-002
  0.16319961836830094       -3.9234961590038094E-002
  0.16947652676708175       -3.8496046472040385E-002
  0.17575343516586256       -3.5006180083561107E-002
  0.18203034356464337       -2.9021103156648215E-002
  0.18830725196342415       -2.0972803597046528E-002
  0.19458416036220497       -1.1437397508954398E-002
  0.20086106876098578       -1.0930943819341087E-003
  0.20713797715976659        9.3286234098887404E-003
  0.21341488555854740        1.9095042753392882E-002
  0.21969179395732819        2.7523749668940552E-002
  0.22596870235610900        3.4030013519594150E-002
  0.23224561075488981        3.8166749731554268E-002
  0.23852251915367062        3.9654368208546786E-002
  0.24479942755245140        3.8398576082946979E-002
  0.25107633595123224        3.4495084816789638E-002
  0.25735324435001306        2.8221107474668713E-002
  0.26363015274879381        2.0014454773044889E-002
  0.26990706114757462        1.0441882995490875E-002
  0.27618396954635543        1.5905610785388655E-004
  0.28246087794513625       -1.0134986271627433E-002
  0.28873778634391706       -1.9745647067000199E-002
  0.29501469474269787       -2.8029580861700553E-002
  0.30129160314147868       -3.4437339909326105E-002
  0.30756851154025949       -3.8549056387426679E-002
  0.31384541993904030       -4.0100895263270431E-002
  0.32012232833782106       -3.9000686752927109E-002
  0.32639923673660187       -3.5331911308762606E-002
  0.33267614513538268       -2.9346008705675570E-002
  0.33895305353416350       -2.1443760985430757E-002
  0.34522996193294431       -1.2147204965164221E-002
  0.35150687033172512       -2.0641186873966459E-003
  0.35778377873050593        8.1524379019022389E-003
  0.36406068712928674        1.7846788502440539E-002
  0.37033759552806755        2.6402701264722297E-002
  0.37661450392684831        3.3282148495725868E-002
  0.38289141232562912        3.8058355520609273E-002
  0.38916832072440993        4.0441162668219802E-002
  0.39544522912319074        4.0293271612966655E-002
  0.40172213752197156        3.7636568458367582E-002
  0.40799904592075237        3.2648368080666276E-002
  0.41427595431953318        2.5648063880653146E-002
  0.42055286271831399        1.7075255784707626E-002
  0.42682977111709480        7.4609315862310382E-003
  0.43310667951587556       -2.6063412106386340E-003
  0.43938358791465637       -1.2517009469632639E-002
  0.44566049631343718       -2.1677609639514015E-002
  0.45193740471221799       -2.9546064090834559E-002
  0.45821431311099881       -3.5663120216142971E-002
  0.46449122150977962       -3.9678155464565983E-002
  0.47076812990856043       -4.1367969107489265E-002
  0.47704503830734124       -4.0647646811324739E-002
  0.48332194670612205       -3.7573085772490751E-002
  0.48959885510490281       -3.2335274406745461E-002
  0.49587576350368362       -2.5246900824732171E-002
  0.50215267190246449       -1.6722291207865066E-002
  0.50842958030124530       -7.2520299267464184E-003
  0.51470648870002611        2.6261291826647605E-003
  0.52098339709880681        1.2358297204025230E-002
  0.52726030549758762        2.1405620941691263E-002
  0.53353721389636843        2.9273840013054699E-002
  0.53981412229514925        3.5539635806274020E-002
  0.54609103069393006        3.9872416598230306E-002
  0.55236793909271087        4.2050487115962300E-002
  0.55864484749149168        4.1970899862231702E-002
  0.56492175589027249        3.9652657772870248E-002
  0.57119866428905330        3.5233313128955619E-002
  0.57747557268783412        2.8959361547334139E-002
  0.58375248108661493        2.1171137409540408E-002
  0.59002938948539574        1.2283183142388930E-002
  0.59630629788417655        2.7612685926786370E-003
  0.60258320628295736       -6.9026324037546232E-003
  0.60886011468173817       -1.6216044851361487E-002
  0.61513702308051899       -2.4711029096504727E-002
  0.62141393147929980       -3.1967292195036773E-002
  0.62769083987808061       -3.7632263613299854E-002
  0.63396774827686131       -4.1437223500694738E-002
  0.64024465667564212       -4.3208808256736835E-002
  0.64652156507442293       -4.2875478196313307E-002
  0.65279847347320374       -4.0468801282409629E-002
  0.65907538187198456       -3.6119670956827991E-002
  0.66535229027076537       -3.0049821923377171E-002
  0.67162919866954618       -2.2559223889644826E-002
  0.67790610706832699       -1.4010110432354729E-002
  0.68418301546710780       -4.8085315702394646E-003
  0.69045992386588861        4.6155998364074968E-003
  0.69673683226466943        1.3828967376095394E-002
  0.70301374066345024        2.2414835191605576E-002
  0.70929064906223105        2.9991641829130267E-002
  0.71556755746101186        3.6229395097252641E-002
  0.72184446585979267        4.0863198679702187E-002
  0.72812137425857348        4.3703403796783703E-002
  0.73439828265735430        4.4642048203773231E-002
  0.74067519105613511        4.3655435811657824E-002
  0.74695209945491581        4.0802921386981668E-002
  0.75322900785369662        3.6222130900477864E-002
  0.75950591625247743        3.0120992373428360E-002
  0.76578282465125824        2.2767072706199785E-002
  0.77205973305003905        1.4474805226759426E-002
  0.77833664144881987        5.5912497159102768E-003
  0.78461354984760068       -3.5189490665094476E-003
  0.79089045824638149       -1.2488744831475520E-002
  0.79716736664516230       -2.0963390245731715E-002
  0.80344427504394311       -2.8614088017201882E-002
  0.80972118344272392       -3.5150104012395669E-002
  0.81599809184150474       -4.0328945853168166E-002
  0.82227500024028555       -4.3964311453077720E-002
  0.82855190863906636       -4.5931616831930533E-002
  0.83482881703784717       -4.6171016622186097E-002
  0.84110572543662798       -4.4687929777954716E-002
  0.84738263383540879       -4.1551173643689265E-002
  0.85365954223418961       -3.6888889022722818E-002
  0.85993645063297042       -3.0882505234445065E-002
  0.86621335903175112       -2.3759046243584835E-002
  0.87249026743053193       -1.5782116253830789E-002
  0.87876717582931274       -7.2419259938442254E-003
  0.88504408422809355        1.5552701295923159E-003
  0.89132099262687436        1.0297959917504172E-002
  0.89759790102565518        1.8680037826849363E-002
  0.90387480942443599        2.6411036350013919E-002
  0.91015171782321680        3.3225629906185404E-002
  0.91642862622199761        3.8892141085641006E-002
  0.92270553462077842        4.3219815389089249E-002
  0.92898244301955923        4.6064671827618531E-002
  0.93525935141834005        4.7333781389854772E-002
  0.94153625981712086        4.6987872242696280E-002
  0.94781316821590167        4.5042208705963580E-002
  0.95409007661468248        4.1565739434457807E-002
  0.96036698501346329        3.6678557952164959E-002
  0.96664389341224410        3.0547764714151091E-002
  0.97292080181102492        2.3381863354484531E-002
  0.97919771020980562        1.5423863801770299E-002
  0.98547461860858643        6.9433006995504292E-003
  0.99175152700736724       -1.7725937552921934E-003
  0.99802843540614805       -1.0428298558680786E-002
   1.0043053438049290       -1.8729711816122121E-002
   1.0105822522037098       -2.6393864027767482E-002
   1.0168591606024906       -3.3158339059334803E-002
   1.0231360690012714       -3.8790109079703948E-002
   1.0294129774000522       -4.3093501759582285E-002
   1.0356898857988328       -4.5917038114998844E-002
   1.0419667941976136       -4.7158907395627302E-002
   1.0482437025963944       -4.6770880996410927E-002
   1.0545206109951752       -4.4760509936165725E-002
   1.0607975193939561       -4.1191499186262831E-002
   1.0670744277927369       -3.6182206006498505E-002
   1.0733513361915177       -2.9902267179912036E-002
   1.0796282445902985       -2.2567420146983500E-002
   1.0859051529890793       -1.4432643838042195E-002
   1.0921820613878601       -5.7838046469949559E-003
   1.0984589697866409        3.0719504847144378E-003
   1.1047358781854217        1.1816760526420566E-002
   1.1110127865842025        2.0133238811257007E-002
   1.1172896949829834        2.7715910876720574E-002
   1.1235666033817642        3.4282504980085837E-002
   1.1298435117805450        3.9584687008971858E-002
   1.1361204201793258        4.3417833748067250E-002
   1.1423973285781066        4.5629455387355806E-002
   1.1486742369768874        4.6125910168703183E-002
   1.1549511453756682        4.4877101037863208E-002
   1.1612280537744490        4.1918905381912480E-002
   1.1675049621732299        3.7353163059966721E-002
   1.1737818705720107        3.1345133023405698E-002
   1.1800587789707915        2.4118422315592518E-002
   1.1863356873695723        1.5947490023720916E-002
   1.1926125957683531        7.1479292349051378E-003
   1.1988895041671339       -1.9351717438117263E-003
   1.2051664125659147       -1.0940395905651571E-002
   1.2114433209646955       -1.9504217821177762E-002
   1.2177202293634763       -2.7275737611842852E-002
   1.2239971377622572       -3.3931341251170810E-002
   1.2302740461610380       -3.9188674624201052E-002
   1.2365509545598188       -4.2819318313394451E-002
   1.2428278629585996       -4.4659576075761487E-002
   1.2491047713573804       -4.4618843092120920E-002
   1.2553816797561612       -4.2685099764605605E-002
   1.2616585881549420       -3.8927181303111395E-002
   1.2679354965537226       -3.3493599456784824E-002
   1.2742124049525034       -2.6607836137158055E-002
   1.2804893133512842       -1.8560183802713615E-002
   1.2867662217500651       -9.6963678114923655E-003
   1.2930431301488459       -4.0334422992704315E-004
   1.2993200385476267        8.9071848863068910E-003
   1.3055969469464075        1.7816865740112407E-002
   1.3118738553451883        2.5919617602894646E-002
   1.3181507637439691        3.2840535029891628E-002
   1.3244276721427499        3.8253877533225851E-002
   1.3307045805415307        4.1899261490864675E-002
   1.3369814889403115        4.3595217571228216E-002
   1.3432583973390924        4.3249369387518673E-002
   1.3495353057378732        4.0864623329622971E-002
   1.3558122141366540        3.6540931096197167E-002
   1.3620891225354348        3.0472388630395753E-002
   1.3683660309342156        2.2939659164126752E-002
   1.3746429393329964        1.4297943374989432E-002
   1.3809198477317772        4.9609544817909943E-003
   1.3871967561305580       -4.6184220346233307E-003
   1.3934736645293389       -1.3969908013224331E-002
   1.3997505729281197       -2.2629016384291146E-002
   1.4060274813269005       -3.0160492801516278E-002
   1.4123043897256813       -3.6180813848640830E-002
   1.4185812981244621       -4.0378547582737852E-002
   1.4248582065232429       -4.2531453820455117E-002
   1.4311351149220237       -4.2519336878269469E-002
   1.4374120233208045       -4.0331857858041761E-002
   1.4436889317195853       -3.6070758815916752E-002
   1.4499658401183662       -2.9946235743492148E-002
   1.4562427485171470       -2.2267506853855354E-002
   1.4625196569159278       -1.3427940715806537E-002
   1.4687965653147086       -3.8854175536763751E-003
   1.4750734737134894        5.8611214782585876E-003
   1.4813503821122702        1.5297745243482411E-002
   1.4876272905110510        2.3922854799026998E-002
   1.4939041989098316        3.1274282838047410E-002
   1.5001811073086124        3.6954672298308289E-002
   1.5064580157073932        4.0653696861210273E-002
   1.5127349241061741        4.2165831038179023E-002
   1.5190118325049549        4.1402600778695439E-002
   1.5252887409037357        3.8398536207083771E-002
   1.5315656493025165        3.3310390957180767E-002
   1.5378425577012973        2.6409568697655521E-002
   1.5441194661000781        1.8068085321855675E-002
   1.5503963744988589        8.7387720378615426E-003
   1.5566732828976397       -1.0692325636547208E-003
   1.5629501912964205       -1.0818365810602802E-002
   1.5692270996952014       -1.9972350099259902E-002
   1.5755040080939822       -2.8026052568838791E-002
   1.5817809164927630       -3.4533791424962670E-002
   1.5880578248915438       -3.9134457115929201E-002
   1.5943347332903246       -4.1571986433357334E-002
   1.6006116416891054       -4.1709986323490177E-002
   1.6068885500878862       -3.9539637096798988E-002
   1.6131654584866670       -3.5180392352779345E-002
   1.6194423668854478       -2.8873412126066311E-002
   1.6257192752842287       -2.0968091157441006E-002
   1.6319961836830095       -1.1902449777062157E-002
   1.6382730920817903       -2.1785157329284616E-003
   1.6445500004805711        7.6658809116332835E-003
   1.6508269088793519        1.7087268964324435E-002
   1.6571038172781327        2.5566911205360456E-002
   1.6633807256769135        3.2639645168814103E-002
   1.6696576340756943        3.7919542031694696E-002
   1.6759345424744752        4.1120934268454527E-002
   1.6822114508732560        4.2073645712833993E-002
   1.6884883592720368        4.0731607655294551E-002
   1.6947652676708176        3.7174439470017716E-002
   1.7010421760695984        3.1601987231763280E-002
   1.7073190844683792        2.4322223224424965E-002
   1.7135959928671600        1.5733288157051106E-002
   1.7198729012659408        6.3007837605503908E-003
   1.7261498096647214       -3.4683226892212194E-003
   1.7324267180635022       -1.3053652336434608E-002
   1.7387036264622830       -2.1949623767764982E-002
   1.7449805348610639       -2.9692336044454211E-002
   1.7512574432598447       -3.5883659547294736E-002
   1.7575343516586255       -4.0211266017996607E-002
   1.7638112600574063       -4.2463595277866716E-002
   1.7700881684561871       -4.2539072237637844E-002
   1.7763650768549679       -4.0449233618030829E-002
   1.7826419852537487       -3.6315777050437904E-002
   1.7889188936525295       -3.0361885117674372E-002
   1.7951958020513104       -2.2898483008015964E-002
   1.8014727104500912       -1.4306347586258910E-002
   1.8077496188488720       -5.0151740237721265E-003
   1.8140265272476528        4.5192004284805177E-003
   1.8203034356464336        1.3838154410542728E-002
   1.8265803440452144        2.2502967941867985E-002
   1.8328572524439952        3.0115667820623429E-002
   1.8391341608427760        3.6337014666609727E-002
   1.8454110692415568        4.0900814156241937E-002
   1.8516879776403377        4.3623972781921136E-002
   1.8579648860391185        4.4411978147095653E-002
   1.8642417944378993        4.3259748610441580E-002
   1.8705187028366801        4.0248051580173465E-002
   1.8767956112354609        3.5535918955225558E-002
   1.8830725196342417        2.9349680388016445E-002
   1.8893494280330225        2.1969380297187480E-002
   1.8956263364318033        1.3713437780219162E-002
   1.9019032448305841        4.9224463979682196E-003
   1.9081801532293650       -4.0570038325474476E-003
   1.9144570616281458       -1.2887664458851136E-002
   1.9207339700269266       -2.1255388447361773E-002
   1.9270108784257074       -2.8880632229734141E-002
   1.9332877868244882       -3.5527230925920951E-002
   1.9395646952232690       -4.1008264884110406E-002
   1.9458416036220498       -4.5189045853896208E-002
   1.9521185120208304       -4.7987418258031933E-002
   1.9583954204196112       -4.9371702752234452E-002
   1.9646723288183920       -4.9356700615114324E-002
   1.9709492372171729       -4.7998228579138318E-002
   1.9772261456159537       -4.5386667468700986E-002
   1.9835030540147345       -4.1639989499846854E-002
   1.9897799624135153       -3.6896685376588127E-002
   1.9960568708122961       -3.1308950328598519E-002
   2.0023337792110771       -2.5036415858315217E-002
   2.0086106876098579       -1.8240637066839763E-002
   2.0148875960086388       -1.1080470750635129E-002
   2.0211645044074196       -3.7084096263254639E-003
   2.0274414128062004        3.7321214997242114E-003
   2.0337183212049812        1.1108575816576849E-002
   2.0399952296037620        1.8300381073263861E-002
   2.0462721380025428        2.5199489793957124E-002
   2.0525490464013236        3.1710493248948673E-002
   2.0588259548001044        3.7750396855872510E-002
   2.0651028631988853        4.3248147782614425E-002
   2.0713797715976656        4.8143996289643921E-002
   2.0776566799964464        5.2388761987849350E-002
   2.0839335883952272        5.5943065493482283E-002
   2.0902104967940081        5.8776575256704489E-002
   2.0964874051927889        6.0867309176088978E-002
   2.1027643135915697        6.2201021015811389E-002
   2.1090412219903505        6.2770692888284879E-002
   2.1153181303891313        6.2576147027448181E-002
   2.1215950387879121        6.1623782853028837E-002
   2.1278719471866929        5.9926438725259851E-002
   2.1341488555854737        5.7503371825926755E-002
   2.1404257639842545        5.4380344089558011E-002
   2.1467026723830354        5.0589797048829044E-002
   2.1529795807818162        4.6171093715256524E-002
   2.1592564891805970        4.1170801227226744E-002
   2.1655333975793778        3.5642983907763777E-002
   2.1718103059781586        2.9649472688487877E-002
   2.1780872143769394        2.3260073616409988E-002
   2.1843641227757202        1.6552675551417581E-002
   2.1906410311745010        9.6132153242519010E-003
   2.1969179395732819        2.5354578174332206E-003
   2.2031948479720627       -4.5794511276645933E-003
   2.2094717563708435       -1.1623699079207751E-002
   2.2157486647696243       -1.8483824960230693E-002
   2.2220255731684051       -2.5042070971283366E-002
   2.2283024815671859       -3.1178090678360307E-002
   2.2345793899659667       -3.6771024730982677E-002
   2.2408562983647475       -4.1701942372085188E-002
   2.2471332067635283       -4.5856631025473382E-002
   2.2534101151623092       -4.9128697987016579E-002
   2.2596870235610900       -5.1422927933774447E-002
   2.2659639319598708       -5.2658818158764692E-002
   2.2722408403586516       -5.2774190886402214E-002
   2.2785177487574324       -5.1728759717387732E-002
   2.2847946571562132       -4.9507506382958859E-002
   2.2910715655549940       -4.6123705958086826E-002
   2.2973484739537748       -4.1621425034185193E-002
   2.3036253823525557       -3.6077309728598538E-002
   2.3099022907513365       -2.9601480457735828E-002
   2.3161791991501173       -2.2337359678162208E-002
   2.3224561075488981       -1.4460278641842269E-002
   2.3287330159476789       -6.1747405960474169E-003
   2.3350099243464597        2.2897387301502965E-003
   2.3412868327452405        1.0684237239342692E-002
   2.3475637411440213        1.8747436858849033E-002
   2.3538406495428021        2.6213920565339482E-002
   2.3601175579415830        3.2823556673739367E-002
   2.3663944663403638        3.8331686607553435E-002
   2.3726713747391446        4.2519749803274359E-002
   2.3789482831379254        4.5205904009439794E-002
   2.3852251915367062        4.6255136821657238E-002
   2.3915020999354870        4.5588320898724388E-002
   2.3977790083342678        4.3189646752798620E-002
   2.4040559167330486        3.9111878540138492E-002
   2.4103328251318294        3.3478923953388882E-002
   2.4166097335306103        2.6485291627665542E-002
   2.4228866419293911        1.8392128744398169E-002
   2.4291635503281719        9.5196856662508270E-003
   2.4354404587269527        2.3623852602362171E-004
   2.4417173671257335       -9.0562929718025261E-003
   2.4479942755245143       -1.7939577260056346E-002
   2.4542711839232951       -2.5998279988946014E-002
   2.4605480923220759       -3.2840777421996328E-002
   2.4668250007208568       -3.8120131712764758E-002
   2.4731019091196376       -4.1554163464878856E-002
   2.4793788175184184       -4.2943396193128321E-002
   2.4856557259171992       -4.2185659692247100E-002
   2.4919326343159800       -3.9286232523315194E-002
   2.4982095427147608       -3.4362580785720541E-002
   2.5044864511135416       -2.7643007723533026E-002
   2.5107633595123224       -1.9458857205734578E-002
   2.5170402679111032       -1.0230297435544742E-002
   2.5233171763098841       -4.4612775584968448E-004
   2.5295940847086644        9.3615261503495629E-003
   2.5358709931074452        1.8646364641657236E-002
   2.5421479015062260        2.6879307049984598E-002
   2.5484248099050069        3.3580260070157956E-002
   2.5547017183037877        3.8348250892766396E-002
   2.5609786267025685        4.0887899404032889E-002
   2.5672555351013493        4.1030332403316223E-002
   2.5735324435001301        3.8746898914235516E-002
   2.5798093518989109        3.4154444899192671E-002
   2.5860862602976917        2.7511512727656080E-002
   2.5923631686964725        1.9205426692059234E-002
   2.5986400770952534        9.7308232966355959E-003
   2.6049169854940342       -3.3921960618912513E-004
   2.6111938938928150       -1.0387766154762109E-002
   2.6174708022915958       -1.9792195293983478E-002
   2.6237477106903766       -2.7963540913322735E-002
   2.6300246190891574       -3.4384436814472626E-002
   2.6363015274879382       -3.8643136860919018E-002
   2.6425784358867190       -4.0461287623295657E-002
   2.6488553442854998       -3.9713501364646832E-002
   2.6551322526842807       -3.6437288231987039E-002
   2.6614091610830615       -3.0832525247929607E-002
   2.6676860694818423       -2.3250324935590691E-002
   2.6739629778806231       -1.4171872152785229E-002
   2.6802398862794039       -4.1784758638727373E-003
   2.6865167946781847        6.0853133709282336E-003
   2.6927937030769655        1.5953181264572642E-002
   2.6990706114757463        2.4780446139178389E-002
   2.7053475198745272        3.1986533185834207E-002
   2.7116244282733080        3.7093709577780673E-002
   2.7179013366720888        3.9759473988506815E-002
   2.7241782450708696        3.9800379693019208E-002
   2.7304551534696504        3.7205609255328856E-002
   2.7367320618684312        3.2139286844561368E-002
   2.7430089702672120        2.4931224292257213E-002
   2.7492858786659928        1.6056501670012085E-002
   2.7555627870647736        6.1050490183765698E-003
   2.7618396954635545       -4.2568996901148261E-003
   2.7681166038623353       -1.4331021733143710E-002
   2.7743935122611161       -2.3433893861677053E-002
   2.7806704206598969       -3.0943606320752635E-002
   2.7869473290586777       -3.6342812527891621E-002
   2.7932242374574585       -3.9255199940514199E-002
   2.7995011458562393       -3.9472756026190756E-002
   2.8057780542550201       -3.6971784363331948E-002
   2.8120549626538009       -3.1916364715202747E-002
   2.8183318710525818       -2.4648800549338937E-002
   2.8246087794513626       -1.5667500958209214E-002
   2.8308856878501434       -5.5936388277461769E-003
   2.8371625962489242        4.8712510025318454E-003
   2.8434395046477050        1.4993881984720585E-002
   2.8497164130464858        2.4060682797408885E-002
   2.8559933214452666        3.1428498390441630E-002
   2.8622702298440474        3.6570887312053921E-002
   2.8685471382428283        3.9116625870882736E-002
   2.8748240466416091        3.8877530843323904E-002
   2.8811009550403899        3.5863435798226533E-002
   2.8873778634391707        3.0283054337083580E-002
   2.8936547718379515        2.2530472446346178E-002
   2.8999316802367323        1.3158061327273176E-002
   2.9062085886355131        2.8376277998103019E-003
   2.9124854970342939       -7.6874848766648072E-003
   2.9187624054330747       -1.7655934504456853E-002
   2.9250393138318556       -2.6343684988096163E-002
   2.9313162222306364       -3.3117029594338647E-002
   2.9375931306294172       -3.7479404274100112E-002
   2.9438700390281980       -3.9108479139737543E-002
   2.9501469474269788       -3.7880700350153035E-002
   2.9564238558257596       -3.3881358882584131E-002
   2.9627007642245404       -2.7399321505326642E-002
   2.9689776726233212       -1.8906694711547857E-002
   2.9752545810221021       -9.0248193877606464E-003
   2.9815314894208829        1.5209727491051102E-003
   2.9878083978196632        1.1954549768767645E-002
   2.9940853062184440        2.1506205869658478E-002
   3.0003622146172249        2.9469681416195850E-002
   3.0066391230160057        3.5254721013704061E-002
   3.0129160314147865        3.8431221313472978E-002
   3.0191929398135673        3.8761627645903268E-002
   3.0254698482123481        3.6219102391698753E-002
   3.0317467566111289        3.0990044063798530E-002
   3.0380236650099097        2.3460705855015862E-002
   3.0443005734086905        1.4188856589598958E-002
   3.0505774818074713        3.8625567302765632E-003
   3.0568543902062522       -6.7508959924299531E-003
   3.0631312986050330       -1.6862056533568728E-002
   3.0694082070038138       -2.5718195473799024E-002
   3.0756851154025946       -3.2659522023039955E-002
   3.0819620238013754       -3.7168540351696415E-002
   3.0882389322001562       -3.8908819577718502E-002
   3.0945158405989370       -3.7750248298643430E-002
   3.1007927489977178       -3.3778858999964766E-002
   3.1070696573964987       -2.7290469429609172E-002
   3.1133465657952795       -1.8768608650213865E-002
   3.1196234741940603       -8.8483820520112565E-003
   3.1259003825928411        1.7310085680575528E-003
   3.1321772909916219        1.2181517728487898E-002
   3.1384541993904027        2.1725124877117964E-002
   3.1447311077891835        2.9651892942838234E-002
   3.1510080161879643        3.5372857884722511E-002
   3.1572849245867451        3.8463787736316257E-002
   3.1635618329855260        3.8696546601296490E-002
   3.1698387413843068        3.6055741580387213E-002
   3.1761156497830876        3.0739446147036401E-002
   3.1823925581818684        2.3143996325441143E-002
   3.1886694665806492        1.3834054242354021E-002
   3.1949463749794300        3.5002358144236392E-003
   3.2012232833782108       -7.0924770255273075E-003
   3.2075001917769916       -1.7161642324565775E-002
   3.2137771001757724       -2.5965310430292255E-002
   3.2200540085745533       -3.2856701613778495E-002
   3.2263309169733341       -3.7331563318425180E-002
   3.2326078253721149       -3.9064738186133464E-002
   3.2388847337708957       -3.7933305832519158E-002
   3.2451616421696765       -3.4024682725013349E-002
   3.2514385505684573       -2.7629196390842388E-002
   3.2577154589672381       -1.9217806033918480E-002
   3.2639923673660189       -9.4067349155422513E-003
   3.2702692757647998        1.0882702105788099E-003
   3.2765461841635806        1.1504602033629104E-002
   3.2828230925623614        2.1088457230800745E-002
   3.2891000009611422        2.9149407530352594E-002
   3.2953769093599230        3.5109912273529068E-002
   3.3016538177587038        3.8546227343576885E-002
   3.3079307261574846        3.9217839122780519E-002
   3.3142076345562654        3.7083425713996712E-002
   3.3204845429550462        3.2302353157541999E-002
   3.3267614513538271        2.5221775547399780E-002
   3.3330383597526079        1.6350446062309999E-002
   3.3393152681513887        6.3212856486667508E-003
   3.3455921765501695       -4.1544689990141636E-003
   3.3518690849489503       -1.4338159244684720E-002
   3.3581459933477311       -2.3515957251445119E-002
   3.3644229017465119       -3.1048760585688173E-002
   3.3706998101452927       -3.6416243521513188E-002
   3.3769767185440736       -3.9252055161452054E-002
   3.3832536269428544       -3.9367833417126179E-002
   3.3895305353416352       -3.6764533180064465E-002
   3.3958074437404160       -3.1630484017013537E-002
   3.4020843521391968       -2.4326530403374680E-002
   3.4083612605379776       -1.5359499010069572E-002
   3.4146381689367584       -5.3460206580076726E-003
   3.4209150773355392        5.0306411298207095E-003
   3.4271919857343200        1.5067677132303656E-002
   3.4334688941331009        2.4090454403973227E-002
   3.4397458025318817        3.1497620684602219E-002
   3.4460227109306620        3.6800588987234914E-002
   3.4522996193294428        3.9654848912248131E-002
   3.4585765277282237        3.9881161905078476E-002
   3.4648534361270045        3.7475423607359379E-002
   3.4711303445257853        3.2606764699053783E-002
   3.4774072529245661        2.5604256810729045E-002
   3.4836841613233469        1.6933338277512287E-002
   3.4899610697221277        7.1637269064972796E-003
   3.4962379781209085       -3.0688970338668517E-003
   3.5025148865196893       -1.3104804599871832E-002
   3.5087917949184702       -2.2302929810916444E-002
   3.5150687033172510       -3.0081602822865722E-002
   3.5213456117160318       -3.5954731414723391E-002
   3.5276225201148126       -3.9561221429582967E-002
   3.5338994285135934       -4.0685921953534647E-002
   3.5401763369123742       -3.9270970427566027E-002
   3.5464532453111550       -3.5417055035506038E-002
   3.5527301537099358       -2.9374762871138098E-002
   3.5590070621087166       -2.1526800784736275E-002
   3.5652839705074975       -1.2362426263152586E-002
   3.5715608789062783       -2.4458706482526067E-003
   3.5778377873050591        7.6191472173914882E-003
   3.5841146957038399        1.7226544294951133E-002
   3.5903916041026207        2.5804333320839753E-002
   3.5966685125014015        3.2848234032336318E-002
   3.6029454209001823        3.7950494424726935E-002
   3.6092223292989631        4.0822333698992561E-002
   3.6154992376977440        4.1308853794837702E-002
   3.6217761460965248        3.9395753872549066E-002
   3.6280530544953056        3.5207690011989042E-002
   3.6343299628940864        2.8998619292266964E-002
   3.6406068712928672        2.1134924143592589E-002
   3.6468837796916480        1.2072504175124617E-002
   3.6531606880904288        2.3293285739800578E-003
   3.6594375964892096       -7.5448512515420424E-003
   3.6657145048879904       -1.6999829116910486E-002
   3.6719914132867713       -2.5515519169999820E-002
   3.6782683216855521       -3.2630095052614702E-002
   3.6845452300843329       -3.7964208706663068E-002
   3.6908221384831137       -4.1240078161291188E-002
   3.6970990468818945       -4.2294562850498513E-002
   3.7033759552806753       -4.1085708272470496E-002
   3.7096528636794561       -3.7692618139824732E-002
   3.7159297720782369       -3.2308880750059533E-002
   3.7222066804770177       -2.5230107583267235E-002
   3.7284835888757986       -1.6836429717818274E-002
   3.7347604972745794       -7.5710352052021273E-003
   3.7410374056733602        2.0840016214271903E-003
   3.7473143140721410        1.1633254295921030E-002
   3.7535912224709218        2.0593478212438517E-002
   3.7598681308697026        2.8517833967244811E-002
   3.7661450392684834        3.5017608327027619E-002
   3.7724219476672642        3.9780416129264633E-002
   3.7786988560660451        4.2584085738263867E-002
   3.7849757644648259        4.3305680782577710E-002
   3.7912526728636067        4.1925377321671467E-002
   3.7975295812623875        3.8525183940976669E-002
   3.8038064896611683        3.3282748748581482E-002
   3.8100833980599491        2.6460729561871153E-002
   3.8163603064587299        1.8392401213684399E-002
   3.8226372148575107        9.4643289101491480E-003
   3.8289141232562915        9.7043349722055161E-005
   3.8351910316550724       -9.2752906855943194E-003
   3.8414679400538532       -1.8225215564224299E-002
   3.8477448484526340       -2.6351378367097385E-002
   3.8540217568514148       -3.3296118337846466E-002
   3.8602986652501956       -3.8760501423366116E-002
   3.8665755736489764       -4.2516212179837060E-002
   3.8728524820477572       -4.4413880753094430E-002
   3.8791293904465380       -4.4387596278727341E-002
   3.8854062988453189       -4.2455569963330407E-002
   3.8916832072440997       -3.8717099326494919E-002
   3.8979601156428805       -3.3346138697748502E-002
   3.9042370240416608       -2.6581914801622641E-002
   3.9105139324404417       -1.8717131509109662E-002
   3.9167908408392225       -1.0084381144813062E-002
   3.9230677492380033       -1.0414202145720228E-003
   3.9293446576367841        8.0440239443994449E-003
   3.9356215660355649        1.6809270105473454E-002
   3.9418984744343457        2.4910925266355001E-002
   3.9481753828331265        3.2037822344034718E-002
   3.9544522912319073        3.7922209434882996E-002
   3.9607291996306881        4.2348843803962706E-002
   3.9670061080294690        4.5161747316086902E-002
   3.9732830164282498        4.6268485066218466E-002
   3.9795599248270306        4.5641931023175430E-002
   3.9858368332258114        4.3319579768276585E-002
   3.9921137416245922        3.9400548761925065E-002
   3.9983906500233730        3.4040488683378507E-002
   4.0046675584221543        2.7444678711453351E-002
   4.0109444668209351        1.9859628322665406E-002
   4.0172213752197159        1.1563537214215745E-002
   4.0234982836184967        2.8559806743828769E-003
   4.0297751920172775       -5.9528096870749038E-003
   4.0360521004160583       -1.4552711957283198E-002
   4.0423290088148391       -2.2644199465285200E-002
   4.0486059172136200       -2.9948244093416700E-002
   4.0548828256124008       -3.6215353022717736E-002
   4.0611597340111816       -4.1233485961427167E-002
   4.0674366424099624       -4.4834639173924683E-002
   4.0737135508087432       -4.6899925623728023E-002
   4.0799904592075240       -4.7363026457370089E-002
   4.0862673676063048       -4.6211936680894738E-002
   4.0925442760050856       -4.3488976299861364E-002
   4.0988211844038664       -3.9289086357146688E-002
   4.1050980928026473       -3.3756476296182364E-002
   4.1113750012014281       -2.7079733940958708E-002
   4.1176519096002089       -1.9485551248319938E-002
   4.1239288179989897       -1.1231256976058132E-002
   4.1302057263977705       -2.5963807240975299E-003
   4.1364826347965504        6.1264993288772333E-003
   4.1427595431953312        1.4641350941090918E-002
   4.1490364515941121        2.2658435557052138E-002
   4.1553133599928929        2.9903912584956841E-002
   4.1615902683916737        3.6129003504884238E-002
   4.1678671767904545        4.1118427082841066E-002
   4.1741440851892353        4.4697833025413261E-002
   4.1804209935880161        4.6739985493448592E-002
   4.1866979019867969        4.7169479749739264E-002
   4.1929748103855777        4.5965814373476147E-002
   4.1992517187843585        4.3164687242863049E-002
   4.2055286271831394        3.8857434938297450E-002
   4.2118055355819202        3.3188591196214187E-002
   4.2180824439807010        2.6351599163819045E-002
   4.2243593523794818        1.8582772880152826E-002
   4.2306362607782626        1.0153663869193147E-002
   4.2369131691770434        1.3620470668378995E-003
   4.2431900775758242       -7.4782054889547759E-003
   4.2494669859746050       -1.6048046734866459E-002
   4.2557438943733858       -2.4034616088068339E-002
   4.2620208027721667       -3.1142654246648183E-002
   4.2682977111709475       -3.7105567133417748E-002
   4.2745746195697283       -4.1695730032927321E-002
   4.2808515279685091       -4.4733632472266173E-002
   4.2871284363672899       -4.6095488845797672E-002
   4.2934053447660707       -4.5718979326420044E-002
   4.2996822531648515       -4.3606839825044277E-002
   4.3059591615636323       -3.9828087635330654E-002
   4.3122360699624132       -3.4516749291777851E-002
   4.3185129783611940       -2.7868046815883778E-002
   4.3247898867599748       -2.0132095085162179E-002
   4.3310667951587556       -1.1605263165853735E-002
   4.3373437035575364       -2.6194523081932105E-003
   4.3436206119563172        6.4703611916365287E-003
   4.3498975203550980        1.5299883164431195E-002
   4.3561744287538788        2.3510049639640981E-002
   4.3624513371526596        3.0761799531643732E-002
   4.3687282455514405        3.6750469024909964E-002
   4.3750051539502213        4.1219191634083753E-002
   4.3812820623490021        4.3970700530468317E-002
   4.3875589707477829        4.4876969272005129E-002
   4.3938358791465637        4.3886193625886180E-002
   4.4001127875453445        4.1026709560139735E-002
   4.4063896959441253        3.6407558241409149E-002
   4.4126666043429061        3.0215544251392747E-002
   4.4189435127416870        2.2708783250910313E-002
   4.4252204211404678        1.4206893917823128E-002
   4.4314973295392486        5.0781492384441729E-003
   4.4377742379380294       -4.2759433874364258E-003
   4.4440511463368102       -1.3438023047792508E-002
   4.4503280547355910       -2.1993487672144200E-002
   4.4566049631343718       -2.9549517421019151E-002
   4.4628818715331526       -3.5753632587521650E-002
   4.4691587799319334       -4.0310893048064705E-002
   4.4754356883307143       -4.2998872758091194E-002
   4.4817125967294951       -4.3679613376120877E-002
   4.4879895051282759       -4.2307874846909704E-002
   4.4942664135270567       -3.8935154380230819E-002
   4.5005433219258375       -3.3709133117316444E-002
   4.5068202303246183       -2.6868424082922972E-002
   4.5130971387233991       -1.8732726078544142E-002
   4.5193740471221799       -9.6887247619694018E-003
   4.5256509555209607       -1.7231207958861745E-004
   4.5319278639197416        9.3520941198590411E-003
   4.5382047723185224        1.8414169333180415E-002
   4.5444816807173032        2.6561143230877379E-002
   4.5507585891160840        3.3380920796472251E-002
   4.5570354975148648        3.8523658024213453E-002
   4.5633124059136456        4.1720625657350227E-002
   4.5695893143124264        4.2799298269312350E-002
   4.5758662227112072        4.1693771634230228E-002
   4.5821431311099881        3.8449832391066113E-002
   4.5884200395087689        3.3224270554903020E-002
   4.5946969479075497        2.6278324455503491E-002
   4.6009738563063305        1.7965463651030796E-002
   4.6072507647051113        8.7140310396331914E-003
   4.6135276731038921       -9.9443725109022623E-004
   4.6198045815026729       -1.0650134313913907E-002
   4.6260814899014537       -1.9741858522676414E-002
   4.6323583983002345       -2.7784412061019573E-002
   4.6386353066990154       -3.4345025415642542E-002
   4.6449122150977962       -3.9067329456164916E-002
   4.6511891234965770       -4.1691500044141273E-002
   4.6574660318953578       -4.2069385267711784E-002
   4.6637429402941386       -4.0173684001310252E-002
   4.6700198486929194       -3.6100563411777344E-002
   4.6762967570917002       -3.0065465082681028E-002
   4.6825736654904810       -2.2392234232921460E-002
   4.6888505738892619       -1.3496091719100474E-002
   4.6951274822880427       -3.8613311021058394E-003
   4.7014043906868235        5.9850592109825596E-003
   4.7076812990856043        1.5502395944385372E-002
   4.7139582074843851        2.4166298913778046E-002
   4.7202351158831659        3.1497984860935017E-002
   4.7265120242819467        3.7091176776908062E-002
   4.7327889326807275        4.0635070048874185E-002
   4.7390658410795083        4.1932012542310278E-002
   4.7453427494782892        4.0908853699972152E-002
   4.7516196578770700        3.7621280693752181E-002
   4.7578965662758508        3.2250866149815600E-002
   4.7641734746746316        2.5094977503282094E-002
   4.7704503830734124        1.6550116761106105E-002
   4.7767272914721932        7.0896456448206763E-003
   4.7830041998709740       -2.7628190233305342E-003
   4.7892811082697548       -1.2462801665136714E-002
   4.7955580166685357       -2.1475456788226571E-002
   4.8018349250673165       -2.9305391583472229E-002
   4.8081118334660973       -3.5524111472995099E-002
   4.8143887418648781       -3.9793528668739905E-002
   4.8206656502636589       -4.1884216277461236E-002
   4.8269425586624397       -4.1687409518960022E-002
   4.8332194670612205       -3.9220131010826581E-002
   4.8394963754600013       -3.4623225188795750E-002
   4.8457732838587821       -2.8152502328367374E-002
   4.8520501922575630       -2.0163589828643351E-002
   4.8583271006563438       -1.1091443415194160E-002
   4.8646040090551246       -1.4257628670597054E-003
   4.8708809174539054        8.3162307810393694E-003
   4.8771578258526862        1.7618078000601597E-002
   4.8834347342514670        2.5991819330373891E-002
   4.8897116426502478        3.3003655032118856E-002
   4.8959885510490286        3.8296148886632374E-002
   4.9022654594478094        4.1605833070507296E-002
   4.9085423678465903        4.2775364644673484E-002
   4.9148192762453711        4.1759717837368815E-002
   4.9210961846441519        3.8626248561233430E-002
   4.9273730930429327        3.3548816810353384E-002
   4.9336500014417135        2.6796477677493349E-002
   4.9399269098404943        1.8717536076801090E-002
   4.9462038182392751        9.7199889173984078E-003
   4.9524807266380559        2.4951568879725075E-004
   4.9587576350368368       -9.2337478588514245E-003
   4.9650345434356176       -1.8278384485924101E-002
   4.9713114518343984       -2.6463598842141615E-002
   4.9775883602331792       -3.3418749483111083E-002
   4.9838652686319600       -3.8839586012421413E-002
   4.9901421770307408       -4.2500489135943474E-002
   4.9964190854295216       -4.4262262059949736E-002
   5.0026959938283024       -4.4075286040310441E-002
   5.0089729022270832       -4.1978114355460470E-002
   5.0152498106258641       -3.8091822620141692E-002
   5.0215267190246449       -3.2610645273472794E-002
   5.0278036274234257       -2.5789597904371589E-002
   5.0340805358222065       -1.7929904630738399E-002
   5.0403574442209873       -9.3631155832199463E-003
   5.0466343526197681       -4.3481044093980354E-004
   5.0529112610185480        8.5112564425592948E-003
   5.0591881694173289        1.7147793575399882E-002
   5.0654650778161097        2.5176681136810462E-002
   5.0717419862148905        3.2339148315683179E-002
   5.0780188946136713        3.8423102302850329E-002
   5.0842958030124521        4.3267540019125555E-002
   5.0905727114112329        4.6764158177366774E-002
   5.0968496198100137        4.8856428183019197E-002
   5.1031265282087945        4.9536513637165075E-002
   5.1094034366075753        4.8840479591842241E-002
   5.1156803450063562        4.6842274315811734E-002
   5.1219572534051370        4.3646961402334435E-002
   5.1282341618039178        3.9383647841788397E-002
   5.1345110702026986        3.4198500074382583E-002
   5.1407879786014794        2.8248171791554821E-002
   5.1470648870002602        2.1693892032976461E-002
   5.1533417953990410        1.4696385503862503E-002
   5.1596187037978218        7.4117245233474710E-003
   5.1658956121966026       -1.1852770552437150E-005
   5.1721725205953835       -7.4361840306215090E-003
   5.1784494289941643       -1.4734609761161078E-002
   5.1847263373929451       -2.1792780896359453E-002
   5.1910032457917259       -2.8508978498760846E-002
   5.1972801541905067       -3.4794046487568869E-002
   5.2035570625892875       -4.0571032401058235E-002
   5.2098339709880683       -4.5774622266826208E-002
   5.2161108793868491       -5.0350446198081177E-002
   5.2223877877856300       -5.4254320445526048E-002
   5.2286646961844108       -5.7451481081435891E-002
   5.2349416045831916       -5.9915853874026884E-002
   5.2412185129819724       -6.1629395126997187E-002
   5.2474954213807532       -6.2581528983701493E-002
   5.2537723297795340       -6.2768698377613050E-002
   5.2600492381783148       -6.2194039122309155E-002
   5.2663261465770956       -6.0867179786832516E-002
   5.2726030549758764       -5.8804163684401813E-002
   5.2788799633746573       -5.6027483617340494E-002
   5.2851568717734381       -5.2566214707760239E-002
   5.2914337801722189       -4.8456225780607119E-002
   5.2977106885709997       -4.3740445172095729E-002
   5.3039875969697805       -3.8469152620171192E-002
   5.3102645053685613       -3.2700264973173125E-002
   5.3165414137673421       -2.6499579997203881E-002
   5.3228183221661229       -1.9940939598457365E-002
   5.3290952305649038       -1.3106271546208978E-002
   5.3353721389636846       -6.0854674128545437E-003
   5.3416490473624654        1.0239457536411231E-003
   5.3479259557612462        8.1173813409039959E-003
   5.3542028641600270        1.5084055106771832E-002
   5.3604797725588078        2.1808166771009191E-002
   5.3667566809575886        2.8170427855875462E-002
   5.3730335893563694        3.4049952927620274E-002
   5.3793104977551502        3.9326519372518631E-002
   5.3855874061539311        4.3883186249160447E-002
   5.3918643145527119        4.7609245650421669E-002
   5.3981412229514927        5.0403460675779548E-002
   5.4044181313502735        5.2177522966500973E-002
   5.4106950397490543        5.2859640474955776E-002
   5.4169719481478351        5.2398143566412432E-002
   5.4232488565466159        5.0764975807624589E-002
   5.4295257649453967        4.7958916155882346E-002
   5.4358026733441775        4.4008363227094380E-002
   5.4420795817429584        3.8973501472288431E-002
   5.4483564901417392        3.2947665106998633E-002
   5.4546333985405200        2.6057720113313254E-002
   5.4609103069393008        1.8463299050134128E-002
   5.4671872153380816        1.0354748921661458E-002
   5.4734641237368624        1.9496897324127393E-003
   5.4797410321356432       -6.5118692392282544E-003
   5.4860179405344240       -1.4773847505546235E-002
   5.4922948489332049       -2.2571766780998960E-002
   5.4985717573319857       -2.9641621821600156E-002
   5.5048486657307665       -3.5729707190356501E-002
   5.5111255741295473       -4.0603074333970299E-002
   5.5174024825283281       -4.4060213677994654E-002
   5.5236793909271089       -4.5941486791684812E-002
   5.5299562993258897       -4.6138780015280788E-002
   5.5362332077246705       -4.4603819264832881E-002
   5.5425101161234513       -4.1354581628048441E-002
   5.5487870245222322       -3.6479267547344311E-002
   5.5550639329210130       -3.0137361192586781E-002
   5.5613408413197938       -2.2557407519721448E-002
   5.5676177497185746       -1.4031271655623265E-002
   5.5738946581173554       -4.9048161592923044E-003
   5.5801715665161362        4.4348719327385374E-003
   5.5864484749149170        1.3575358716641244E-002
   5.5927253833136978        2.2097280944842940E-002
   5.5990022917124787        2.9594527907686918E-002
   5.6052792001112595        3.5695224991667621E-002
   5.6115561085100403        4.0082408563281324E-002
   5.6178330169088211        4.2513188704889793E-002
   5.6241099253076019        4.2835170882970494E-002
   5.6303868337063827        4.0998959744620693E-002
   5.6366637421051635        3.7065703320762811E-002
   5.6429406505039443        3.1208853873675651E-002
   5.6492175589027251        2.3709616160100769E-002
   5.6554944673015060        1.4945912180002107E-002
   5.6617713757002868        5.3750944746331153E-003
   5.6680482840990676       -4.4889368815462533E-003
   5.6743251924978484       -1.4103143975138264E-002
   5.6806021008966292       -2.2925843054219009E-002
   5.6868790092954100       -3.0448530312279419E-002
   5.6931559176941908       -3.6227088203948370E-002
   5.6994328260929716       -3.9910336582603706E-002
   5.7057097344917524       -4.1263949876068531E-002
   5.7119866428905333       -4.0187956474289271E-002
   5.7182635512893141       -3.6726353961514954E-002
   5.7245404596880949       -3.1067887186036543E-002
   5.7308173680868757       -2.3537658710116975E-002
   5.7370942764856565       -1.4579828934459273E-002
   5.7433711848844373       -4.7322661636635599E-003
   5.7496480932832181        5.4054214968794331E-003
   5.7559250016819989        1.5208551799307432E-002
   5.7622019100807798        2.4066440308135602E-002
   5.7684788184795606        3.1421365350557347E-002
   5.7747557268783414        3.6804857856601605E-002
   5.7810326352771222        3.9868868558186131E-002
   5.7873095436759030        4.0409655833452317E-002
   5.7935864520746838        3.8382681846470978E-002
   5.7998633604734646        3.3907374143821889E-002
   5.8061402688722454        2.7261267424610380E-002
   5.8124171772710262        1.8863741599813237E-002
   5.8186940856698071        9.2502702527991424E-003
   5.8249709940685879       -9.6125975806948512E-004
   5.8312479024673687       -1.1110045820235528E-002
   5.8375248108661495       -2.0535155821608597E-002
   5.8438017192649303       -2.8618821471030925E-002
   5.8500786276637111       -3.4827386299889039E-002
   5.8563555360624919       -3.8747173483376210E-002
   5.8626324444612727       -4.0112839527735887E-002
   5.8689093528600536       -3.8826244217810141E-002
   5.8751862612588344       -3.4964475327314982E-002
   5.8814631696576152       -2.8776373936144725E-002
   5.8877400780563960       -2.0667599439306402E-002
   5.8940169864551768       -1.1175018525255669E-002
   5.9002938948539576       -9.3194936158989318E-004
   5.9065708032527384        9.3735577042809784E-003
   5.9128477116515192        1.9044704221601327E-002
   5.9191246200503000        2.7423145931328205E-002
   5.9254015284490809        3.3934217521006428E-002
   5.9316784368478617        3.8127050264958197E-002
   5.9379553452466425        3.9706736551144012E-002
   5.9442322536454233        3.8556183569042751E-002
   5.9505091620442041        3.4745963529645929E-002
   5.9567860704429849        2.8531268613195715E-002
   5.9630629788417657        2.0335962927937191E-002
   5.9693398872405457        1.0724631005060770E-002
   5.9756167956393265        3.6438868426756356E-004
   5.9818937040381073       -1.0021015589894317E-002
   5.9881706124368881       -1.9701681015527623E-002
   5.9944475208356689       -2.7993098377378380E-002
   6.0007244292344497       -3.4305094581624611E-002
   6.0070013376332305       -3.8184631421381961E-002
   6.0132782460320113       -3.9349289562951216E-002
   6.0195551544307921       -3.7708885970442599E-002
   6.0258320628295730       -3.3373490726532923E-002
   6.0321089712283538       -2.6647071621963805E-002
   6.0383858796271346       -1.8007032305058325E-002
   6.0446627880259154       -8.0709563965533325E-003
   6.0509396964246962        2.4471546555601903E-003
   6.0572166048234770        1.2788061205121673E-002
   6.0634935132222578        2.2202208628299584E-002
   6.0697704216210386        3.0004397135624007E-002
   6.0760473300198194        3.5624171779610019E-002
   6.0823242384186003        3.8648176891429124E-002
   6.0886011468173811        3.8851274186122040E-002
   6.0948780552161619        3.6214025109825812E-002
   6.1011549636149427        3.0925128652528260E-002
   6.1074318720137235        2.3368513304911628E-002
   6.1137087804125043        1.4095923888414658E-002
   6.1199856888112851        3.7869345530931720E-003
   6.1262625972100659       -6.8007247684787765E-003
   6.1325395056088468       -1.6886893648323530E-002
   6.1388164140076276       -2.5726643053274413E-002
   6.1450933224064084       -3.2665584547648771E-002
   6.1513702308051892       -3.7188685433563969E-002
   6.1576471392039700       -3.8958909944513509E-002
   6.1639240476027508       -3.7842749019526417E-002
   6.1702009560015316       -3.3920670209076235E-002
   6.1764778644003124       -2.7481642755735246E-002
   6.1827547727990932       -1.9002086302469089E-002
   6.1890316811978741       -9.1107645191523673E-003
   6.1953085895966549        1.4577885929831556E-003
   6.2015854979954357        1.1917851286367596E-002
   6.2078624063942165        2.1491040574274759E-002
   6.2141393147929973        2.9464403020592590E-002
   6.2204162231917781        3.5243708239829315E-002
   6.2266931315905589        3.8397933656296741E-002
   6.2329700399893397        3.8691583917311305E-002
   6.2392469483881206        3.6102399547227125E-002
   6.2455238567869014        3.0823107957963891E-002
   6.2518007651856822        2.3247072649307220E-002
   6.2580776735844630        1.3938911654487294E-002
   6.2643545819832438        3.5922913913314799E-003
   6.2706314903820246       -7.0219297163767102E-003
   6.2769083987808054       -1.7113306097742465E-002
   6.2831853071795862       -2.5930825612169191E-002
