   6.2769083987808056E-003  -3.7624090639402918E-002
   1.2553816797561611E-002  -3.5636766362306359E-002
   1.8830725196342418E-002  -3.1809277010173706E-002
   2.5107633595123222E-002  -2.6340742464881224E-002
   3.1384541993904030E-002  -1.9514651267183710E-002
   3.7661450392684835E-002  -1.1683917561254609E-002
   4.3938358791465640E-002  -3.2523836195775886E-003
   5.0215267190246445E-002   5.3462426760315530E-003
   5.6492175589027249E-002   1.3670896043484823E-002
   6.2769083987808061E-002   2.1295918379960352E-002
   6.9045992386588859E-002   2.7832886442625462E-002
   7.5322900785369670E-002   3.2950370722089610E-002
   8.1599809184150468E-002   3.6390613808186957E-002
   8.7876717582931280E-002   3.7982288963158341E-002
   9.4153625981712077E-002   3.7648714511610754E-002
  0.10043053438049289        3.5411144831410064E-002
  0.10670744277927370        3.1387020580665947E-002
  0.11298435117805450        2.5783324928979345E-002
  0.11926125957683531        1.8885444812985513E-002
  0.12553816797561612        1.1042164340461399E-002
  0.13181507637439691        2.6476084015169613E-003
  0.13809198477317772       -5.8789015254935651E-003
  0.14436889317195853       -1.4114026030246101E-002
  0.15064580157073934       -2.1651532623688564E-002
  0.15692270996952015       -2.8122300705223625E-002
  0.16319961836830094       -3.3212217327427289E-002
  0.16947652676708175       -3.6677100472585912E-002
  0.17575343516586256       -3.8353954038850530E-002
  0.18203034356464337       -3.8168057908956741E-002
  0.18830725196342415       -3.6135616177707205E-002
  0.19458416036220497       -3.2361914956701911E-002
  0.20086106876098578       -2.7035166166848854E-002
  0.20713797715976659       -2.0416423953757482E-002
  0.21341488555854740       -1.2826145525292893E-002
  0.21969179395732819       -4.6281196801565829E-003
  0.22596870235610900        3.7884025451683213E-003
  0.23224561075488981        1.2027474131256394E-002
  0.23852251915367062        1.9705194182496256E-002
  0.24479942755245140        2.6467530666462166E-002
  0.25107633595123224        3.2006397429645964E-002
  0.25735324435001306        3.6073266101647676E-002
  0.26363015274879381        3.8489732107216700E-002
  0.26990706114757462        3.9154615808724605E-002
  0.27618396954635543        3.8047355539966070E-002
  0.28246087794513625        3.5227631226545791E-002
  0.28873778634391706        3.0831335826437354E-002
  0.29501469474269787        2.5063178335710114E-002
  0.30129160314147868        1.8186349169449140E-002
  0.30756851154025949        1.0509800092291232E-002
  0.31384541993904030        2.3737818592665361E-003
  0.32012232833782106       -5.8656596893177596E-003
  0.32639923673660187       -1.3852505402079955E-002
  0.33267614513538268       -2.1246190050332923E-002
  0.33895305353416350       -2.7735966000342688E-002
  0.34522996193294431       -3.3053606332683783E-002
  0.35150687033172512       -3.6983946413438912E-002
  0.35778377873050593       -3.9372877343201419E-002
  0.36406068712928674       -4.0132531425699204E-002
  0.37033759552806755       -3.9243532450595170E-002
  0.37661450392684831       -3.6754315868566229E-002
  0.38289141232562912       -3.2777649926701513E-002
  0.38916832072440993       -2.7484603206781984E-002
  0.39544522912319074       -2.1096302292607082E-002
  0.40172213752197156       -1.3873901989783440E-002
  0.40799904592075237       -6.1072471964259915E-003
  0.41427595431953318        1.8972610380907032E-003
  0.42055286271831399        9.8290717733586341E-003
  0.42682977111709480        1.7385651412743938E-002
  0.43310667951587556        2.4283935323594026E-002
  0.43938358791465637        3.0270639430942818E-002
  0.44566049631343718        3.5131073938860641E-002
  0.45193740471221799        3.8696178906265609E-002
  0.45821431311099881        4.0847585976867939E-002
  0.46449122150977962        4.1520598195576762E-002
  0.47076812990856043        4.0705066673334095E-002
  0.47704503830734124        3.8444225395101360E-002
  0.48332194670612205        3.4831620589821130E-002
  0.48959885510490281        3.0006336276872825E-002
  0.49587576350368362        2.4146770899440069E-002
  0.50215267190246449        1.7463260077690342E-002
  0.50842958030124530        1.0189866767416273E-002
  0.51470648870002611        2.5756724842966065E-003
  0.52098339709880681       -5.1240977732303497E-003
  0.52726030549758762       -1.2656797631020067E-002
  0.53353721389636843       -1.9780633534210036E-002
  0.53981412229514925       -2.6272229565266345E-002
  0.54609103069393006       -3.1933262179549171E-002
  0.55236793909271087       -3.6595989986385760E-002
  0.55864484749149168       -4.0127552678053659E-002
  0.56492175589027249       -4.2432963170772602E-002
  0.57119866428905330       -4.3456768132263575E-002
  0.57747557268783412       -4.3183399841419536E-002
  0.58375248108661493       -4.1636276365853167E-002
  0.59002938948539574       -3.8875744072853553E-002
  0.59630629788417655       -3.4995989417435869E-002
  0.60258320628295736       -3.0121072022076437E-002
  0.60886011468173817       -2.4400249466405600E-002
  0.61513702308051899       -1.8002775708210867E-002
  0.62141393147929980       -1.1112359963304478E-002
  0.62769083987808061       -3.9214714041947525E-003
  0.63396774827686131        3.3743321716312516E-003
  0.64024465667564212        1.0581885902376088E-002
  0.64652156507442293        1.7515560476637215E-002
  0.65279847347320374        2.4001936720000609E-002
  0.65907538187198456        2.9883905665274550E-002
  0.66535229027076537        3.5024111846555420E-002
  0.67162919866954618        3.9307682480095842E-002
  0.67790610706832699        4.2644210019161674E-002
  0.68418301546710780        4.4968979484861997E-002
  0.69045992386588861        4.6243454355761909E-002
  0.69673683226466943        4.6455055037121419E-002
  0.70301374066345024        4.5616281619585287E-002
  0.70929064906223105        4.3763247421041651E-002
  0.71556755746101186        4.0953701462871452E-002
  0.72184446585979267        3.7264626626334361E-002
  0.72812137425857348        3.2789504293680279E-002
  0.73439828265735430        2.7635332142577327E-002
  0.74067519105613511        2.1919492385461061E-002
  0.74695209945491581        1.5766581906718393E-002
  0.75322900785369662        9.3052964065462804E-003
  0.75950591625247743        2.6654463487763066E-003
  0.76578282465125824       -4.0248287450759933E-003
  0.77205973305003905       -1.0641593780918014E-002
  0.77833664144881987       -1.7067358211188734E-002
  0.78461354984760068       -2.3192994442538879E-002
  0.79089045824638149       -2.8919318320458406E-002
  0.79716736664516230       -3.4158326799309371E-002
  0.80344427504394311       -3.8834097998297262E-002
  0.80972118344272392       -4.2883367609431983E-002
  0.81599809184150474       -4.6255802876986316E-002
  0.82227500024028555       -4.8914001098888479E-002
  0.82855190863906636       -5.0833243801157835E-002
  0.83482881703784717       -5.2001040467368490E-002
  0.84110572543662798       -5.2416497094860237E-002
  0.84738263383540879       -5.2089544985394205E-002
  0.85365954223418961       -5.1040064298101359E-002
  0.85993645063297042       -4.9296935044396140E-002
  0.86621335903175112       -4.6897045748238747E-002
  0.87249026743053193       -4.3884286812439041E-002
  0.87876717582931274       -4.0308552363209051E-002
  0.88504408422809355       -3.6224770310851161E-002
  0.89132099262687436       -3.1691979703616424E-002
  0.89759790102565518       -2.6772477577533246E-002
  0.90387480942443599       -2.1531030988501444E-002
  0.91015171782321680       -1.6034140101083276E-002
  0.91642862622199761       -1.0349349898934929E-002
  0.92270553462077842       -4.5446091108220085E-003
  0.92898244301955923        1.3123263400568162E-003
  0.93525935141834005        7.1544487957292853E-003
  0.94153625981712086        1.2916017222024038E-002
  0.94781316821590167        1.8533042738758592E-002
  0.95409007661468248        2.3943745662768526E-002
  0.96036698501346329        2.9088988272823822E-002
  0.96664389341224410        3.3912687192205623E-002
  0.97292080181102492        3.8362208818482527E-002
  0.97919771020980562        4.2388750623081214E-002
  0.98547461860858643        4.5947710423446787E-002
  0.99175152700736724        4.8999044909654926E-002
  0.99802843540614805        5.1507617810655749E-002
   1.0043053438049290        5.3443537126220499E-002
   1.0105822522037098        5.4782479852842687E-002
   1.0168591606024906        5.5506001611486909E-002
   1.0231360690012714        5.5601827565637037E-002
   1.0294129774000522        5.5064120019538455E-002
   1.0356898857988328        5.3893717133254963E-002
   1.0419667941976136        5.2098336307434726E-002
   1.0482437025963944        4.9692735002476653E-002
   1.0545206109951752        4.6698821092425256E-002
   1.0607975193939561        4.3145704340766471E-002
   1.0670744277927369        3.9069680254426378E-002
   1.0733513361915177        3.4514137451133485E-002
   1.0796282445902985        2.9529379795460407E-002
   1.0859051529890793        2.4172354945098232E-002
   1.0921820613878601        1.8506281629841245E-002
   1.0984589697866409        1.2600168979609316E-002
   1.1047358781854217        6.5282225455905139E-003
   1.1110127865842025        3.6913332704823127E-004
   1.1172896949829834       -5.7947518666027504E-003
   1.1235666033817642       -1.1878378033352614E-002
   1.1298435117805450       -1.7795044207599840E-002
   1.1361204201793258       -2.3457573954295867E-002
   1.1423973285781066       -2.8779584543425257E-002
   1.1486742369768874       -3.3676841780356660E-002
   1.1549511453756682       -3.8068683888654559E-002
   1.1612280537744490       -4.1879494211579230E-002
   1.1675049621732299       -4.5040198906244638E-002
   1.1737818705720107       -4.7489762365256719E-002
   1.1800587789707915       -4.9176649927967560E-002
   1.1863356873695723       -5.0060224673214485E-002
   1.1926125957683531       -5.0112042845813783E-002
   1.1988895041671339       -4.9317010905307199E-002
   1.2051664125659147       -4.7674366426211569E-002
   1.2114433209646955       -4.5198445261335866E-002
   1.2177202293634763       -4.1919198613065985E-002
   1.2239971377622572       -3.7882426048938170E-002
   1.2302740461610380       -3.3149694114035136E-002
   1.2365509545598188       -2.7797915086525325E-002
   1.2428278629585996       -2.1918566593533768E-002
   1.2491047713573804       -1.5616540227455586E-002
   1.2553816797561612       -9.0086158886122768E-003
   1.2616585881549420       -2.2215682077299215E-003
   1.2679354965537226        4.6100781205580862E-003
   1.2742124049525034        1.1346616159293643E-002
   1.2804893133512842        1.7846008339477481E-002
   1.2867662217500651        2.3966971052652879E-002
   1.2930431301488459        2.9572230354650779E-002
   1.2993200385476267        3.4531876613784492E-002
   1.3055969469464075        3.8726736845523448E-002
   1.3118738553451883        4.2051676009113609E-002
   1.3181507637439691        4.4418733133028056E-002
   1.3244276721427499        4.5759995170050617E-002
   1.3307045805415307        4.6030111321819084E-002
   1.3369814889403115        4.5208353492223505E-002
   1.3432583973390924        4.3300134746151193E-002
   1.3495353057378732        4.0337907257439791E-002
   1.3558122141366540        3.6381374230098518E-002
   1.3620891225354348        3.1516966519379984E-002
   1.3683660309342156        2.5856553904045159E-002
   1.3746429393329964        1.9535382741936815E-002
   1.3809198477317772        1.2709255541649431E-002
   1.3871967561305580        5.5509931104865901E-003
   1.3934736645293389       -1.7537543860987488E-003
   1.3997505729281197       -9.0112557975356791E-003
   1.4060274813269005       -1.6024891108755528E-002
   1.4123043897256813       -2.2600649888259380E-002
   1.4185812981244621       -2.8552780167180637E-002
   1.4248582065232429       -3.3709417587061918E-002
   1.4311351149220237       -3.7918015428045987E-002
   1.4374120233208045       -4.1050392673590161E-002
   1.4436889317195853       -4.3007220104790363E-002
   1.4499658401183662       -4.3721773893322144E-002
   1.4562427485171470       -4.3162802344726608E-002
   1.4625196569159278       -4.1336374173155048E-002
   1.4687965653147086       -3.8286605488651287E-002
   1.4750734737134894       -3.4095196832395112E-002
   1.4813503821122702       -2.8879750080114848E-002
   1.4876272905110510       -2.2790876622960199E-002
   1.4939041989098316       -1.6008151454518203E-002
   1.5001811073086124       -8.7350110553052907E-003
   1.5064580157073932       -1.1927345450189601E-003
   1.5127349241061741        6.3863142405714505E-003
   1.5190118325049549        1.3765973004170057E-002
   1.5252887409037357        2.0713858376135201E-002
   1.5315656493025165        2.7008978804878878E-002
   1.5378425577012973        3.2449117954353839E-002
   1.5441194661000781        3.6857724105343957E-002
   1.5503963744988589        4.0090051737614867E-002
   1.5566732828976397        4.2038322311320937E-002
   1.5629501912964205        4.2635701748352198E-002
   1.5692270996952014        4.1858931340432830E-002
   1.5755040080939822        3.9729495417026597E-002
   1.5817809164927630        3.6313261422958536E-002
   1.5880578248915438        3.1718584053387358E-002
   1.5943347332903246        2.6092922583713336E-002
   1.6006116416891054        1.9618077139043254E-002
   1.6068885500878862        1.2504203036765591E-002
   1.6131654584866670        4.9828101970257246E-003
   1.6194423668854478       -2.7010051073074635E-003
   1.6257192752842287       -1.0296818015260426E-002
   1.6319961836830095       -1.7557324126219374E-002
   1.6382730920817903       -2.4246673270001677E-002
   1.6445500004805711       -3.0148385312611384E-002
   1.6508269088793519       -3.5072561003452254E-002
   1.6571038172781327       -3.8862127383307452E-002
   1.6633807256769135       -4.1397896268028721E-002
   1.6696576340756943       -4.2602262223531986E-002
   1.6759345424744752       -4.2441419688984808E-002
   1.6822114508732560       -4.0926036588615239E-002
   1.6884883592720368       -3.8110381401471452E-002
   1.6947652676708176       -3.4089959551857084E-002
   1.7010421760695984       -2.8997770730167523E-002
   1.7073190844683792       -2.2999348999981382E-002
   1.7135959928671600       -1.6286790321646909E-002
   1.7198729012659408       -9.0720057323333478E-003
   1.7261498096647214       -1.5794617001026437E-003
   1.7324267180635022        5.9613186378755043E-003
   1.7387036264622830        1.3323218718831402E-002
   1.7449805348610639        2.0288691704726188E-002
   1.7512574432598447        2.6656379235154987E-002
   1.7575343516586255        3.2246970725332703E-002
   1.7638112600574063        3.6908124883098845E-002
   1.7700881684561871        4.0518317373348149E-002
   1.7763650768549679        4.2989524550454128E-002
   1.7826419852537487        4.4268700450415435E-002
   1.7889188936525295        4.4338051368113633E-002
   1.7951958020513104        4.3214156574116189E-002
   1.8014727104500912        4.0946031053766360E-002
   1.8077496188488720        3.7612268376687824E-002
   1.8140265272476528        3.3317391564202437E-002
   1.8203034356464336        2.8187560175496503E-002
   1.8265803440452144        2.2365808445698361E-002
   1.8328572524439952        1.6006998793015873E-002
   1.8391341608427760        9.2726761256063384E-003
   1.8454110692415568        2.3260025412733948E-003
   1.8516879776403377       -4.6730606104482594E-003
   1.8579648860391185       -1.1572174458683504E-002
   1.8642417944378993       -1.8230522674366211E-002
   1.8705187028366801       -2.4522090853204767E-002
   1.8767956112354609       -3.0338255771363874E-002
   1.8830725196342417       -3.5589644665271016E-002
   1.8893494280330225       -4.0207255277210120E-002
   1.8956263364318033       -4.4142854712247361E-002
   1.9019032448305841       -4.7368702193863452E-002
   1.9081801532293650       -4.9876660987279886E-002
   1.9144570616281458       -5.1676780994537597E-002
   1.9207339700269266       -5.2795373191384262E-002
   1.9270108784257074       -5.3272551170686987E-002
   1.9332877868244882       -5.3159482570219914E-002
   1.9395646952232690       -5.2515562396634352E-002
   1.9458416036220498       -5.1405642865111678E-002
   1.9521185120208304       -4.9897431613499459E-002
   1.9583954204196112       -4.8059143476660328E-002
   1.9646723288183920       -4.5957466721918361E-002
   1.9709492372171729       -4.3655878832345535E-002
   1.9772261456159537       -4.1213325141046080E-002
   1.9835030540147345       -3.8683253679635911E-002
   1.9897799624135153       -3.6112984580731193E-002
   1.9960568708122961       -3.3543380401633724E-002
   2.0023337792110771       -3.1008776571725481E-002
   2.0086106876098579       -2.8537126660969862E-002
   2.0148875960086388       -2.6150316954997671E-002
   2.0211645044074196       -2.3864605155916412E-002
   2.0274414128062004       -2.1691151469691829E-002
   2.0337183212049812       -1.9636652642704054E-002
   2.0399952296037620       -1.7704031460726292E-002
   2.0462721380025428       -1.5893086320687207E-002
   2.0525490464013236       -1.4201075990454688E-002
   2.0588259548001044       -1.2623235969098567E-002
   2.0651028631988853       -1.1153225311240002E-002
   2.0713797715976656       -9.7835061958588716E-003
   2.0776566799964464       -8.5056601586078334E-003
   2.0839335883952272       -7.3106463589651862E-003
   2.0902104967940081       -6.1890079135291463E-003
   2.0964874051927889       -5.1310327289510174E-003
   2.1027643135915697       -4.1268752941715017E-003
   2.1090412219903505       -3.1666457527952025E-003
   2.1153181303891313       -2.2404722909456485E-003
   2.1215950387879121       -1.3385425160706182E-003
   2.1278719471866929       -4.5112912422995470E-004
   2.1341488555854737        4.3139524050508601E-004
   2.1404257639842545        1.3185493785463529E-003
   2.1467026723830354        2.2197369604435233E-003
   2.1529795807818162        3.1442380361706400E-003
   2.1592564891805970        4.1011949365027988E-003
   2.1655333975793778        5.0995890716495126E-003
   2.1718103059781586        6.1482053360114924E-003
   2.1780872143769394        7.2555809968170735E-003
   2.1843641227757202        8.4299361526643923E-003
   2.1906410311745010        9.6790830617629799E-003
   2.1969179395732819        1.1010311935529045E-002
   2.2031948479720627        1.2430251143863126E-002
   2.2094717563708435        1.3944700259867666E-002
   2.2157486647696243        1.5558434960693267E-002
   2.2220255731684051        1.7274983568958843E-002
   2.2283024815671859        1.9096375942149395E-002
   2.2345793899659667        2.1022866556623367E-002
   2.2408562983647475        2.3052634957708235E-002
   2.2471332067635283        2.5181468300931372E-002
   2.2534101151623092        2.7402432445198452E-002
   2.2596870235610900        2.9705539992430290E-002
   2.2659639319598708        3.2077425727317865E-002
   2.2722408403586516        3.4501042074051642E-002
   2.2785177487574324        3.6955389346394772E-002
   2.2847946571562132        3.9415297657242776E-002
   2.2910715655549940        4.1851279225703968E-002
   2.2973484739537748        4.4229471361645713E-002
   2.3036253823525557        4.6511691434272535E-002
   2.3099022907513365        4.8655625493996310E-002
   2.3161791991501173        5.0615171709522545E-002
   2.3224561075488981        5.2340958244238817E-002
   2.3287330159476789        5.3781052434020989E-002
   2.3350099243464597        5.4881874012554246E-002
   2.3412868327452405        5.5589319529815863E-002
   2.3475637411440213        5.5850097983371594E-002
   2.3538406495428021        5.5613269027206369E-002
   2.3601175579415830        5.4831965052703047E-002
   2.3663944663403638        5.3465267139398802E-002
   2.3726713747391446        5.1480192676155188E-002
   2.3789482831379254        4.8853739782649286E-002
   2.3852251915367062        4.5574921084294423E-002
   2.3915020999354870        4.1646707578127946E-002
   2.3977790083342678        3.7087793052825273E-002
   2.4040559167330486        3.1934081636286450E-002
   2.4103328251318294        2.6239796425294282E-002
   2.4166097335306103        2.0078106675070758E-002
   2.4228866419293911        1.3541175493653542E-002
   2.4291635503281719        6.7395400691887212E-003
   2.4354404587269527       -1.9924738298139833E-004
   2.4417173671257335       -7.1327673318323246E-003
   2.4479942755245143       -1.3906690125438501E-002
   2.4542711839232951       -2.0358529345296472E-002
   2.4605480923220759       -2.6322139239005636E-002
   2.4668250007208568       -3.1632862175004668E-002
   2.4731019091196376       -3.6133188739306994E-002
   2.4793788175184184       -3.9678750618452059E-002
   2.4856557259171992       -4.2144427351526625E-002
   2.4919326343159800       -4.3430315057664391E-002
   2.4982095427147608       -4.3467281154800440E-002
   2.5044864511135416       -4.2221816423445926E-002
   2.5107633595123224       -3.9699896877836476E-002
   2.5170402679111032       -3.5949584419492815E-002
   2.5233171763098841       -3.1062128269574964E-002
   2.5295940847086644       -2.5171378651318820E-002
   2.5358709931074452       -1.8451389361014155E-002
   2.5421479015062260       -1.1112164438319905E-002
   2.5484248099050069       -3.3935933066307857E-003
   2.5547017183037877        4.4422861427867548E-003
   2.5609786267025685        1.2120460301434193E-002
   2.5672555351013493        1.9363220296591956E-002
   2.5735324435001301        2.5901130582719183E-002
   2.5798093518989109        3.1484177561465335E-002
   2.5860862602976917        3.5892574934519215E-002
   2.5923631686964725        3.8946717506378986E-002
   2.5986400770952534        4.0515795205944477E-002
   2.6049169854940342        4.0524623442422414E-002
   2.6111938938928150        3.8958314154304272E-002
   2.6174708022915958        3.5864500915307698E-002
   2.6237477106903766        3.1352937103866378E-002
   2.6300246190891574        2.5592403589289256E-002
   2.6363015274879382        1.8804985839868872E-002
   2.6425784358867190        1.1257903898132318E-002
   2.6488553442854998        3.2531960825782739E-003
   2.6551322526842807       -4.8843371631505615E-003
   2.6614091610830615       -1.2820434503166884E-002
   2.6676860694818423       -2.0225358441076726E-002
   2.6739629778806231       -2.6787960148737577E-002
   2.6802398862794039       -3.2229206221686450E-002
   2.6865167946781847       -3.6314562418191074E-002
   2.6927937030769655       -3.8864670091046521E-002
   2.6990706114757463       -3.9763817460539634E-002
   2.7053475198745272       -3.8965797093117059E-002
   2.7116244282733080       -3.6496849141760421E-002
   2.7179013366720888       -3.2455512307542990E-002
   2.7241782450708696       -2.7009335738931481E-002
   2.7304551534696504       -2.0388541130867733E-002
   2.7367320618684312       -1.2876862552087592E-002
   2.7430089702672120       -4.7998948924707950E-003
   2.7492858786659928        3.4886314372140547E-003
   2.7555627870647736        1.1622105729084493E-002
   2.7618396954635545        1.9237183342298705E-002
   2.7681166038623353        2.5990122722945940E-002
   2.7743935122611161        3.1572579473195195E-002
   2.7806704206598969        3.5726123661742236E-002
   2.7869473290586777        3.8254780116474117E-002
   2.7932242374574585        3.9034959444714412E-002
   2.7995011458562393        3.8022248076068688E-002
   2.8057780542550201        3.5254655789074822E-002
   2.8120549626538009        3.0852073855124975E-002
   2.8183318710525818        2.5011869900722905E-002
   2.8246087794513626        1.8000729003292665E-002
   2.8308856878501434        1.0143035879505756E-002
   2.8371625962489242        1.8062709340062994E-003
   2.8434395046477050       -6.6159458206980363E-003
   2.8497164130464858       -1.4722393490228622E-002
   2.8559933214452666       -2.2123500455573694E-002
   2.8622702298440474       -2.8460373623185677E-002
   2.8685471382428283       -3.3422658642695495E-002
   2.8748240466416091       -3.6764315440116241E-002
   2.8811009550403899       -3.8316474061823196E-002
   2.8873778634391707       -3.7996662749399404E-002
   2.8936547718379515       -3.5813865987659607E-002
   2.8999316802367323       -3.1869067592649312E-002
   2.9062085886355131       -2.6351172177697404E-002
   2.9124854970342939       -1.9528441470714291E-002
   2.9187624054330747       -1.1735812198195245E-002
   2.9250393138318556       -3.3586816580706202E-003
   2.9313162222306364        5.1860590820036623E-003
   2.9375931306294172        1.3470808143209329E-002
   2.9438700390281980        2.1078806066881610E-002
   2.9501469474269788        2.7625357181626346E-002
   2.9564238558257596        3.2777618198083877E-002
   2.9627007642245404        3.6271912748570792E-002
   2.9689776726233212        3.7927646450494415E-002
   2.9752545810221021        3.7657063781502374E-002
   2.9815314894208829        3.5470297464508783E-002
   2.9878083978196632        3.1475402429582439E-002
   2.9940853062184440        2.5873327229049125E-002
   3.0003622146172249        1.8948042114996354E-002
   3.0066391230160057        1.1052300616116778E-002
   3.0129160314147865        2.5897462284995591E-003
   3.0191929398135673       -6.0057250294977323E-003
   3.0254698482123481       -1.4292283288394216E-002
   3.0317467566111289       -2.1843005001260862E-002
   3.0380236650099097       -2.8268039648777464E-002
   3.0443005734086905       -3.3234935307852452E-002
   3.0505774818074713       -3.6486045081725565E-002
   3.0568543902062522       -3.7852093610435046E-002
   3.0631312986050330       -3.7261176758791675E-002
   3.0694082070038138       -3.4742701293179343E-002
   3.0756851154025946       -3.0426038720480244E-002
   3.0819620238013754       -2.4533947295650314E-002
   3.0882389322001562       -1.7371094285976316E-002
   3.0945158405989370       -9.3082720183086526E-003
   3.1007927489977178       -7.6313180881166522E-004
   3.1070696573964987        7.8215531415596114E-003
   3.1133465657952795        1.6000951661403168E-002
   3.1196234741940603        2.3351349257761722E-002
   3.1259003825928411        2.9492210855585194E-002
   3.1321772909916219        3.4105968188434664E-002
   3.1384541993904027        3.6954490167967036E-002
   3.1447311077891835        3.7891372288876700E-002
   3.1510080161879643        3.6869405073114418E-002
   3.1572849245867451        3.3942839482237905E-002
   3.1635618329855260        2.9264344993347510E-002
   3.1698387413843068        2.3076838476765563E-002
   3.1761156497830876        1.5700633733282933E-002
   3.1823925581818684        7.5166078166295771E-003
   3.1886694665806492       -1.0537121782478328E-003
   3.1949463749794300       -9.5700803129785839E-003
   3.2012232833782108       -1.7596318805708330E-002
   3.2075001917769916       -2.4722761004896839E-002
   3.2137771001757724       -3.0587180029230280E-002
   3.2200540085745533       -3.4893124262935934E-002
   3.2263309169733341       -3.7424728216851853E-002
   3.2326078253721149       -3.8057262326047607E-002
   3.2388847337708957       -3.6762916920510411E-002
   3.2451616421696765       -3.3611570879155915E-002
   3.2514385505684573       -2.8766560293827858E-002
   3.2577154589672381       -2.2475722351645827E-002
   3.2639923673660189       -1.5058231256796535E-002
   3.2702692757647998       -6.8879542580726604E-003
   3.2765461841635806        1.6257759589409378E-003
   3.2828230925623614        1.0058957969342034E-002
   3.2891000009611422        1.7994209407455133E-002
   3.2953769093599230        2.5041461642594597E-002
   3.3016538177587038        3.0857027072333114E-002
   3.3079307261574846        3.5160107008957872E-002
   3.3142076345562654        3.7745955999388195E-002
   3.3204845429550462        3.8495103074664402E-002
   3.3267614513538271        3.7378241318230934E-002
   3.3330383597526079        3.4456622676352321E-002
   3.3393152681513887        2.9878023076790869E-002
   3.3455921765501695        2.3868561903199626E-002
   3.3518690849489503        1.6720858758793099E-002
   3.3581459933477311        8.7791797338245218E-003
   3.3644229017465119        4.2235738993826044E-004
   3.3706998101452927       -7.9546420795593119E-003
   3.3769767185440736       -1.5959587667153545E-002
   3.3832536269428544       -2.3221374595807434E-002
   3.3895305353416352       -2.9407071690124714E-002
   3.3958074437404160       -3.4236847803093017E-002
   3.4020843521391968       -3.7496123723529770E-002
   3.4083612605379776       -3.9044447418892188E-002
   3.4146381689367584       -3.8820760205416666E-002
   3.4209150773355392       -3.6844901396690700E-002
   3.4271919857343200       -3.3215380390402428E-002
   3.4334688941331009       -2.8103618673936563E-002
   3.4397458025318817       -2.1745021884000255E-002
   3.4460227109306620       -1.4427376956023419E-002
   3.4522996193294428       -6.4771760614087282E-003
   3.4585765277282237        1.7554564195863837E-003
   3.4648534361270045        9.9125173327228137E-003
   3.4711303445257853        1.7643836367005682E-002
   3.4774072529245661        2.4622051306937159E-002
   3.4836841613233469        3.0556210600372023E-002
   3.4899610697221277        3.5203451578728805E-002
   3.4962379781209085        3.8378308615349591E-002
   3.5025148865196893        3.9959326861686781E-002
   3.5087917949184702        3.9892787687995354E-002
   3.5150687033172510        3.8193485190654151E-002
   3.5213456117160318        3.4942622978723505E-002
   3.5276225201148126        3.0283021245511819E-002
   3.5338994285135934        2.4411930970022179E-002
   3.5401763369123742        1.7571840942143771E-002
   3.5464532453111550        1.0039731246804448E-002
   3.5527301537099358        2.1152719326277278E-003
   3.5590070621087166       -5.8915124019461229E-003
   3.5652839705074975       -1.3672591595680988E-002
   3.5715608789062783       -2.0933796076916273E-002
   3.5778377873050591       -2.7405747703482645E-002
   3.5841146957038399       -3.2853462546122536E-002
   3.5903916041026207       -3.7084305431288427E-002
   3.5966685125014015       -3.9954057624574345E-002
   3.6029454209001823       -4.1370945637915157E-002
   3.6092223292989631       -4.1297566832408657E-002
   3.6154992376977440       -3.9750732590845626E-002
   3.6217761460965248       -3.6799329011916633E-002
   3.6280530544953056       -3.2560365524578583E-002
   3.6343299628940864       -2.7193441265932743E-002
   3.6406068712928672       -2.0893905902522502E-002
   3.6468837796916480       -1.3885024801389974E-002
   3.6531606880904288       -6.4094777448555577E-003
   3.6594375964892096        1.2794740465607586E-003
   3.6657145048879904        8.9268251619328172E-003
   3.6719914132867713        1.6284359150389196E-002
   3.6782683216855521        2.3118598335026965E-002
   3.6845452300843329        2.9217928435846124E-002
   3.6908221384831137        3.4398699690045803E-002
   3.6970990468818945        3.8510153856961389E-002
   3.7033759552806753        4.1438076081351562E-002
   3.7096528636794561        4.3107121100837323E-002
   3.7159297720782369        4.3481814301580358E-002
   3.7222066804770177        4.2566268348464727E-002
   3.7284835888757986        4.0402690534187644E-002
   3.7347604972745794        3.7068792315843667E-002
   3.7410374056733602        3.2674241426714080E-002
   3.7473143140721410        2.7356318614775846E-002
   3.7535912224709218        2.1274956029938782E-002
   3.7598681308697026        1.4607342451844463E-002
   3.7661450392684834        7.5422822103385825E-003
   3.7724219476672642        2.7449024258552655E-004
   3.7786988560660451       -7.0010041515760988E-003
   3.7849757644648259       -1.4094186874945078E-002
   3.7912526728636067       -2.0824982424695562E-002
   3.7975295812623875       -2.7027653057039282E-002
   3.8038064896611683       -3.2554579217163308E-002
   3.8100833980599491       -3.7279351386649770E-002
   3.8163603064587299       -4.1099128504427693E-002
   3.8226372148575107       -4.3936242541161512E-002
   3.8289141232562915       -4.5739052076633376E-002
   3.8351910316550724       -4.6482069046077143E-002
   3.8414679400538532       -4.6165401908013125E-002
   3.8477448484526340       -4.4813574652512643E-002
   3.8540217568514148       -4.2473794463552920E-002
   3.8602986652501956       -3.9213750717732435E-002
   3.8665755736489764       -3.5119035103856167E-002
   3.8728524820477572       -3.0290272422817715E-002
   3.8791293904465380       -2.4840049240465276E-002
   3.8854062988453189       -1.8889750342086967E-002
   3.8916832072440997       -1.2566405419444581E-002
   3.8979601156428805       -5.9996300304139541E-003
   3.9042370240416608        6.8126681045356150E-004
   3.9105139324404417        7.3499481925298846E-003
   3.9167908408392225        1.3885440443914512E-002
   3.9230677492380033        2.0174215177978027E-002
   3.9293446576367841        2.6111940032855427E-002
   3.9356215660355649        3.1604887710234043E-002
   3.9418984744343457        3.6571003604721194E-002
   3.9481753828331265        4.0940641808588918E-002
   3.9544522912319073        4.4656987254904669E-002
   3.9607291996306881        4.7676188296822956E-002
   3.9670061080294690        4.9967228941641392E-002
   3.9732830164282498        5.1511573454796983E-002
   3.9795599248270306        5.2302618049617729E-002
   3.9858368332258114        5.2344985172041156E-002
   3.9921137416245922        5.1653695440417764E-002
   3.9983906500233730        5.0253250982179941E-002
   4.0046675584221543        4.8176661651226103E-002
   4.0109444668209351        4.5464442879292563E-002
   4.0172213752197159        4.2163610517727636E-002
   4.0234982836184967        3.8326694544671143E-002
   4.0297751920172775        3.4010790175671379E-002
   4.0360521004160583        2.9276667628098493E-002
   4.0423290088148391        2.4187954331047128E-002
   4.0486059172136200        1.8810373203774794E-002
   4.0548828256124008        1.3211030079759338E-002
   4.0611597340111816        7.4577493391868995E-003
   4.0674366424099624        1.6184554541042644E-003
   4.0737135508087432       -4.2394025299441812E-003
   4.0799904592075240       -1.0049387396154644E-002
   4.0862673676063048       -1.5746575149514077E-002
   4.0925442760050856       -2.1268025773734368E-002
   4.0988211844038664       -2.6553227620291157E-002
   4.1050980928026473       -3.1544519527255392E-002
   4.1113750012014281       -3.6187494329057636E-002
   4.1176519096002089       -4.0431386915605674E-002
   4.1239288179989897       -4.4229449302865029E-002
   4.1302057263977705       -4.7539314430253485E-002
   4.1364826347965504       -5.0323349516634572E-002
   4.1427595431953312       -5.2548998895960757E-002
   4.1490364515941121       -5.4189115255537039E-002
   4.1553133599928929       -5.5222277203489496E-002
   4.1615902683916737       -5.5633090055871644E-002
   4.1678671767904545       -5.5412465734229692E-002
   4.1741440851892353       -5.4557876674503382E-002
   4.1804209935880161       -5.3073577736464726E-002
   4.1866979019867969       -5.0970789254441068E-002
   4.1929748103855777       -4.8267833648622770E-002
   4.1992517187843585       -4.4990217416181894E-002
   4.2055286271831394       -4.1170649902777148E-002
   4.2118055355819202       -3.6848990018820776E-002
   4.2180824439807010       -3.2072112066852204E-002
   4.2243593523794818       -2.6893682090617134E-002
   4.2306362607782626       -2.1373836692273256E-002
   4.2369131691770434       -1.5578757094210638E-002
   4.2431900775758242       -9.5801323855311277E-003
   4.2494669859746050       -3.4545073861732634E-003
   4.2557438943733858        2.7174875915133849E-003
   4.2620208027721667        8.8520256200603116E-003
   4.2682977111709475        1.4863088683915284E-002
   4.2745746195697283        2.0663585035549017E-002
   4.2808515279685091        2.6166570442742669E-002
   4.2871284363672899        3.1286562045383444E-002
   4.2934053447660707        3.5940930018715150E-002
   4.2996822531648515        4.0051348626771496E-002
   4.3059591615636323        4.3545284623185909E-002
   4.3122360699624132        4.6357497428797793E-002
   4.3185129783611940        4.8431522191779638E-002
   4.3247898867599748        4.9721103849937498E-002
   4.3310667951587556        5.0191547790818608E-002
   4.3373437035575364        4.9820950788136698E-002
   4.3436206119563172        4.8601274713090017E-002
   4.3498975203550980        4.6539225216723754E-002
   4.3561744287538788        4.3656898272158032E-002
   4.3624513371526596        3.9992159268276511E-002
   4.3687282455514405        3.5598722341374220E-002
   4.3750051539502213        3.0545901884102382E-002
   4.3812820623490021        2.4918013703732467E-002
   4.3875589707477829        1.8813410106778956E-002
   4.3938358791465637        1.2343141203486115E-002
   4.4001127875453445        5.6292438528556523E-003
   4.4063896959441253       -1.1973302532399875E-003
   4.4126666043429061       -7.9991250446605038E-003
   4.4189435127416870       -1.4634895438540360E-002
   4.4252204211404678       -2.0962582506750704E-002
   4.4314973295392486       -2.6842492035711832E-002
   4.4377742379380294       -3.2140609336093029E-002
   4.4440511463368102       -3.6731973413213215E-002
   4.4503280547355910       -4.0504025275786344E-002
   4.4566049631343718       -4.3359838671956995E-002
   4.4628818715331526       -4.5221137306708292E-002
   4.4691587799319334       -4.6031000991211879E-002
   4.4754356883307143       -4.5756164522475509E-002
   4.4817125967294951       -4.4388817640522056E-002
   4.4879895051282759       -4.1947822316087215E-002
   4.4942664135270567       -3.8479274934819813E-002
   4.5005433219258375       -3.4056355590772712E-002
   4.5068202303246183       -2.8778424478640770E-002
   4.5130971387233991       -2.2769345937252133E-002
   4.5193740471221799       -1.6175043564733902E-002
   4.5256509555209607       -9.1603143823566786E-003
   4.5319278639197416       -1.9049555309241114E-003
   4.5382047723185224        5.4007174026379067E-003
   4.5444816807173032        1.2560856533973108E-002
   4.5507585891160840        1.9379445404608307E-002
   4.5570354975148648        2.5665893152749097E-002
   4.5633124059136456        3.1240695520755982E-002
   4.5695893143124264        3.5940987244274934E-002
   4.5758662227112072        3.9625803947682135E-002
   4.5821431311099881        4.2180871306385356E-002
   4.5884200395087689        4.3522745366155371E-002
   4.5946969479075497        4.3602140744710610E-002
   4.6009738563063305        4.2406302936127627E-002
   4.6072507647051113        3.9960306778447446E-002
   4.6135276731038921        3.6327194730872044E-002
   4.6198045815026729        3.1606905068434547E-002
   4.6260814899014537        2.5933980308441407E-002
   4.6323583983002345        1.9474088780434679E-002
   4.6386353066990154        1.2419435700783098E-002
   4.6449122150977962        4.9831827508629595E-003
   4.6511891234965770       -2.6069647444910728E-003
   4.6574660318953578       -1.0115808099743821E-002
   4.6637429402941386       -1.7308118120457929E-002
   4.6700198486929194       -2.3956263032497174E-002
   4.6762967570917002       -2.9847739982676237E-002
   4.6825736654904810       -3.4792344098938013E-002
   4.6888505738892619       -3.8628714664176583E-002
   4.6951274822880427       -4.1230013752518030E-002
   4.7014043906868235       -4.2508518427938610E-002
   4.7076812990856043       -4.2418942601361927E-002
   4.7139582074843851       -4.0960347749646957E-002
   4.7202351158831659       -3.8176551394586256E-002
   4.7265120242819467       -3.4154996662994090E-002
   4.7327889326807275       -2.9024103281053218E-002
   4.7390658410795083       -2.2949177700905966E-002
   4.7453427494782892       -1.6127015349695205E-002
   4.7516196578770700       -8.7793788900967715E-003
   4.7578965662758508       -1.1455806975960952E-003
   4.7641734746746316        6.5255664662113629E-003
   4.7704503830734124        1.3984140971030637E-002
   4.7767272914721932        2.0987542124015570E-002
   4.7830041998709740        2.7308652104012326E-002
   4.7892811082697548        3.2743433779709154E-002
   4.7955580166685357        3.7117689306316620E-002
   4.8018349250673165        4.0292736893307729E-002
   4.8081118334660973        4.2169807547865486E-002
   4.8143887418648781        4.2693014152073279E-002
   4.8206656502636589        4.1850800951306090E-002
   4.8269425586624397        3.9675840547571672E-002
   4.8332194670612205        3.6243405052724602E-002
   4.8394963754600013        3.1668295688427280E-002
   4.8457732838587821        2.6100468381199650E-002
   4.8520501922575630        1.9719539648694634E-002
   4.8583271006563438        1.2728395439731118E-002
   4.8646040090551246        5.3461541611903134E-003
   4.8708809174539054       -2.1992470876772449E-003
   4.8771578258526862       -9.6785674941146996E-003
   4.8834347342514670       -1.6868607787738410E-002
   4.8897116426502478       -2.3559130118706754E-002
   4.8959885510490286       -2.9559121847481801E-002
   4.9022654594478094       -3.4702205726372171E-002
   4.9085423678465903       -3.8851038703371782E-002
   4.9148192762453711       -4.1900585943646637E-002
   4.9210961846441519       -4.3780203571664497E-002
   4.9273730930429327       -4.4454511097193353E-002
   4.9336500014417135       -4.3923080154724368E-002
   4.9399269098404943       -4.2219011007342225E-002
   4.9462038182392751       -3.9406517830921028E-002
   4.9524807266380559       -3.5577659502869417E-002
   4.9587576350368368       -3.0848347929117462E-002
   4.9650345434356176       -2.5353797872542147E-002
   4.9713114518343984       -1.9243599518345752E-002
   4.9775883602331792       -1.2676599367511424E-002
   4.9838652686319600       -5.8157729277472951E-003
   4.9901421770307408        1.1767367957507655E-003
   4.9964190854295216        8.1442563874131648E-003
   5.0026959938283024        1.4939757039557531E-002
   5.0089729022270832        2.1429454848705842E-002
   5.0152498106258641        2.7495751993853738E-002
   5.0215267190246449        3.3039464043979040E-002
   5.0278036274234257        3.7981309051161143E-002
   5.0340805358222065        4.2262662935923949E-002
   5.0403574442209873        4.5845613421408977E-002
   5.0466343526197681        4.8712367476009634E-002
   5.0529112610185480        5.0864089885799942E-002
   5.0591881694173289        5.2319237633661836E-002
   5.0654650778161097        5.3111354667936046E-002
   5.0717419862148905        5.3286433961769929E-002
   5.0780188946136713        5.2900109641936303E-002
   5.0842958030124521        5.2014843624452960E-002
   5.0905727114112329        5.0697227144877760E-002
   5.0968496198100137        4.9015496679402318E-002
   5.1031265282087945        4.7037336937362957E-002
   5.1094034366075753        4.4828018942454410E-002
   5.1156803450063562        4.2448896867899634E-002
   5.1219572534051370        3.9956266674449542E-002
   5.1282341618039178        3.7400571736705863E-002
   5.1345110702026986        3.4825927504686410E-002
   5.1407879786014794        3.2269927266923147E-002
   5.1470648870002602        2.9763685875633515E-002
   5.1533417953990410        2.7332075175411662E-002
   5.1596187037978218        2.4994106309019437E-002
   5.1658956121966026        2.2763416576314768E-002
   5.1721725205953835        2.0648848306065129E-002
   5.1784494289941643        1.8655126424127415E-002
   5.1847263373929451        1.6783534313859587E-002
   5.1910032457917259        1.5032531638317097E-002
   5.1972801541905067        1.3398305379162440E-002
   5.2035570625892875        1.1875251211707405E-002
   5.2098339709880683        1.0456386379841750E-002
   5.2161108793868491        9.1336969460162516E-003
   5.2223877877856300        7.8984243609397011E-003
   5.2286646961844108        6.7412969448823285E-003
   5.2349416045831916        5.6527126858989425E-003
   5.2412185129819724        4.6228797292346847E-003
   5.2474954213807532        3.6419210530547739E-003
   5.2537723297795340        2.6999494510640785E-003
   5.2600492381783148        1.7871187426600410E-003
   5.2663261465770956        8.9365664801657177E-004
   5.2726030549758764        9.8844705695216582E-006
   5.2788799633746573       -8.7377172536793571E-004
   5.2851568717734381       -1.7667740258192235E-003
   5.2914337801722189       -2.6784656180280286E-003
   5.2977106885709997       -3.6180599384668293E-003
   5.3039875969697805       -4.5946224521806736E-003
   5.3102645053685613       -5.6170416507478173E-003
   5.3165414137673421       -6.6939860814900307E-003
   5.3228183221661229       -7.8338443692991845E-003
   5.3290952305649038       -9.0446454348169607E-003
   5.3353721389636846       -1.0333956333267506E-002
   5.3416490473624654       -1.1708755487053317E-002
   5.3479259557612462       -1.3175279471619910E-002
   5.3542028641600270       -1.4738842070570230E-002
   5.3604797725588078       -1.6403624968795459E-002
   5.3667566809575886       -1.8172440316283969E-002
   5.3730335893563694       -2.0046466404951131E-002
   5.3793104977551502       -2.2024958950171397E-002
   5.3855874061539311       -2.4104941891115467E-002
   5.3918643145527119       -2.6280883286356152E-002
   5.3981412229514927       -2.8544363704591909E-002
   5.4044181313502735       -3.0883746526485185E-002
   5.4106950397490543       -3.3283861679732435E-002
   5.4169719481478351       -3.5725716513964771E-002
   5.4232488565466159       -3.8186249648538811E-002
   5.4295257649453967       -4.0638145634283668E-002
   5.4358026733441775       -4.3049729985582860E-002
   5.4420795817429584       -4.5384965454072571E-002
   5.4483564901417392       -4.7603571123128130E-002
   5.4546333985405200       -4.9661285861719980E-002
   5.4609103069393008       -5.1510296667925420E-002
   5.4671872153380816       -5.3099850310689714E-002
   5.4734641237368624       -5.4377063248866368E-002
   5.4797410321356432       -5.5287939966245717E-002
   5.4860179405344240       -5.5778603494875657E-002
   5.4922948489332049       -5.5796734008010627E-002
   5.4985717573319857       -5.5293201977373536E-002
   5.5048486657307665       -5.4223871679182703E-002
   5.5111255741295473       -5.2551539034608366E-002
   5.5174024825283281       -5.0247955278845458E-002
   5.5236793909271089       -4.7295875247653017E-002
   5.5299562993258897       -4.3691056786952308E-002
   5.5362332077246705       -3.9444126640447233E-002
   5.5425101161234513       -3.4582218982247150E-002
   5.5487870245222322       -2.9150286393299450E-002
   5.5550639329210130       -2.3211980429034183E-002
   5.5613408413197938       -1.6850000825095222E-002
   5.5676177497185746       -1.0165819592370126E-002
   5.5738946581173554       -3.2786993294182465E-003
   5.5801715665161362        3.6760556263187427E-003
   5.5864484749149170        1.0549651051763814E-002
   5.5927253833136978        1.7183162094791281E-002
   5.5990022917124787        2.3411667730770448E-002
   5.6052792001112595        2.9069087646703674E-002
   5.6115561085100403        3.3993605873288209E-002
   5.6178330169088211        3.8033522288926737E-002
   5.6241099253076019        4.1053332016490460E-002
   5.6303868337063827        4.2939796374592762E-002
   5.6366637421051635        4.3607740166227212E-002
   5.6429406505039443        4.3005291410194359E-002
   5.6492175589027251        4.1118273579786160E-002
   5.6554944673015060        3.7973469062220030E-002
   5.6617713757002868        3.3640497232590889E-002
   5.6680482840990676        2.8232091854958584E-002
   5.6743251924978484        2.1902620004990030E-002
   5.6806021008966292        1.4844756935628591E-002
   5.6868790092954100        7.2843155920389946E-003
   5.6931559176941908       -5.2667775515654138E-004
   5.6994328260929716       -8.3184737466964597E-003
   5.7057097344917524       -1.5813373129483766E-002
   5.7119866428905333       -2.2736409715840185E-002
   5.7182635512893141       -2.8826475676654688E-002
   5.7245404596880949       -3.3847362666571755E-002
   5.7308173680868757       -3.7598204074320567E-002
   5.7370942764856565       -3.9922817811363628E-002
   5.7433711848844373       -4.0717480190104051E-002
   5.7496480932832181       -3.9936718459892571E-002
   5.7559250016819989       -3.7596788427219321E-002
   5.7622019100807798       -3.3776601593022634E-002
   5.7684788184795606       -2.8615978383482166E-002
   5.7747557268783414       -2.2311225285721877E-002
   5.7810326352771222       -1.5108157931600244E-002
   5.7873095436759030       -7.2928134209134885E-003
   5.7935864520746838        8.1979264592184906E-004
   5.7998633604734646        8.8984113890135125E-003
   5.8061402688722454        1.6609277008421238E-002
   5.8124171772710262        2.3630208518286719E-002
   5.8186940856698071        2.9664482586296365E-002
   5.8249709940685879        3.4453862449083730E-002
   5.8312479024673687        3.7790194907078523E-002
   5.8375248108661495        3.9525041306085112E-002
   5.8438017192649303        3.9576886579556353E-002
   5.8500786276637111        3.7935569802899034E-002
   5.8563555360624919        3.4663695433531927E-002
   5.8626324444612727        2.9894912276032557E-002
   5.8689093528600536        2.3829080604246610E-002
   5.8751862612588344        1.6724486429733211E-002
   5.8814631696576152        8.8873905929948982E-003
   5.8877400780563960        6.5927987681517789E-004
   5.8940169864551768       -7.5976980130203183E-003
   5.9002938948539576       -1.5516519507979717E-002
   5.9065708032527384       -2.2741617197676769E-002
   5.9128477116515192       -2.8945037800251667E-002
   5.9191246200503000       -3.3841688249250622E-002
   5.9254015284490809       -3.7202948514400064E-002
   5.9316784368478617       -3.8867980710899190E-002
   5.9379553452466425       -3.8752148567375015E-002
   5.9442322536454233       -3.6852077232209603E-002
   5.9505091620442041       -3.3247026492895092E-002
   5.9567860704429849       -2.8096415214278751E-002
   5.9630629788417657       -2.1633514003675292E-002
   5.9693398872405457       -1.4155508629988919E-002
   5.9756167956393265       -6.0103195155429686E-003
   5.9818937040381073        2.4192666453379820E-003
   5.9881706124368881        1.0733447647346498E-002
   5.9944475208356689        1.8534413891137906E-002
   6.0007244292344497        2.5445606652498509E-002
   6.0070013376332305        3.1130280387781574E-002
   6.0132782460320113        3.5308431075398251E-002
   6.0195551544307921        3.7771209343956710E-002
   6.0258320628295730        3.8392041325811151E-002
   6.0321089712283538        3.7133827852165464E-002
   6.0383858796271346        3.4051774312053709E-002
   6.0446627880259154        2.9291620443543304E-002
   6.0509396964246962        2.3083287693006944E-002
   6.0572166048234770        1.5730196407103502E-002
   6.0634935132222578        7.5947314537329579E-003
   6.0697704216210386       -9.1945657121194463E-004
   6.0760473300198194       -9.3874512285633330E-003
   6.0823242384186003       -1.7384373815009110E-002
   6.0886011468173811       -2.4506909655706417E-002
   6.0948780552161619       -3.0393948255429376E-002
   6.1011549636149427       -3.4745258993539099E-002
   6.1074318720137235       -3.7337212236412773E-002
   6.1137087804125043       -3.8034697906282146E-002
   6.1199856888112851       -3.6798582771205852E-002
   6.1262625972100659       -3.3688274602593354E-002
   6.1325395056088468       -2.8859214078536585E-002
   6.1388164140076276       -2.2555380686303000E-002
   6.1450933224064084       -1.5097162617509855E-002
   6.1513702308051892       -6.8651885900659678E-003
   6.1576471392039700        1.7190620357266544E-003
   6.1639240476027508        1.0214877524848334E-002
   6.1702009560015316        1.8185041780254072E-002
   6.1764778644003124        2.5218486798985786E-002
   6.1827547727990932        3.0951680519883902E-002
   6.1890316811978741        3.5087619416434151E-002
   6.1953085895966549        3.7411418179027045E-002
   6.2015854979954357        3.7801670205803509E-002
   6.2078624063942165        3.6236962726453402E-002
   6.2141393147929973        3.2797184388280283E-002
   6.2204162231917781        2.7659538869613736E-002
   6.2266931315905589        2.1089458623529858E-002
   6.2329700399893397        1.3426884607165238E-002
   6.2392469483881206        5.0686254738521357E-003
   6.2455238567869014       -3.5522800082132809E-003
   6.2518007651856822       -1.1989112408417726E-002
   6.2580776735844630       -1.9804744804525775E-002
   6.2643545819832438       -2.6594412051272477E-002
   6.2706314903820246       -3.2006774995005934E-002
   6.2769083987808054       -3.5762169604859555E-002
   6.2831853071795862       -3.7667081756012077E-002
