   6.2769083987808056E-003   5.7563851487615256E-007
   1.2553816797561611E-002   6.7117923017434973E-007
   1.8830725196342418E-002   7.2846631211546856E-007
   2.5107633595123222E-002   7.4433230620745287E-007
   3.1384541993904030E-002   7.1798839697738358E-007
   3.7661450392684835E-002   6.5105094907635033E-007
   4.3938358791465640E-002   5.4742731804834667E-007
   5.0215267190246445E-002   4.1306964448612037E-007
   5.6492175589027249E-002   2.5561326259795123E-007
   6.2769083987808061E-002   8.3923063577735240E-008
   6.9045992386588859E-002  -9.2423707142045364E-008
   7.5322900785369670E-002  -2.6368652288439915E-007
   8.1599809184150468E-002  -4.2050963025779509E-007
   8.7876717582931280E-002  -5.5443709279966868E-007
   9.4153625981712077E-002  -6.5836567761243375E-007
  0.10043053438049289       -7.2691100098047692E-007
  0.10670744277927370       -7.5666827137541420E-007
  0.11298435117805450       -7.4635583125908656E-007
  0.11926125957683531       -6.9683694840624190E-007
  0.12553816797561612       -6.1102267487691483E-007
  0.13181507637439691       -4.9366576001873353E-007
  0.13809198477317772       -3.5106149434903712E-007
  0.14436889317195853       -1.9067597532864142E-007
  0.15064580157073934       -2.0725491653874303E-008
  0.15692270996952015        1.5026767410891193E-007
  0.16319961836830094        3.1391770742071633E-007
  0.16947652676708175        4.6239214621980918E-007
  0.17575343516586256        5.8878212979761647E-007
  0.18203034356464337        6.8740878234437306E-007
  0.18830725196342415        7.5405308093780932E-007
  0.19458416036220497        7.8610154605982072E-007
  0.20086106876098578        7.8260516320225878E-007
  0.20713797715976659        7.4425380359421292E-007
  0.21341488555854740        6.7327276390314841E-007
  0.21969179395732819        5.7325170927978296E-007
  0.22596870235610900        4.4891909020370751E-007
  0.23224561075488981        3.0587695046724056E-007
  0.23852251915367062        1.5031192921119333E-007
  0.24479942755245140       -1.1301811872574154E-008
  0.25107633595123224       -1.7249287664424324E-007
  0.25735324435001306       -3.2706289355400415E-007
  0.26363015274879381       -4.6932564937526580E-007
  0.26990706114757462       -5.9430655094398234E-007
  0.27618396954635543       -6.9789659738628722E-007
  0.28246087794513625       -7.7695781312646149E-007
  0.28873778634391706       -8.2937971111425685E-007
  0.29501469474269787       -8.5408874433512111E-007
  0.30129160314147868       -8.5101471869214758E-007
  0.30756851154025949       -8.2101975123176931E-007
  0.31384541993904030       -7.6579648970986942E-007
  0.32012232833782106       -6.8774301800925794E-007
  0.32639923673660187       -5.8982209288417464E-007
  0.33267614513538268       -4.7541221364724866E-007
  0.33895305353416350       -3.4815753448445628E-007
  0.34522996193294431       -2.1182285151145471E-007
  0.35150687033172512       -7.0158939206592663E-008
  0.35778377873050593        7.3217574568742209E-008
  0.36406068712928674        2.1492675842511445E-007
  0.37033759552806755        3.5190842931547006E-007
  0.37661450392684831        4.8148486604713369E-007
  0.38289141232562912        6.0140325410496551E-007
  0.38916832072440993        7.0985869510095559E-007
  0.39544522912319074        8.0549933163443675E-007
  0.40172213752197156        8.8741574723829146E-007
  0.40799904592075237        9.5511711659741023E-007
  0.41427595431953318        1.0084967817226701E-006
  0.42055286271831399        1.0477899480278563E-006
  0.42682977111709480        1.0735261196148108E-006
  0.43310667951587556        1.0864787016049476E-006
  0.43938358791465637        1.0876139410969228E-006
  0.44566049631343718        1.0780410665631892E-006
  0.45193740471221799        1.0589651509140819E-006
  0.45821431311099881        1.0316438699334049E-006
  0.46449122150977962        9.9734900981112232E-007
  0.47076812990856043        9.5733323935725341E-007
  0.47704503830734124        9.1280241005053931E-007
  0.48332194670612205        8.6489337984345867E-007
  0.48959885510490281        8.1465717464625341E-007
  0.49587576350368362        7.6304713587479914E-007
  0.50215267190246449        7.1091159437955532E-007
  0.50842958030124530        6.5899052555141485E-007
  0.51470648870002611        6.0791561601615105E-007
  0.52098339709880681        5.5821313522456877E-007
  0.52726030549758762        5.1030909857684636E-007
  0.53353721389636843        4.6453633926065481E-007
  0.53981412229514925        4.2114283747057005E-007
  0.54609103069393006        3.8030065453436262E-007
  0.55236793909271087        3.4211509569074361E-007
  0.55864484749149168        3.0663380792453189E-007
  0.56492175589027249        2.7385558352931000E-007
  0.57119866428905330        2.4373868491990131E-007
  0.57747557268783412        2.1620857601588478E-007
  0.58375248108661493        1.9116496373432259E-007
  0.59002938948539574        1.6848811629725977E-007
  0.59630629788417655        1.4804442331216105E-007
  0.60258320628295736        1.2969122650716759E-007
  0.60886011468173817        1.1328093073591921E-007
  0.61513702308051899        9.8664445405867062E-008
  0.62141393147929980        8.5694003653200823E-008
  0.62769083987808061        7.4225421213735936E-008
  0.63396774827686131        6.4119843019934981E-008
  0.64024465667564212        5.5245057492346435E-008
  0.64652156507442293        4.7476414629947642E-008
  0.65279847347320374        4.0697429849879254E-008
  0.65907538187198456        3.4800101461138577E-008
  0.66535229027076537        2.9685014589208164E-008
  0.67162919866954618        2.5261255853144878E-008
  0.67790610706832699        2.1446192876902910E-008
  0.68418301546710780        1.8165138375360187E-008
  0.69045992386588861        1.5350946107516250E-008
  0.69673683226466943        1.2943543339108358E-008
  0.70301374066345024        1.0889442000681960E-008
  0.70929064906223105        9.1412231231495880E-009
  0.71556755746101186        7.6570299795013758E-009
  0.72184446585979267        6.4000571808383730E-009
  0.72812137425857348        5.3380712044469593E-009
  0.73439828265735430        4.4429406622583573E-009
  0.74067519105613511        3.6902043357458203E-009
  0.74695209945491581        3.0586597149136030E-009
  0.75322900785369662        2.5299948054404638E-009
  0.75950591625247743        2.0884382673814640E-009
  0.76578282465125824        1.7204534231232960E-009
  0.77205973305003905        1.4144514042374410E-009
  0.77833664144881987        1.1605441823363942E-009
  0.78461354984760068        9.5031383466036152E-010
  0.79089045824638149        7.7661896340041126E-010
  0.79716736664516230        6.3341233089415880E-010
  0.80344427504394311        5.1559135316837988E-010
  0.80972118344272392        4.1885778345729120E-010
  0.81599809184150474        3.3960313551745173E-010
  0.82227500024028555        2.7480221034862876E-010
  0.82855190863906636        2.2192928118259396E-010
  0.83482881703784717        1.7887640190145377E-010
  0.84110572543662798        1.4389254026144214E-010
  0.84738263383540879        1.1552204151881169E-010
  0.85365954223418961        9.2562731670227765E-011
  0.85993645063297042        7.4019226368023006E-011
  0.86621335903175112        5.9074202852696955E-011
  0.87249026743053193        4.7052529314795791E-011
  0.87876717582931274        3.7403981808676562E-011
  0.88504408422809355        2.9674350090954250E-011
  0.89132099262687436        2.3496273529194985E-011
  0.89759790102565518        1.8566553676584625E-011
  0.90387480942443599        1.4642583984818444E-011
  0.91015171782321680        1.1524438023535475E-011
  0.91642862622199761        9.0528021082673818E-012
  0.92270553462077842        7.0965448203707717E-012
  0.92898244301955923        5.5522989096596579E-012
  0.93525935141834005        4.3343375252416588E-012
  0.94153625981712086        3.3770748520959931E-012
  0.94781316821590167        2.6248914449550272E-012
  0.95409007661468248        2.0365415834022715E-012
  0.96036698501346329        1.5756864203298807E-012
  0.96664389341224410        1.2172496095967248E-012
  0.97292080181102492        9.3777498554556811E-013
  0.97919771020980562        7.2154460135128183E-013
  0.98547461860858643        5.5291844287900248E-013
  0.99175152700736724        4.2356825279936795E-013
  0.99802843540614805        3.2329185927770353E-013
   1.0043053438049290        2.4721617666534565E-013
   1.0105822522037098        1.8786574496673555E-013
   1.0168591606024906        1.4342054400822989E-013
   1.0231360690012714        1.0817130679895620E-013
   1.0294129774000522        8.2440932513574926E-014
   1.0356898857988328        6.2039333229827740E-014
   1.0419667941976136        4.7583368984481904E-014
   1.0482437025963944        3.5669935776512985E-014
   1.0545206109951752        2.7301140707323650E-014
   1.0607975193939561        2.0131671623566198E-014
   1.0670744277927369        1.5408309985649543E-014
   1.0733513361915177        1.0807470201875111E-014
   1.0796282445902985        8.4712356325913441E-015
   1.0859051529890793        5.4224985576510707E-015
   1.0921820613878601        4.4899206725812326E-015
   1.0984589697866409        2.8085811722792812E-015
   1.1047358781854217        2.7850802401785100E-015
   1.1110127865842025        1.6877872306482432E-015
   1.1172896949829834        2.3022529587396107E-015
   1.1235666033817642        1.5169670451181684E-015
   1.1298435117805450        2.0558277461070461E-015
   1.1361204201793258        1.2693966877778051E-015
   1.1423973285781066        1.8167218689818197E-015
   1.1486742369768874        7.6404007610813359E-016
   1.1549511453756682        1.0501847618960033E-015
   1.1612280537744490        2.5822527845738242E-017
   1.1675049621732299        7.7896056627907104E-016
   1.1737818705720107        1.1601390558205202E-017
   1.1800587789707915        7.4608162022110725E-016
   1.1863356873695723        1.0580193851664480E-016
   1.1926125957683531        6.0105367361485916E-016
   1.1988895041671339       -2.9115178171195762E-016
   1.2051664125659147        6.1861190925445797E-016
   1.2114433209646955       -7.1082507610212157E-017
   1.2177202293634763        7.3882599657488797E-016
   1.2239971377622572        4.8545752984911029E-016
   1.2302740461610380        1.4691074759922048E-015
   1.2365509545598188        9.0944699207339740E-016
   1.2428278629585996        1.7222370268067971E-015
   1.2491047713573804        1.2222356727302116E-015
   1.2553816797561612        1.9799740600188965E-015
   1.2616585881549420        1.7056082161255217E-015
   1.2679354965537226        2.5311853022149192E-015
   1.2742124049525034        1.6401267927197000E-015
   1.2804893133512842        2.2465616050886546E-015
   1.2867662217500651        7.2305214742147776E-016
   1.2930431301488459        1.4312520386422000E-015
   1.2993200385476267        6.4625963825512126E-016
   1.3055969469464075        7.8995934493557397E-016
   1.3118738553451883       -5.6085897007008476E-016
   1.3181507637439691        1.2632426820633143E-016
   1.3244276721427499       -8.8964808074020053E-016
   1.3307045805415307        2.6300137784536634E-017
   1.3369814889403115       -1.2173119639383787E-015
   1.3432583973390924       -7.0701442943737101E-016
   1.3495353057378732       -1.9213739201202224E-015
   1.3558122141366540       -8.2692582596324134E-016
   1.3620891225354348       -1.3668934477498585E-015
   1.3683660309342156       -3.7168043144343745E-016
   1.3746429393329964       -1.2390278568130003E-015
   1.3809198477317772       -2.6663508064426470E-016
   1.3871967561305580       -1.4467569261828932E-015
   1.3934736645293389       -4.7312577926259297E-016
   1.3997505729281197       -1.5477485222628310E-015
   1.4060274813269005       -4.7647276436213489E-016
   1.4123043897256813       -1.2932685939975038E-015
   1.4185812981244621       -7.9506908638587940E-017
   1.4248582065232429       -6.1082632301444507E-016
   1.4311351149220237        1.0704977945088863E-015
   1.4374120233208045        6.1419803620594533E-016
   1.4436889317195853        1.9392865462398738E-015
   1.4499658401183662        8.5067048696220787E-016
   1.4562427485171470        2.0123079070082570E-015
   1.4625196569159278        8.0592384798071210E-016
   1.4687965653147086        1.8727394866723475E-015
   1.4750734737134894        5.6331577525821934E-016
   1.4813503821122702        1.2250925810213602E-015
   1.4876272905110510       -3.7553643288426720E-016
   1.4939041989098316        3.5198129786257962E-016
   1.5001811073086124       -1.3230631892166557E-015
   1.5064580157073932       -3.6127495089016617E-016
   1.5127349241061741       -1.8157707637580988E-015
   1.5190118325049549       -6.2008313192140350E-016
   1.5252887409037357       -1.9851756155565339E-015
   1.5315656493025165       -4.3995894111553008E-016
   1.5378425577012973       -1.3925442876477006E-015
   1.5441194661000781        3.0340410399078624E-016
   1.5503963744988589       -2.6358800466111006E-016
   1.5566732828976397        1.7520840949481962E-015
   1.5629501912964205        7.5907167792318682E-016
   1.5692270996952014        1.9438422098641921E-015
   1.5755040080939822        7.3673477968768609E-016
   1.5817809164927630        2.0524428658357541E-015
   1.5880578248915438        6.6987103609487384E-016
   1.5943347332903246        1.9389336328736738E-015
   1.6006116416891054        5.2145087697013245E-016
   1.6068885500878862        1.7994549969677535E-015
   1.6131654584866670        3.0857512261220104E-016
   1.6194423668854478        1.8580391426510159E-015
   1.6257192752842287        3.2190583985878418E-016
   1.6319961836830095        1.4771615588287887E-015
   1.6382730920817903       -4.7966421108984568E-016
   1.6445500004805711        8.1367518119716774E-016
   1.6508269088793519       -1.1035000238720659E-015
   1.6571038172781327       -2.4991146665244803E-016
   1.6633807256769135       -3.0131159834438017E-015
   1.6696576340756943       -2.8396212400157141E-015
   1.6759345424744752       -5.8523393135177612E-015
   1.6822114508732560       -5.6666963293711037E-015
   1.6884883592720368       -8.8718016388051266E-015
   1.6947652676708176       -9.4121464319102830E-015
   1.7010421760695984       -1.4109427570821701E-014
   1.7073190844683792       -1.6316752247332047E-014
   1.7135959928671600       -2.3400752161693050E-014
   1.7198729012659408       -2.8862367688259386E-014
   1.7261498096647214       -4.1463176900129417E-014
   1.7324267180635022       -5.4388798843956135E-014
   1.7387036264622830       -7.6849944190373927E-014
   1.7449805348610639       -1.0375505815455618E-013
   1.7512574432598447       -1.4532966852150575E-013
   1.7575343516586255       -1.9763210521299699E-013
   1.7638112600574063       -2.7435023054182285E-013
   1.7700881684561871       -3.7545014180193191E-013
   1.7763650768549679       -5.1897982383853257E-013
   1.7826419852537487       -7.1113111523343737E-013
   1.7889188936525295       -9.7917849705611693E-013
   1.7951958020513104       -1.3412377627485692E-012
   1.8014727104500912       -1.8406619089145095E-012
   1.8077496188488720       -2.5179892496506780E-012
   1.8140265272476528       -3.4469323958116517E-012
   1.8203034356464336       -4.7081438777302134E-012
   1.8265803440452144       -6.4312442960646584E-012
   1.8328572524439952       -8.7699839734641538E-012
   1.8391341608427760       -1.1954144439052531E-011
   1.8454110692415568       -1.6271881573819646E-011
   1.8516879776403377       -2.2132978509093538E-011
   1.8579648860391185       -3.0066476413386562E-011
   1.8642417944378993       -4.0805878315034713E-011
   1.8705187028366801       -5.5314196153937019E-011
   1.8767956112354609       -7.4904594923546892E-011
   1.8830725196342417       -1.0131154671997111E-010
   1.8893494280330225       -1.3687734329538596E-010
   1.8956263364318033       -1.8470617083958279E-010
   1.9019032448305841       -2.4896075720734577E-010
   1.9081801532293650       -3.3515906514423195E-010
   1.9144570616281458       -4.5066128510934827E-010
   1.9207339700269266       -6.0521380727568896E-010
   1.9270108784257074       -8.1176136950826584E-010
   1.9332877868244882       -1.0874109345296380E-009
   1.9395646952232690       -1.4547962794330899E-009
   1.9458416036220498       -1.9437556736147568E-009
   1.9521185120208304       -2.5936240246628991E-009
   1.9583954204196112       -3.4561078153955216E-009
   1.9646723288183920       -4.5991314032216262E-009
   1.9709492372171729       -6.1117071212435372E-009
   1.9772261456159537       -8.1103510110477735E-009
   1.9835030540147345       -1.0747251025204811E-008
   1.9897799624135153       -1.4220907311446943E-008
   1.9960568708122961       -1.8789692578189768E-008
   2.0023337792110771       -2.4789370756296978E-008
   2.0086106876098579       -3.2655397592460822E-008
   2.0148875960086388       -4.2951530531731400E-008
   2.0211645044074196       -5.6406151592960313E-008
   2.0274414128062004       -7.3958581063530366E-008
   2.0337183212049812       -9.6817671822181952E-008
   2.0399952296037620       -1.2653607593660864E-007
   2.0462721380025428       -1.6510381724864890E-007
   2.0525490464013236       -2.1506620520523003E-007
   2.0588259548001044       -2.7967169990072069E-007
   2.0651028631988853       -3.6305716291922758E-007
   2.0713797715976656       -4.7047895787370823E-007
   2.0776566799964464       -6.0860076211711321E-007
   2.0839335883952272       -7.8585059510690795E-007
   2.0902104967940081       -1.0128627097514984E-006
   2.0964874051927889       -1.3030224716603045E-006
   2.1027643135915697       -1.6731367058127961E-006
   2.1090412219903505       -2.1442556061656636E-006
   2.1153181303891313       -2.7426774985208545E-006
   2.1215950387879121       -3.5011726766309667E-006
   2.1278719471866929       -4.4604695281825368E-006
   2.1341488555854737       -5.6710525937958240E-006
   2.1404257639842545       -7.1953308983992469E-006
   2.1467026723830354       -9.1102430384801077E-006
   2.1529795807818162       -1.1510376060920322E-005
   2.1592564891805970       -1.4511685069204568E-005
   2.1655333975793778       -1.8255912800908058E-005
   2.1718103059781586       -2.2915819837372994E-005
   2.1780872143769394       -2.8701349797447547E-005
   2.1843641227757202       -3.5866866161547771E-005
   2.1906410311745010       -4.4719611583348550E-005
   2.1969179395732819       -5.5629552541040935E-005
   2.2031948479720627       -6.9040785438888912E-005
   2.2094717563708435       -8.5484690056765388E-005
   2.2157486647696243       -1.0559502633072148E-004
   2.2220255731684051       -1.3012517528431119E-004
   2.2283024815671859       -1.5996772876456002E-004
   2.2345793899659667       -1.9617662888978671E-004
   2.2408562983647475       -2.3999205187220200E-004
   2.2471332067635283       -2.9286821398853208E-004
   2.2534101151623092       -3.5650425696185631E-004
   2.2596870235610900       -4.3287833464850345E-004
   2.2659639319598708       -5.2428498050856645E-004
   2.2722408403586516       -6.3337569864721402E-004
   2.2785177487574324       -7.6320250609145308E-004
   2.2847946571562132       -9.1726420144838672E-004
   2.2910715655549940       -1.0995550004748338E-003
   2.2973484739537748       -1.3146149625481685E-003
   2.3036253823525557       -1.5675814294883823E-003
   2.3099022907513365       -1.8642404614029561E-003
   2.3161791991501173       -2.2110769921620537E-003
   2.3224561075488981       -2.6153221285907780E-003
   2.3287330159476789       -3.0849956956912525E-003
   2.3350099243464597       -3.6289417772639074E-003
   2.3412868327452405       -4.2568546341083561E-003
   2.3475637411440213       -4.9792919959860812E-003
   2.3538406495428021       -5.8076723416927998E-003
   2.3601175579415830       -6.7542524029299130E-003
   2.3663944663403638       -7.8320807834542233E-003
   2.3726713747391446       -9.0549232775961313E-003
   2.3789482831379254       -1.0437155243437376E-002
   2.3852251915367062       -1.1993616239955119E-002
   2.3915020999354870       -1.3739422128949427E-002
   2.3977790083342678       -1.5689729973437032E-002
   2.4040559167330486       -1.7859451405442199E-002
   2.4103328251318294       -2.0262910677424077E-002
   2.4166097335306103       -2.2913444448539343E-002
   2.4228866419293911       -2.5822941442917802E-002
   2.4291635503281719       -2.9001321599575202E-002
   2.4354404587269527       -3.2455956115433837E-002
   2.4417173671257335       -3.6191033191965524E-002
   2.4479942755245143       -4.0206878959801011E-002
   2.4542711839232951       -4.4499242371137407E-002
   2.4605480923220759       -4.9058555850833595E-002
   2.4668250007208568       -5.3869188028824816E-002
   2.4731019091196376       -5.8908708623284588E-002
   2.4793788175184184       -6.4147189323885231E-002
   2.4856557259171992       -6.9546568207884935E-002
   2.4919326343159800       -7.5060108718145210E-002
   2.4982095427147608       -8.0631987296370680E-002
   2.5044864511135416       -8.6197046232428715E-002
   2.5107633595123224       -9.1680749891306146E-002
   2.5170402679111032       -9.6999383000267919E-002
   2.5233171763098841      -0.10206052884072078     
   2.5295940847086644      -0.10676386277115583     
   2.5358709931074452      -0.11100229225840128     
   2.5421479015062260      -0.11466346833923916     
   2.5484248099050069      -0.11763168500695492     
   2.5547017183037877      -0.11979017235564776     
   2.5609786267025685      -0.12102377640567483     
   2.5672555351013493      -0.12122200350041359     
   2.5735324435001301      -0.12028239021555265     
   2.5798093518989109      -0.11811414123229891     
   2.5860862602976917      -0.11464195807709064     
   2.5923631686964725      -0.10980996168677969     
   2.5986400770952534      -0.10358559219067760     
   2.6049169854940342       -9.5963351053439130E-002
   2.6111938938928150       -8.6968234810216885E-002
   2.6174708022915958       -7.6658697193444855E-002
   2.6237477106903766       -6.5128968588909014E-002
   2.6300246190891574       -5.2510559742220651E-002
   2.6363015274879382       -3.8972781825173754E-002
   2.6425784358867190       -2.4722127621592344E-002
   2.6488553442854998       -1.0000379783428425E-002
   2.6551322526842807        4.9186575333296624E-003
   2.6614091610830615        1.9733867832479584E-002
   2.6676860694818423        3.4122988062245299E-002
   2.6739629778806231        4.7750190484154832E-002
   2.6802398862794039        6.0274977055349413E-002
   2.6865167946781847        7.1362214984531935E-002
   2.6927937030769655        8.0693072047000380E-002
   2.6990706114757463        8.7976540876461506E-002
   2.7053475198745272        9.2961176172524779E-002
   2.7116244282733080        9.5446611368188439E-002
   2.7179013366720888        9.5294375683861343E-002
   2.7241782450708696        9.2437502645825398E-002
   2.7304551534696504        8.6888410737934976E-002
   2.7367320618684312        7.8744549229402216E-002
   2.7430089702672120        6.8191339878456006E-002
   2.7492858786659928        5.5502009861846231E-002
   2.7555627870647736        4.1034003249590133E-002
   2.7618396954635545        2.5221776794773561E-002
   2.7681166038623353        8.5659280676914779E-003
   2.7743935122611161       -8.3812339264162199E-003
   2.7806704206598969       -2.5033389600789057E-002
   2.7869473290586777       -4.0790712371373550E-002
   2.7932242374574585       -5.5062525908348911E-002
   2.7995011458562393       -6.7291297616633605E-002
   2.8057780542550201       -7.6977012132295949E-002
   2.8120549626538009       -8.3700862019434552E-002
   2.8183318710525818       -8.7147095590959942E-002
   2.8246087794513626       -8.7121833545275362E-002
   2.8308856878501434       -8.3567705899075126E-002
   2.8371625962489242       -7.6573263934527139E-002
   2.8434395046477050       -6.6376292978697501E-002
   2.8497164130464858       -5.3360388202150055E-002
   2.8559933214452666       -3.8044451152426523E-002
   2.8622702298440474       -2.1065108187551342E-002
   2.8685471382428283       -3.1524283632376007E-003
   2.8748240466416091        1.4900291503229354E-002
   2.8811009550403899        3.2271524746086501E-002
   2.8873778634391707        4.8149795746459813E-002
   2.8936547718379515        6.1773449853101778E-002
   2.8999316802367323        7.2469903857820567E-002
   2.9062085886355131        7.9692253834552737E-002
   2.9124854970342939        8.3051118192230697E-002
   2.9187624054330747        8.2339720472136307E-002
   2.9250393138318556        7.7550471359523879E-002
   2.9313162222306364        6.8881686992294341E-002
   2.9375931306294172        5.6733566746559362E-002
   2.9438700390281980        4.1693125768277883E-002
   2.9501469474269788        2.4508405387365834E-002
   2.9564238558257596        6.0529322058355374E-003
   2.9627007642245404       -1.2717976522782670E-002
   2.9689776726233212       -3.0816895635260372E-002
   2.9752545810221021       -4.7277323327428997E-002
   2.9815314894208829       -6.1207107017939542E-002
   2.9878083978196632       -7.1839177879804067E-002
   2.9940853062184440       -7.8576552518755366E-002
   3.0003622146172249       -8.1028793354814638E-002
   3.0066391230160057       -7.9037536998740845E-002
   3.0129160314147865       -7.2689282787324311E-002
   3.0191929398135673       -6.2314350612067478E-002
   3.0254698482123481       -4.8471726732379317E-002
   3.0317467566111289       -3.1920369193414552E-002
   3.0380236650099097       -1.3578386758127821E-002
   3.0443005734086905        5.5277181700596513E-003
   3.0505774818074713        2.4320893806991907E-002
   3.0568543902062522        4.1735127522084629E-002
   3.0631312986050330        5.6777142263072088E-002
   3.0694082070038138        6.8584495312696780E-002
   3.0756851154025946        7.6476538168034930E-002
   3.0819620238013754        7.9995087821306793E-002
   3.0882389322001562        7.8932256653135621E-002
   3.0945158405989370        7.3343654507366976E-002
   3.1007927489977178        6.3546064542206168E-002
   3.1070696573964987        5.0099647301745147E-002
   3.1133465657952795        3.3775684203284334E-002
   3.1196234741940603        1.5511769407488586E-002
   3.1259003825928411       -3.6428680429372337E-003
   3.1321772909916219       -2.2588620287996544E-002
   3.1384541993904027       -4.0239633861307147E-002
   3.1447311077891835       -5.5586947091395993E-002
   3.1510080161879643       -6.7756833391945062E-002
   3.1572849245867451       -7.6060866725732312E-002
   3.1635618329855260       -8.0034758463923925E-002
   3.1698387413843068       -7.9463729918234499E-002
   3.1761156497830876       -7.4393033869010056E-002
   3.1823925581818684       -6.5123164871206160E-002
   3.1886694665806492       -5.2190240859016031E-002
   3.1949463749794300       -3.6332936350360577E-002
   3.2012232833782108       -1.8448143030717182E-002
   3.2075001917769916        4.6182261467838509E-004
   3.2137771001757724        1.9347190998736361E-002
   3.2200540085745533        3.7170377407627950E-002
   3.2263309169733341        5.2963758320180875E-002
   3.2326078253721149        6.5882262257234675E-002
   3.2388847337708957        7.5247855188391680E-002
   3.2451616421696765        8.0583571331399900E-002
   3.2514385505684573        8.1635436812942511E-002
   3.2577154589672381        7.8381402341987566E-002
   3.2639923673660189        7.1027189095342641E-002
   3.2702692757647998        5.9989750400376338E-002
   3.2765461841635806        4.5869762757802961E-002
   3.2828230925623614        2.9415126151491017E-002
   3.2891000009611422        1.1477878503094776E-002
   3.2953769093599230       -7.0328105564568420E-003
   3.3016538177587038       -2.5198814398677421E-002
   3.3079307261574846       -4.2139721106658451E-002
   3.3142076345562654       -5.7055563567960210E-002
   3.3204845429550462       -6.9263530063005854E-002
   3.3267614513538271       -7.8227035345887000E-002
   3.3330383597526079       -8.3576052761130087E-002
   3.3393152681513887       -8.5118155296787748E-002
   3.3455921765501695       -8.2840253029947297E-002
   3.3518690849489503       -7.6901514800442175E-002
   3.3581459933477311       -6.7618396911603290E-002
   3.3644229017465119       -5.5443051169054271E-002
   3.3706998101452927       -4.0936635667531009E-002
   3.3769767185440736       -2.4739198526303813E-002
   3.3832536269428544       -7.5378482707148834E-003
   3.3895305353416352        9.9651281830562353E-003
   3.3958074437404160        2.7082675234747444E-002
   3.4020843521391968        4.3170585914603300E-002
   3.4083612605379776        5.7651263337910930E-002
   3.4146381689367584        7.0032849931000410E-002
   3.4209150773355392        7.9923246559503350E-002
   3.4271919857343200        8.7038836475062331E-002
   3.4334688941331009        9.1208000771512865E-002
   3.4397458025318817        9.2369750592239272E-002
   3.4460227109306620        9.0567997641983033E-002
   3.4522996193294428        8.5942133184827019E-002
   3.4585765277282237        7.8714684422271017E-002
   3.4648534361270045        6.9176866869076592E-002
   3.4711303445257853        5.7672855455961985E-002
   3.4774072529245661        4.4583561152958605E-002
   3.4836841613233469        3.0310630774856562E-002
   3.4899610697221277        1.5261293191054301E-002
   3.4962379781209085       -1.6543661674899246E-004
   3.5025148865196893       -1.5590805306811660E-002
   3.5087917949184702       -3.0666353718018333E-002
   3.5150687033172510       -4.5081786213296025E-002
   3.5213456117160318       -5.8570637936183750E-002
   3.5276225201148126       -7.0913790801450591E-002
   3.5338994285135934       -8.1940965525571882E-002
   3.5401763369123742       -9.1530394383526281E-002
   3.5464532453111550       -9.9606927410833698E-002
   3.5527301537099358      -0.10613885179122876     
   3.5590070621087166      -0.11113371583161291     
   3.5652839705074975      -0.11463344586279306     
   3.5715608789062783      -0.11670902950480939     
   3.5778377873050591      -0.11745501431845251     
   3.5841146957038399      -0.11698403986309268     
   3.5903916041026207      -0.11542158592171700     
   3.5966685125014015      -0.11290108264015886     
   3.6029454209001823      -0.10955949136159947     
   3.6092223292989631      -0.10553342983225000     
   3.6154992376977440      -0.10095588326437818     
   3.6217761460965248       -9.5953514550256455E-002
   3.6280530544953056       -9.0644563024947278E-002
   3.6343299628940864       -8.5137302060047729E-002
   3.6406068712928672       -7.9529011094429850E-002
   3.6468837796916480       -7.3905407591132163E-002
   3.6531606880904288       -6.8340478032655472E-002
   3.6594375964892096       -6.2896644359882473E-002
   3.6657145048879904       -5.7625203577221257E-002
   3.6719914132867713       -5.2566993159570405E-002
   3.6782683216855521       -4.7753233148025216E-002
   3.6845452300843329       -4.3206463926790131E-002
   3.6908221384831137       -3.8941526936877316E-002
   3.6970990468818945       -3.4966553505601697E-002
   3.7033759552806753       -3.1283933308212421E-002
   3.7096528636794561       -2.7891240666023172E-002
   3.7159297720782369       -2.4782102273346897E-002
   3.7222066804770177       -2.1946995142493476E-002
   3.7284835888757986       -1.9373967731985305E-002
   3.7347604972745794       -1.7049280949107685E-002
   3.7410374056733602       -1.4957968593746188E-002
   3.7473143140721410       -1.3084319214561020E-002
   3.7535912224709218       -1.1412283072426789E-002
   3.7598681308697026       -9.9258092335807353E-003
   3.7661450392684834       -8.6091186313860344E-003
   3.7724219476672642       -7.4469194638961365E-003
   3.7786988560660451       -6.4245714655279786E-003
   3.7849757644648259       -5.5282055816092170E-003
   3.7912526728636067       -4.7448053359129515E-003
   3.7975295812623875       -4.0622558526423221E-003
   3.8038064896611683       -3.4693660346534366E-003
   3.8100833980599491       -2.9558689182209020E-003
   3.8163603064587299       -2.5124046809971937E-003
   3.8226372148575107       -2.1304902611055127E-003
   3.8289141232562915       -1.8024790078893086E-003
   3.8351910316550724       -1.5215133323309058E-003
   3.8414679400538532       -1.2814728828874080E-003
   3.8477448484526340       -1.0769201620683291E-003
   3.8540217568514148       -9.0304517045463890E-004
   3.8602986652501956       -7.5561042774430947E-004
   3.8665755736489764       -6.3089741086127897E-004
   3.8728524820477572       -5.2565519085089486E-004
   3.8791293904465380       -4.3705181813038509E-004
   3.8854062988453189       -3.6262882619818499E-004
   3.8916832072440997       -3.0025906483383983E-004
   3.8979601156428805       -2.4810795765124532E-004
   3.9042370240416608       -2.0459817698231905E-004
   3.9105139324404417       -1.6837766095512249E-004
   3.9167908408392225       -1.3829083800782544E-004
   3.9230677492380033       -1.1335289041478092E-004
   3.9293446576367841       -9.2726858351921691E-005
   3.9356215660355649       -7.5703375585454139E-005
   3.9418984744343457       -6.1682817295185979E-005
   3.9481753828331265       -5.0159644656510491E-005
   3.9544522912319073       -4.0708732117210061E-005
   3.9607291996306881       -3.2973475660430258E-005
   3.9670061080294690       -2.6655488108120686E-005
   3.9732830164282498       -2.1505703742232181E-005
   3.9795599248270306       -1.7316725124607357E-005
   3.9858368332258114       -1.3916262213809810E-005
   3.9921137416245922       -1.1161525022387448E-005
   3.9983906500233730       -8.9344475713535001E-006
   4.0046675584221543       -7.1376312699105595E-006
   4.0109444668209351       -5.6909105263887435E-006
   4.0172213752197159       -4.5284516616293021E-006
   4.0234982836184967       -3.5963109535965268E-006
   4.0297751920172775       -2.8503850135137954E-006
   4.0360521004160583       -2.2546959388708092E-006
   4.0423290088148391       -1.7799592018885505E-006
   4.0486059172136200       -1.4023915080644925E-006
   4.0548828256124008       -1.1027200231488171E-006
   4.0611597340111816       -8.6536181616492397E-007
   4.0674366424099624       -6.7774516034917918E-007
   4.0737135508087432       -5.2975032419495956E-007
   4.0799904592075240       -4.1324920665308279E-007
   4.0862673676063048       -3.2172799859359444E-007
   4.0925442760050856       -2.4997795747376619E-007
   4.0988211844038664       -1.9384330401384567E-007
   4.1050980928026473       -1.5001552903448451E-007
   4.1113750012014281       -1.1586661863111197E-007
   4.1176519096002089       -8.9313541942124576E-008
   4.1239288179989897       -6.8709015509992461E-008
   4.1302057263977705       -5.2753074137656664E-008
   4.1364826347965504       -4.0422229639880935E-008
   4.1427595431953312       -3.0912304901858760E-008
   4.1490364515941121       -2.3592953160065745E-008
   4.1553133599928929       -1.7971037273002270E-008
   4.1615902683916737       -1.3661728522796694E-008
   4.1678671767904545       -1.0365252736311682E-008
   4.1741440851892353       -7.8487158165173940E-009
   4.1804209935880161       -5.9314605079925192E-009
   4.1866979019867969       -4.4737645109805532E-009
   4.1929748103855777       -3.3676905537473558E-009
   4.1992517187843585       -2.5301421868547910E-009
   4.2055286271831394       -1.8971821736013676E-009
   4.2118055355819202       -1.4198209689074790E-009
   4.2180824439807010       -1.0605057444835982E-009
   4.2243593523794818       -7.9060835637456659E-010
   4.2306362607782626       -5.8825791215493577E-010
   4.2369131691770434       -4.3687202859309415E-010
   4.2431900775758242       -3.2381685106649658E-010
   4.2494669859746050       -2.3957437318285835E-010
   4.2557438943733858       -1.7690350283227260E-010
   4.2620208027721667       -1.3039169851071218E-010
   4.2682977111709475       -9.5920089264456863E-011
   4.2745746195697283       -7.0440629540053025E-011
   4.2808515279685091       -5.1625104661439278E-011
   4.2871284363672899       -3.7775648007546194E-011
   4.2934053447660707       -2.7582680085434092E-011
   4.2996822531648515       -2.0112594153429373E-011
   4.3059591615636323       -1.4630699820699926E-011
   4.3122360699624132       -1.0633152825178227E-011
   4.3185129783611940       -7.7063762171378126E-012
   4.3247898867599748       -5.5836158680306617E-012
   4.3310667951587556       -4.0305270156674374E-012
   4.3373437035575364       -2.9122914072181880E-012
   4.3436206119563172       -2.0929065733007895E-012
   4.3498975203550980       -1.5090858289604648E-012
   4.3561744287538788       -1.0792613555776536E-012
   4.3624513371526596       -7.7770958221651115E-013
   4.3687282455514405       -5.5233834958348155E-013
   4.3750051539502213       -3.9848338223135384E-013
   4.3812820623490021       -2.8068045795753725E-013
   4.3875589707477829       -2.0431012518551687E-013
   4.3938358791465637       -1.4212751292660353E-013
   4.4001127875453445       -1.0546465756984883E-013
   4.4063896959441253       -7.2076280072242539E-014
   4.4126666043429061       -5.5280629843288659E-014
   4.4189435127416870       -3.6085553736292697E-014
   4.4252204211404678       -2.9490814689335898E-014
   4.4314973295392486       -1.7624559065279109E-014
   4.4377742379380294       -1.6176298267303701E-014
   4.4440511463368102       -8.4136590005495881E-015
   4.4503280547355910       -9.3933308350468179E-015
   4.4566049631343718       -3.3780050716183288E-015
   4.4628818715331526       -5.7123512585498824E-015
   4.4691587799319334       -8.2208955340057169E-016
   4.4754356883307143       -3.4567694973802021E-015
   4.4817125967294951        6.6450727076403508E-016
   4.4879895051282759       -2.0166948836748667E-015
   4.4942664135270567        2.3780872447153041E-015
   4.5005433219258375       -4.6885802097131650E-016
   4.5068202303246183        3.2580877622053664E-015
   4.5130971387233991       -2.3907147139510533E-016
   4.5193740471221799        2.9731056515192324E-015
   4.5256509555209607       -7.6021737872869458E-016
   4.5319278639197416        2.2784027822353667E-015
   4.5382047723185224       -1.1192149165104405E-015
   4.5444816807173032        1.8776363830535150E-015
   4.5507585891160840       -1.3860630626039751E-015
   4.5570354975148648        2.0173810386491738E-015
   4.5633124059136456       -1.2322364629961335E-015
   4.5695893143124264        1.5884441711138170E-015
   4.5758662227112072       -1.5583483685187997E-015
   4.5821431311099881        1.2946291574054659E-015
   4.5884200395087689       -1.4944283616201138E-015
   4.5946969479075497        1.0494068780894645E-015
   4.6009738563063305       -1.9938609015441126E-015
   4.6072507647051113        6.9388604987759841E-016
   4.6135276731038921       -1.8821771208530567E-015
   4.6198045815026729        1.1360447785305288E-015
   4.6260814899014537       -1.4201091867898616E-015
   4.6323583983002345        1.3014320470830670E-015
   4.6386353066990154       -8.6451536277926775E-016
   4.6449122150977962        1.8845507679668342E-015
   4.6511891234965770       -6.9365726072360674E-016
   4.6574660318953578        1.7727624904278981E-015
   4.6637429402941386       -5.4399780167581288E-016
   4.6700198486929194        1.8930345667539165E-015
   4.6762967570917002       -2.7586289070082662E-016
   4.6825736654904810        2.2608697843585910E-015
   4.6888505738892619       -2.8171314417861458E-017
   4.6951274822880427        2.4976821984490943E-015
   4.7014043906868235        1.1974949371516126E-016
   4.7076812990856043        2.3780123242224002E-015
   4.7139582074843851        2.4011230221696800E-016
   4.7202351158831659        2.0183644126607583E-015
   4.7265120242819467       -7.2495118881605809E-016
   4.7327889326807275        9.4664694212605988E-016
   4.7390658410795083       -1.5386528718322061E-015
   4.7453427494782892        2.4124529688932540E-016
   4.7516196578770700       -1.6356596924699520E-015
   4.7578965662758508        7.4733656082572719E-016
   4.7641734746746316       -1.0246723189810490E-015
   4.7704503830734124        1.3325765119939320E-015
   4.7767272914721932       -5.1822351250647539E-016
   4.7830041998709740        1.5959512167942858E-015
   4.7892811082697548       -4.8248872935558535E-016
   4.7955580166685357        1.2027023996289170E-015
   4.8018349250673165       -9.1027779241928205E-016
   4.8081118334660973        5.2596688700284607E-016
   4.8143887418648781       -2.0311352475514635E-015
   4.8206656502636589       -2.7043295869766716E-016
   4.8269425586624397       -2.1851461313395268E-015
   4.8332194670612205       -2.9592243705625548E-016
   4.8394963754600013       -1.8327780713964157E-015
   4.8457732838587821        2.4017588576138117E-016
   4.8520501922575630       -1.5018131825450497E-015
   4.8583271006563438        3.5179747247009811E-016
   4.8646040090551246       -1.1625092092761110E-015
   4.8708809174539054        3.7671337827973452E-016
   4.8771578258526862       -9.4051415648234065E-016
   4.8834347342514670        8.4778121605398948E-016
   4.8897116426502478       -5.5420061093467770E-016
   4.8959885510490286        9.4254311143058186E-016
   4.9022654594478094       -6.9366863612814420E-016
   4.9085423678465903        1.1339912895612404E-015
   4.9148192762453711       -3.8556232730443268E-016
   4.9210961846441519        8.7927181555835265E-016
   4.9273730930429327       -6.3187885768960887E-016
   4.9336500014417135        1.3225582625445900E-015
   4.9399269098404943        1.3400649262500963E-016
   4.9462038182392751        1.8915015352218795E-015
   4.9524807266380559        2.7602775010132364E-016
   4.9587576350368368        1.8164536631652865E-015
   4.9650345434356176        4.6209823460429206E-016
   4.9713114518343984        2.0424214163591619E-015
   4.9775883602331792        6.9233249201002399E-016
   4.9838652686319600        1.8827493786606737E-015
   4.9901421770307408        3.2406555798546694E-016
   4.9964190854295216        2.0038868189363403E-015
   5.0026959938283024        5.9274782769868361E-016
   5.0089729022270832        2.0472250595070527E-015
   5.0152498106258641        5.9768231165726133E-016
   5.0215267190246449        1.9703965453330757E-015
   5.0278036274234257        8.6871830231254718E-016
   5.0340805358222065        2.8156917599450419E-015
   5.0403574442209873        1.8658860340232860E-015
   5.0466343526197681        3.2956308663962350E-015
   5.0529112610185480        2.7150293140224645E-015
   5.0591881694173289        4.9661864361555544E-015
   5.0654650778161097        5.3802843947320184E-015
   5.0717419862148905        8.8329119439585749E-015
   5.0780188946136713        1.0270976016134007E-014
   5.0842958030124521        1.5468664291249267E-014
   5.0905727114112329        1.9075018278262149E-014
   5.0968496198100137        2.6331020559952828E-014
   5.1031265282087945        3.3741686251009699E-014
   5.1094034366075753        4.6182178504662409E-014
   5.1156803450063562        6.0485388296750994E-014
   5.1219572534051370        8.2609259918152458E-014
   5.1282341618039178        1.0961893728433716E-013
   5.1345110702026986        1.4776949242319053E-013
   5.1407879786014794        1.9562424610235530E-013
   5.1470648870002602        2.6076928736348466E-013
   5.1533417953990410        3.4351153750580929E-013
   5.1596187037978218        4.5406860416955862E-013
   5.1658956121966026        5.9603715522777049E-013
   5.1721725205953835        7.8328837283756283E-013
   5.1784494289941643        1.0243280982160247E-012
   5.1847263373929451        1.3394654786832977E-012
   5.1910032457917259        1.7461295001924430E-012
   5.1972801541905067        2.2741938435445745E-012
   5.2035570625892875        2.9532743141318117E-012
   5.2098339709880683        3.8315658154593227E-012
   5.2161108793868491        4.9599523825846022E-012
   5.2223877877856300        6.4114171082878118E-012
   5.2286646961844108        8.2699550470803214E-012
   5.2349416045831916        1.0649869122140554E-011
   5.2412185129819724        1.3686677129334066E-011
   5.2474954213807532        1.7558144801535555E-011
   5.2537723297795340        2.2479168583590004E-011
   5.2600492381783148        2.8725250343793945E-011
   5.2663261465770956        3.6631436684722658E-011
   5.2726030549758764        4.6621658901730211E-011
   5.2788799633746573        5.9212765170220543E-011
   5.2851568717734381        7.5050551396098955E-011
   5.2914337801722189        9.4922302380012335E-011
   5.2977106885709997        1.1980230072706676E-010
   5.3039875969697805        1.5087534654205300E-010
   5.3102645053685613        1.8959605909522847E-010
   5.3165414137673421        2.3772670564847059E-010
   5.3228183221661229        2.9741245311053800E-010
   5.3290952305649038        3.7124150214480267E-010
   5.3353721389636846        4.6234349864593678E-010
   5.3416490473624654        5.7447225882269670E-010
   5.3479259557612462        7.1213550742284336E-010
   5.3542028641600270        8.8070941476687107E-010
   5.3604797725588078        1.0866030025165854E-009
   5.3667566809575886        1.3374159965424763E-009
   5.3730335893563694        1.6421436507530082E-009
   5.3793104977551502        2.0113820164472730E-009
   5.3855874061539311        2.4575840453290457E-009
   5.3918643145527119        2.9953208660603624E-009
   5.3981412229514927        3.6415936865231553E-009
   5.4044181313502735        4.4161512293473621E-009
   5.4106950397490543        5.3418649010574114E-009
   5.4169719481478351        6.4451063736286003E-009
   5.4232488565466159        7.7561771603498388E-009
   5.4295257649453967        9.3097357713958715E-009
   5.4358026733441775        1.1145269733328955E-008
   5.4420795817429584        1.3307556402388927E-008
   5.4483564901417392        1.5847153347143945E-008
   5.4546333985405200        1.8820858711062287E-008
   5.4609103069393008        2.2292175785296612E-008
   5.4671872153380816        2.6331721631578921E-008
   5.4734641237368624        3.1017601533912245E-008
   5.4797410321356432        3.6435687671889647E-008
   5.4860179405344240        4.2679812675116912E-008
   5.4922948489332049        4.9851815079646018E-008
   5.4985717573319857        5.8061435460399897E-008
   5.5048486657307665        6.7425992651022425E-008
   5.5111255741295473        7.8069838886283387E-008
   5.5174024825283281        9.0123509175180455E-008
   5.5236793909271089        1.0372256481362221E-007
   5.5299562993258897        1.1900604648660683E-007
   5.5362332077246705        1.3611452751589185E-007
   5.5425101161234513        1.5518769251946045E-007
   5.5487870245222322        1.7636143771113413E-007
   5.5550639329210130        1.9976442639083535E-007
   5.5613408413197938        2.2551411038704328E-007
   5.5676177497185746        2.5371217626782691E-007
   5.5738946581173554        2.8443945034219087E-007
   5.5801715665161362        3.1775025293387776E-007
   5.5864484749149170        3.5366631284297045E-007
   5.5927253833136978        3.9217028744962974E-007
   5.5990022917124787        4.3319901526390081E-007
   5.6052792001112595        4.7663659826934611E-007
   5.6115561085100403        5.2230751576632035E-007
   5.6178330169088211        5.6996994090892031E-007
   5.6241099253076019        6.1930953183290359E-007
   5.6303868337063827        6.6993393255136560E-007
   5.6366637421051635        7.2136832182653332E-007
   5.6429406505039443        7.7305230727504606E-007
   5.6492175589027251        8.2433854018852193E-007
   5.6554944673015060        8.7449337812246324E-007
   5.6617713757002868        9.2269998539657502E-007
   5.6680482840990676        9.6806417824456929E-007
   5.6743251924978484        1.0096233589092878E-006
   5.6806021008966292        1.0463587687121271E-006
   5.6868790092954100        1.0772112868637590E-006
   5.6931559176941908        1.1011008497324259E-006
   5.6994328260929716        1.1169495161986344E-006
   5.7057097344917524        1.1237080198305562E-006
   5.7119866428905333        1.1203855513990602E-006
   5.7182635512893141        1.1060822998992317E-006
   5.7245404596880949        1.0800241579830401E-006
   5.7308173680868757        1.0415987537339625E-006
   5.7370942764856565        9.9039184982810076E-007
   5.7433711848844373        9.2622291043817100E-007
   5.7496480932832181        8.4917853967976991E-007
   5.7559250016819989        7.5964230696752438E-007
   5.7622019100807798        6.5831942477890139E-007
   5.7684788184795606        5.4625465663335101E-007
   5.7747557268783414        4.2484188960465040E-007
   5.7810326352771222        2.9582383950570478E-007
   5.7873095436759030        1.6128056516770713E-007
   5.7935864520746838        2.3605650699174294E-008
   5.7998633604734646       -1.1453070371556003E-007
   5.8061402688722454       -2.5023208857989404E-007
   5.8124171772710262       -3.8043966223033063E-007
   5.8186940856698071       -5.0200865774225347E-007
   5.8249709940685879       -6.1179632844365217E-007
   5.8312479024673687       -7.0675944247287795E-007
   5.8375248108661495       -7.8405874206143052E-007
   5.8438017192649303       -8.4116720331362033E-007
   5.8500786276637111       -8.7597830866776757E-007
   5.8563555360624919       -8.8691011212374916E-007
   5.8626324444612727       -8.7300047537935956E-007
   5.8689093528600536       -8.3398870943165095E-007
   5.8751862612588344       -7.7037881559055485E-007
   5.8814631696576152       -6.8347979375565987E-007
   5.8877400780563960       -5.7541891356830821E-007
   5.8940169864551768       -4.4912461866783324E-007
   5.9002938948539576       -3.0827665906726120E-007
   5.9065708032527384       -1.5722231269069139E-007
   5.9128477116515192       -8.5891886375138770E-010
   5.9191246200503000        1.5551543027457168E-007
   5.9254015284490809        3.0637956302137728E-007
   5.9316784368478617        4.4619006224968145E-007
   5.9379553452466425        5.6959846219145057E-007
   5.9442322536454233        6.7167652625922145E-007
   5.9505091620442041        7.4814025179273314E-007
   5.9567860704429849        7.9556224521498226E-007
   5.9630629788417657        8.1156151226566641E-007
   5.9693398872405457        7.9495974658675730E-007
   5.9756167956393265        7.4589389104999188E-007
   5.9818937040381073        6.6587598322663909E-007
   5.9881706124368881        5.5779322160201083E-007
   5.9944475208356689        4.2584363455525869E-007
   6.0007244292344497        2.7540573892513325E-007
   6.0070013376332305        1.1284389836020767E-007
   6.0132782460320113       -5.4745301714182743E-008
   6.0195551544307921       -2.1983676544341254E-007
   6.0258320628295730       -3.7481834313956000E-007
   6.0321089712283538       -5.1235470689868446E-007
   6.0383858796271346       -6.2575590380820668E-007
   6.0446627880259154       -7.0933133571441108E-007
   6.0509396964246962       -7.5870933570797599E-007
   6.0572166048234770       -7.7110312844807866E-007
   6.0634935132222578       -7.4550570477558121E-007
   6.0697704216210386       -6.8279910672822968E-007
   6.0760473300198194       -5.8576761520313281E-007
   6.0823242384186003       -4.5900929923913130E-007
   6.0886011468173811       -3.0874595169414126E-007
   6.0948780552161619       -1.4253742141327780E-007
   6.1011549636149427        3.1087724160710021E-008
   6.1074318720137235        2.0306766900086105E-007
   6.1137087804125043        3.6428655959952568E-007
   6.1199856888112851        5.0607130816030491E-007
   6.1262625972100659        6.2067780985325686E-007
   6.1325395056088468        7.0173796591641105E-007
   6.1388164140076276        7.4464018954993701E-007
   6.1450933224064084        7.4681909516594817E-007
   6.1513702308051892        7.0793474529722955E-007
   6.1576471392039700        6.2992788470784757E-007
   6.1639240476027508        5.1694473381291926E-007
   6.1702009560015316        3.7513265212474798E-007
   6.1764778644003124        2.1231593387824336E-007
   6.1827547727990932        3.7568526975012775E-008
   6.1890316811978741       -1.3929279723230920E-007
   6.1953085895966549       -3.0826592448404881E-007
   6.2015854979954357       -4.5973894234915883E-007
   6.2078624063942165       -5.8504946137378512E-007
   6.2141393147929973       -6.7699386014954367E-007
   6.2204162231917781       -7.3025520381488216E-007
   6.2266931315905589       -7.4172318824003672E-007
   6.2329700399893397       -7.1068584024030284E-007
   6.2392469483881206       -6.3888041471192773E-007
   6.2455238567869014       -5.3039954704151127E-007
   6.2518007651856822       -3.9145762067722548E-007
   6.2580776735844630       -2.3003099861417975E-007
   6.2643545819832438       -5.5393554113474003E-008
   6.2706314903820246        1.2242460657600574E-007
   6.2769083987808054        2.9322257862006450E-007
   6.2831853071795862        4.4722286257701558E-007
