   6.2769083987808056E-003   2.2811382474525715E-002
   1.2553816797561611E-002   1.4477021090283020E-002
   1.8830725196342418E-002   3.5768696606569370E-003
   2.5107633595123222E-002  -7.9569684147385647E-003
   3.1384541993904030E-002  -1.8083243472292496E-002
   3.7661450392684835E-002  -2.5013282474041887E-002
   4.3938358791465640E-002  -2.7526672227438202E-002
   5.0215267190246445E-002  -2.5185109456327209E-002
   5.6492175589027249E-002  -1.8407048844444190E-002
   6.2769083987808061E-002  -8.3907309502450639E-003
   6.9045992386588859E-002   3.0998628688695788E-003
   7.5322900785369670E-002   1.4047430589799919E-002
   8.1599809184150468E-002   2.2536384260498844E-002
   8.7876717582931280E-002   2.7087722277355317E-002
   9.4153625981712077E-002   2.6915119629162799E-002
  0.10043053438049289        2.2058070682332061E-002
  0.10670744277927370        1.3369974306457659E-002
  0.11298435117805450        2.3647040573540287E-003
  0.11926125957683531       -9.0501171766588367E-003
  0.12553816797561612       -1.8905535870926894E-002
  0.13181507637439691       -2.5511013488333879E-002
  0.13809198477317772       -2.7742726151599117E-002
  0.14436889317195853       -2.5231446358652619E-002
  0.15064580157073934       -1.8419128612558625E-002
  0.15692270996952015       -8.4763947869913626E-003
  0.16319961836830094        2.9029303861708459E-003
  0.16947652676708175        1.3793394819704881E-002
  0.17575343516586256        2.2364817076305978E-002
  0.18203034356464337        2.7188725179920211E-002
  0.18830725196342415        2.7473136686026873E-002
  0.19458416036220497        2.3187603235293421E-002
  0.20086106876098578        1.5059650089925467E-002
  0.20713797715976659        4.4456229800624138E-003
  0.21341488555854740       -6.9002396967096239E-003
  0.21969179395732819       -1.7118406168313394E-002
  0.22596870235610900       -2.4549023813782368E-002
  0.23224561075488981       -2.7999158578930740E-002
  0.23852251915367062       -2.6929632170860307E-002
  0.24479942755245140       -2.1532971916062068E-002
  0.25107633595123224       -1.2692368147317718E-002
  0.25735324435001306       -1.8309730639248698E-003
  0.26363015274879381        9.3218131626804212E-003
  0.26990706114757462        1.9007950229816439E-002
  0.27618396954635543        2.5717321347200488E-002
  0.28246087794513625        2.8419819750358368E-002
  0.28873778634391706        2.6717827553533111E-002
  0.29501469474269787        2.0897472856213128E-002
  0.30129160314147868        1.1873447042287143E-002
  0.30756851154025949        1.0387612634031153E-003
  0.31384541993904030       -9.9549642767647727E-003
  0.32012232833782106       -1.9451341783673866E-002
  0.32639923673660187       -2.6037877285209479E-002
  0.33267614513538268       -2.8752282227096786E-002
  0.33895305353416350       -2.7216918136128056E-002
  0.34522996193294431       -2.1683613169585447E-002
  0.35150687033172512       -1.2984995437839106E-002
  0.35778377873050593       -2.4023729805192841E-003
  0.36406068712928674        8.5279967994720211E-003
  0.37033759552806755        1.8240296498858485E-002
  0.37661450392684831        2.5362837489949941E-002
  0.38289141232562912        2.8908235481685148E-002
  0.38916832072440993        2.8404282973515427E-002
  0.39544522912319074        2.3949146074395491E-002
  0.40172213752197156        1.6185796775660451E-002
  0.40799904592075237        6.2020392981036159E-003
  0.41427595431953318       -4.6275045623819433E-003
  0.42055286271831399       -1.4833829031057148E-002
  0.42682977111709480       -2.3053111062022728E-002
  0.43310667951587556       -2.8206348794391128E-002
  0.43938358791465637       -2.9635867512196157E-002
  0.44566049631343718       -2.7182247309465463E-002
  0.45193740471221799       -2.1193813288234099E-002
  0.45821431311099881       -1.2469998699554332E-002
  0.46449122150977962       -2.1484055348939047E-003
  0.47076812990856043        8.4478224650663611E-003
  0.47704503830734124        1.7981403460192218E-002
  0.48332194670612205        2.5268781338495264E-002
  0.48959885510490281        2.9423617201199331E-002
  0.49587576350368362        2.9959082487520713E-002
  0.50215267190246449        2.6837999243411546E-002
  0.50842958030124530        2.0466766449844874E-002
  0.51470648870002611        1.1636018069833049E-002
  0.52098339709880681        1.4172208640399404E-003
  0.52726030549758762       -8.9707675958771594E-003
  0.53353721389636843       -1.8308285778100970E-002
  0.53981412229514925       -2.5516977687546884E-002
  0.54609103069393006       -2.9781134787963511E-002
  0.55236793909271087       -3.0635117696091015E-002
  0.55864484749149168       -2.8008188764698419E-002
  0.56492175589027249       -2.2223317683241456E-002
  0.57119866428905330       -1.3951862847864614E-002
  0.57747557268783412       -4.1308747762581451E-003
  0.58375248108661493        6.1463956167610119E-003
  0.59002938948539574        1.5753735640268583E-002
  0.59630629788417655        2.3655002165233145E-002
  0.60258320628295736        2.9013650399467523E-002
  0.60886011468173817        3.1277523445742278E-002
  0.61513702308051899        3.0230819454733538E-002
  0.62141393147929980        2.6008999622757673E-002
  0.62769083987808061        1.9076491027597880E-002
  0.63396774827686131        1.0170928674130612E-002
  0.64024465667564212        2.2097709532693517E-004
  0.64652156507442293       -9.7528326401681853E-003
  0.65279847347320374       -1.8743512269550563E-002
  0.65907538187198456       -2.5858392251829721E-002
  0.66535229027076537       -3.0405348763884031E-002
  0.67162919866954618       -3.1956473151832629E-002
  0.67790610706832699       -3.0383777596682704E-002
  0.68418301546710780       -2.5864528641000646E-002
  0.69045992386588861       -1.8856874605913381E-002
  0.69673683226466943       -1.0049278582690231E-002
  0.70301374066345024       -2.8961970771715324E-004
  0.70929064906223105        9.4985118871084746E-003
  0.71556755746101186        1.8403938395625031E-002
  0.72184446585979267        2.5612024857160860E-002
  0.72812137425857348        3.0477173954874592E-002
  0.73439828265735430        3.2577480897715658E-002
  0.74067519105613511        3.1747278819793459E-002
  0.74695209945491581        2.8085526261993170E-002
  0.75322900785369662        2.1940274200100775E-002
  0.75950591625247743        1.3871587941413294E-002
  0.76578282465125824        4.5971042841624248E-003
  0.77205973305003905       -5.0742653063569837E-003
  0.77833664144881987       -1.4314208327772884E-002
  0.78461354984760068       -2.2346014464882564E-002
  0.79089045824638149       -2.8508664454303674E-002
  0.79716736664516230       -3.2308864897557237E-002
  0.80344427504394311       -3.3457183181564425E-002
  0.80972118344272392       -3.1885982549517522E-002
  0.81599809184150474       -2.7748505587574294E-002
  0.82227500024028555       -2.1400057346412274E-002
  0.82855190863906636       -1.3363663994258446E-002
  0.83482881703784717       -4.2837215117088028E-003
  0.84110572543662798        5.1280740998124810E-003
  0.84738263383540879        1.4149847411701912E-002
  0.85365954223418961        2.2105074598355343E-002
  0.85993645063297042        2.8412283831801444E-002
  0.86621335903175112        3.2625395817527540E-002
  0.87249026743053193        3.4462115563469425E-002
  0.87876717582931274        3.3818865777522696E-002
  0.88504408422809355        3.0771892484437242E-002
  0.89132099262687436        2.5565250936401860E-002
  0.89759790102565518        1.8587316819334308E-002
  0.90387480942443599        1.0338208994839834E-002
  0.91015171782321680        1.3910131021274269E-003
  0.91642862622199761       -7.6500578999719234E-003
  0.92270553462077842       -1.6191436220925507E-002
  0.92898244301955923       -2.3689010420171110E-002
  0.93525935141834005       -2.9681507778943600E-002
  0.94153625981712086       -3.3816548844752409E-002
  0.94781316821590167       -3.5868130048542606E-002
  0.95409007661468248       -3.5744975498477674E-002
  0.96036698501346329       -3.3489861964474961E-002
  0.96664389341224410       -2.9270616316364670E-002
  0.97292080181102492       -2.3363976693491217E-002
  0.97919771020980562       -1.6133873356316289E-002
  0.98547461860858643       -8.0059101841025125E-003
  0.99175152700736724        5.6008766531562856E-004
  0.99802843540614805        9.0976411823814936E-003
   1.0043053438049290        1.7159641816056507E-002
   1.0105822522037098        2.4341425574491583E-002
   1.0168591606024906        3.0299804473998392E-002
   1.0231360690012714        3.4767313099287718E-002
   1.0294129774000522        3.7561284565995549E-002
   1.0356898857988328        3.8587712579807143E-002
   1.0419667941976136        3.7840172322434765E-002
   1.0482437025963944        3.5394330426887124E-002
   1.0545206109951752        3.1398768226103616E-002
   1.0607975193939561        2.6062970995810758E-002
   1.0670744277927369        1.9643398455949163E-002
   1.0733513361915177        1.2428553368519141E-002
   1.0796282445902985        4.7239133928236787E-003
   1.0859051529890793       -3.1625030392801990E-003
   1.0921820613878601       -1.0933291941292186E-002
   1.0984589697866409       -1.8313040485028732E-002
   1.1047358781854217       -2.5057579331938317E-002
   1.1110127865842025       -3.0960916431961263E-002
   1.1172896949829834       -3.5859799789262937E-002
   1.1235666033817642       -3.9635981260580030E-002
   1.1298435117805450       -4.2216356982794960E-002
   1.1361204201793258       -4.3571239216448072E-002
   1.1423973285781066       -4.3711069535401832E-002
   1.1486742369768874       -4.2681913641113879E-002
   1.1549511453756682       -4.0560088030806608E-002
   1.1612280537744490       -3.7446249296402979E-002
   1.1675049621732299       -3.3459234244234123E-002
   1.1737818705720107       -2.8729963192436168E-002
   1.1800587789707915       -2.3395686072008530E-002
   1.1863356873695723       -1.7594770392673421E-002
   1.1926125957683531       -1.1462169955784515E-002
   1.1988895041671339       -5.1256592487211030E-003
   1.2051664125659147        1.2971305758275545E-003
   1.2114433209646955        7.7008805798512055E-003
   1.2177202293634763        1.3993998414269671E-002
   1.2239971377622572        2.0099344958135788E-002
   1.2302740461610380        2.5954357726628834E-002
   1.2365509545598188        3.1510666058196850E-002
   1.2428278629585996        3.6733296701577288E-002
   1.2491047713573804        4.1599566905451246E-002
   1.2553816797561612        4.6097755929172174E-002
   1.2616585881549420        5.0225637054272895E-002
   1.2679354965537226        5.3988940830536958E-002
   1.2742124049525034        5.7399808504522788E-002
   1.2804893133512842        6.0475282028986020E-002
   1.2867662217500651        6.3235865050553869E-002
   1.2930431301488459        6.5704187532283187E-002
   1.2993200385476267        6.7903874262956576E-002
   1.3055969469464075        6.9858695373346422E-002
   1.3118738553451883        7.1591896171884606E-002
   1.3181507637439691        7.3125659462468587E-002
   1.3244276721427499        7.4480686098250537E-002
   1.3307045805415307        7.5675877335842912E-002
   1.3369814889403115        7.6728104976674663E-002
   1.3432583973390924        7.7652055355805299E-002
   1.3495353057378732        7.8460135377542914E-002
   1.3558122141366540        7.9162429884486449E-002
   1.3620891225354348        7.9766701616854965E-002
   1.3683660309342156        8.0278426340326711E-002
   1.3746429393329964        8.0700857381206484E-002
   1.3809198477317772        8.1035115015090170E-002
   1.3871967561305580        8.1280297401849388E-002
   1.3934736645293389        8.1433610702789372E-002
   1.3997505729281197        8.1490516797872586E-002
   1.4060274813269005        8.1444897658149676E-002
   1.4123043897256813        8.1289235724647149E-002
   1.4185812981244621        8.1014810007241894E-002
   1.4248582065232429        8.0611907409946684E-002
   1.4311351149220237        8.0070048956269319E-002
   1.4374120233208045        7.9378230000123146E-002
   1.4436889317195853        7.8525170462396654E-002
   1.4499658401183662        7.7499536373904374E-002
   1.4562427485171470        7.6290092117336977E-002
   1.4625196569159278        7.4885843460064855E-002
   1.4687965653147086        7.3276196091824244E-002
   1.4750734737134894        7.1451129729386706E-002
   1.4813503821122702        6.9401388267068792E-002
   1.4876272905110510        6.7118685152269417E-002
   1.4939041989098316        6.4595923426450055E-002
   1.5001811073086124        6.1827429017033454E-002
   1.5064580157073932        5.8809195697401929E-002
   1.5127349241061741        5.5539139375985716E-002
   1.5190118325049549        5.2017358976974654E-002
   1.5252887409037357        4.8246400419202473E-002
   1.5315656493025165        4.4231519658293125E-002
   1.5378425577012973        3.9980939987249484E-002
   1.5441194661000781        3.5506098173575341E-002
   1.5503963744988589        3.0821873257050162E-002
   1.5566732828976397        2.5946791215234532E-002
   1.5629501912964205        2.0903198029434057E-002
   1.5692270996952014        1.5717393161613698E-002
   1.5755040080939822        1.0419714952187596E-002
   1.5817809164927630        5.0445691384588048E-003
   1.5880578248915438       -3.6960851234614690E-004
   1.5943347332903246       -5.7804644219237311E-003
   1.6006116416891054       -1.1141923008605318E-002
   1.6068885500878862       -1.6404474281832317E-002
   1.6131654584866670       -2.1515560608967248E-002
   1.6194423668854478       -2.6420068854818370E-002
   1.6257192752842287       -3.1060932564288570E-002
   1.6319961836830095       -3.5379846906833955E-002
   1.6382730920817903       -3.9318096758946978E-002
   1.6445500004805711       -4.2817495518891538E-002
   1.6508269088793519       -4.5821429072098754E-002
   1.6571038172781327       -4.8275995742879517E-002
   1.6633807256769135       -5.0131229150515835E-002
   1.6696576340756943       -5.1342386665920406E-002
   1.6759345424744752       -5.1871281747710184E-002
   1.6822114508732560       -5.1687633904531176E-002
   1.6884883592720368       -5.0770405536271046E-002
   1.6947652676708176       -4.9109090583874151E-002
   1.7010421760695984       -4.6704915962992623E-002
   1.7073190844683792       -4.3571913352166890E-002
   1.7135959928671600       -3.9737816285452726E-002
   1.7198729012659408       -3.5244735877341157E-002
   1.7261498096647214       -3.0149568135073652E-002
   1.7324267180635022       -2.4524086911238401E-002
   1.7387036264622830       -1.8454679352043386E-002
   1.7449805348610639       -1.2041685390436256E-002
   1.7512574432598447       -5.3983095895069428E-003
   1.7575343516586255        1.3509174407140127E-003
   1.7638112600574063        8.0721396994907386E-003
   1.7700881684561871        1.4624636876548891E-002
   1.7763650768549679        2.0863728879951669E-002
   1.7826419852537487        2.6644089720880244E-002
   1.7889188936525295        3.1823418132471831E-002
   1.7951958020513104        3.6266392846695417E-002
   1.8014727104500912        3.9848820699110714E-002
   1.8077496188488720        4.2461866433564019E-002
   1.8140265272476528        4.4016235101277501E-002
   1.8203034356464336        4.4446162262162095E-002
   1.8265803440452144        4.3713054835497860E-002
   1.8328572524439952        4.1808617487384285E-002
   1.8391341608427760        3.8757296945947255E-002
   1.8454110692415568        3.4617880598542476E-002
   1.8516879776403377        2.9484097020222318E-002
   1.8579648860391185        2.3484085322128239E-002
   1.8642417944378993        1.6778627976446372E-002
   1.8705187028366801        9.5580784193568732E-003
   1.8767956112354609        2.0379589744645133E-003
   1.8830725196342417       -5.5467437556816056E-003
   1.8893494280330225       -1.2948501066001651E-002
   1.8956263364318033       -1.9915234824767362E-002
   1.9019032448305841       -2.6199169520722602E-002
   1.9081801532293650       -3.1566269367286966E-002
   1.9144570616281458       -3.5805927092501882E-002
   1.9207339700269266       -3.8740519694543243E-002
   1.9270108784257074       -4.0234406570455128E-002
   1.9332877868244882       -4.0201920795878386E-002
   1.9395646952232690       -3.8613898509160749E-002
   1.9458416036220498       -3.5502307433530146E-002
   1.9521185120208304       -3.0962575950496278E-002
   1.9583954204196112       -2.5153290215431605E-002
   1.9646723288183920       -1.8293018756133275E-002
   1.9709492372171729       -1.0654140511024864E-002
   1.9772261456159537       -2.5536904155609094E-003
   1.9835030540147345        5.6586082555466098E-003
   1.9897799624135153        1.3614789956015434E-002
   1.9960568708122961        2.0945068439684900E-002
   2.0023337792110771        2.7295569883090065E-002
   2.0086106876098579        3.2346570112196035E-002
   2.0148875960086388        3.5830313576938250E-002
   2.0211645044074196        3.7547416337661024E-002
   2.0274414128062004        3.7380829536905247E-002
   2.0337183212049812        3.5306372043053147E-002
   2.0399952296037620        3.1398937024194780E-002
   2.0462721380025428        2.5833639693542458E-002
   2.0525490464013236        1.8881400808193873E-002
   2.0588259548001044        1.0898746577641767E-002
   2.0651028631988853        2.3119393488927041E-003
   2.0713797715976656       -6.4040811901755583E-003
   2.0776566799964464       -1.4751090074086726E-002
   2.0839335883952272       -2.2236082920634476E-002
   2.0902104967940081       -2.8401352878847722E-002
   2.0964874051927889       -3.2854341659268621E-002
   2.1027643135915697       -3.5295312785617830E-002
   2.1090412219903505       -3.5540848712380842E-002
   2.1153181303891313       -3.3541252029676449E-002
   2.1215950387879121       -2.9390171148413906E-002
   2.1278719471866929       -2.3325162264514279E-002
   2.1341488555854737       -1.5718429274766313E-002
   2.1404257639842545       -7.0576292300869436E-003
   2.1467026723830354        2.0826441327640361E-003
   2.1529795807818162        1.1077330255795480E-002
   2.1592564891805970        1.9293227076254832E-002
   2.1655333975793778        2.6134433792934710E-002
   2.1718103059781586        3.1087686110457206E-002
   2.1780872143769394        3.3764083750247614E-002
   2.1843641227757202        3.3933694393289991E-002
   2.1906410311745010        3.1549793114889077E-002
   2.1969179395732819        2.6760070793661453E-002
   2.2031948479720627        1.9903001889395002E-002
   2.2094717563708435        1.1488656681922269E-002
   2.2157486647696243        2.1645033939226349E-003
   2.2220255731684051       -7.3319243754243505E-003
   2.2283024815671859       -1.6230333780314139E-002
   2.2345793899659667       -2.3790672653386091E-002
   2.2408562983647475       -2.9366712958964300E-002
   2.2471332067635283       -3.2464671725977973E-002
   2.2534101151623092       -3.2791362777153436E-002
   2.2596870235610900       -3.0286929085123159E-002
   2.2659639319598708       -2.5138275090303405E-002
   2.2722408403586516       -1.7770842143125177E-002
   2.2785177487574324       -8.8182506655254244E-003
   2.2847946571562132        9.2857721358337265E-004
   2.2910715655549940        1.0589137151662431E-002
   2.2973484739537748        1.9272372467842157E-002
   2.3036253823525557        2.6160034379521170E-002
   2.3099022907513365        3.0586534779622924E-002
   2.3161791991501173        3.2107320847902590E-002
   2.3224561075488981        3.0548464256954386E-002
   2.3287330159476789        2.6031610860863832E-002
   2.3350099243464597        1.8970589340645435E-002
   2.3412868327452405        1.0038656692571328E-002
   2.3475637411440213        1.0832150240717903E-004
   2.3538406495428021       -9.8313614054949868E-003
   2.3601175579415830       -1.8772505840855540E-002
   2.3663944663403638       -2.5791607813798825E-002
   2.3726713747391446       -3.0147650328878440E-002
   2.3789482831379254       -3.1364473326003589E-002
   2.3852251915367062       -2.9287919175625655E-002
   2.3915020999354870       -2.4110509362113321E-002
   2.3977790083342678       -1.6359587011363821E-002
   2.4040559167330486       -6.8486786749486243E-003
   2.4103328251318294        3.4041017148349617E-003
   2.4166097335306103        1.3282910055804342E-002
   2.4228866419293911        2.1695372105319820E-002
   2.4291635503281719        2.7695051868161492E-002
   2.4354404587269527        3.0591341388577165E-002
   2.4417173671257335        3.0033714897627767E-002
   2.4479942755245143        2.6059645905532829E-002
   2.4542711839232951        1.9099218335596906E-002
   2.4605480923220759        9.9342256220130709E-003
   2.4668250007208568       -3.8516386093614431E-004
   2.4731019091196376       -1.0657900716345120E-002
   2.4793788175184184       -1.9670962702551986E-002
   2.4856557259171992       -2.6343777192443487E-002
   2.4919326343159800       -2.9860885543859968E-002
   2.4982095427147608       -2.9776261886277917E-002
   2.5044864511135416       -2.6075474907600704E-002
   2.5107633595123224       -1.9186520059085214E-002
   2.5170402679111032       -9.9361708593829895E-003
   2.5233171763098841        5.4458625133036104E-004
   2.5295940847086644        1.0955879530578513E-002
   2.5358709931074452        1.9989280297003323E-002
   2.5421479015062260        2.6493524626818244E-002
   2.5484248099050069        2.9624534163719896E-002
   2.5547017183037877        2.8959835513049915E-002
   2.5609786267025685        2.4561336964476928E-002
   2.5672555351013493        1.6976574448781704E-002
   2.5735324435001301        7.1762841077714565E-003
   2.5798093518989109       -3.5654608355316533E-003
   2.5860862602976917       -1.3834394995114971E-002
   2.5923631686964725       -2.2261979808225203E-002
   2.5986400770952534       -2.7709743385945992E-002
   2.6049169854940342       -2.9427003449197072E-002
   2.6111938938928150       -2.7159661858300890E-002
   2.6174708022915958       -2.1193684011461007E-002
   2.6237477106903766       -1.2325326831936576E-002
   2.6300246190891574       -1.7600899007732423E-003
   2.6363015274879382        9.0475937326316216E-003
   2.6425784358867190        1.8593155974685447E-002
   2.6488553442854998        2.5532250964666065E-002
   2.6551322526842807        2.8873178623105077E-002
   2.6614091610830615        2.8123449421298095E-002
   2.6676860694818423        2.3368221405157725E-002
   2.6739629778806231        1.5267444112887480E-002
   2.6802398862794039        4.9699156064043444E-003
   2.6865167946781847       -6.0454741845080481E-003
   2.6927937030769655       -1.6180030800496188E-002
   2.6990706114757463       -2.3947517298979180E-002
   2.7053475198745272       -2.8194649019384184E-002
   2.7116244282733080       -2.8276778964103636E-002
   2.7179013366720888       -2.4161415125769779E-002
   2.7241782450708696       -1.6442223118915553E-002
   2.7304551534696504       -6.2591624365151421E-003
   2.7367320618684312        4.8654817711734719E-003
   2.7430089702672120        1.5252297894249122E-002
   2.7492858786659928        2.3318255206750585E-002
   2.7555627870647736        2.7820284896301700E-002
   2.7618396954635545        2.8051135799549747E-002
   2.7681166038623353        2.3956040615517555E-002
   2.7743935122611161        1.6150192560399190E-002
   2.7806704206598969        5.8320124532104181E-003
   2.7869473290586777       -5.3965571923438645E-003
   2.7932242374574585       -1.5776497541979670E-002
   2.7995011458562393       -2.3667365934693124E-002
   2.8057780542550201       -2.7808968695570511E-002
   2.8120549626538009       -2.7526964729229438E-002
   2.8183318710525818       -2.2848203285704204E-002
   2.8246087794513626       -1.4505269843965650E-002
   2.8308856878501434       -3.8271444070631265E-003
   2.8371625962489242        7.4686611239852792E-003
   2.8434395046477050        1.7550626126480451E-002
   2.8497164130464858        2.4770810572063765E-002
   2.8559933214452666        2.7937047219840673E-002
   2.8622702298440474        2.6514307520730168E-002
   2.8685471382428283        2.0720499039568820E-002
   2.8748240466416091        1.1498743629936773E-002
   2.8811009550403899        3.6844485790201923E-004
   2.8873778634391707       -1.0822138000284141E-002
   2.8936547718379515       -2.0201992376361510E-002
   2.8999316802367323       -2.6191533750569981E-002
   2.9062085886355131       -2.7771832840288169E-002
   2.9124854970342939       -2.4662419313694121E-002
   2.9187624054330747       -1.7375876214270017E-002
   2.9250393138318556       -7.1379281074862326E-003
   2.9313162222306364        4.3153736855025574E-003
   2.9375931306294172        1.5030368013709765E-002
   2.9438700390281980        2.3169271374074766E-002
   2.9501469474269788        2.7327384506113404E-002
   2.9564238558257596        2.6778837192942391E-002
   2.9627007642245404        2.1607244587463291E-002
   2.9689776726233212        1.2697063390768306E-002
   2.9752545810221021        1.5854640414652520E-003
   2.9815314894208829       -9.8009856905346155E-003
   2.9878083978196632       -1.9479961869421067E-002
   2.9940853062184440       -2.5759529861063838E-002
   3.0003622146172249       -2.7536058117092480E-002
   3.0066391230160057       -2.4490974011651182E-002
   3.0129160314147865       -1.7150743617649764E-002
   3.0191929398135673       -6.7983143194915311E-003
   3.0254698482123481        4.7495076304154065E-003
   3.0317467566111289        1.5460325295269989E-002
   3.0380236650099097        2.3444301883060743E-002
   3.0443005734086905        2.7288876503140661E-002
   3.0505774818074713        2.6310422973148243E-002
   3.0568543902062522        2.0677624951301286E-002
   3.0631312986050330        1.1383946835500104E-002
   3.0694082070038138        7.3400890541323730E-005
   3.0756851154025946       -1.1249947164692626E-002
   3.0819620238013754       -2.0577358275173645E-002
   3.0882389322001562       -2.6252488375336717E-002
   3.0945158405989370       -2.7266417840688822E-002
   3.1007927489977178       -2.3437826628897738E-002
   3.1070696573964987       -1.5445931590218540E-002
   3.1133465657952795       -4.7101029136819286E-003
   3.1196234741940603        6.8624808722779641E-003
   3.1259003825928411        1.7216141602699100E-002
   3.1321772909916219        2.4512397671937306E-002
   3.1384541993904027        2.7456762423438280E-002
   3.1447311077891835        2.5528370905748554E-002
   3.1510080161879643        1.9071619064801020E-002
   3.1572849245867451        9.2337434700293080E-003
   3.1635618329855260       -2.2401692218678975E-003
   3.1698387413843068       -1.3317839691512238E-002
   3.1761156497830876       -2.2040506690340796E-002
   3.1823925581818684       -2.6869397809649212E-002
   3.1886694665806492       -2.6956518610133876E-002
   3.1949463749794300       -2.2292117145978892E-002
   3.2012232833782108       -1.3703378875860124E-002
   3.2075001917769916       -2.7054694368555576E-003
   3.2137771001757724        8.7678104236581008E-003
   3.2200540085745533        1.8705419313127060E-002
   3.2263309169733341        2.5371877332362878E-002
   3.2326078253721149        2.7609389070719390E-002
   3.2388847337708957        2.5036738354121884E-002
   3.2451616421696765        1.8111094142958965E-002
   3.2514385505684573        8.0432763196870184E-003
   3.2577154589672381       -3.4172301428403349E-003
   3.2639923673660189       -1.4288701786880721E-002
   3.2702692757647998       -2.2700830158109149E-002
   3.2765461841635806       -2.7215703345377980E-002
   3.2828230925623614       -2.7071048410593684E-002
   3.2891000009611422       -2.2304953460711742E-002
   3.2953769093599230       -1.3742351930326887E-002
   3.3016538177587038       -2.8475989945840959E-003
   3.3079307261574846        8.5297163502821693E-003
   3.3142076345562654        1.8470894120641769E-002
   3.3204845429550462        2.5311698182155066E-002
   3.3267614513538271        2.7918722862874137E-002
   3.3330383597526079        2.5872970307779450E-002
   3.3393152681513887        1.9531602380674754E-002
   3.3455921765501695        9.9598383347569482E-003
   3.3518690849489503       -1.2532222804855734E-003
   3.3581459933477311       -1.2262139024911788E-002
   3.3644229017465119       -2.1270331269705813E-002
   3.3706998101452927       -2.6822164424122701E-002
   3.3769767185440736       -2.8034567744322784E-002
   3.3832536269428544       -2.4731902899022797E-002
   3.3895305353416352       -1.7464452191944969E-002
   3.3958074437404160       -7.4102127738770607E-003
   3.4020843521391968        3.8215610219708004E-003
   3.4083612605379776        1.4451441862507372E-002
   3.4146381689367584        2.2812609549795668E-002
   3.4209150773355392        2.7610231633662330E-002
   3.4271919857343200        2.8117390228462515E-002
   3.4334688941331009        2.4278663699950489E-002
   3.4397458025318817        1.6707751720612112E-002
   3.4460227109306620        6.5823677633601498E-003
   3.4522996193294428       -4.5446705785783742E-003
   3.4585765277282237       -1.4987027213963444E-002
   3.4648534361270045       -2.3181019717027657E-002
   3.4711303445257853       -2.7917389832851653E-002
   3.4774072529245661       -2.8514711688217762E-002
   3.4836841613233469       -2.4910398581858992E-002
   3.4899610697221277       -1.7658366078506463E-002
   3.4962379781209085       -7.8365762343767572E-003
   3.5025148865196893        3.1192268482212421E-003
   3.5087917949184702        1.3629150840235674E-002
   3.5150687033172510        2.2197881391552994E-002
   3.5213456117160318        2.7625309192867081E-002
   3.5276225201148126        2.9169752595484946E-002
   3.5338994285135934        2.6642357340635303E-002
   3.5401763369123742        2.0421815816705959E-002
   3.5464532453111550        1.1390125110998255E-002
   3.5527301537099358        8.0101675838142037E-004
   3.5590070621087166       -9.8985395768575752E-003
   3.5652839705074975       -1.9267823678551885E-002
   3.5715608789062783       -2.6065187580325416E-002
   3.5778377873050591       -2.9408662607168897E-002
   3.5841146957038399       -2.8884223899892071E-002
   3.5903916041026207       -2.4589407329323205E-002
   3.5966685125014015       -1.7109011155997965E-002
   3.6029454209001823       -7.4286042914253050E-003
   3.6092223292989631        3.2006673268178054E-003
   3.6154992376977440        1.3426867423925664E-002
   3.6217761460965248        2.1969665010895381E-002
   3.6280530544953056        2.7778418305033512E-002
   3.6343299628940864        3.0156837766721175E-002
   3.6406068712928672        2.8840154596007972E-002
   3.6468837796916480        2.4017215821882144E-002
   3.6531606880904288        1.6296990222794541E-002
   3.6594375964892096        6.6257035686439428E-003
   3.6657145048879904       -3.8335650936836938E-003
   3.6719914132867713       -1.3843105622230917E-002
   3.6782683216855521       -2.2237090581083370E-002
   3.6845452300843329       -2.8055179059498305E-002
   3.6908221384831137       -3.0648287252958088E-002
   3.6970990468818945       -2.9745482319497658E-002
   3.7033759552806753       -2.5475892552697395E-002
   3.7096528636794561       -1.8344892056372263E-002
   3.7159297720782369       -9.1689813880900025E-003
   3.7222066804770177        1.0218187858516403E-003
   3.7284835888757986        1.1102058016051552E-002
   3.7347604972745794        1.9975729659851803E-002
   3.7410374056733602        2.6694114007394354E-002
   3.7473143140721410        3.0554166244977424E-002
   3.7535912224709218        3.1167675891384868E-002
   3.7598681308697026        2.8494978666479306E-002
   3.7661450392684834        2.2841027342268429E-002
   3.7724219476672642        1.4815672109584817E-002
   3.7786988560660451        5.2636386751691308E-003
   3.7849757644648259       -4.8274303531937995E-003
   3.7912526728636067       -1.4430639901493398E-002
   3.7975295812623875       -2.2584259248926770E-002
   3.8038064896611683       -2.8486363276198700E-002
   3.8100833980599491       -3.1570632083735506E-002
   3.8163603064587299       -3.1556532495294380E-002
   3.8226372148575107       -2.8469944629926875E-002
   3.8289141232562915       -2.2633372542167084E-002
   3.8351910316550724       -1.4627874165377251E-002
   3.8414679400538532       -5.2314739842335518E-003
   3.8477448484526340        4.6591531239067469E-003
   3.8540217568514148        1.4115665530777302E-002
   3.8602986652501956        2.2265202588031489E-002
   3.8665755736489764        2.8369576626043606E-002
   3.8728524820477572        3.1889511686133548E-002
   3.8791293904465380        3.2528642659444995E-002
   3.8854062988453189        3.0254093840023547E-002
   3.8916832072440997        2.5292737065323381E-002
   3.8979601156428805        1.8104466740365283E-002
   3.9042370240416608        9.3358212206395147E-003
   3.9105139324404417       -2.4113764691471618E-004
   3.9167908408392225       -9.7987189957278800E-003
   3.9230677492380033       -1.8525834875408556E-002
   3.9293446576367841       -2.5696255873534270E-002
   3.9356215660355649       -3.0727242163601211E-002
   3.9418984744343457       -3.3224016660297839E-002
   3.9481753828331265       -3.3006985120097691E-002
   3.9544522912319073       -3.0120223980610521E-002
   3.9607291996306881       -2.4821400131499530E-002
   3.9670061080294690       -1.7554815887210379E-002
   3.9732830164282498       -8.9105656673599508E-003
   3.9795599248270306        4.2624410122895143E-004
   3.9858368332258114        9.7316811757511765E-003
   3.9921137416245922        1.8299876547320258E-002
   3.9983906500233730        2.5496132239126935E-002
   4.0046675584221543        3.0802328427238262E-002
   4.0109444668209351        3.3851548102150700E-002
   4.0172213752197159        3.4449857210409468E-002
   4.0234982836184967        3.2584300327048940E-002
   4.0297751920172775        2.8417295371255310E-002
   4.0360521004160583        2.2268625027626106E-002
   4.0423290088148391        1.4587068078716431E-002
   4.0486059172136200        5.9143399228729224E-003
   4.0548828256124008       -3.1556127304164846E-003
   4.0611597340111816       -1.2018799352152495E-002
   4.0674366424099624       -2.0101816486745774E-002
   4.0737135508087432       -2.6898220124803716E-002
   4.0799904592075240       -3.1998441967534777E-002
   4.0862673676063048       -3.5111670760212772E-002
   4.0925442760050856       -3.6078796830608592E-002
   4.0988211844038664       -3.4876198216004559E-002
   4.1050980928026473       -3.1610780954767354E-002
   4.1113750012014281       -2.6507233499774633E-002
   4.1176519096002089       -1.9888885834846621E-002
   4.1239288179989897       -1.2153859512252771E-002
   4.1302057263977705       -3.7483490571258598E-003
   4.1364826347965504        4.8611076457439990E-003
   4.1427595431953312        1.3214618617136267E-002
   4.1490364515941121        2.0883644378830560E-002
   4.1553133599928929        2.7492165880319948E-002
   4.1615902683916737        3.2733393829237400E-002
   4.1678671767904545        3.6381456368844982E-002
   4.1741440851892353        3.8297852696504410E-002
   4.1804209935880161        3.8432792854771310E-002
   4.1866979019867969        3.6821833245735715E-002
   4.1929748103855777        3.3578443121829241E-002
   4.1992517187843585        2.8883298822567606E-002
   4.2055286271831394        2.2971197789237258E-002
   4.2118055355819202        1.6116515603492820E-002
   4.2180824439807010        8.6181030974896641E-003
   4.2243593523794818        7.8444614159608507E-004
   4.2306362607782626       -7.0802008755650172E-003
   4.2369131691770434       -1.4688133928434908E-002
   4.2431900775758242       -2.1778547471676176E-002
   4.2494669859746050       -2.8125642601202698E-002
   4.2557438943733858       -3.3544373645935932E-002
   4.2620208027721667       -3.7893845444388646E-002
   4.2682977111709475       -4.1078487962255446E-002
   4.2745746195697283       -4.3047226584151353E-002
   4.2808515279685091       -4.3790933411447734E-002
   4.2871284363672899       -4.3338487673020197E-002
   4.2934053447660707       -4.1751793053019709E-002
   4.2996822531648515       -3.9120096900806048E-002
   4.3059591615636323       -3.5553919710969398E-002
   4.3122360699624132       -3.1178886258841895E-002
   4.3185129783611940       -2.6129770917885292E-002
   4.3247898867599748       -2.0544994002466569E-002
   4.3310667951587556       -1.4561736105603214E-002
   4.3373437035575364       -8.3117822941370326E-003
   4.3436206119563172       -1.9181556036463737E-003
   4.3498975203550980        4.5074462619578469E-003
   4.3561744287538788        1.0866435654682122E-002
   4.3624513371526596        1.7074395850950701E-002
   4.3687282455514405        2.3061494681034762E-002
   4.3750051539502213        2.8772341596979674E-002
   4.3812820623490021        3.4165385690702536E-002
   4.3875589707477829        3.9211953225605424E-002
   4.3938358791465637        4.3895019021352205E-002
   4.4001127875453445        4.8207798692267954E-002
   4.4063896959441253        5.2152238062811121E-002
   4.4126666043429061        5.5737465079864372E-002
   4.4189435127416870        5.8978256200414969E-002
   4.4252204211404678        6.1893558865351007E-002
   4.4314973295392486        6.4505098069263897E-002
   4.4377742379380294        6.6836122908925474E-002
   4.4440511463368102        6.8910424100255732E-002
   4.4503280547355910        7.0751584477116131E-002
   4.4566049631343718        7.2382377521587563E-002
   4.4628818715331526        7.3824290801131939E-002
   4.4691587799319334        7.5097159242742975E-002
   4.4754356883307143        7.6218893204297200E-002
   4.4817125967294951        7.7205287104643139E-002
   4.4879895051282759        7.8069895880856457E-002
   4.4942664135270567        7.8823967879653373E-002
   4.5005433219258375        7.9476424550331187E-002
   4.5068202303246183        8.0033878794408680E-002
   4.5130971387233991        8.0500685448852333E-002
   4.5193740471221799        8.0879018728207464E-002
   4.5256509555209607        8.1168972739718070E-002
   4.5319278639197416        8.1368682251915250E-002
   4.5382047723185224        8.1474461760326744E-002
   4.5444816807173032        8.1480961637773200E-002
   4.5507585891160840        8.1381340545836164E-002
   4.5570354975148648        8.1167453749507429E-002
   4.5633124059136456        8.0830056821409674E-002
   4.5695893143124264        8.0359024605653889E-002
   4.5758662227112072        7.9743584293416686E-002
   4.5821431311099881        7.8972562419627620E-002
   4.5884200395087689        7.8034629471133099E-002
   4.5946969479075497        7.6918483220517475E-002
   4.6009738563063305        7.5612989983255594E-002
   4.6072507647051113        7.4107334699653304E-002
   4.6135276731038921        7.2391187296780637E-002
   4.6198045815026729        7.0454884849256799E-002
   4.6260814899014537        6.8289629412921202E-002
   4.6323583983002345        6.5887700867006072E-002
   4.6386353066990154        6.3242683757424645E-002
   4.6449122150977962        6.0349706673987945E-002
   4.6511891234965770        5.7205692185309215E-002
   4.6574660318953578        5.3809614816915673E-002
   4.6637429402941386        5.0162763946976004E-002
   4.6700198486929194        4.6269007871995935E-002
   4.6762967570917002        4.2135054614545239E-002
   4.6825736654904810        3.7770704369430863E-002
   4.6888505738892619        3.3189087780527357E-002
   4.6951274822880427        2.8406883566530781E-002
   4.7014043906868235        2.3444508353261045E-002
   4.7076812990856043        1.8326270978827108E-002
   4.7139582074843851        1.3080483013959355E-002
   4.7202351158831659        7.7395168380625812E-003
   4.7265120242819467        2.3398023425103163E-003
   4.7327889326807275       -3.0782467492147122E-003
   4.7390658410795083       -8.4703858301535956E-003
   4.7453427494782892       -1.3788780128847898E-002
   4.7516196578770700       -1.8982341032901046E-002
   4.7578965662758508       -2.3997164853256942E-002
   4.7641734746746316       -2.8777079514263088E-002
   4.7704503830734124       -3.3264302913647167E-002
   4.7767272914721932       -3.7400214553275066E-002
   4.7830041998709740       -4.1126239477210502E-002
   4.7892811082697548       -4.4384840574824690E-002
   4.7955580166685357       -4.7120611921902381E-002
   4.8018349250673165       -4.9281462077842363E-002
   4.8081118334660973       -5.0819872177132352E-002
   4.8143887418648781       -5.1694209323210956E-002
   4.8206656502636589       -5.1870071302352889E-002
   4.8269425586624397       -5.1321634105348936E-002
   4.8332194670612205       -5.0032969314476664E-002
   4.8394963754600013       -4.7999294251748016E-002
   4.8457732838587821       -4.5228114077998191E-002
   4.8520501922575630       -4.1740211992342714E-002
   4.8583271006563438       -3.7570441530074702E-002
   4.8646040090551246       -3.2768273930662950E-002
   4.8708809174539054       -2.7398053880659082E-002
   4.8771578258526862       -2.1538918860494281E-002
   4.8834347342514670       -1.5284341049007956E-002
   4.8897116426502478       -8.7412564479127115E-003
   4.8959885510490286       -2.0287537150702043E-003
   4.9022654594478094        4.7236947804751503E-003
   4.9085423678465903        1.1378464946031978E-002
   4.9148192762453711        1.7792466923230697E-002
   4.9210961846441519        2.3820259685783059E-002
   4.9273730930429327        2.9317551069852156E-002
   4.9336500014417135        3.4145020967215577E-002
   4.9399269098404943        3.8172385721072330E-002
   4.9462038182392751        4.1282602137208746E-002
   4.9524807266380559        4.3376090769883587E-002
   4.9587576350368368        4.4374841184034557E-002
   4.9650345434356176        4.4226247738515113E-002
   4.9713114518343984        4.2906514140388395E-002
   4.9775883602331792        4.0423459662177412E-002
   4.9838652686319600        3.6818560528073654E-002
   4.9901421770307408        3.2168067510756494E-002
   4.9964190854295216        2.6583055983091734E-002
   5.0026959938283024        2.0208288075588020E-002
   5.0089729022270832        1.3219798888278501E-002
   5.0152498106258641        5.8211592500443162E-003
   5.0215267190246449       -1.7615845053746641E-003
   5.0278036274234257       -9.2862383583110497E-003
   5.0340805358222065       -1.6501940401193953E-002
   5.0403574442209873       -2.3157613596864864E-002
   5.0466343526197681       -2.9011148471554990E-002
   5.0529112610185480       -3.3839011166944544E-002
   5.0591881694173289       -3.7445916608053471E-002
   5.0654650778161097       -3.9674160459391816E-002
   5.0717419862148905       -4.0412170825498195E-002
   5.0780188946136713       -3.9601825004422914E-002
   5.0842958030124521       -3.7244081378966246E-002
   5.0905727114112329       -3.3402504519292199E-002
   5.0968496198100137       -2.8204314692673600E-002
   5.1031265282087945       -2.1838672058572265E-002
   5.1094034366075753       -1.4552010318591969E-002
   5.1156803450063562       -6.6403624027178403E-003
   5.1219572534051370        1.5612319094552417E-003
   5.1282341618039178        9.6919852567232522E-003
   5.1345110702026986        1.7380869728846816E-002
   5.1407879786014794        2.4263786714480352E-002
   5.1470648870002602        3.0001660989323834E-002
   5.1533417953990410        3.4298589871640202E-002
   5.1596187037978218        3.6919081803476264E-002
   5.1658956121966026        3.7703366948205266E-002
   5.1721725205953835        3.6579764704147977E-002
   5.1784494289941643        3.3573156621240934E-002
   5.1847263373929451        2.8808742421113268E-002
   5.1910032457917259        2.2510452185189524E-002
   5.1972801541905067        1.4993645576500649E-002
   5.2035570625892875        6.6520405220497434E-003
   5.2098339709880683       -2.0608343407729213E-003
   5.2161108793868491       -1.0654995451005138E-002
   5.2223877877856300       -1.8631127165193401E-002
   5.2286646961844108       -2.5510083900851809E-002
   5.2349416045831916       -3.0863091081559765E-002
   5.2412185129819724       -3.4340756442239287E-002
   5.2474954213807532       -3.5698903883213944E-002
   5.2537723297795340       -3.4819251252881697E-002
   5.2600492381783148       -3.1723112690441493E-002
   5.2663261465770956       -2.6576623427753417E-002
   5.2726030549758764       -1.9686447489257262E-002
   5.2788799633746573       -1.1485520467916586E-002
   5.2851568717734381       -2.5090702870747459E-003
   5.2914337801722189        6.6380939580133972E-003
   5.2977106885709997        1.5321284689574789E-002
   5.3039875969697805        2.2920196884788489E-002
   5.3102645053685613        2.8874722997656692E-002
   5.3165414137673421        3.2728929379985908E-002
   5.3228183221661229        3.4169651341141229E-002
   5.3290952305649038        3.3056291005544004E-002
   5.3353721389636846        2.9438827228325488E-002
   5.3416490473624654        2.3561766326171532E-002
   5.3479259557612462        1.5852745543646171E-002
   5.3542028641600270        6.8956892964279932E-003
   5.3604797725588078       -2.6102732893784888E-003
   5.3667566809575886       -1.1903598154208307E-002
   5.3730335893563694       -2.0221074307753290E-002
   5.3793104977551502       -2.6861791892839517E-002
   5.3855874061539311       -3.1248947005635543E-002
   5.3918643145527119       -3.2983893910162217E-002
   5.3981412229514927       -3.1887150591134922E-002
   5.4044181313502735       -2.8021880593446513E-002
   5.4106950397490543       -2.1696681085000166E-002
   5.4169719481478351       -1.3446222680853119E-002
   5.4232488565466159       -3.9902983408452450E-003
   5.4295257649453967        5.8260577940737615E-003
   5.4358026733441775        1.5106738935548508E-002
   5.4420795817429584        2.2986702506844321E-002
   5.4483564901417392        2.8714582859448074E-002
   5.4546333985405200        3.1727778826276691E-002
   5.4609103069393008        3.1712276081227189E-002
   5.4671872153380816        2.8640528568048149E-002
   5.4734641237368624        2.2782542700848393E-002
   5.4797410321356432        1.4687750394866601E-002
   5.4860179405344240        5.1381123726749883E-003
   5.4922948489332049       -4.9241100603596918E-003
   5.4985717573319857       -1.4487647717292600E-002
   5.5048486657307665       -2.2573968720585924E-002
   5.5111255741295473       -2.8339291517709413E-002
   5.5174024825283281       -3.1166106637224942E-002
   5.5236793909271089       -3.0734004835617688E-002
   5.5299562993258897       -2.7061314023374212E-002
   5.5362332077246705       -2.0511789188574919E-002
   5.5425101161234513       -1.1764141854155710E-002
   5.5487870245222322       -1.7461929639488150E-003
   5.5550639329210130        8.4605376480717982E-003
   5.5613408413197938        1.7736388712646024E-002
   5.5676177497185746        2.5047109617086828E-002
   5.5738946581173554        2.9561758578042340E-002
   5.5801715665161362        3.0751294912919704E-002
   5.5864484749149170        2.8455797991282575E-002
   5.5927253833136978        2.2911323702999167E-002
   5.5990022917124787        1.4731710436528040E-002
   5.6052792001112595        4.8457422280954203E-003
   5.6115561085100403       -5.6046035247064654E-003
   5.6178330169088211       -1.5394184520758109E-002
   5.6241099253076019       -2.3358478219166763E-002
   5.6303868337063827       -2.8534291369966588E-002
   5.6366637421051635       -3.0280199150038455E-002
   5.6429406505039443       -2.8361261137927602E-002
   5.6492175589027251       -2.2986313755827190E-002
   5.6554944673015060       -1.4791543296304265E-002
   5.6617713757002868       -4.7705085274364345E-003
   5.6680482840990676        5.8424582109043938E-003
   5.6743251924978484        1.5722339001872771E-002
   5.6806021008966292        2.3619059816347820E-002
   5.6868790092954100        2.8517988325722204E-002
   5.6931559176941908        2.9774460211588142E-002
   5.6994328260929716        2.7204044830100995E-002
   5.7057097344917524        2.1115335582144387E-002
   5.7119866428905333        1.2279105606460672E-002
   5.7182635512893141        1.8358639094401747E-003
   5.7245404596880949       -8.8478638191901472E-003
   5.7308173680868757       -1.8356939140130289E-002
   5.7370942764856565       -2.5415906400270704E-002
   5.7433711848844373       -2.9063063229328227E-002
   5.7496480932832181       -2.8786207143485738E-002
   5.7559250016819989       -2.4600341073603406E-002
   5.7622019100807798       -1.7054919223572999E-002
   5.7684788184795606       -7.1675486040310163E-003
   5.7747557268783414        3.7087857521701508E-003
   5.7810326352771222        1.4068330439586075E-002
   5.7873095436759030        2.2460761130621048E-002
   5.7935864520746838        2.7696260851082847E-002
   5.7998633604734646        2.9018242451513795E-002
   5.8061402688722454        2.6218133488165190E-002
   5.8124171772710262        1.9674137830820830E-002
   5.8186940856698071        1.0306302227443866E-002
   5.8249709940685879       -5.4785122251067842E-004
   5.8312479024673687       -1.1321106667561651E-002
   5.8375248108661495       -2.0441893614028383E-002
   5.8438017192649303       -2.6564958656651504E-002
   5.8500786276637111       -2.8773343372003324E-002
   5.8563555360624919       -2.6720868501809696E-002
   5.8626324444612727       -2.0692300120015161E-002
   5.8689093528600536       -1.1570082826280822E-002
   5.8751862612588344       -7.1033532720096140E-004
   5.8814631696576152        1.0255314579242548E-002
   5.8877400780563960        1.9663657303288628E-002
   5.8940169864551768        2.6073338708462873E-002
   5.9002938948539576        2.8489041152083863E-002
   5.9065708032527384        2.6521066017049039E-002
   5.9128477116515192        2.0454027415019546E-002
   5.9191246200503000        1.1211836253841877E-002
   5.9254015284490809        2.2207938142110192E-004
   5.9316784368478617       -1.0801154219109996E-002
   5.9379553452466425       -2.0123517394194407E-002
   5.9442322536454233       -2.6264561430455077E-002
   5.9505091620442041       -2.8236294560580046E-002
   5.9567860704429849       -2.5707189034955561E-002
   5.9630629788417657       -1.9063657944288232E-002
   5.9693398872405457       -9.3568795879100490E-003
   5.9756167956393265        1.8588374534947373E-003
   5.9818937040381073        1.2772103784766923E-002
   5.9881706124368881        2.1606438056673775E-002
   5.9944475208356689        2.6911214839311047E-002
   6.0007244292344497        2.7803621655930266E-002
   6.0070013376332305        2.4120650640132676E-002
   6.0132782460320113        1.6454158484908443E-002
   6.0195551544307921        6.0609373580233104E-003
   6.0258320628295730       -5.3394892121313414E-003
   6.0321089712283538       -1.5847459244725064E-002
   6.0383858796271346       -2.3700001701388286E-002
   6.0446627880259154       -2.7568967797758810E-002
   6.0509396964246962       -2.6789606977693777E-002
   6.0572166048234770       -2.1479559039559372E-002
   6.0634935132222578       -1.2526187891845180E-002
   6.0697704216210386       -1.4423487362145390E-003
   6.0760473300198194        9.8866745101889187E-003
   6.0823242384186003        1.9523126522202054E-002
   6.0886011468173811        2.5809378987921922E-002
   6.0948780552161619        2.7655795360451717E-002
   6.1011549636149427        2.4733323328940418E-002
   6.1074318720137235        1.7536088348573741E-002
   6.1137087804125043        7.3014587849343799E-003
   6.1199856888112851       -4.2001383862354056E-003
   6.1262625972100659       -1.4970328633647317E-002
   6.1325395056088468       -2.3130345628990599E-002
   6.1388164140076276       -2.7250410978832046E-002
   6.1450933224064084       -2.6602798616866177E-002
   6.1513702308051892       -2.1293272770693514E-002
   6.1576471392039700       -1.2246631173875842E-002
   6.1639240476027508       -1.0477015357578188E-003
   6.1702009560015316        1.0335189506918453E-002
   6.1764778644003124        1.9896124489782334E-002
   6.1827547727990932        2.5945979394384606E-002
   6.1890316811978741        2.7412394336090020E-002
   6.1953085895966549        2.4031682477947239E-002
   6.2015854979954357        1.6397948790547356E-002
   6.2078624063942165        5.8599724061173504E-003
   6.2141393147929973       -5.7164460972757743E-003
   6.2204162231917781       -1.6278831181631155E-002
   6.2266931315905589       -2.3952466178496040E-002
   6.2329700399893397       -2.7373981393012479E-002
   6.2392469483881206       -2.5934468804912698E-002
   6.2455238567869014       -1.9888527918932124E-002
   6.2518007651856822       -1.0309555513806025E-002
   6.2580776735844630        1.1009105061959917E-003
   6.2643545819832438        1.2315846680696085E-002
   6.2706314903820246        2.1343387944377103E-002
   6.2769083987808054        2.6581067325302639E-002
   6.2831853071795862        2.7100437545316863E-002
