   6.2769083987808056E-003   6.3767440725105512E-002
   1.2553816797561611E-002   5.0051694785690409E-002
   1.8830725196342418E-002   3.3726148004761494E-002
   2.5107633595123222E-002   1.5646407599691579E-002
   3.1384541993904030E-002  -3.2450548617643554E-003
   3.7661450392684835E-002  -2.1969408932718554E-002
   4.3938358791465640E-002  -3.9563330456702989E-002
   5.0215267190246445E-002  -5.5129353613219821E-002
   5.6492175589027249E-002  -6.7881972194695467E-002
   6.2769083987808061E-002  -7.7187044824330947E-002
   6.9045992386588859E-002  -8.2592487338661313E-002
   7.5322900785369670E-002  -8.3848771211007977E-002
   8.1599809184150468E-002  -8.0918354670672904E-002
   8.7876717582931280E-002  -7.3973814579871983E-002
   9.4153625981712077E-002  -6.3385082678957178E-002
  0.10043053438049289       -4.9696781694629405E-002
  0.10670744277927370       -3.3597171253432305E-002
  0.11298435117805450       -1.5880622424327667E-002
  0.11926125957683531        2.5941766476092649E-003
  0.12553816797561612        2.0947923011215588E-002
  0.13181507637439691        3.8323933720943629E-002
  0.13809198477317772        5.3928685000208629E-002
  0.14436889317195853        6.7067686385451603E-002
  0.15064580157073934        7.7175071332991008E-002
  0.15692270996952015        8.3835707082629801E-002
  0.16319961836830094        8.6799088837208271E-002
  0.16947652676708175        8.5984757399322126E-002
  0.17575343516586256        8.1479436955127812E-002
  0.18203034356464337        7.3526505812958304E-002
  0.18830725196342415        6.2508766824596260E-002
  0.19458416036220497        4.8925760690417486E-002
  0.20086106876098578        3.3367054827091021E-002
  0.20713797715976659        1.6483039426205267E-002
  0.21341488555854740       -1.0452272400118276E-003
  0.21969179395732819       -1.8535653274812887E-002
  0.22596870235610900       -3.5332897874371667E-002
  0.23224561075488981       -5.0833174616486197E-002
  0.23852251915367062       -6.4505179826075204E-002
  0.24479942755245140       -7.5906514258892735E-002
  0.25107633595123224       -8.4695234697881913E-002
  0.25735324435001306       -9.0636434056126591E-002
  0.26363015274879381       -9.3603991466851347E-002
  0.26990706114757462       -9.3577843671684743E-002
  0.27618396954635543       -9.0637299912211838E-002
  0.28246087794513625       -8.4951050155759808E-002
  0.28873778634391706       -7.6764598940356463E-002
  0.29501469474269787       -6.6385895469354694E-002
  0.30129160314147868       -5.4169927983544898E-002
  0.30756851154025949       -4.0503011984653760E-002
  0.31384541993904030       -2.5787433804374715E-002
  0.32012232833782106       -1.0427020444995284E-002
  0.32639923673660187        5.1858992185763748E-003
  0.33267614513538268        2.0681790642685820E-002
  0.33895305353416350        3.5723231417600469E-002
  0.34522996193294431        5.0012125928232981E-002
  0.35150687033172512        6.3294794322649020E-002
  0.35778377873050593        7.5365002654598418E-002
  0.36406068712928674        8.6065075674223848E-002
  0.37033759552806755        9.5285291574329134E-002
  0.37661450392684831       0.10296179964355438     
  0.38289141232562912       0.10907332179361549     
  0.38916832072440993       0.11363689787884081     
  0.39544522912319074       0.11670295399301484     
  0.40172213752197156       0.11834996697931351     
  0.40799904592075237       0.11867896820982815     
  0.41427595431953318       0.11780809887856469     
  0.42055286271831399       0.11586739503931917     
  0.42682977111709480       0.11299394463200604     
  0.43310667951587556       0.10932752265121955     
  0.43938358791465637       0.10500677617692909     
  0.44566049631343718       0.10016599930785011     
  0.45193740471221799        9.4932510156190461E-002
  0.45821431311099881        8.9424618394776986E-002
  0.46449122150977962        8.3750152790545124E-002
  0.47076812990856043        7.8005503567270651E-002
  0.47704503830734124        7.2275124256397857E-002
  0.48332194670612205        6.6631431381116463E-002
  0.48959885510490281        6.1135037591907582E-002
  0.49587576350368362        5.5835253952826402E-002
  0.50215267190246449        5.0770799702739566E-002
  0.50842958030124530        4.5970662006286404E-002
  0.51470648870002611        4.1455054061652445E-002
  0.52098339709880681        3.7236425999032020E-002
  0.52726030549758762        3.3320493606631328E-002
  0.53353721389636843        2.9707264237936439E-002
  0.53981412229514925        2.6392023347246281E-002
  0.54609103069393006        2.3366250183198749E-002
  0.55236793909271087        2.0618450525138624E-002
  0.55864484749149168        1.8134900915328680E-002
  0.56492175589027249        1.5900302521319611E-002
  0.57119866428905330        1.3898345796018426E-002
  0.57747557268783412        1.2112189449654845E-002
  0.58375248108661493        1.0524858935317056E-002
  0.59002938948539574        9.1195708405588504E-003
  0.59630629788417655        7.8799902724653072E-003
  0.60258320628295736        6.7904286784442498E-003
  0.60886011468173817        5.8359895667109297E-003
  0.61513702308051899        5.0026694074745527E-003
  0.62141393147929980        4.2774206146019489E-003
  0.62769083987808061        3.6481830279662922E-003
  0.63396774827686131        3.1038897396203657E-003
  0.64024465667564212        2.6344525070312939E-003
  0.64652156507442293        2.2307313676900821E-003
  0.65279847347320374        1.8844924654948273E-003
  0.65907538187198456        1.5883575080226572E-003
  0.66535229027076537        1.3357477333608184E-003
  0.67162919866954618        1.1208247587490227E-003
  0.67790610706832699        9.3843023779577805E-004
  0.68418301546710780        7.8402584860809237E-004
  0.69045992386588861        6.5363479591923508E-004
  0.69673683226466943        5.4378572971046162E-004
  0.70301374066345024        4.5145969896065517E-004
  0.70929064906223105        3.7404050070315831E-004
  0.71556755746101186        3.0926867281854965E-004
  0.72184446585979267        2.5519924951100914E-004
  0.72812137425857348        2.1016328617057690E-004
  0.73439828265735430        1.7273307113951399E-004
  0.74067519105613511        1.4169088000503518E-004
  0.74695209945491581        1.1600108060102701E-004
  0.75322900785369662        9.4785369566160668E-005
  0.75950591625247743        7.7300902085885694E-005
  0.76578282465125824        6.2921071395934618E-005
  0.77205973305003905        5.1118693060691005E-005
  0.77833664144881987        4.1451357194381203E-005
  0.78461354984760068        3.3548720251198192E-005
  0.79089045824638149        2.7101522979621720E-005
  0.79716736664516230        2.1852134387527548E-005
  0.80344427504394311        1.7586439129109019E-005
  0.80972118344272392        1.4126900399135152E-005
  0.81599809184150474        1.1326648007136382E-005
  0.82227500024028555        9.0644554001430293E-006
  0.82855190863906636        7.2404855481203677E-006
  0.83482881703784717        5.7726980987744527E-006
  0.84110572543662798        4.5938242534446802E-006
  0.84738263383540879        3.6488262639388388E-006
  0.85365954223418961        2.8927702242365120E-006
  0.85993645063297042        2.2890491900526092E-006
  0.86621335903175112        1.8079032525755837E-006
  0.87249026743053193        1.4251894905537060E-006
  0.87876717582931274        1.1213624489407278E-006
  0.88504408422809355        8.8063120559505663E-007
  0.89132099262687436        6.9026461371831522E-007
  0.89759790102565518        5.4001958039995763E-007
  0.90387480942443599        4.2167200710649646E-007
  0.91015171782321680        3.2863246021155450E-007
  0.91642862622199761        2.5563232200931358E-007
  0.92270553462077842        1.9846773296745809E-007
  0.92898244301955923        1.5379147841976030E-007
  0.93525935141834005        1.1894391062511726E-007
  0.94153625981712086        9.1816195974416259E-008
  0.94781316821590167        7.0739665925437890E-008
  0.95409007661468248        5.4396769067434400E-008
  0.96036698501346329        4.1749298064579606E-008
  0.96664389341224410        3.1980938248770321E-008
  0.97292080181102492        2.4451122652939699E-008
  0.97919771020980562        1.8658305710035869E-008
  0.98547461860858643        1.4210553875557684E-008
  0.99175152700736724        1.0802287796577739E-008
  0.99802843540614805        8.1956983758338548E-009
   1.0043053438049290        6.2061564373455897E-009
   1.0105822522037098        4.6905658650928915E-009
   1.0168591606024906        3.5383061468313465E-009
   1.0231360690012714        2.6639875485747240E-009
   1.0294129774000522        2.0018833117874262E-009
   1.0356898857988328        1.5014578377941866E-009
   1.0419667941976136        1.1239842922814377E-009
   1.0482437025963944        8.3980126587218636E-010
   1.0545206109951752        6.2628273126755213E-010
   1.0607975193939561        4.6616060582511398E-010
   1.0670744277927369        3.4632693829868428E-010
   1.0733513361915177        2.5680894863810972E-010
   1.0796282445902985        1.9007626182095511E-010
   1.0859051529890793        1.4041600820904978E-010
   1.0921820613878601        1.0354136373557959E-010
   1.0984589697866409        7.6204267097608107E-011
   1.1047358781854217        5.5986006155181112E-011
   1.1110127865842025        4.1052489201164495E-011
   1.1172896949829834        3.0050785142344545E-011
   1.1235666033817642        2.1953250191556122E-011
   1.1298435117805450        1.6012276327031103E-011
   1.1361204201793258        1.1653837926863907E-011
   1.1423973285781066        8.4702249815552600E-012
   1.1486742369768874        6.1417235640784321E-012
   1.1549511453756682        4.4496424203122425E-012
   1.1612280537744490        3.2144495473400966E-012
   1.1675049621732299        2.3221406702661750E-012
   1.1737818705720107        1.6717730445158765E-012
   1.1800587789707915        1.2051106948815226E-012
   1.1863356873695723        8.6438333776766230E-013
   1.1926125957683531        6.2181904192238273E-013
   1.1988895041671339        4.4262569447869951E-013
   1.2051664125659147        3.1759905975735832E-013
   1.2114433209646955        2.2450383357890166E-013
   1.2177202293634763        1.6154552207037395E-013
   1.2239971377622572        1.1372257527995007E-013
   1.2302740461610380        8.3219649154379402E-014
   1.2365509545598188        5.7779370582279799E-014
   1.2428278629585996        4.2188610050745925E-014
   1.2491047713573804        2.7563024555652212E-014
   1.2553816797561612        2.0044119815576789E-014
   1.2616585881549420        1.2522513876679225E-014
   1.2679354965537226        1.0189939685403448E-014
   1.2742124049525034        6.1342865969757971E-015
   1.2804893133512842        6.1902846912356915E-015
   1.2867662217500651        3.1625714762372788E-015
   1.2930431301488459        3.4414926180716786E-015
   1.2993200385476267        1.0061757770942065E-015
   1.3055969469464075        2.4707554272868099E-015
   1.3118738553451883        6.7751177674498943E-016
   1.3181507637439691        1.9648460893631955E-015
   1.3244276721427499       -4.2267318780807073E-016
   1.3307045805415307        4.3610640408694612E-016
   1.3369814889403115       -1.5694449876211746E-015
   1.3432583973390924       -3.9778198727966086E-016
   1.3495353057378732       -9.1089841091410693E-016
   1.3558122141366540        1.8310705670143112E-015
   1.3620891225354348        8.9670830948549450E-016
   1.3683660309342156        1.9889073233347492E-015
   1.3746429393329964       -6.4113941105755887E-016
   1.3809198477317772       -2.5510409075249106E-016
   1.3871967561305580       -1.6823806763001724E-015
   1.3934736645293389       -5.0733283221257635E-016
   1.3997505729281197       -1.5006664962936378E-015
   1.4060274813269005       -1.9009547568705022E-017
   1.4123043897256813       -1.0403465800746312E-015
   1.4185812981244621        4.1885539690219756E-016
   1.4248582065232429       -1.1517602795875886E-016
   1.4311351149220237        1.4551421224180399E-015
   1.4374120233208045        2.2865515196632745E-016
   1.4436889317195853        3.8828761399904149E-016
   1.4499658401183662       -1.0969644046668952E-015
   1.4562427485171470        8.6730534081423968E-017
   1.4625196569159278       -8.6420563118838808E-016
   1.4687965653147086        5.3260894883132858E-017
   1.4750734737134894       -6.4873824123468948E-016
   1.4813503821122702        5.1492735608743800E-016
   1.4876272905110510       -4.6868188006822149E-016
   1.4939041989098316        7.5677333125504621E-016
   1.5001811073086124       -3.0461133348726750E-016
   1.5064580157073932        4.6951440095880916E-016
   1.5127349241061741       -8.8167184016284027E-016
   1.5190118325049549       -4.8355547918262526E-016
   1.5252887409037357       -1.6777944277809974E-015
   1.5315656493025165       -8.2055140514429295E-016
   1.5378425577012973       -1.5631656213632681E-015
   1.5441194661000781        5.4046727218406198E-017
   1.5503963744988589        2.7952188340862765E-016
   1.5566732828976397        1.7284451734731684E-015
   1.5629501912964205        8.3029450749920395E-016
   1.5692270996952014        1.4857654711788443E-015
   1.5755040080939822        4.4376551256967469E-016
   1.5817809164927630        1.5545348420129470E-015
   1.5880578248915438        6.0766233964146397E-016
   1.5943347332903246        9.2454501166688017E-016
   1.6006116416891054       -5.5110223405798275E-017
   1.6068885500878862        4.3147584040042937E-016
   1.6131654584866670       -3.6351184559453520E-016
   1.6194423668854478        5.5862378902228866E-016
   1.6257192752842287        3.7161041042469240E-016
   1.6319961836830095        1.4512489414439581E-015
   1.6382730920817903        7.9736469215892923E-016
   1.6445500004805711        1.2464961741658916E-015
   1.6508269088793519       -5.4134584718243415E-016
   1.6571038172781327       -6.4726320780330125E-016
   1.6633807256769135       -1.6337630249551661E-015
   1.6696576340756943       -7.0383805622684000E-016
   1.6759345424744752       -1.3641117041620377E-015
   1.6822114508732560       -3.9272677636361960E-017
   1.6884883592720368       -1.7735647342559696E-016
   1.6947652676708176        7.5177155393182919E-016
   1.7010421760695984       -2.3016841210215875E-017
   1.7073190844683792        4.5264408214429221E-016
   1.7135959928671600       -5.1014811164889852E-016
   1.7198729012659408        2.5299800454050857E-016
   1.7261498096647214       -2.7019009992203110E-016
   1.7324267180635022        1.0119298373410275E-015
   1.7387036264622830        9.0604884454297187E-016
   1.7449805348610639        1.4906656957450533E-015
   1.7512574432598447        9.5426179115584168E-016
   1.7575343516586255        2.1255415243915642E-015
   1.7638112600574063        1.6576309377185795E-015
   1.7700881684561871        2.4881488485032605E-015
   1.7763650768549679        1.5027213585190074E-015
   1.7826419852537487        1.6686748295632056E-015
   1.7889188936525295        3.9043324151225555E-016
   1.7951958020513104        4.6469775306733126E-016
   1.8014727104500912       -8.8850701554410070E-016
   1.8077496188488720        5.0109607237366128E-017
   1.8140265272476528        4.0518021705926062E-016
   1.8203034356464336        1.4639782295030927E-015
   1.8265803440452144        1.1562047044752238E-015
   1.8328572524439952        1.7780400162891754E-015
   1.8391341608427760        8.0605044593276064E-016
   1.8454110692415568        3.4071800222204930E-016
   1.8516879776403377       -1.3922957212846609E-015
   1.8579648860391185       -1.3683463990597213E-015
   1.8642417944378993       -1.1273329528477117E-015
   1.8705187028366801        1.0917686284678209E-015
   1.8767956112354609        1.3692596850381380E-015
   1.8830725196342417        1.9129253362602394E-015
   1.8893494280330225        8.7251744555860571E-016
   1.8956263364318033        7.6283609385890590E-016
   1.9019032448305841       -3.0667809284459223E-016
   1.9081801532293650        3.2005724728696813E-016
   1.9144570616281458       -1.5783112983791141E-016
   1.9207339700269266        6.2995711204411789E-016
   1.9270108784257074        1.1560981983539127E-015
   1.9332877868244882        2.3375349220358432E-015
   1.9395646952232690        2.3671050924466261E-015
   1.9458416036220498        3.4120091746529897E-015
   1.9521185120208304        3.9721374348103061E-015
   1.9583954204196112        5.4647044908065060E-015
   1.9646723288183920        5.6150477356533551E-015
   1.9709492372171729        7.1612520069756948E-015
   1.9772261456159537        8.2333763002703532E-015
   1.9835030540147345        1.1905793970541671E-014
   1.9897799624135153        1.6648723359151955E-014
   1.9960568708122961        2.3450463105368305E-014
   2.0023337792110771        3.0731641430111136E-014
   2.0086106876098579        4.0936298673623875E-014
   2.0148875960086388        5.2740584859313107E-014
   2.0211645044074196        6.8838416441902380E-014
   2.0274414128062004        8.9953201565887094E-014
   2.0337183212049812        1.1902945322308566E-013
   2.0399952296037620        1.5676956097142041E-013
   2.0462721380025428        2.0706858808863739E-013
   2.0525490464013236        2.7252607972838532E-013
   2.0588259548001044        3.5831423780334500E-013
   2.0651028631988853        4.6831387224443143E-013
   2.0713797715976656        6.1202397836978632E-013
   2.0776566799964464        7.9851327637433016E-013
   2.0839335883952272        1.0409370987916751E-012
   2.0902104967940081        1.3534229138836407E-012
   2.0964874051927889        1.7575791135053429E-012
   2.1027643135915697        2.2774095499711034E-012
   2.1090412219903505        2.9469282471671092E-012
   2.1153181303891313        3.8058268360970689E-012
   2.1215950387879121        4.9058471013503296E-012
   2.1278719471866929        6.3098726540863283E-012
   2.1341488555854737        8.1005692342361610E-012
   2.1404257639842545        1.0379399545629622E-011
   2.1467026723830354        1.3274406313470556E-011
   2.1529795807818162        1.6941846983114227E-011
   2.1592564891805970        2.1578047513242417E-011
   2.1655333975793778        2.7425008183602860E-011
   2.1718103059781586        3.4783948916818336E-011
   2.1780872143769394        4.4022948327488911E-011
   2.1843641227757202        5.5596599950825608E-011
   2.1906410311745010        7.0059302786216289E-011
   2.1969179395732819        8.8092402233424249E-011
   2.2031948479720627        1.1052115503856608E-010
   2.2094717563708435        1.3835158035407554E-010
   2.2157486647696243        1.7279863543349877E-010
   2.2220255731684051        2.1533309519905125E-010
   2.2283024815671859        2.6772156398385145E-010
   2.2345793899659667        3.3208732289419608E-010
   2.2408562983647475        4.1096891041636403E-010
   2.2471332067635283        5.0739615791853439E-010
   2.2534101151623092        6.2496889023121599E-010
   2.2596870235610900        7.6795696391195633E-010
   2.2659639319598708        9.4140315541071065E-010
   2.2722408403586516        1.1512480031014189E-009
   2.2785177487574324        1.4044613336511238E-009
   2.2847946571562132        1.7091994079254388E-009
   2.2910715655549940        2.0749666451697918E-009
   2.2973484739537748        2.5128037831025259E-009
   2.3036253823525557        3.0354834548142687E-009
   2.3099022907513365        3.6577314943954965E-009
   2.3161791991501173        4.3964550980654185E-009
   2.3224561075488981        5.2709918859348504E-009
   2.3287330159476789        6.3033608570109019E-009
   2.3350099243464597        7.5185337843214363E-009
   2.3412868327452405        8.9446976939625523E-009
   2.3475637411440213        1.0613525349694923E-008
   2.3538406495428021        1.2560426384895550E-008
   2.3601175579415830        1.4824790231892516E-008
   2.3663944663403638        1.7450191579947444E-008
   2.3726713747391446        2.0484561546278487E-008
   2.3789482831379254        2.3980297097302499E-008
   2.3852251915367062        2.7994307386992348E-008
   2.3915020999354870        3.2587959384833283E-008
   2.3977790083342678        3.7826923201933869E-008
   2.4040559167330486        4.3780875222686871E-008
   2.4103328251318294        5.0523054002964039E-008
   2.4166097335306103        5.8129627085292521E-008
   2.4228866419293911        6.6678860246904300E-008
   2.4291635503281719        7.6250047432536391E-008
   2.4354404587269527        8.6922190160638836E-008
   2.4417173671257335        9.8772397526407965E-008
   2.4479942755245143        1.1187400901476640E-007
   2.4542711839232951        1.2629441341935240E-007
   2.4605480923220759        1.4209256663312914E-007
   2.4668250007208568        1.5931620431217108E-007
   2.4731019091196376        1.7799877044272966E-007
   2.4793788175184184        1.9815607518980968E-007
   2.4856557259171992        2.1978273543840620E-007
   2.4919326343159800        2.4284844139080506E-007
   2.4982095427147608        2.6729412964485169E-007
   2.5044864511135416        2.9302814103510883E-007
   2.5107633595123224        3.1992248479630545E-007
   2.5170402679111032        3.4780932408794439E-007
   2.5233171763098841        3.7647783949524290E-007
   2.5295940847086644        4.0567162138174786E-007
   2.5358709931074452        4.3508678072045725E-007
   2.5421479015062260        4.6437095659920471E-007
   2.5484248099050069        4.9312342210401409E-007
   2.5547017183037877        5.2089647630961594E-007
   2.5609786267025685        5.4719832095095454E-007
   2.5672555351013493        5.7149758463803421E-007
   2.5735324435001301        5.9322965705601513E-007
   2.5798093518989109        6.1180493476116521E-007
   2.5860862602976917        6.2661906148807369E-007
   2.5923631686964725        6.3706516601888371E-007
   2.5986400770952534        6.4254805046765919E-007
   2.6049169854940342        6.4250018901431331E-007
   2.6111938938928150        6.3639933008631431E-007
   2.6174708022915958        6.2378737056021138E-007
   2.6237477106903766        6.0429010988698748E-007
   2.6300246190891574        5.7763735146050053E-007
   2.6363015274879382        5.4368276296566989E-007
   2.6425784358867190        5.0242278165625773E-007
   2.6488553442854998        4.5401380734128812E-007
   2.6551322526842807        3.9878684038040547E-007
   2.6614091610830615        3.3725870960379930E-007
   2.6676860694818423        2.7013901366478415E-007
   2.6739629778806231        1.9833195062893261E-007
   2.6802398862794039        1.2293225541274436E-007
   2.6865167946781847        4.5214610608172428E-008
   2.6927937030769655       -3.3383976069949134E-008
   2.6990706114757463       -1.1128910757515589E-007
   2.7053475198745272       -1.8682129722233982E-007
   2.7116244282733080       -2.5823537628995692E-007
   2.7179013366720888       -3.2376646530741831E-007
   2.7241782450708696       -3.8168159414567746E-007
   2.7304551534696504       -4.3033573611518289E-007
   2.7367320618684312       -4.6823065690240566E-007
   2.7430089702672120       -4.9407467828649619E-007
   2.7492858786659928       -5.0684115414167977E-007
   2.7555627870647736       -5.0582326714495561E-007
   2.7618396954635545       -4.9068257743183564E-007
   2.7681166038623353       -4.6148874788059620E-007
   2.7743935122611161       -4.1874791250131646E-007
   2.7806704206598969       -3.6341736232551637E-007
   2.7869473290586777       -2.9690454401120560E-007
   2.7932242374574585       -2.2104883166496926E-007
   2.7995011458562393       -1.3808511253562869E-007
   2.8057780542550201       -5.0588950716640961E-008
   2.8120549626538009        3.8596168235805791E-008
   2.8183318710525818        1.2644819529225224E-007
   2.8246087794513626        2.0987018334744017E-007
   2.8308856878501434        2.8580500051053086E-007
   2.8371625962489242        3.5135699271784786E-007
   2.8434395046477050        4.0391571867362668E-007
   2.8497164130464858        4.4127632651764751E-007
   2.8559933214452666        4.6175076248897150E-007
   2.8622702298440474        4.6426392135905519E-007
   2.8685471382428283        4.4842904696138719E-007
   2.8748240466416091        4.1459723535597650E-007
   2.8811009550403899        3.6387673793308437E-007
   2.8873778634391707        2.9811894630581962E-007
   2.8936547718379515        2.1986938586094873E-007
   2.8999316802367323        1.3228372083503948E-007
   2.9062085886355131        3.9010584665399064E-008
   2.9124854970342939       -5.5955062017490112E-008
   2.9187624054330747       -1.4844254163099847E-007
   2.9250393138318556       -2.3429285214397197E-007
   2.9313162222306364       -3.0955428816060126E-007
   2.9375931306294172       -3.7067672004261496E-007
   2.9438700390281980       -4.1469443170459361E-007
   2.9501469474269788       -4.3938742187948038E-007
   2.9564238558257596       -4.4341166077357487E-007
   2.9627007642245404       -4.2638995547007988E-007
   2.9689776726233212       -3.8895676221370765E-007
   2.9752545810221021       -3.3275254207710427E-007
   2.9815314894208829       -2.6036604708468577E-007
   2.9878083978196632       -1.7522570159079631E-007
   2.9940853062184440       -8.1444100937951786E-008
   3.0003622146172249        1.6377564666563813E-008
   3.0066391230160057        1.1337585174359247E-007
   3.0129160314147865        2.0467079980586180E-007
   3.0191929398135673        2.8561821061781334E-007
   3.0254698482123481        3.5205485558591441E-007
   3.0317467566111289        4.0052297443679877E-007
   3.0380236650099097        4.2846124543210018E-007
   3.0443005734086905        4.3435095943458969E-007
   3.0505774818074713        4.1780843002189901E-007
   3.0568543902062522        3.7961752133561014E-007
   3.0631312986050330        3.2169948245275108E-007
   3.0694082070038138        2.4702080270811562E-007
   3.0756851154025946        1.5944335547086797E-007
   3.0819620238013754        6.3524472842677516E-008
   3.0882389322001562       -3.5722442596901784E-008
   3.0945158405989370       -1.3309378648698320E-007
   3.1007927489977178       -2.2347346628304437E-007
   3.1070696573964987       -3.0210704666320496E-007
   3.1133465657952795       -3.6485701590700492E-007
   3.1196234741940603       -4.0842490928361180E-007
   3.1259003825928411       -4.3052786696180402E-007
   3.1321772909916219       -4.3001977302837090E-007
   3.1384541993904027       -4.0695027656061307E-007
   3.1447311077891835       -3.6255858191921839E-007
   3.1510080161879643       -2.9920262175780227E-007
   3.1572849245867451       -2.2022793525482892E-007
   3.1635618329855260       -1.2978396250347020E-007
   3.1698387413843068       -3.2598413193453896E-008
   3.1761156497830876        6.6277371024589659E-008
   3.1823925581818684        1.6173764756863744E-007
   3.1886694665806492        2.4889106963985172E-007
   3.1949463749794300        3.2331428810501408E-007
   3.2012232833782108        3.8127672831006194E-007
   3.2075001917769916        4.1992480483720522E-007
   3.2137771001757724        4.3741638595409788E-007
   3.2200540085745533        4.3299931592714594E-007
   3.2263309169733341        4.0703110896585670E-007
   3.2326078253721149        3.6094027288983255E-007
   3.2388847337708957        2.9713295790508202E-007
   3.2451616421696765        2.1885153566860182E-007
   3.2514385505684573        1.2999414092417348E-007
   3.2577154589672381        3.4906018588317091E-008
   3.2639923673660189       -6.1845321057112899E-008
   3.2702692757647998       -1.5569866328064244E-007
   3.2765461841635806       -2.4231925007694346E-007
   3.2828230925623614       -3.1779951937845004E-007
   3.2891000009611422       -3.7883099470430850E-007
   3.2953769093599230       -4.2283993576827468E-007
   3.3016538177587038       -4.4808169139299033E-007
   3.3079307261574846       -4.5369115060137055E-007
   3.3142076345562654       -4.3968914525647587E-007
   3.3204845429550462       -4.0694695240475034E-007
   3.3267614513538271       -3.5711306921367440E-007
   3.3330383597526079       -2.9250808687166049E-007
   3.3393152681513887       -2.1599470529927536E-007
   3.3455921765501695       -1.3083069429785010E-007
   3.3518690849489503       -4.0512883793206914E-008
   3.3581459933477311        5.1379899507579833E-008
   3.3644229017465119        1.4133759614529215E-007
   3.3706998101452927        2.2605691439850169E-007
   3.3769767185440736        3.0256125988206278E-007
   3.3832536269428544        3.6829860252052276E-007
   3.3895305353416352        4.2121468020315432E-007
   3.3958074437404160        4.5980033350431560E-007
   3.4020843521391968        4.8311309504473768E-007
   3.4083612605379776        4.9077434350753825E-007
   3.4146381689367584        4.8294433268569165E-007
   3.4209150773355392        4.6027818100910800E-007
   3.4271919857343200        4.2386646472042067E-007
   3.4334688941331009        3.7516436607429568E-007
   3.4397458025318817        3.1591342214070461E-007
   3.4460227109306620        2.4805979920668273E-007
   3.4522996193294428        1.7367275608713736E-007
   3.4585765277282237        9.4866511410020802E-008
   3.4648534361270045        1.3728243092483657E-008
   3.4711303445257853       -6.7745656741762977E-008
   3.4774072529245661       -1.4770353115440368E-007
   3.4836841613233469       -2.2448168164183783E-007
   3.4899610697221277       -2.9663648334470163E-007
   3.4962379781209085       -3.6296551893167321E-007
   3.5025148865196893       -4.2251828396003410E-007
   3.5087917949184702       -4.7459736804245166E-007
   3.5150687033172510       -5.1875126732665111E-007
   3.5213456117160318       -5.5476016205564073E-007
   3.5276225201148126       -5.8261601757123713E-007
   3.5338994285135934       -6.0249840808112786E-007
   3.5401763369123742       -6.1474753247626404E-007
   3.5464532453111550       -6.1983578086532384E-007
   3.5527301537099358       -6.1833903186521588E-007
   3.5590070621087166       -6.1090871122202459E-007
   3.5652839705074975       -5.9824544167524104E-007
   3.5715608789062783       -5.8107494105391151E-007
   3.5778377873050591       -5.6012662198534480E-007
   3.5841146957038399       -5.3611519226442462E-007
   3.5903916041026207       -5.0972538204378676E-007
   3.5966685125014015       -4.8159979849176380E-007
   3.6029454209001823       -4.5232979967994923E-007
   3.6092223292989631       -4.2244918116566675E-007
   3.6154992376977440       -3.9243041179224552E-007
   3.6217761460965248       -3.6268311401914314E-007
   3.6280530544953056       -3.3355445194964905E-007
   3.6343299628940864       -3.0533109389053173E-007
   3.6406068712928672       -2.7824241569012190E-007
   3.6468837796916480       -2.5246463636129037E-007
   3.6531606880904288       -2.2812559687734125E-007
   3.6594375964892096       -2.0530992994163317E-007
   3.6657145048879904       -1.8406440403925747E-007
   3.6719914132867713       -1.6440330228087121E-007
   3.6782683216855521       -1.4631370816941715E-007
   3.6845452300843329       -1.2976048591037061E-007
   3.6908221384831137       -1.1469084991638516E-007
   3.6970990468818945       -1.0103848716090800E-007
   3.7033759552806753       -8.8727206867776034E-008
   3.7096528636794561       -7.7674122580416043E-008
   3.7159297720782369       -6.7792372871612085E-008
   3.7222066804770177       -5.8993411189529948E-008
   3.7284835888757986       -5.1188887776838278E-008
   3.7347604972745794       -4.4292164950202814E-008
   3.7410374056733602       -3.8219501114271154E-008
   3.7473143140721410       -3.2890942322704764E-008
   3.7535912224709218       -2.8230962359419285E-008
   3.7598681308697026       -2.4168886355678147E-008
   3.7661450392684834       -2.0639132299749845E-008
   3.7724219476672642       -1.7581305318798199E-008
   3.7786988560660451       -1.4940173828331415E-008
   3.7849757644648259       -1.2665545757292030E-008
   3.7912526728636067       -1.0712079892008316E-008
   3.7975295812623875       -9.0390397130122014E-009
   3.8038064896611683       -7.6100136416702550E-009
   3.8100833980599491       -6.3926129060399583E-009
   3.8163603064587299       -5.3581581984949050E-009
   3.8226372148575107       -4.4813650521494341E-009
   3.8289141232562915       -3.7400330716973880E-009
   3.8351910316550724       -3.1147472116228030E-009
   3.8414679400538532       -2.5885913196257588E-009
   3.8477448484526340       -2.1468799071017566E-009
   3.8540217568514148       -1.7769089567340640E-009
   3.8602986652501956       -1.4677242988018571E-009
   3.8665755736489764       -1.2099126525984775E-009
   3.8728524820477572       -9.9540854477055624E-010
   3.8791293904465380       -8.1732233388033865E-010
   3.8854062988453189       -6.6978632646225730E-010
   3.8916832072440997       -5.4781729524281083E-010
   3.8979601156428805       -4.4719459935350024E-010
   3.9042370240416608       -3.6435384028499725E-010
   3.9105139324404417       -2.9629208790410343E-010
   3.9167908408392225       -2.4048677414365307E-010
   3.9230677492380033       -1.9482285679501828E-010
   3.9293446576367841       -1.5753162727010338E-010
   3.9356215660355649       -1.2713841721485727E-010
   3.9418984744343457       -1.0241614173904747E-010
   3.9481753828331265       -8.2346171637987112E-011
   3.9544522912319073       -6.6085219354690692E-011
   3.9607291996306881       -5.2935761878701456E-011
   3.9670061080294690       -4.2323559425914375E-011
   3.9732830164282498       -3.3775376939337390E-011
   3.9795599248270306       -2.6903285879169775E-011
   3.9858368332258114       -2.1389135579702276E-011
   3.9921137416245922       -1.6973525683651212E-011
   3.9983906500233730       -1.3443557410207977E-011
   4.0046675584221543       -1.0627891660542646E-011
   4.0109444668209351       -8.3858226350742111E-012
   4.0172213752197159       -6.6044990905605617E-012
   4.0234982836184967       -5.1918370122947515E-012
   4.0297751920172775       -4.0737570642722786E-012
   4.0360521004160583       -3.1902335535818260E-012
   4.0423290088148391       -2.4939545177760347E-012
   4.0486059172136200       -1.9458212435316029E-012
   4.0548828256124008       -1.5151555205061273E-012
   4.0611597340111816       -1.1773555688104325E-012
   4.0674366424099624       -9.1336754458597402E-013
   4.0737135508087432       -7.0680319091239306E-013
   4.0799904592075240       -5.4595579028446546E-013
   4.0862673676063048       -4.2133860990401513E-013
   4.0925442760050856       -3.2479713972455923E-013
   4.0988211844038664       -2.4946368945957001E-013
   4.1050980928026473       -1.9118297215099297E-013
   4.1113750012014281       -1.4581056031849095E-013
   4.1176519096002089       -1.1112831967376262E-013
   4.1239288179989897       -8.4470543549605453E-014
   4.1302057263977705       -6.4550399054985723E-014
   4.1364826347965504       -4.9623562853611211E-014
   4.1427595431953312       -3.8430039412848189E-014
   4.1490364515941121       -2.9518917601888700E-014
   4.1553133599928929       -2.2204554165744419E-014
   4.1615902683916737       -1.6316963815272042E-014
   4.1678671767904545       -1.1914198194014406E-014
   4.1741440851892353       -8.8496926597286286E-015
   4.1804209935880161       -7.1364285947256643E-015
   4.1866979019867969       -5.6389603211329301E-015
   4.1929748103855777       -4.3635776268568699E-015
   4.1992517187843585       -3.4660540142452381E-015
   4.2055286271831394       -2.9676106985155058E-015
   4.2118055355819202       -2.2523892432606039E-015
   4.2180824439807010       -1.6110134636886468E-015
   4.2243593523794818       -4.3105121881350385E-016
   4.2306362607782626        1.2480236549840187E-016
   4.2369131691770434        3.4604073071526754E-016
   4.2431900775758242        4.3099505655863395E-016
   4.2494669859746050        3.7159729630326099E-016
   4.2557438943733858       -3.0767621053752449E-016
   4.2620208027721667       -9.4675232130028518E-016
   4.2682977111709475       -1.2577356487304528E-015
   4.2745746195697283       -2.4711605059045833E-016
   4.2808515279685091        6.8982562450840753E-016
   4.2871284363672899        1.7693092506551313E-015
   4.2934053447660707        2.3327622656772924E-015
   4.2996822531648515        1.6309546938359893E-015
   4.3059591615636323        7.4757103317397263E-016
   4.3122360699624132        2.9119951388929703E-016
   4.3185129783611940       -3.0018136606237853E-016
   4.3247898867599748       -2.8174800345365894E-016
   4.3310667951587556       -1.7462878579869924E-016
   4.3373437035575364        1.4153779266170735E-016
   4.3436206119563172        8.4370780940483211E-016
   4.3498975203550980        1.1645037562757703E-015
   4.3561744287538788        1.2759581663097551E-015
   4.3624513371526596        1.2072860173217682E-015
   4.3687282455514405        1.0984651079942328E-015
   4.3750051539502213        6.5603453672022372E-016
   4.3812820623490021       -4.3855427801931307E-016
   4.3875589707477829       -1.4378249151416882E-015
   4.3938358791465637       -1.6598768389607793E-015
   4.4001127875453445       -7.7509747996671951E-016
   4.4063896959441253        2.9273660820050328E-016
   4.4126666043429061        1.7035446133961275E-015
   4.4189435127416870        1.9077113256917420E-015
   4.4252204211404678        9.5237081491651483E-016
   4.4314973295392486       -3.8373385320521968E-016
   4.4377742379380294       -1.1423526237864862E-015
   4.4440511463368102       -1.7841387660059697E-015
   4.4503280547355910       -1.5705549283456003E-015
   4.4566049631343718       -5.4741173590862383E-016
   4.4628818715331526        6.0419750670296718E-016
   4.4691587799319334        1.3508961654244393E-015
   4.4754356883307143        1.5914168833066082E-015
   4.4817125967294951        1.1115343110368450E-015
   4.4879895051282759        7.5173563497728461E-016
   4.4942664135270567        2.9904504985694096E-016
   4.5005433219258375        1.3700785053362400E-016
   4.5068202303246183       -1.1686967199115506E-016
   4.5130971387233991       -9.3546045725162787E-018
   4.5193740471221799       -2.6167730754633299E-016
   4.5256509555209607        4.0047449739664853E-017
   4.5319278639197416       -1.4185638954643827E-016
   4.5382047723185224        1.6593495047028319E-016
   4.5444816807173032        5.8815194651616970E-016
   4.5507585891160840        9.0701121459175689E-016
   4.5570354975148648        9.9825954613551070E-016
   4.5633124059136456        9.7079364255295296E-016
   4.5695893143124264        1.1609651454440787E-016
   4.5758662227112072       -4.3662041660112841E-016
   4.5821431311099881       -3.7492036371965599E-016
   4.5884200395087689        4.3755977034936914E-016
   4.5946969479075497        1.3497739625746131E-015
   4.6009738563063305        1.9955651594644844E-015
   4.6072507647051113        2.0666130423092563E-015
   4.6135276731038921        1.8706143746031334E-015
   4.6198045815026729        1.4168827964531565E-015
   4.6260814899014537        7.8575553817090883E-016
   4.6323583983002345       -9.4094722897275336E-018
   4.6386353066990154       -4.8521931328010627E-016
   4.6449122150977962       -2.7928298041283254E-016
   4.6511891234965770       -2.4090384643520751E-017
   4.6574660318953578       -2.9622521100108239E-016
   4.6637429402941386        4.1684400260442739E-016
   4.6700198486929194        4.6433733062210720E-016
   4.6762967570917002       -2.0169126677906998E-017
   4.6825736654904810       -3.9528171890011419E-016
   4.6888505738892619       -3.3553438384607019E-016
   4.6951274822880427        4.1607959466060948E-017
   4.7014043906868235        2.2332331530983621E-016
   4.7076812990856043       -2.1870218644538624E-016
   4.7139582074843851       -6.7930196433539914E-016
   4.7202351158831659       -1.2334575734972213E-015
   4.7265120242819467       -1.4597212379519977E-015
   4.7327889326807275       -9.2003572589305349E-016
   4.7390658410795083        7.7267655702627561E-017
   4.7453427494782892        6.1601688533494548E-016
   4.7516196578770700        7.7008949672095681E-016
   4.7578965662758508        3.7992201551821506E-016
   4.7641734746746316       -2.2962257029839088E-016
   4.7704503830734124       -3.8117232713822978E-016
   4.7767272914721932       -4.0198035819510539E-016
   4.7830041998709740       -1.1665959566068099E-015
   4.7892811082697548       -1.0925543044659585E-015
   4.7955580166685357       -1.2165436688818677E-015
   4.8018349250673165       -7.4771439515465665E-016
   4.8081118334660973       -5.1730815559829425E-016
   4.8143887418648781       -8.9972539452150002E-017
   4.8206656502636589       -1.1270379852043590E-016
   4.8269425586624397        1.4967944688093608E-016
   4.8332194670612205       -6.6149768085433224E-016
   4.8394963754600013       -1.3914066799699981E-015
   4.8457732838587821       -2.0905444411846831E-015
   4.8520501922575630       -2.4029924788321943E-015
   4.8583271006563438       -3.7168180206725614E-015
   4.8646040090551246       -5.1649371373261066E-015
   4.8708809174539054       -7.0582289992946263E-015
   4.8771578258526862       -9.6467005061713025E-015
   4.8834347342514670       -1.3563566723413189E-014
   4.8897116426502478       -1.8712262592928291E-014
   4.8959885510490286       -2.7409011386292199E-014
   4.9022654594478094       -3.9394627144022402E-014
   4.9085423678465903       -5.4878652256057060E-014
   4.9148192762453711       -7.5122790949199953E-014
   4.9210961846441519       -1.0320561567108595E-013
   4.9273730930429327       -1.4141254414104272E-013
   4.9336500014417135       -1.9556806581181815E-013
   4.9399269098404943       -2.7105540050791275E-013
   4.9462038182392751       -3.7477142200538489E-013
   4.9524807266380559       -5.1777238455171250E-013
   4.9587576350368368       -7.1461929870158901E-013
   4.9650345434356176       -9.8369663277196609E-013
   4.9713114518343984       -1.3526514479021322E-012
   4.9775883602331792       -1.8581176761896477E-012
   4.9838652686319600       -2.5514751958679021E-012
   4.9901421770307408       -3.4984453747949554E-012
   4.9964190854295216       -4.7922654027695424E-012
   5.0026959938283024       -6.5575362756162187E-012
   5.0089729022270832       -8.9646695586803846E-012
   5.0152498106258641       -1.2242559855918352E-011
   5.0215267190246449       -1.6701197594729306E-011
   5.0278036274234257       -2.2758070855664491E-011
   5.0340805358222065       -3.0976740846145161E-011
   5.0403574442209873       -4.2113514751962465E-011
   5.0466343526197681       -5.7188004267044762E-011
   5.0529112610185480       -7.7566628073231090E-011
   5.0591881694173289       -1.0508379318059749E-010
   5.0654650778161097       -1.4219171620586327E-010
   5.0717419862148905       -1.9216890688427913E-010
   5.0780188946136713       -2.5938750889448153E-010
   5.0842958030124521       -3.4967671351883377E-010
   5.0905727114112329       -4.7078888970403850E-010
   5.0968496198100137       -6.3302683951018275E-010
   5.1031265282087945       -8.5005226568139007E-010
   5.1094034366075753       -1.1399586130575495E-009
   5.1156803450063562       -1.5266637530209320E-009
   5.1219572534051370       -2.0417404498374906E-009
   5.1282341618039178       -2.7267896849699655E-009
   5.1345110702026986       -3.6365379645214366E-009
   5.1407879786014794       -4.8428497813962407E-009
   5.1470648870002602       -6.4399324791363014E-009
   5.1533417953990410       -8.5510589263272172E-009
   5.1596187037978218       -1.1337245355676814E-008
   5.1658956121966026       -1.5008412441361883E-008
   5.1721725205953835       -1.9837729722441380E-008
   5.1784494289941643       -2.6179985405928184E-008
   5.1847263373929451       -3.4495079002999153E-008
   5.1910032457917259       -4.5377971109948680E-008
   5.1972801541905067       -5.9596798514699725E-008
   5.2035570625892875       -7.8141228633012436E-008
   5.2098339709880683       -1.0228367999069351E-007
   5.2161108793868491       -1.3365659540850089E-007
   5.2223877877856300       -1.7434974948135232E-007
   5.2286646961844108       -2.2703240981222362E-007
   5.2349416045831916       -2.9510630601244434E-007
   5.2412185129819724       -3.8289661298320505E-007
   5.2474954213807532       -4.9588982426698619E-007
   5.2537723297795340       -6.4102912540073295E-007
   5.2600492381783148       -8.2708010744356853E-007
   5.2663261465770956       -1.0650821826716240E-006
   5.2726030549758764       -1.3689041368974086E-006
   5.2788799633746573       -1.7559256964638359E-006
   5.2851568717734381       -2.2478711088837848E-006
   5.2914337801722189       -2.8718253507105370E-006
   5.2977106885709997       -3.6614689871842630E-006
   5.3039875969697805       -4.6585737289665867E-006
   5.3102645053685613       -5.9148076588916506E-006
   5.3165414137673421       -7.4939067493294435E-006
   5.3228183221661229       -9.4742779059578654E-006
   5.3290952305649038       -1.1952108159596149E-005
   5.3353721389636846       -1.5045065017834575E-005
   5.3416490473624654       -1.8896684065895139E-005
   5.3479259557612462       -2.3681551943849230E-005
   5.3542028641600270       -2.9611405336945535E-005
   5.3604797725588078       -3.6942279857163186E-005
   5.3667566809575886       -4.5982856045308676E-005
   5.3730335893563694       -5.7104163311796019E-005
   5.3793104977551502       -7.0750815783992196E-005
   5.3855874061539311       -8.7453966643612639E-005
   5.3918643145527119       -1.0784617892666946E-004
   5.3981412229514927       -1.3267842037508845E-004
   5.4044181313502735       -1.6283939787660099E-004
   5.4106950397490543       -1.9937744238807787E-004
   5.4169719481478351       -2.4352510373260275E-004
   5.4232488565466159       -2.9672660255579582E-004
   5.4295257649453967       -3.6066830405316798E-004
   5.4358026733441775       -4.3731232056457204E-004
   5.4420795817429584       -5.2893328726196810E-004
   5.4483564901417392       -6.3815828250975669E-004
   5.4546333985405200       -7.6800977036359046E-004
   5.4609103069393008       -9.2195132722647970E-004
   5.4671872153380816       -1.1039357735634556E-003
   5.4734641237368624       -1.3184551639883028E-003
   5.4797410321356432       -1.5705918916682356E-003
   5.4860179405344240       -1.8660699357161067E-003
   5.4922948489332049       -2.2113050210056827E-003
   5.4985717573319857       -2.6134521702452966E-003
   5.5048486657307665       -3.0804488082005668E-003
   5.5111255741295473       -3.6210512321724060E-003
   5.5174024825283281       -4.2448618943624348E-003
   5.5236793909271089       -4.9623445593155397E-003
   5.5299562993258897       -5.7848240108153400E-003
   5.5362332077246705       -6.7244666015426856E-003
   5.5425101161234513       -7.7942375790143832E-003
   5.5487870245222322       -9.0078308029078492E-003
   5.5550639329210130       -1.0379566213274594E-002
   5.5613408413197938       -1.1924250240385337E-002
   5.5676177497185746       -1.3656994301435934E-002
   5.5738946581173554       -1.5592986613825533E-002
   5.5801715665161362       -1.7747213040283184E-002
   5.5864484749149170       -2.0134124381847890E-002
   5.5927253833136978       -2.2767248114370021E-002
   5.5990022917124787       -2.5658742149369883E-002
   5.6052792001112595       -2.8818890193550016E-002
   5.6115561085100403       -3.2255540283208518E-002
   5.6178330169088211       -3.5973490157091025E-002
   5.6241099253076019       -3.9973825608294641E-002
   5.6303868337063827       -4.4253220744251517E-002
   5.6366637421051635       -4.8803212191884375E-002
   5.6429406505039443       -5.3609462637919596E-002
   5.6492175589027251       -5.8651032636817160E-002
   5.6554944673015060       -6.3899683241343458E-002
   5.6617713757002868       -6.9319235600922610E-002
   5.6680482840990676       -7.4865017073856996E-002
   5.6743251924978484       -8.0483426443992978E-002
   5.6806021008966292       -8.6111653317179446E-002
   5.6868790092954100       -9.1677588485918921E-002
   5.6931559176941908       -9.7099962756277122E-002
   5.6994328260929716      -0.10228875119593878     
   5.7057097344917524      -0.10714587774780193     
   5.7119866428905333      -0.11156625144343643     
   5.7182635512893141      -0.11543915984985942     
   5.7245404596880949      -0.11865003774614964     
   5.7308173680868757      -0.12108261926115030     
   5.7370942764856565      -0.12262146979994142     
   5.7433711848844373      -0.12315488012228647     
   5.7496480932832181      -0.12257808910035246     
   5.7559250016819989      -0.12079678428724641     
   5.7622019100807798      -0.11773081087802531     
   5.7684788184795606      -0.11331800042835161     
   5.7747557268783414      -0.10751801198306922     
   5.7810326352771222      -0.10031606067225034     
   5.7873095436759030       -9.1726392740516666E-002
   5.7935864520746838       -8.1795352983842870E-002
   5.7998633604734646       -7.0603881718826006E-002
   5.8061402688722454       -5.8269274720652700E-002
   5.8124171772710262       -4.4946042105567352E-002
   5.8186940856698071       -3.0825711827511072E-002
   5.8249709940685879       -1.6135441087201385E-002
   5.8312479024673687       -1.1353250249978089E-003
   5.8375248108661495        1.3885673192119282E-002
   5.8438017192649303        2.8615203562320314E-002
   5.8500786276637111        4.2724403294727535E-002
   5.8563555360624919        5.5876087422164676E-002
   5.8626324444612727        6.7734116655004631E-002
   5.8689093528600536        7.7973737083352021E-002
   5.8751862612588344        8.6292619826081232E-002
   5.8814631696576152        9.2422264859131645E-002
   5.8877400780563960        9.6139375387509052E-002
   5.8940169864551768        9.7276760926711017E-002
   5.9002938948539576        9.5733292352832122E-002
   5.9065708032527384        9.1482414215844104E-002
   5.9128477116515192        8.4578721717220542E-002
   5.9191246200503000        7.5162134761506252E-002
   5.9254015284490809        6.3459251086384116E-002
   5.9316784368478617        4.9781535869915891E-002
   5.9379553452466425        3.4520105572381526E-002
   5.9442322536454233        1.8136989155841877E-002
   5.9505091620442041        1.1528931692179590E-003
   5.9567860704429849       -1.5868360140491328E-002
   5.9630629788417657       -3.2338377313028389E-002
   5.9693398872405457       -4.7665187428597405E-002
   5.9756167956393265       -6.1275978133609681E-002
   5.9818937040381073       -7.2640711366005292E-002
   5.9881706124368881       -8.1295627632865311E-002
   5.9944475208356689       -8.6865556543255049E-002
   6.0007244292344497       -8.9083907000314946E-002
   6.0070013376332305       -8.7809220821622430E-002
   6.0132782460320113       -8.3037244105028538E-002
   6.0195551544307921       -7.4907603960384123E-002
   6.0258320628295730       -6.3704373353228524E-002
   6.0321089712283538       -4.9850059035065446E-002
   6.0383858796271346       -3.3892848072414924E-002
   6.0446627880259154       -1.6487284770883830E-002
   6.0509396964246962        1.6310944072841867E-003
   6.0572166048234770        1.9676283876897856E-002
   6.0634935132222578        3.6846269790619009E-002
   6.0697704216210386        5.2359914347981949E-002
   6.0760473300198194        6.5494518021699075E-002
   6.0823242384186003        7.5622164708625858E-002
   6.0886011468173811        8.2242903042038087E-002
   6.0948780552161619        8.5012872769041528E-002
   6.1011549636149427        8.3765654200641124E-002
   6.1074318720137235        7.8525392667660454E-002
   6.1137087804125043        6.9510620125544584E-002
   6.1199856888112851        5.7128195716218452E-002
   6.1262625972100659        4.1957321015637455E-002
   6.1325395056088468        2.4724125700113522E-002
   6.1388164140076276        6.2678648921418272E-003
   6.1450933224064084       -1.2499720319910802E-002
   6.1513702308051892       -3.0639886888541475E-002
   6.1576471392039700       -4.7234884396052279E-002
   6.1639240476027508       -6.1435908454956965E-002
   6.1702009560015316       -7.2508385290129360E-002
   6.1764778644003124       -7.9872035634826935E-002
   6.1827547727990932       -8.3133394109746434E-002
   6.1890316811978741       -8.2108831446781314E-002
   6.1953085895966549       -7.6836622944884594E-002
   6.2015854979954357       -6.7577200528834536E-002
   6.2078624063942165       -5.4801383982227225E-002
   6.2141393147929973       -3.9167070629732459E-002
   6.2204162231917781       -2.1485530737989332E-002
   6.2266931315905589       -2.6790671206413188E-003
   6.2329700399893397        1.6267686445364207E-002
   6.2392469483881206        3.4360165172493753E-002
   6.2455238567869014        5.0647073888521375E-002
   6.2518007651856822        6.4271424862073948E-002
   6.2580776735844630        7.4516560173162577E-002
   6.2643545819832438        8.0844586905882976E-002
   6.2706314903820246        8.2925075616561525E-002
   6.2769083987808054        8.0652425338203465E-002
   6.2831853071795862        7.4150949305173672E-002
