   6.2769083987808056E-003  -3.3293384962280764E-002
   1.2553816797561611E-002  -1.5883257186552424E-002
   1.8830725196342418E-002   6.3896126439193538E-003
   2.5107633595123222E-002   2.6707797804474326E-002
   3.1384541993904030E-002   3.8857816143571158E-002
   3.7661450392684835E-002   3.9129717162100390E-002
   4.3938358791465640E-002   2.7447155660006006E-002
   5.0215267190246445E-002   7.3843147796292469E-003
   5.6492175589027249E-002  -1.4932223418211118E-002
   6.2769083987808061E-002  -3.2697639161456023E-002
   6.9045992386588859E-002  -4.0504346422290810E-002
   7.5322900785369670E-002  -3.5985138591763534E-002
   8.1599809184150468E-002  -2.0525228318265164E-002
   8.7876717582931280E-002   1.1693830759363047E-003
   9.4153625981712077E-002   2.2510555823564302E-002
  0.10043053438049289        3.7031715187660325E-002
  0.10670744277927370        4.0345839006445713E-002
  0.11298435117805450        3.1464872207227074E-002
  0.11926125957683531        1.3085259440017894E-002
  0.12553816797561612       -9.2400937028369479E-003
  0.13181507637439691       -2.8786186754124931E-002
  0.13809198477317772       -3.9683306239479084E-002
  0.14436889317195853       -3.8675304609445384E-002
  0.15064580157073934       -2.6083056700151777E-002
  0.15692270996952015       -5.6907514006048548E-003
  0.16319961836830094        1.6402027332947322E-002
  0.16947652676708175        3.3610826453648622E-002
  0.17575343516586256        4.0827948138085275E-002
  0.18203034356464337        3.5930647511239859E-002
  0.18830725196342415        2.0392657304581462E-002
  0.19458416036220497       -1.1732513113196477E-003
  0.20086106876098578       -2.2395708754812279E-002
  0.20713797715976659       -3.7031614252436777E-002
  0.21341488555854740       -4.0799007110746702E-002
  0.21969179395732819       -3.2618662785516957E-002
  0.22596870235610900       -1.4907574647780848E-002
  0.23224561075488981        7.1504718247599143E-003
  0.23852251915367062        2.7132694327941458E-002
  0.24479942755245140        3.9249942782343554E-002
  0.25107633595123224        4.0017228491598514E-002
  0.25735324435001306        2.9241870031172689E-002
  0.26363015274879381        1.0053197902693042E-002
  0.26990706114757462       -1.2022164262267354E-002
  0.27618396954635543       -3.0661646226983082E-002
  0.28246087794513625       -4.0557827170095505E-002
  0.28873778634391706       -3.8920265037542714E-002
  0.29501469474269787       -2.6245706024191993E-002
  0.30129160314147868       -6.1489764533268565E-003
  0.30756851154025949        1.5684012134442829E-002
  0.31384541993904030        3.3113406522161777E-002
  0.32012232833782106        4.1270309938275358E-002
  0.32639923673660187        3.7905264609123877E-002
  0.33267614513538268        2.3990127685974021E-002
  0.33895305353416350        3.4177620690255617E-003
  0.34522996193294431       -1.8102948531346166E-002
  0.35150687033172512       -3.4638767037641897E-002
  0.35778377873050593       -4.1664612428614203E-002
  0.36406068712928674       -3.7288631570565105E-002
  0.37033759552806755       -2.2741902690595950E-002
  0.37661450392684831       -2.0118424431529573E-003
  0.38289141232562912        1.9266625009935756E-002
  0.38916832072440993        3.5349592307646435E-002
  0.39544522912319074        4.1930500288990154E-002
  0.40172213752197156        3.7279184367703368E-002
  0.40799904592075237        2.2676355608412049E-002
  0.41427595431953318        2.0404219829524852E-003
  0.42055286271831399       -1.9139748961194483E-002
  0.42682977111709480       -3.5271407439487264E-002
  0.43310667951587556       -4.2130358948072967E-002
  0.43938358791465637       -3.7952927156928502E-002
  0.44566049631343718       -2.3869155596534596E-002
  0.45193740471221799       -3.5767276797741459E-003
  0.45821431311099881        1.7645699683168998E-002
  0.46449122150977962        3.4318580499062556E-002
  0.47076812990856043        4.2172574802539962E-002
  0.47704503830734124        3.9228474632562502E-002
  0.48332194670612205        2.6276527033230097E-002
  0.48959885510490281        6.6445679341832625E-003
  0.49587576350368362       -1.4672950439374027E-002
  0.50215267190246449       -3.2293315396908558E-002
  0.50842958030124530       -4.1802404739281866E-002
  0.51470648870002611       -4.0848898368665690E-002
  0.52098339709880681       -2.9707872086912137E-002
  0.52726030549758762       -1.1183604128804096E-002
  0.53353721389636843        1.0112170823062939E-002
  0.53981412229514925        2.8917216312865524E-002
  0.54609103069393006        4.0618870657536048E-002
  0.55236793909271087        4.2376441043187885E-002
  0.55864484749149168        3.3795336673145417E-002
  0.56492175589027249        1.6997072223867354E-002
  0.57119866428905330       -3.9211300646986684E-003
  0.57747557268783412       -2.3895993617846417E-002
  0.58375248108661493       -3.8126083900264084E-002
  0.59002938948539574       -4.3219890077336419E-002
  0.59630629788417655       -3.7991295136527194E-002
  0.60258320628295736       -2.3719198327326056E-002
  0.60886011468173817       -3.8189114453434331E-003
  0.61513702308051899        1.6986946902260734E-002
  0.62141393147929980        3.3794235161781171E-002
  0.62769083987808061        4.2670430656893472E-002
  0.63396774827686131        4.1564872036917215E-002
  0.64024465667564212        3.0767947942026374E-002
  0.64652156507442293        1.2820096994931168E-002
  0.65279847347320374       -8.0990869647553643E-003
  0.65907538187198456       -2.7151938649598809E-002
  0.66535229027076537       -3.9962106778174460E-002
  0.67162919866954618       -4.3613265685815403E-002
  0.67790610706832699       -3.7300918351348598E-002
  0.68418301546710780       -2.2494584976793450E-002
  0.69045992386588861       -2.5816766190919650E-003
  0.69673683226466943        1.7917779582683389E-002
  0.70301374066345024        3.4381372094874851E-002
  0.70929064906223105        4.3123882158405839E-002
  0.71556755746101186        4.2213161744428594E-002
  0.72184446585979267        3.1883846353807123E-002
  0.72812137425857348        1.4463506952112097E-002
  0.73439828265735430       -6.1642719589657348E-003
  0.74067519105613511       -2.5433473638697610E-002
  0.74695209945491581       -3.9107788102918123E-002
  0.75322900785369662       -4.4206733720923451E-002
  0.75950591625247743       -3.9644537348783850E-002
  0.76578282465125824       -2.6447299869618576E-002
  0.77205973305003905       -7.5084274115204590E-003
  0.77833664144881987        1.3056786756158843E-002
  0.78461354984760068        3.0811201180996273E-002
  0.79089045824638149        4.1952464656582512E-002
  0.79716736664516230        4.4120212659409241E-002
  0.80344427504394311        3.6884051940742582E-002
  0.80972118344272392        2.1814157716032383E-002
  0.81599809184150474        2.1270045316963688E-003
  0.82227500024028555       -1.8011221679956356E-002
  0.82855190863906636       -3.4370635456512512E-002
  0.83482881703784717       -4.3543778004444839E-002
  0.84110572543662798       -4.3646728523216126E-002
  0.84738263383540879       -3.4692787956486199E-002
  0.85365954223418961       -1.8567537685704138E-002
  0.85993645063297042        1.3818444934588464E-003
  0.86621335903175112        2.1050962566302001E-002
  0.87249026743053193        3.6426131364796471E-002
  0.87876717582931274        4.4399958601454417E-002
  0.88504408422809355        4.3389550535112759E-002
  0.89132099262687436        3.3636414792404305E-002
  0.89759790102565518        1.7134405111328101E-002
  0.90387480942443599       -2.7918575449060387E-003
  0.91015171782321680       -2.2166333558009229E-002
  0.91642862622199761       -3.7158019395649597E-002
  0.92270553462077842       -4.4834379857393851E-002
  0.92898244301955923       -4.3724432515368894E-002
  0.93525935141834005       -3.4085553338972167E-002
  0.94153625981712086       -1.7828892825952528E-002
  0.94781316821590167        1.8740642856870111E-003
  0.95409007661468248        2.1220210525173772E-002
  0.96036698501346329        3.6512326473513448E-002
  0.96664389341224410        4.4861769236110016E-002
  0.97292080181102492        4.4723599795975955E-002
  0.97919771020980562        3.6167155042506414E-002
  0.98547461860858643        2.0837909987061653E-002
  0.99175152700736724        1.6257503181505725E-003
  0.99802843540614805       -1.7890907862569985E-002
   1.0043053438049290       -3.4116298469637284E-002
   1.0105822522037098       -4.4097122667475522E-002
   1.0168591606024906       -4.6050515776336717E-002
   1.0231360690012714       -3.9667682692576534E-002
   1.0294129774000522       -2.6144494857770019E-002
   1.0356898857988328       -7.9412498380239584E-003
   1.0419667941976136        1.1677677460723550E-002
   1.0482437025963944        2.9236060708821527E-002
   1.0545206109951752        4.1661399572898744E-002
   1.0607975193939561        4.6815039182003290E-002
   1.0670744277927369        4.3846865893083856E-002
   1.0733513361915177        3.3318377127019468E-002
   1.0796282445902985        1.7080012226336441E-002
   1.0859051529890793       -2.0686416201272733E-003
   1.0921820613878601       -2.0871168451114575E-002
   1.0984589697866409       -3.6171139579964269E-002
   1.1047358781854217       -4.5437879410409436E-002
   1.1110127865842025       -4.7174491637117448E-002
   1.1172896949829834       -4.1144375740748883E-002
   1.1235666033817642       -2.8384911186078984E-002
   1.1298435117805450       -1.1013107629414955E-002
   1.1361204201793258        8.1383048479306934E-003
   1.1423973285781066        2.5990001429071086E-002
   1.1486742369768874        3.9711766750898561E-002
   1.1549511453756682        4.7165103705195902E-002
   1.1612280537744490        4.7224729822925388E-002
   1.1675049621732299        3.9932759607251830E-002
   1.1737818705720107        2.6467491985460077E-002
   1.1800587789707915        8.9382595868626024E-003
   1.1863356873695723       -9.9560205376472335E-003
   1.1926125957683531       -2.7347871920275543E-002
   1.1988895041671339       -4.0635623691413693E-002
   1.2051664125659147       -4.7865792849839973E-002
   1.2114433209646955       -4.8008728489834389E-002
   1.2177202293634763       -4.1090836859386352E-002
   1.2239971377622572       -2.8169189188365466E-002
   1.2302740461610380       -1.1157686604526882E-002
   1.2365509545598188        7.4651811123272157E-003
   1.2428278629585996        2.5021399005304753E-002
   1.2491047713573804        3.9017360056299695E-002
   1.2553816797561612        4.7492264613741300E-002
   1.2616585881549420        4.9283652034035258E-002
   1.2679354965537226        4.4175930744758757E-002
   1.2742124049525034        3.2914985037319711E-002
   1.2804893133512842        1.7090651497191117E-002
   1.2867662217500651       -1.0934737265189578E-003
   1.2930431301488459       -1.9129064156242399E-002
   1.2993200385476267       -3.4547755447805834E-002
   1.3055969469464075       -4.5254980091551218E-002
   1.3118738553451883       -4.9808953768033903E-002
   1.3181507637439691       -4.7608822507825173E-002
   1.3244276721427499       -3.8968476696240775E-002
   1.3307045805415307       -2.5067812632621516E-002
   1.3369814889403115       -7.7892851786082887E-003
   1.3432583973390924        1.0537585421843312E-002
   1.3495353057378732        2.7449359817920554E-002
   1.3558122141366540        4.0677888174634629E-002
   1.3620891225354348        4.8452191108450650E-002
   1.3683660309342156        4.9733413997614259E-002
   1.3746429393329964        4.4352131724991826E-002
   1.3809198477317772        3.3030101533522822E-002
   1.3871967561305580        1.7283689950346692E-002
   1.3934736645293389       -7.7829778557927747E-004
   1.3997505729281197       -1.8735772348154160E-002
   1.4060274813269005       -3.4180418578119050E-002
   1.4123043897256813       -4.5037907806951709E-002
   1.4185812981244621       -4.9846420933119709E-002
   1.4248582065232429       -4.7954186454275086E-002
   1.4311351149220237       -3.9609259409560060E-002
   1.4374120233208045       -2.5928935772691078E-002
   1.4436889317195853       -8.7521822816521797E-003
   1.4499658401183662        9.6058315525630825E-003
   1.4562427485171470        2.6664645284010854E-002
   1.4625196569159278        4.0113289777002389E-002
   1.4687965653147086        4.8123867900797743E-002
   1.4750734737134894        4.9601386529891184E-002
   1.4813503821122702        4.4335564826449500E-002
   1.4876272905110510        3.3033327107266287E-002
   1.4939041989098316        1.7226682904134451E-002
   1.5001811073086124       -9.3242314214919545E-004
   1.5064580157073932       -1.8963218996536642E-002
   1.5127349241061741       -3.4394116758352057E-002
   1.5190118325049549       -4.5101776555249225E-002
   1.5252887409037357       -4.9604752886551376E-002
   1.5315656493025165       -4.7270985033633313E-002
   1.5378425577012973       -3.8409782021349363E-002
   1.5441194661000781       -2.4234521974760295E-002
   1.5503963744988589       -6.6999608970939629E-003
   1.5566732828976397        1.1764572824380632E-002
   1.5629501912964205        2.8590136980624351E-002
   1.5692270996952014        4.1425412173741877E-002
   1.5755040080939822        4.8466653308686859E-002
   1.5817809164927630        4.8713949919258835E-002
   1.5880578248915438        4.2117073145208253E-002
   1.5943347332903246        2.9589163447758509E-002
   1.6006116416891054        1.2884783179977875E-002
   1.6068885500878862       -5.6420801669805473E-003
   1.6131654584866670       -2.3367287979319997E-002
   1.6194423668854478       -3.7767480837496509E-002
   1.6257192752842287       -4.6780437457874684E-002
   1.6319961836830095       -4.9103334835582296E-002
   1.6382730920817903       -4.4385441572907303E-002
   1.6445500004805711       -3.3286200514361833E-002
   1.6508269088793519       -1.7388518217411955E-002
   1.6571038172781327        1.0222329794582533E-003
   1.6633807256769135        1.9283417679002841E-002
   1.6696576340756943        3.4738849507773499E-002
   1.6759345424744752        4.5126021480573701E-002
   1.6822114508732560        4.8910383568538184E-002
   1.6884883592720368        4.5516933033877188E-002
   1.6947652676708176        3.5423548520510308E-002
   1.7010421760695984        2.0100195404936568E-002
   1.7073190844683792        1.8005940740620837E-003
   1.7135959928671600       -1.6765074900554709E-002
   1.7198729012659408       -3.2829625295180083E-002
   1.7261498096647214       -4.3982007855373297E-002
   1.7324267180635022       -4.8532475178845097E-002
   1.7387036264622830       -4.5774084983189703E-002
   1.7449805348610639       -3.6099361852572190E-002
   1.7512574432598447       -2.0952005659726589E-002
   1.7575343516586255       -2.6181564432763149E-003
   1.7638112600574063        1.6113743042125289E-002
   1.7700881684561871        3.2374749132823101E-002
   1.7763650768549679        4.3655560659055355E-002
   1.7826419852537487        4.8197499339039641E-002
   1.7889188936525295        4.5272960206473575E-002
   1.7951958020513104        3.5309772612089611E-002
   1.8014727104500912        1.9837216885525207E-002
   1.8077496188488720        1.2588290105959431E-003
   1.8140265272476528       -1.7515573072318581E-002
   1.8203034356464336       -3.3523290025948407E-002
   1.8265803440452144       -4.4217436099133992E-002
   1.8328572524439952       -4.7876746913123214E-002
   1.8391341608427760       -4.3889979460261019E-002
   1.8454110692415568       -3.2866897425731699E-002
   1.8516879776403377       -1.6554572478914953E-002
   1.8579648860391185        2.4313543189165183E-003
   1.8642417944378993        2.1020586880385491E-002
   1.8705187028366801        3.6182808719065949E-002
   1.8767956112354609        4.5423818597341417E-002
   1.8830725196342417        4.7201753851936062E-002
   1.8893494280330225        4.1193140314945913E-002
   1.8956263364318033        2.8361607232464024E-002
   1.9019032448305841        1.0813717328206051E-002
   1.9081801532293650       -8.5384983517317083E-003
   1.9144570616281458       -2.6455810041914479E-002
   1.9207339700269266       -3.9913321734418847E-002
   1.9270108784257074       -4.6615028222731496E-002
   1.9332877868244882       -4.5393399193353057E-002
   1.9395646952232690       -3.6423310215975148E-002
   1.9458416036220498       -2.1209597690313647E-002
   1.9521185120208304       -2.3454042380673151E-003
   1.9583954204196112        1.6921963865483024E-002
   1.9646723288183920        3.3246532724297423E-002
   1.9709492372171729        4.3766291937797699E-002
   1.9772261456159537        4.6611441501919947E-002
   1.9835030540147345        4.1247075674746968E-002
   1.9897799624135153        2.8585922253416912E-002
   1.9960568708122961        1.0845852485134750E-002
   2.0023337792110771       -8.8282524891858880E-003
   2.0086106876098579       -2.6915881965219053E-002
   2.0148875960086388       -4.0150166762746527E-002
   2.0211645044074196       -4.6112913776488754E-002
   2.0274414128062004       -4.3686353594185857E-002
   2.0337183212049812       -3.3275663358591237E-002
   2.0399952296037620       -1.6755990423428797E-002
   2.0462721380025428        2.8527732937537681E-003
   2.0525490464013236        2.1929638609472498E-002
   2.0588259548001044        3.6918515094942296E-002
   2.0651028631988853        4.4994803604963822E-002
   2.0713797715976656        4.4607195119334551E-002
   2.0776566799964464        3.5789234892637717E-002
   2.0839335883952272        2.0175877630283872E-002
   2.0902104967940081        7.1468847145799764E-004
   2.0964874051927889       -1.8880369884208718E-002
   2.1027643135915697       -3.4833579099976204E-002
   2.1090412219903505       -4.4037927479621722E-002
   2.1153181303891313       -4.4669785574295177E-002
   2.1215950387879121       -3.6564597751181344E-002
   2.1278719471866929       -2.1273721479616571E-002
   2.1341488555854737       -1.7832218918216569E-003
   2.1404257639842545        1.8057925186191589E-002
   2.1467026723830354        3.4293252537299389E-002
   2.1529795807818162        4.3650757742676204E-002
   2.1592564891805970        4.4212502930370927E-002
   2.1655333975793778        3.5823020532829944E-002
   2.1718103059781586        2.0146802642601564E-002
   2.1780872143769394        3.5441141052295971E-004
   2.1843641227757202       -1.9507339568250150E-002
   2.1906410311745010       -3.5338611308409942E-002
   2.1969179395732819       -4.3836772702539696E-002
   2.2031948479720627       -4.3196685949030339E-002
   2.2094717563708435       -3.3510409563253241E-002
   2.2157486647696243       -1.6774764924621634E-002
   2.2220255731684051        3.5042340588556957E-003
   2.2283024815671859        2.3035453163890971E-002
   2.2345793899659667        3.7648069275825577E-002
   2.2408562983647475        4.4188004858482823E-002
   2.2471332067635283        4.1211589043992178E-002
   2.2534101151623092        2.9321299124081969E-002
   2.2596870235610900        1.1062239879117388E-002
   2.2659639319598708       -9.6079308484601847E-003
   2.2722408403586516       -2.8168658690363151E-002
   2.2785177487574324       -4.0525195713473156E-002
   2.2847946571562132       -4.3920143841671151E-002
   2.2910715655549940       -3.7563208650471032E-002
   2.2973484739537748       -2.2832346518349502E-002
   2.3036253823525557       -2.9920848480853002E-003
   2.3099022907513365        1.7517606475625645E-002
   2.3161791991501173        3.4069872095320704E-002
   2.3224561075488981        4.2898061324701184E-002
   2.3287330159476789        4.1963717832122910E-002
   2.3350099243464597        3.1443116766120639E-002
   2.3412868327452405        1.3712904996582898E-002
   2.3475637411440213       -7.1717448036104428E-003
   2.3538406495428021       -2.6395542440174804E-002
   2.3601175579415830       -3.9492233976225102E-002
   2.3663944663403638       -4.3389344076568116E-002
   2.3726713747391446       -3.7142572521235130E-002
   2.3789482831379254       -2.2181319155365687E-002
   2.3852251915367062       -1.9982205637130959E-003
   2.3915020999354870        1.8654147769623541E-002
   2.3977790083342678        3.4877611204122583E-002
   2.4040559167330486        4.2793708241248167E-002
   2.4103328251318294        4.0481976548890360E-002
   2.4166097335306103        2.8461721102923235E-002
   2.4228866419293911        9.5929261925648598E-003
   2.4291635503281719       -1.1590094396366322E-002
   2.4354404587269527       -2.9960630467161561E-002
   2.4417173671257335       -4.1040894299160240E-002
   2.4479942755245143       -4.2102135352212189E-002
   2.4542711839232951       -3.2851289254998632E-002
   2.4605480923220759       -1.5528012087333769E-002
   2.4668250007208568        5.6220279098634788E-003
   2.4731019091196376        2.5377793123263936E-002
   2.4793788175184184        3.8829823920552835E-002
   2.4856557259171992        4.2606828242272153E-002
   2.4919326343159800        3.5733932752162120E-002
   2.4982095427147608        1.9900939395915151E-002
   2.5044864511135416       -9.3679783896932376E-004
   2.5107633595123224       -2.1535031002762706E-002
   2.5170402679111032       -3.6676659920082490E-002
   2.5233171763098841       -4.2497934316848514E-002
   2.5295940847086644       -3.7486555413717648E-002
   2.5358709931074452       -2.2890880882304072E-002
   2.5421479015062260       -2.4257200292554315E-003
   2.5484248099050069        1.8660677738178477E-002
   2.5547017183037877        3.4927429998365900E-002
   2.5609786267025685        4.2148464494730066E-002
   2.5672555351013493        3.8421678456319927E-002
   2.5735324435001301        2.4685908940906519E-002
   2.5798093518989109        4.5013562882686422E-003
   2.5860862602976917       -1.6860185158806145E-002
   2.5923631686964725       -3.3786335192748478E-002
   2.5986400770952534       -4.1801430497638098E-002
   2.6049169854940342       -3.8760599709924813E-002
   2.6111938938928150       -2.5439336057277634E-002
   2.6174708022915958       -5.3526287215192999E-003
   2.6237477106903766        1.6159349254574483E-002
   2.6300246190891574        3.3344793213021848E-002
   2.6363015274879382        4.1580590606362128E-002
   2.6425784358867190        3.8626317732158008E-002
   2.6488553442854998        2.5249080304662420E-002
   2.6551322526842807        5.0410233803877208E-003
   2.6614091610830615       -1.6532273263118059E-002
   2.6676860694818423       -3.3604047695617326E-002
   2.6739629778806231       -4.1504350692262194E-002
   2.6802398862794039       -3.8047859142724280E-002
   2.6865167946781847       -2.4153616686696262E-002
   2.6927937030769655       -3.6169965043735563E-003
   2.6990706114757463        1.7914566194735602E-002
   2.7053475198745272        3.4489178503063184E-002
   2.7116244282733080        4.1498852217655396E-002
   2.7179013366720888        3.6971280682352649E-002
   2.7241782450708696        2.2140001199834423E-002
   2.7304551534696504        1.1241263492454197E-003
   2.7367320618684312       -2.0203999241747428E-002
   2.7430089702672120       -3.5855267053068518E-002
   2.7492858786659928       -4.1409608360092644E-002
   2.7555627870647736       -3.5275503234384421E-002
   2.7618396954635545       -1.9161191935602815E-002
   2.7681166038623353        2.3859229739357601E-003
   2.7743935122611161        2.3252026221870063E-002
   2.7806704206598969        3.7488596260939394E-002
   2.7869473290586777        4.1013436804451027E-002
   2.7932242374574585        3.2793125780337398E-002
   2.7995011458562393        1.5161033441140810E-002
   2.8057780542550201       -6.8308260853734721E-003
   2.8120549626538009       -2.6850318440694441E-002
   2.8183318710525818       -3.9107110330840196E-002
   2.8246087794513626       -4.0034124138523891E-002
   2.8308856878501434       -2.9338275493856966E-002
   2.8371625962489242       -1.0107354768495114E-002
   2.8434395046477050        1.2068641189728684E-002
   2.8497164130464858        3.0715493498166328E-002
   2.8559933214452666        4.0365711021799713E-002
   2.8622702298440474        3.8169797631642952E-002
   2.8685471382428283        2.4750515515977591E-002
   2.8748240466416091        4.0402848480048086E-003
   2.8811009550403899       -1.7860565801733997E-002
   2.8873778634391707       -3.4476312596275580E-002
   2.8936547718379515       -4.0873546804359881E-002
   2.8999316802367323       -3.5135107542052832E-002
   2.9062085886355131       -1.8947017155541715E-002
   2.9124854970342939        2.8848923642172115E-003
   2.9187624054330747        2.3853790899327453E-002
   2.9250393138318556        3.7689454958468725E-002
   2.9313162222306364        4.0237940277917945E-002
   2.9375931306294172        3.0718154625829240E-002
   2.9438700390281980        1.1972222470858431E-002
   2.9501469474269788       -1.0373667039641883E-002
   2.9564238558257596       -2.9592932631271864E-002
   2.9627007642245404       -3.9884162209051624E-002
   2.9689776726233212       -3.8128029897724791E-002
   2.9752545810221021       -2.4841433647368408E-002
   2.9815314894208829       -4.0342504661105855E-003
   2.9878083978196632        1.7994548441223668E-002
   2.9940853062184440        3.4561676536560872E-002
   3.0003622146172249        4.0629489928853998E-002
   3.0066391230160057        3.4343463234026171E-002
   3.0129160314147865        1.7605951806755910E-002
   3.0191929398135673       -4.4934461821140304E-003
   3.0254698482123481       -2.5222133018474001E-002
   3.0317467566111289       -3.8255566475658948E-002
   3.0380236650099097       -3.9609896678818916E-002
   3.0443005734086905       -2.8864342759244901E-002
   3.0505774818074713       -9.2965956019341635E-003
   3.0568543902062522        1.3113674340446526E-002
   3.0631312986050330        3.1511066413435922E-002
   3.0694082070038138        4.0262671315008498E-002
   3.0756851154025946        3.6685310848228229E-002
   3.0819620238013754        2.1871046785047674E-002
   3.0882389322001562        3.5594837727294501E-004
   3.0945158405989370       -2.1268014379471682E-002
   3.1007927489977178       -3.6373147761521313E-002
   3.1070696573964987       -4.0328633451612701E-002
   3.1133465657952795       -3.1921410554640775E-002
   3.1196234741940603       -1.3728722024542894E-002
   3.1259003825928411        8.6723280325889159E-003
   3.1321772909916219        2.8415512380675599E-002
   3.1384541993904027        3.9451103679889979E-002
   3.1447311077891835        3.8399922677137155E-002
   3.1510080161879643        2.5587133362113681E-002
   3.1572849245867451        4.9395786339558601E-003
   3.1635618329855260       -1.7220308767803394E-002
   3.1698387413843068       -3.4112548311218835E-002
   3.1761156497830876       -4.0574495796861010E-002
   3.1823925581818684       -3.4636996214516783E-002
   3.1886694665806492       -1.8120772794050530E-002
   3.1949463749794300        3.9265770286623725E-003
   3.2012232833782108        2.4777369698710291E-002
   3.2075001917769916        3.8078815165411214E-002
   3.2137771001757724        3.9787421630939783E-002
   3.2200540085745533        2.9393727930310080E-002
   3.2263309169733341        1.0067487361568189E-002
   3.2326078253721149       -1.2315899254807994E-002
   3.2388847337708957       -3.0966405401866952E-002
   3.2451616421696765       -4.0240036707931033E-002
   3.2514385505684573       -3.7343015387257400E-002
   3.2577154589672381       -2.3165680872558592E-002
   3.2639923673660189       -1.9993875465779297E-003
   3.2702692757647998        1.9770842525071660E-002
   3.2765461841635806        3.5596820036852342E-002
   3.2828230925623614        4.0735413035019256E-002
   3.2891000009611422        3.3662901570502453E-002
   3.2953769093599230        1.6515622380181155E-002
   3.3016538177587038       -5.5670803699509061E-003
   3.3079307261574846       -2.5991973984894504E-002
   3.3142076345562654       -3.8683281424305237E-002
   3.3204845429550462       -3.9885624571594461E-002
   3.3267614513538271       -2.9264561345758326E-002
   3.3330383597526079       -9.9852606488579562E-003
   3.3393152681513887        1.2243783123250942E-002
   3.3455921765501695        3.0869140774107118E-002
   3.3518690849489503        4.0424974678264496E-002
   3.3581459933477311        3.8129383264028038E-002
   3.3644229017465119        2.4680392855999753E-002
   3.3706998101452927        4.0279544340773949E-003
   3.3769767185440736       -1.7799625272561074E-002
   3.3832536269428544       -3.4462119080657591E-002
   3.3895305353416352       -4.1146871958763646E-002
   3.3958074437404160       -3.5948066040664022E-002
   3.4020843521391968       -2.0393506168430945E-002
   3.4083612605379776        1.0216455795802578E-003
   3.4146381689367584        2.2147216020150396E-002
   3.4209150773355392        3.6949425740263650E-002
   3.4271919857343200        4.1229509977983143E-002
   3.4334688941331009        3.3801257768086693E-002
   3.4397458025318817        1.6801088246938815E-002
   3.4460227109306620       -4.9445100691414478E-003
   3.4522996193294428       -2.5301985188859503E-002
   3.4585765277282237       -3.8564249608784615E-002
   3.4648534361270045       -4.1043707291189377E-002
   3.4711303445257853       -3.2082016557761932E-002
   3.4774072529245661       -1.4204565258644527E-002
   3.4836841613233469        7.6097131868845796E-003
   3.4899610697221277        2.7327124117121737E-002
   3.4962379781209085        3.9530270233910994E-002
   3.5025148865196893        4.0897955049978875E-002
   3.5087917949184702        3.1092040604251091E-002
   3.5150687033172510        1.2819315814013488E-002
   3.5213456117160318       -8.9344484162080448E-003
   3.5276225201148126       -2.8276634843209785E-002
   3.5338994285135934       -4.0005340832983398E-002
   3.5401763369123742       -4.0998912528469197E-002
   3.5464532453111550       -3.1028950994285744E-002
   3.5527301537099358       -1.2790134458234676E-002
   3.5590070621087166        8.8469819320492350E-003
   3.5652839705074975        2.8148226606453337E-002
   3.5715608789062783        4.0036622793494257E-002
   3.5778377873050591        4.1418238759195938E-002
   3.5841146957038399        3.1969567723912920E-002
   3.5903916041026207        1.4191078260567777E-002
   3.5966685125014015       -7.2733219631726459E-003
   3.6029454209001823       -2.6861104953136258E-002
   3.6092223292989631       -3.9534327673087663E-002
   3.6154992376977440       -4.2066578722060093E-002
   3.6217761460965248       -3.3847460172784075E-002
   3.6280530544953056       -1.7008723865274883E-002
   3.6343299628940864        4.1472014252681459E-003
   3.6406068712928672        2.4258740664947560E-002
   3.6468837796916480        3.8266759968289300E-002
   3.6531606880904288        4.2680019981250754E-002
   3.6594375964892096        3.6430109852310932E-002
   3.6657145048879904        2.1110699962517545E-002
   3.6719914132867713        5.5317899724647754E-004
   3.6782683216855521       -2.0144325569045111E-002
   3.6845452300843329       -3.5885660326274500E-002
   3.6908221384831137       -4.2826612334315700E-002
   3.6970990468818945       -3.9301048123518360E-002
   3.7033759552806753       -2.6203513605263774E-002
   3.7096528636794561       -6.7451107794133675E-003
   3.7159297720782369        1.4347280944311416E-002
   3.7222066804770177        3.1985765823617777E-002
   3.7284835888757986        4.1946783707220818E-002
   3.7347604972745794        4.1872687168131972E-002
   3.7410374056733602        3.1814632044814523E-002
   3.7473143140721410        1.4195690381221223E-002
   3.7535912224709218       -6.7871502935861645E-003
   3.7598681308697026       -2.6171425364873154E-002
   3.7661450392684834       -3.9403952291209687E-002
   3.7724219476672642       -4.3403776181175677E-002
   3.7786988560660451       -3.7266916454776131E-002
   3.7849757644648259       -2.2454887036164963E-002
   3.7912526728636067       -2.4319127310422056E-003
   3.7975295812623875        1.8156049511505498E-002
   3.8038064896611683        3.4563640110566049E-002
   3.8100833980599491        4.3036831640168090E-002
   3.8163603064587299        4.1662242229250183E-002
   3.8226372148575107        3.0785262856930257E-002
   3.8289141232562915        1.2909071649833778E-002
   3.8351910316550724       -7.8939725344212459E-003
   3.8414679400538532       -2.6917522964617854E-002
   3.8477448484526340       -3.9886744127759027E-002
   3.8540217568514148       -4.3912869771600277E-002
   3.8602986652501956       -3.8125166396532573E-002
   3.8665755736489764       -2.3844777552287092E-002
   3.8728524820477572       -4.2694345468021529E-003
   3.8791293904465380        1.6253007150624506E-002
   3.8854062988453189        3.3195014037531521E-002
   3.8916832072440997        4.2846261843465086E-002
   3.8979601156428805        4.3117988595719518E-002
   3.9042370240416608        3.3982339505657683E-002
   3.9105139324404417        1.7457245945906190E-002
   3.9167908408392225       -2.8521185100647984E-003
   3.9230677492380033       -2.2548533253879278E-002
   3.9293446576367841       -3.7397404470363181E-002
   3.9356215660355649       -4.4233146581435456E-002
   3.9418984744343457       -4.1624184676845893E-002
   3.9481753828331265       -3.0159071774473571E-002
   3.9544522912319073       -1.2299708275381077E-002
   3.9607291996306881        8.1594617455403671E-003
   3.9670061080294690        2.6905053435688255E-002
   3.9732830164282498        4.0015182673272129E-002
   3.9795599248270306        4.4774376430162119E-002
   3.9858368332258114        4.0224825326766335E-002
   3.9921137416245922        2.7344493915335652E-002
   3.9983906500233730        8.8224284610307502E-003
   4.0046675584221543       -1.1514567598224945E-002
   4.0109444668209351       -2.9499310247318333E-002
   4.0172213752197159       -4.1478154231967664E-002
   4.0234982836184967       -4.5046447720286396E-002
   4.0297751920172775       -3.9518886745536261E-002
   4.0360521004160583       -2.6045412350449670E-002
   4.0423290088148391       -7.3569213021817516E-003
   4.0486059172136200        1.2800335683811764E-002
   4.0548828256124008        3.0422210822866520E-002
   4.0611597340111816        4.2041562399733820E-002
   4.0674366424099624        4.5402927022038728E-002
   4.0737135508087432        3.9887223071955483E-002
   4.0799904592075240        2.6609272622147035E-002
   4.0862673676063048        8.1768517940169309E-003
   4.0925442760050856       -1.1834051953584137E-002
   4.0988211844038664       -2.9579889359262278E-002
   4.1050980928026473       -4.1687566988241054E-002
   4.1113750012014281       -4.5888224145724001E-002
   4.1176519096002089       -4.1429189216514596E-002
   4.1239288179989897       -2.9192026774722758E-002
   4.1302057263977705       -1.1502075366549310E-002
   4.1364826347965504        8.3269465877069335E-003
   4.1427595431953312        2.6621747767214158E-002
   4.1490364515941121        4.0030968082659012E-002
   4.1553133599928929        4.6132838285163055E-002
   4.1615902683916737        4.3860082358281087E-002
   4.1678671767904545        3.3669996145825255E-002
   4.1741440851892353        1.7436151602557126E-002
   4.1804209935880161       -1.9109285524858738E-003
   4.1866979019867969       -2.0922809624705520E-002
   4.1929748103855777       -3.6251106530327974E-002
   4.1992517187843585       -4.5233169138436072E-002
   4.2055286271831394       -4.6343906540629379E-002
   4.2118055355819202       -3.9439171492535924E-002
   4.2180824439807010       -2.5754978066408130E-002
   4.2243593523794818       -7.6702077112912274E-003
   4.2306362607782626        1.1719333793183150E-002
   4.2369131691770434        2.9137350071329261E-002
   4.2431900775758242        4.1680104238416206E-002
   4.2494669859746050        4.7293003961029131E-002
   4.2557438943733858        4.5093974763122831E-002
   4.2620208027721667        3.5495231165060620E-002
   4.2682977111709475        2.0110113255350504E-002
   4.2745746195697283        1.4672942112290441E-003
   4.2808515279685091       -1.7414975676877331E-002
   4.2871284363672899       -3.3521493404401852E-002
   4.2934053447660707       -4.4318766519335522E-002
   4.2996822531648515       -4.8144401789553537E-002
   4.3059591615636323       -4.4449058077506438E-002
   4.3122360699624132       -3.3858316856243652E-002
   4.3185129783611940       -1.8051304526939458E-002
   4.3247898867599748        5.1870782283003553E-004
   4.3310667951587556        1.9013469180461068E-002
   4.3373437035575364        3.4645908814404602E-002
   4.3436206119563172        4.5096221795962697E-002
   4.3498975203550980        4.8846740026682503E-002
   4.3561744287538788        4.5389109651745516E-002
   4.3624513371526596        3.5278000609269736E-002
   4.3687282455514405        2.0028946716750168E-002
   4.3750051539502213        1.8804295438869382E-003
   4.3812820623490021       -1.6541177572998791E-002
   4.3875589707477829       -3.2603066358321484E-002
   4.3938358791465637       -4.4038682711181248E-002
   4.4001127875453445       -4.9259905661364969E-002
   4.4063896959441253       -4.7567334809647935E-002
   4.4126666043429061       -3.9232809012142225E-002
   4.4189435127416870       -2.5446566499900600E-002
   4.4252204211404678       -8.1399553913661243E-003
   4.4314973295392486        1.0289123998124247E-002
   4.4377742379380294        2.7308830281683568E-002
   4.4440511463368102        4.0598433474081701E-002
   4.4503280547355910        4.8359846505024312E-002
   4.4566049631343718        4.9554997225213782E-002
   4.4628818715331526        4.4038833404791054E-002
   4.4691587799319334        3.2571878443186375E-002
   4.4754356883307143        1.6712179478799945E-002
   4.4817125967294951       -1.3978205929870066E-003
   4.4879895051282759       -1.9320471354294634E-002
   4.4942664135270567       -3.4649535804560476E-002
   4.5005433219258375       -4.5331050410663355E-002
   4.5068202303246183       -4.9936246477760661E-002
   4.5130971387233991       -4.7850794028481920E-002
   4.5193740471221799       -3.9355655175140412E-002
   4.5256509555209607       -2.5589036973971274E-002
   4.5319278639197416       -8.3945001731858676E-003
   4.5382047723185224        9.9247830789407233E-003
   4.5444816807173032        2.6913249925243313E-002
   4.5507585891160840        4.0291066688207457E-002
   4.5570354975148648        4.8259633197483637E-002
   4.5633124059136456        4.9743721607381129E-002
   4.5695893143124264        4.4537662162389746E-002
   4.5758662227112072        3.3335534966897791E-002
   4.5821431311099881        1.7640656418328321E-002
   4.5884200395087689       -4.3423864418980110E-004
   4.5946969479075497       -1.8449934974549883E-002
   4.6009738563063305       -3.3969138810020748E-002
   4.6072507647051113       -4.4886277133422345E-002
   4.6135276731038921       -4.9714131728707214E-002
   4.6198045815026729       -4.7788225395155322E-002
   4.6260814899014537       -3.9360681488288481E-002
   4.6323583983002345       -2.5570011603883586E-002
   4.6386353066990154       -8.2900057084408386E-003
   4.6449122150977962        1.0122634365957147E-002
   4.6511891234965770        2.7148298045584020E-002
   4.6574660318953578        4.0448924890955827E-002
   4.6637429402941386        4.8189955079044881E-002
   4.6700198486929194        4.9295397043969937E-002
   4.6762967570917002        4.3600336752045402E-002
   4.6825736654904810        3.1878919748460882E-002
   4.6888505738892619        1.5742746156153908E-002
   4.6951274822880427       -2.5775449116155372E-003
   4.7014043906868235       -2.0538404668837589E-002
   4.7076812990856043       -3.5635594772084771E-002
   4.7139582074843851       -4.5753940830473329E-002
   4.7202351158831659       -4.9465776557141808E-002
   4.7265120242819467       -4.6235755492697622E-002
   4.7327889326807275       -3.6502244275058313E-002
   4.7390658410795083       -2.1622423118947329E-002
   4.7453427494782892       -3.6872166367611270E-003
   4.7516196578770700        1.4769368596296835E-002
   4.7578965662758508        3.1126625187859639E-002
   4.7641734746746316        4.3049451299867467E-002
   4.7704503830734124        4.8823763219521796E-002
   4.7767272914721932        4.7606634746132130E-002
   4.7830041998709740        3.9554212781649126E-002
   4.7892811082697548        2.5807392180353467E-002
   4.7955580166685357        8.3353638060783986E-003
   4.8018349250673165       -1.0342345807667019E-002
   4.8081118334660973       -2.7516795294442134E-002
   4.8143887418648781       -4.0682259699029416E-002
   4.8206656502636589       -4.7903811424601449E-002
   4.8269425586624397       -4.8105742508333132E-002
   4.8332194670612205       -4.1237342594961757E-002
   4.8394963754600013       -2.8289776789874772E-002
   4.8457732838587821       -1.1159273897249912E-002
   4.8520501922575630        7.6255222162677563E-003
   4.8583271006563438        2.5273688483192558E-002
   4.8646040090551246        3.9146043106196772E-002
   4.8708809174539054        4.7151847776908284E-002
   4.8771578258526862        4.8068378478324132E-002
   4.8834347342514670        4.1733961556283797E-002
   4.8897116426502478        2.9083176384990483E-002
   4.8959885510490286        1.2016198181924171E-002
   4.9022654594478094       -6.8806939081074558E-003
   4.9085423678465903       -2.4723352213180404E-002
   4.9148192762453711       -3.8769148386725683E-002
   4.9210961846441519       -4.6840831827221568E-002
   4.9273730930429327       -4.7669136155198667E-002
   4.9336500014417135       -4.1099564083823266E-002
   4.9399269098404943       -2.8128695502114272E-002
   4.9462038182392751       -1.0761196872900078E-002
   4.9524807266380559        8.2934008462791191E-003
   4.9587576350368368        2.6039460188873344E-002
   4.9650345434356176        3.9665576283922248E-002
   4.9713114518343984        4.6992895656292978E-002
   4.9775883602331792        4.6829609717265144E-002
   4.9838652686319600        3.9173128189892339E-002
   4.9901421770307408        2.5224492073563694E-002
   4.9964190854295216        7.2089849876223067E-003
   5.0026959938283024       -1.1971899935063507E-002
   5.0089729022270832       -2.9203985314386404E-002
   5.0152498106258641       -4.1666148365584861E-002
   5.0215267190246449       -4.7296287110128760E-002
   5.0278036274234257       -4.5140044771872639E-002
   5.0340805358222065       -3.5522258691589606E-002
   5.0403574442209873       -2.0008997074490453E-002
   5.0466343526197681       -1.1621150407300511E-003
   5.0529112610185480        1.7876984175352491E-002
   5.0591881694173289        3.3908067360875482E-002
   5.0654650778161097        4.4211620261719452E-002
   5.0717419862148905        4.7016172601542054E-002
   5.0780188946136713        4.1812269134289794E-002
   5.0842958030124521        2.9456052740971836E-002
   5.0905727114112329        1.2040055708951336E-002
   5.0968496198100137       -7.4516387953735708E-003
   5.1031265282087945       -2.5648879233674881E-002
   5.1094034366075753       -3.9377148844901351E-002
   5.1156803450063562       -4.6215463139951424E-002
   5.1219572534051370       -4.4931908379070580E-002
   5.1282341618039178       -3.5717178473415080E-002
   5.1345110702026986       -2.0170102566641795E-002
   5.1407879786014794       -1.0320659889724094E-003
   5.1470648870002602        1.8287921807835950E-002
   5.1533417953990410        3.4316958539578807E-002
   5.1596187037978218        4.4144711044411027E-002
   5.1658956121966026        4.5959439377486817E-002
   5.1721725205953835        3.9393718419232289E-002
   5.1784494289941643        2.5612035007976784E-002
   5.1847263373929451        7.1180329337415856E-003
   5.1910032457917259       -1.2689593956201306E-002
   5.1972801541905067       -3.0136006859195097E-002
   5.2035570625892875       -4.1952518606848753E-002
   5.2098339709880683       -4.5895757142766155E-002
   5.2161108793868491       -4.1185407511021205E-002
   5.2223877877856300       -2.8673183591435784E-002
   5.2286646961844108       -1.0704317694077701E-002
   5.2349416045831916        9.3094270449568511E-003
   5.2412185129819724        2.7530170319595246E-002
   5.2474954213807532        4.0429239278340183E-002
   5.2537723297795340        4.5476927609123807E-002
   5.2600492381783148        4.1650888727036400E-002
   5.2663261465770956        2.9658879931360523E-002
   5.2726030549758764        1.1824801891928031E-002
   5.2788799633746573       -8.3477753916035239E-003
   5.2851568717734381       -2.6855680333631459E-002
   5.2914337801722189       -3.9989686165303150E-002
   5.2977106885709997       -4.5084642876901393E-002
   5.3039875969697805       -4.1073368971624197E-002
   5.3102645053685613       -2.8726816574499599E-002
   5.3165414137673421       -1.0523661344325058E-002
   5.3228183221661229        9.8330637747206465E-003
   5.3290952305649038        2.8161238275193550E-002
   5.3353721389636846        4.0658702467994849E-002
   5.3416490473624654        4.4699845204174735E-002
   5.3479259557612462        3.9401401963180128E-002
   5.3542028641600270        2.5832828382193366E-002
   5.3604797725588078        6.8182265655630054E-003
   5.3667566809575886       -1.3637853964583750E-002
   5.3730335893563694       -3.1187106850924486E-002
   5.3793104977551502       -4.2063413714055080E-002
   5.3855874061539311       -4.3900648644125732E-002
   5.3918643145527119       -3.6262843423401435E-002
   5.3981412229514927       -2.0764842860165150E-002
   5.4044181313502735       -7.4778005810590190E-004
   5.4106950397490543        1.9429473872966365E-002
   5.4169719481478351        3.5335330944793776E-002
   5.4232488565466159        4.3443060224438307E-002
   5.4295257649453967        4.1924399647192599E-002
   5.4358026733441775        3.1078187118947088E-002
   5.4420795817429584        1.3290225693163498E-002
   5.4483564901417392       -7.4764544355359697E-003
   5.4546333985405200       -2.6555600597908541E-002
   5.4609103069393008       -3.9625349817731172E-002
   5.4671872153380816       -4.3694519591783075E-002
   5.4734641237368624       -3.7800941369721675E-002
   5.4797410321356432       -2.3255856811750106E-002
   5.4860179405344240       -3.3690777857694259E-003
   5.4922948489332049        1.7291772357050046E-002
   5.4985717573319857        3.3945130575880417E-002
   5.5048486657307665        4.2705198499135781E-002
   5.5111255741295473        4.1499301956147761E-002
   5.5174024825283281        3.0573983241244922E-002
   5.5236793909271089        1.2462873900185124E-002
   5.5299562993258897       -8.5861310478911514E-003
   5.5362332077246705       -2.7598546534250853E-002
   5.5425101161234513       -4.0048315075616514E-002
   5.5487870245222322       -4.2942843707987614E-002
   5.5550639329210130       -3.5556252463375446E-002
   5.5613408413197938       -1.9628047552502810E-002
   5.5676177497185746        1.0303339240355170E-003
   5.5738946581173554        2.1436309788365335E-002
   5.5801715665161362        3.6634215982338181E-002
   5.5864484749149170        4.2903561813476009E-002
   5.5927253833136978        3.8681845101949282E-002
   5.5990022917124787        2.4970255731862078E-002
   5.6052792001112595        5.1133142108911256E-003
   5.6115561085100403       -1.6003812654979046E-002
   5.6178330169088211       -3.3151059070873602E-002
   5.6241099253076019       -4.2051189191517319E-002
   5.6303868337063827       -4.0456999081234152E-002
   5.6366637421051635       -2.8734266414221426E-002
   5.6429406505039443       -9.7955946987692243E-003
   5.6492175589027251        1.1608913361335505E-002
   5.6554944673015060        3.0075185920541085E-002
   5.6617713757002868        4.0910106476378674E-002
   5.6680482840990676        4.1333031698181304E-002
   5.6743251924978484        3.1204165137866877E-002
   5.6806021008966292        1.3085432543888420E-002
   5.6868790092954100       -8.3924498476813138E-003
   5.6931559176941908       -2.7704407602484236E-002
   5.6994328260929716       -3.9851506080467815E-002
   5.7057097344917524       -4.1662577768146823E-002
   5.7119866428905333       -3.2636167122152095E-002
   5.7182635512893141       -1.5095769333489287E-002
   5.7245404596880949        6.3928447967909266E-003
   5.7308173680868757        2.6200341522932359E-002
   5.7370942764856565        3.9106915787339339E-002
   5.7433711848844373        4.1684762519732049E-002
   5.7496480932832181        3.3222027520586381E-002
   5.7559250016819989        1.5935745010807179E-002
   5.7622019100807798       -5.5934980960937308E-003
   5.7684788184795606       -2.5625349429474992E-002
   5.7747557268783414       -3.8788313893950425E-002
   5.7810326352771222       -4.1526710225204370E-002
   5.7873095436759030       -3.3074472428712073E-002
   5.7935864520746838       -1.5685646273390311E-002
   5.7998633604734646        5.9514371394117187E-003
   5.8061402688722454        2.5968397847050913E-002
   5.8124171772710262        3.8906645042219287E-002
   5.8186940856698071        4.1212621265856418E-002
   5.8249709940685879        3.2227089646592703E-002
   5.8312479024673687        1.4389539907511097E-002
   5.8375248108661495       -7.4092480695685673E-003
   5.8438017192649303       -2.7158922138946485E-002
   5.8500786276637111       -3.9385544890756179E-002
   5.8563555360624919       -4.0675937715922886E-002
   5.8626324444612727       -3.0643948911966659E-002
   5.8689093528600536       -1.2061477915894145E-002
   5.8751862612588344        9.8932157692759922E-003
   5.8814631696576152        2.9070182863648181E-002
   5.8877400780563960        4.0070313237385580E-002
   5.8940169864551768        3.9773327876280511E-002
   5.9002938948539576        2.8236603043751765E-002
   5.9065708032527384        8.7021638280971644E-003
   5.9128477116515192       -1.3301113977759830E-002
   5.9191246200503000       -3.1515335171263495E-002
   5.9254015284490809       -4.0734520521494982E-002
   5.9316784368478617       -3.8301482012870113E-002
   5.9379553452466425       -2.4887726601010750E-002
   5.9442322536454233       -4.3236095783754152E-003
   5.9505091620442041        1.7483419446346609E-002
   5.9567860704429849        3.4240514992418994E-002
   5.9630629788417657        4.1088173722212185E-002
   5.9693398872405457        3.6019514517325137E-002
   5.9756167956393265        2.0482655935117881E-002
   5.9818937040381073       -1.0185926163091131E-003
   5.9881706124368881       -2.2220103407133356E-002
   5.9944475208356689       -3.6919269967628128E-002
   6.0007244292344497       -4.0794282883388336E-002
   6.0070013376332305       -3.2685750070447599E-002
   6.0132782460320113       -1.4957335057987488E-002
   6.0195551544307921        7.1805448378913757E-003
   6.0258320628295730        2.7194304913967633E-002
   6.0321089712283538        3.9154746771559029E-002
   6.0383858796271346        3.9499935146413666E-002
   6.0446627880259154        2.8107201593765913E-002
   6.0509396964246962        8.3482343918294347E-003
   6.0572166048234770       -1.3898452810475560E-002
   6.0634935132222578       -3.1991477732374242E-002
   6.0697704216210386       -4.0510874339527457E-002
   6.0760473300198194       -3.6889091239949205E-002
   6.0823242384186003       -2.2195447179949399E-002
   6.0886011468173811       -8.3111177404864760E-004
   6.0948780552161619        2.0781784905894749E-002
   6.1011549636149427        3.6128518280342289E-002
   6.1074318720137235        4.0568898925924246E-002
   6.1137087804125043        3.2747790713131671E-002
   6.1199856888112851        1.5017723641129863E-002
   6.1262625972100659       -7.2608898259124083E-003
   6.1325395056088468       -2.7336066958058364E-002
   6.1388164140076276       -3.9110744477118320E-002
   6.1450933224064084       -3.8998727858601791E-002
   6.1513702308051892       -2.7023526166699851E-002
   6.1576471392039700       -6.8211928765903552E-003
   6.1639240476027508        1.5458789603002485E-002
   6.1702009560015316        3.3023632857612388E-002
   6.1764778644003124        4.0509820736081802E-002
   6.1827547727990932        3.5624889619739274E-002
   6.1890316811978741        1.9854325520486937E-002
   6.1953085895966549       -1.9860072313891671E-003
   6.2015854979954357       -2.3218259677283529E-002
   6.2078624063942165       -3.7344486217668664E-002
   6.2141393147929973       -4.0037252558677378E-002
   6.2204162231917781       -3.0468160950092429E-002
   6.2266931315905589       -1.1565302781943749E-002
   6.2329700399893397        1.0881206099485095E-002
   6.2392469483881206        2.9992658601032108E-002
   6.2455238567869014        3.9910670575062937E-002
   6.2518007651856822        3.7594308289005174E-002
   6.2580776735844630        2.3753384408206082E-002
   6.2643545819832438        2.6310161780779126E-003
   6.2706314903820246       -1.9297931412988082E-002
   6.2769083987808054       -3.5312783806534201E-002
   6.2831853071795862       -4.0507517167392398E-002
