   6.2769083987808056E-003  -3.7147548150366645E-002
   1.2553816797561611E-002  -1.7211258155660530E-002
   1.8830725196342418E-002   1.0012692572460433E-002
   2.5107633595123222E-002   3.2999225424623517E-002
   3.1384541993904030E-002   4.2023467141389950E-002
   3.7661450392684835E-002   3.3273390295377105E-002
   4.3938358791465640E-002   1.0455351491619450E-002
   5.0215267190246445E-002  -1.6781922805611485E-002
   5.6492175589027249E-002  -3.6931982614323601E-002
   6.2769083987808061E-002  -4.1492203601306871E-002
   6.9045992386588859E-002  -2.8547208657171752E-002
   7.5322900785369670E-002  -3.5652382318890241E-003
   8.1599809184150468E-002   2.2920286323393879E-002
   8.7876717582931280E-002   3.9757115725459903E-002
   9.4153625981712077E-002   3.9868760176154906E-002
  0.10043053438049289        2.3220915670877269E-002
  0.10670744277927370       -3.1809516951875477E-003
  0.11298435117805450       -2.8249936668841229E-002
  0.11926125957683531       -4.1477870433671453E-002
  0.12553816797561612       -3.7335906998860982E-002
  0.13181507637439691       -1.7573698082617179E-002
  0.13809198477317772        9.5343339688376254E-003
  0.14436889317195853        3.2664896036546855E-002
  0.15064580157073934        4.2178478302982311E-002
  0.15692270996952015        3.4128861551340497E-002
  0.16319961836830094        1.1884416571170975E-002
  0.16947652676708175       -1.5298495201493663E-002
  0.17575343516586256       -3.6138645069577660E-002
  0.18203034356464337       -4.2012096838378914E-002
  0.18830725196342415       -3.0509390626056069E-002
  0.19458416036220497       -6.4048703907175538E-003
  0.20086106876098578        2.0343697856881407E-002
  0.20713797715976659        3.8719222305833495E-002
  0.21341488555854740        4.1180279742794888E-002
  0.21969179395732819        2.6740861601756070E-002
  0.22596870235610900        1.3432159087640669E-003
  0.23224561075488981       -2.4607147368498870E-002
  0.23852251915367062       -4.0513563052332148E-002
  0.24479942755245140       -3.9909393372633023E-002
  0.25107633595123224       -2.3068179544654597E-002
  0.25735324435001306        3.1432152574095203E-003
  0.26363015274879381        2.8084302598917865E-002
  0.26990706114757462        4.1667472433162926E-002
  0.27618396954635543        3.8428923668710743E-002
  0.28246087794513625        1.9704560808881690E-002
  0.28873778634391706       -6.9467762502180208E-003
  0.29501469474269787       -3.0814258017461786E-002
  0.30129160314147868       -4.2344561943494584E-002
  0.30756851154025949       -3.6953739970959437E-002
  0.31384541993904030       -1.6825118937388590E-002
  0.32012232833782106        1.0001954583504462E-002
  0.32639923673660187        3.2861989664951810E-002
  0.33267614513538268        4.2706572675187945E-002
  0.33895305353416350        3.5671411065697392E-002
  0.34522996193294431        1.4566675698815829E-002
  0.35150687033172512       -1.2273320242508748E-002
  0.35778377873050593       -3.4299716423245856E-002
  0.36406068712928674       -4.2896453289001879E-002
  0.37033759552806755       -3.4734186310921282E-002
  0.37661450392684831       -1.3031666361241707E-002
  0.38289141232562912        1.3741889321940615E-002
  0.38916832072440993        3.5189672235230590E-002
  0.39544522912319074        4.3024744373076393E-002
  0.40172213752197156        3.4254132664875363E-002
  0.40799904592075237        1.2293156354706194E-002
  0.41427595431953318       -1.4393075751812891E-002
  0.42055286271831399       -3.5570043738567314E-002
  0.42682977111709480       -4.3158287821794941E-002
  0.43310667951587556       -3.4297478317733332E-002
  0.43938358791465637       -1.2395351367507445E-002
  0.44566049631343718        1.4211305212848382E-002
  0.45193740471221799        3.5447108315221285E-002
  0.45821431311099881        4.3312706314740830E-002
  0.46449122150977962        3.4879848138032861E-002
  0.47076812990856043        1.3352722498440323E-002
  0.47704503830734124       -1.3177564429463788E-002
  0.48332194670612205       -3.4791194581380698E-002
  0.48959885510490281       -4.3448507742520230E-002
  0.49587576350368362       -3.5963286477564076E-002
  0.50215267190246449       -1.5147709595193409E-002
  0.50842958030124530        1.1271500986415212E-002
  0.51470648870002611        3.3538445120077996E-002
  0.52098339709880681        4.3471463862108935E-002
  0.52726030549758762        3.7453824673152482E-002
  0.53353721389636843        1.7724709009557939E-002
  0.53981412229514925       -8.4802339964874796E-003
  0.54609103069393006       -3.1600016463078390E-002
  0.55236793909271087       -4.3239119365004491E-002
  0.55864484749149168       -3.9203026832552092E-002
  0.56492175589027249       -2.0986144336763810E-002
  0.57119866428905330        4.8066767649734840E-003
  0.57747557268783412        2.8872902220605276E-002
  0.58375248108661493        4.2571858157530840E-002
  0.59002938948539574        4.1016577200284850E-002
  0.59630629788417655        2.4795747141605453E-002
  0.60258320628295736       -2.7293319757396440E-004
  0.60886011468173817       -2.5248133753806502E-002
  0.61513702308051899       -4.1260724475021250E-002
  0.62141393147929980       -4.2655757175428390E-002
  0.62769083987808061       -2.8970542293756507E-002
  0.63396774827686131       -5.0639373715732766E-003
  0.64024465667564212        2.0628412096029454E-002
  0.64652156507442293        3.9079752874464323E-002
  0.65279847347320374        4.3839176793557560E-002
  0.65907538187198456        3.3270609592443691E-002
  0.66535229027076537        1.1092715888113275E-002
  0.67162919866954618       -1.4949959853029634E-002
  0.67790610706832699       -3.5802966931322691E-002
  0.68418301546710780       -4.4248777199871477E-002
  0.69045992386588861       -3.7391450949506723E-002
  0.69673683226466943       -1.7628651592459355E-002
  0.70301374066345024        8.2076566924811859E-003
  0.70929064906223105        3.1227069027410060E-002
  0.71556755746101186        4.3542311698730837E-002
  0.72184446585979267        4.0961588933087253E-002
  0.72812137425857348        2.4396281186539283E-002
  0.73439828265735430       -4.8200458450552093E-004
  0.74067519105613511       -2.5199797039203112E-002
  0.74695209945491581       -4.1373891109068708E-002
  0.75322900785369662       -4.3548164520143970E-002
  0.75950591625247743       -3.1017382121517226E-002
  0.76578282465125824       -8.0341429461825570E-003
  0.77205973305003905        1.7653156586226598E-002
  0.77833664144881987        3.7422571267401956E-002
  0.78461354984760068        4.4670345863834102E-002
  0.79089045824638149        3.7003049617336040E-002
  0.79716736664516230        1.7007085038750678E-002
  0.80344427504394311       -8.6445385400554884E-003
  0.80972118344272392       -3.1433124881489270E-002
  0.81599809184150474       -4.3825768576187585E-002
  0.82227500024028555       -4.1755409542689151E-002
  0.82855190863906636       -2.5936246565344163E-002
  0.83482881703784717       -1.5955756700975088E-003
  0.84110572543662798        2.3271449778098880E-002
  0.84738263383540879        4.0535666611438384E-002
  0.85365954223418961        4.4586122214576224E-002
  0.85993645063297042        3.4136989837252059E-002
  0.86621335903175112        1.2612742139172588E-002
  0.87249026743053193       -1.2995569164008744E-002
  0.87876717582931274       -3.4414220206636724E-002
  0.88504408422809355       -4.4760441256477247E-002
  0.89132099262687436       -4.0741522272621102E-002
  0.89759790102565518       -2.3680805541335656E-002
  0.90387480942443599        9.4182958588133415E-004
  0.91015171782321680        2.5268634219740897E-002
  0.91642862622199761        4.1578623159653508E-002
  0.92270553462077842        4.4731145850052750E-002
  0.92898244301955923        3.3767208060635011E-002
  0.93525935141834005        1.2175834686532555E-002
  0.94153625981712086       -1.3239225320833164E-002
  0.94781316821590167       -3.4517359152823439E-002
  0.95409007661468248       -4.5034780007255880E-002
  0.96036698501346329       -4.1552781257932825E-002
  0.96664389341224410       -2.5191494724916799E-002
  0.97292080181102492       -1.0440468946207408E-003
  0.97919771020980562        2.3429211509439957E-002
  0.98547461860858643        4.0713985989058669E-002
  0.99175152700736724        4.5542951933254673E-002
  0.99802843540614805        3.6481696507437884E-002
   1.0043053438049290        1.6328213381937722E-002
   1.0105822522037098       -8.7762388574269771E-003
   1.0168591606024906       -3.1235145677984740E-002
   1.0231360690012714       -4.4298239571756971E-002
   1.0294129774000522       -4.4078388545248752E-002
   1.0356898857988328       -3.0684937401373097E-002
   1.0419667941976136       -8.1503912700765062E-003
   1.0482437025963944        1.6807180938041538E-002
   1.0545206109951752        3.6799469101351581E-002
   1.0607975193939561        4.5952791087996929E-002
   1.0670744277927369        4.1617191502236923E-002
   1.0733513361915177        2.5107554861853443E-002
   1.0796282445902985        1.2777018465878569E-003
   1.0859051529890793       -2.2927739929427315E-002
   1.0921820613878601       -4.0505731647755769E-002
   1.0984589697866409       -4.6414362369702679E-002
   1.1047358781854217       -3.8999218819815343E-002
   1.1110127865842025       -2.0429080064445278E-002
   1.1172896949829834        3.9649333164649761E-003
   1.1235666033817642        2.7238458609343527E-002
   1.1298435117805450        4.2816049588758787E-002
   1.1361204201793258        4.6339336870015388E-002
   1.1423973285781066        3.6864698274235636E-002
   1.1486742369768874        1.7087837979328894E-002
   1.1549511453756682       -7.4486242827413798E-003
   1.1612280537744490       -2.9925042171378209E-002
   1.1675049621732299       -4.4143091025617712E-002
   1.1737818705720107       -4.6223549751121792E-002
   1.1800587789707915       -3.5642071633723592E-002
   1.1863356873695723       -1.5333269907922713E-002
   1.1926125957683531        9.1468643589970693E-003
   1.1988895041671339        3.1155089386599537E-002
   1.2051664125659147        4.4764550553129064E-002
   1.2114433209646955        4.6348607149766241E-002
   1.2177202293634763        3.5525647909307720E-002
   1.2239971377622572        1.5225366726173995E-002
   1.2302740461610380       -9.1247977341476841E-003
   1.2365509545598188       -3.1062124715599243E-002
   1.2428278629585996       -4.4803514555745473E-002
   1.2491047713573804       -4.6758740717754849E-002
   1.2553816797561612       -3.6450020597851893E-002
   1.2616585881549420       -1.6608115611817104E-002
   1.2679354965537226        7.5670383869157086E-003
   1.2742124049525034        2.9777258668913113E-002
   1.2804893133512842        4.4265837313639186E-002
   1.2867662217500651        4.7300549412244999E-002
   1.2930431301488459        3.8121438206196366E-002
   1.2993200385476267        1.9117218489201726E-002
   1.3055969469464075       -4.8063348089115599E-003
   1.3118738553451883       -2.7497140039876435E-002
   1.3181507637439691       -4.3137455616861463E-002
   1.3244276721427499       -4.7729785706398555E-002
   1.3307045805415307       -4.0110943749248638E-002
   1.3369814889403115       -2.2239549425228967E-002
   1.3432583973390924        1.3121645816916794E-003
   1.3495353057378732        2.4529639752851013E-002
   1.3558122141366540        4.1490675298648923E-002
   1.3620891225354348        4.7873080020421031E-002
   1.3683660309342156        4.2052937381291483E-002
   1.3746429393329964        2.5515629776945693E-002
   1.3809198477317772        2.4761793772713715E-003
   1.3871967561305580       -2.1194212971474644E-002
   1.3934736645293389       -3.9462789634333799E-002
   1.3997505729281197       -4.7671511416807220E-002
   1.4060274813269005       -4.3724565607859631E-002
   1.4123043897256813       -2.8624674553610244E-002
   1.4185812981244621       -6.2206641767107952E-003
   1.4248582065232429        1.7770971050833535E-002
   1.4311351149220237        3.7222776845553147E-002
   1.4374120233208045        4.7160943640095543E-002
   1.4436889317195853        4.5038633531484518E-002
   1.4499658401183662        3.1391738190461212E-002
   1.4562427485171470        9.7073966085656736E-003
   1.4625196569159278       -1.4463529845639797E-002
   1.4687965653147086       -3.4925138595540181E-002
   1.4750734737134894       -4.6424476065970333E-002
   1.4813503821122702       -4.6002080702298512E-002
   1.4876272905110510       -3.3757493663328551E-002
   1.4939041989098316       -1.2830829098850719E-002
   1.5001811073086124        1.1397941394652481E-002
   1.5064580157073932        3.2689087939611769E-002
   1.5127349241061741        4.5549511354821243E-002
   1.5190118325049549        4.6652189253068695E-002
   1.5252887409037357        3.5701474711442034E-002
   1.5315656493025165        1.5518125539244393E-002
   1.5378425577012973       -8.6816423318501583E-003
   1.5441194661000781       -3.0630376836858514E-002
   1.5503963744988589       -4.4631640667684803E-002
   1.5566732828976397       -4.7040823943536800E-002
   1.5629501912964205       -3.7219127430554125E-002
   1.5692270996952014       -1.7709766903336671E-002
   1.5755040080939822        6.4138134940681926E-003
   1.5817809164927630        2.8862543454229304E-002
   1.5880578248915438        4.3769913729464038E-002
   1.5943347332903246        4.7227585823820646E-002
   1.6006116416891054        3.8315990500139459E-002
   1.6068885500878862        1.9356743519906912E-002
   1.6131654584866670       -4.6843015448193668E-003
   1.6194423668854478       -2.7492059385726859E-002
   1.6257192752842287       -4.3059217449006218E-002
   1.6319961836830095       -4.7271143505749506E-002
   1.6382730920817903       -3.9000047292418016E-002
   1.6445500004805711       -2.0415850101592241E-002
   1.6508269088793519        3.5740975979437423E-003
   1.6571038172781327        2.6614302049973251E-002
   1.6633807256769135        4.2582596523607678E-002
   1.6696576340756943        4.7219734328969615E-002
   1.6759345424744752        3.9272792908887195E-002
   1.6822114508732560        2.0843657092976916E-002
   1.6884883592720368       -3.1567955023977757E-003
   1.6947652676708176       -2.6309930870531569E-002
   1.7010421760695984       -4.2403385507619504E-002
   1.7073190844683792       -4.7101074480664119E-002
   1.7135959928671600       -3.9119624095034722E-002
   1.7198729012659408       -2.0590038008501697E-002
   1.7261498096647214        3.5000642897042669E-003
   1.7324267180635022        2.6640855303501500E-002
   1.7387036264622830        4.2556728215081621E-002
   1.7449805348610639        4.6911803156304416E-002
   1.7512574432598447        3.8500256784187642E-002
   1.7575343516586255        1.9592408380581846E-002
   1.7638112600574063       -4.6658014369666467E-003
   1.7700881684561871       -2.7644640266000994E-002
   1.7763650768549679       -4.3039854356354115E-002
   1.7826419852537487       -4.6606584867640528E-002
   1.7889188936525295       -3.7340081167640954E-002
   1.7951958020513104       -1.7772172900959050E-002
   1.8014727104500912        6.7072784837366988E-003
   1.8077496188488720        2.9325959249717402E-002
   1.8140265272476528        4.3800467290627067E-002
   1.8203034356464336        4.6087223197241275E-002
   1.8265803440452144        3.5523774255767131E-002
   1.8328572524439952        1.5035327572530451E-002
   1.8391341608427760       -9.6612742860384213E-003
   1.8454110692415568       -3.1643670202644865E-002
   1.8516879776403377       -4.4722904300911775E-002
   1.8579648860391185       -4.5192730460245918E-002
   1.8642417944378993       -3.2893188291943154E-002
   1.8705187028366801       -1.1279722480976322E-002
   1.8767956112354609        1.3533007656624940E-002
   1.8830725196342417        3.4492412420999478E-002
   1.8893494280330225        4.5612516261960750E-002
   1.8956263364318033        4.3692309628762131E-002
   1.9019032448305841        2.9252406768717765E-002
   1.9081801532293650        6.4118606730166833E-003
   1.9144570616281458       -1.8272035483561284E-002
   1.9207339700269266       -3.7678684937573086E-002
   1.9270108784257074       -4.6180235078345094E-002
   1.9332877868244882       -4.1284797564189728E-002
   1.9395646952232690       -2.4384111698799227E-002
   1.9458416036220498       -3.7666539841506308E-004
   1.9521185120208304        2.3737666820040210E-002
   1.9583954204196112        4.0892765359987267E-002
   1.9646723288183920        4.6031504619436649E-002
   1.9709492372171729        3.7610563635647951E-002
   1.9772261456159537        1.8083220124649513E-002
   1.9835030540147345       -6.7960281956707235E-003
   1.9897799624135153       -2.9654016043629234E-002
   1.9960568708122961       -4.3680910212527901E-002
   2.0023337792110771       -4.4667178077825644E-002
   2.0086106876098579       -3.2284123478977328E-002
   2.0148875960086388       -1.0213649686299781E-002
   2.0211645044074196        1.4927332575529285E-002
   2.0274414128062004        3.5559747686761969E-002
   2.0337183212049812        4.5427884499225343E-002
   2.0399952296037620        4.1508538926366627E-002
   2.0462721380025428        2.4957726334742601E-002
   2.0525490464013236        7.9270464488162703E-004
   2.0588259548001044       -2.3611137416631553E-002
   2.0651028631988853       -4.0764014240280089E-002
   2.0713797715976656       -4.5366122560105845E-002
   2.0776566799964464       -3.5962316634836983E-002
   2.0839335883952272       -1.5425563765377610E-002
   2.0902104967940081        9.8978208611723243E-003
   2.0964874051927889        3.2134445707911317E-002
   2.1027643135915697        4.4329757026169501E-002
   2.1090412219903505        4.2634810388836764E-002
   2.1153181303891313        2.7543016801799759E-002
   2.1215950387879121        3.7729859440354015E-003
   2.1278719471866929       -2.1185696359442674E-002
   2.1341488555854737       -3.9422654841137113E-002
   2.1404257639842545       -4.5118820726123721E-002
   2.1467026723830354       -3.6421418361242956E-002
   2.1529795807818162       -1.6072217152758170E-002
   2.1592564891805970        9.4314146558381346E-003
   2.1655333975793778        3.1894648869548944E-002
   2.1718103059781586        4.4056182883888212E-002
   2.1780872143769394        4.1948357559019288E-002
   2.1843641227757202        2.6215400639709448E-002
   2.1906410311745010        1.9444672751816915E-003
   2.1969179395732819       -2.2957582543683332E-002
   2.2031948479720627       -4.0331127110123911E-002
   2.2094717563708435       -4.4444225619139271E-002
   2.2157486647696243       -3.3903986338312722E-002
   2.2220255731684051       -1.2155060945063481E-002
   2.2283024815671859        1.3620960092495988E-002
   2.2345793899659667        3.4862349872105444E-002
   2.2408562983647475        4.4471821417825054E-002
   2.2471332067635283        3.9203644918361376E-002
   2.2534101151623092        2.0785283955595125E-002
   2.2596870235610900       -4.6221587912815242E-003
   2.2659639319598708       -2.8466027894704066E-002
   2.2722408403586516       -4.2676384774379537E-002
   2.2785177487574324       -4.2408109854330668E-002
   2.2847946571562132       -2.7715445001864306E-002
   2.2910715655549940       -3.5727980391106343E-003
   2.2973484739537748        2.1787641138540700E-002
   2.3036253823525557        3.9673519799917914E-002
   2.3099022907513365        4.3917674217062184E-002
   2.3161791991501173        3.3023866784720503E-002
   2.3224561075488981        1.0719866594337622E-002
   2.3287330159476789       -1.5294502317619070E-002
   2.3350099243464597       -3.5992335684857421E-002
   2.3412868327452405       -4.4153683089107193E-002
   2.3475637411440213       -3.6899969857940015E-002
   2.3538406495428021       -1.6733711643910167E-002
   2.3601175579415830        9.3001005975848830E-003
   2.3663944663403638        3.2059034812376375E-002
   2.3726713747391446        4.3511832202673031E-002
   2.3789482831379254        3.9585248116268963E-002
   2.3852251915367062        2.1635597526690680E-002
   2.3915020999354870       -3.9944139530411239E-003
   2.3977790083342678       -2.8198625212228112E-002
   2.4040559167330486       -4.2337678274894909E-002
   2.4103328251318294       -4.1332592146361077E-002
   2.4166097335306103       -2.5510472988433765E-002
   2.4228866419293911       -5.2425275479474418E-004
   2.4291635503281719        2.4646992264024076E-002
   2.4354404587269527        4.0917119771005678E-002
   2.4417173671257335        4.2380166348986004E-002
   2.4479942755245143        2.8473910185936781E-002
   2.4542711839232951        4.2202134669208496E-003
   2.4605480923220759       -2.1567262772506951E-002
   2.4668250007208568       -3.9476235594606765E-002
   2.4731019091196376       -4.2936594185976402E-002
   2.4793788175184184       -3.0649101569914745E-002
   2.4856557259171992       -7.0976380191491014E-003
   2.4919326343159800        1.9065012672617742E-002
   2.4982095427147608        3.8185039896156805E-002
   2.5044864511135416        4.3173543232586875E-002
   2.5107633595123224        3.2152018300162108E-002
   2.5170402679111032        9.1838868417837786E-003
   2.5233171763098841       -1.7201133673732761E-002
   2.5295940847086644       -3.7162556327558952E-002
   2.5358709931074452       -4.3221786334914393E-002
   2.5421479015062260       -3.3080298886608066E-002
   2.5484248099050069       -1.0515362205330458E-002
   2.5547017183037877        1.6004175798157879E-002
   2.5609786267025685        3.6483563864924740E-002
   2.5672555351013493        4.3170824683228977E-002
   2.5735324435001301        3.3506743682618433E-002
   2.5798093518989109        1.1127731685990927E-002
   2.5860862602976917       -1.5479874945053479E-002
   2.5923631686964725       -3.6184942920569362E-002
   2.5986400770952534       -4.3070576042005010E-002
   2.6049169854940342       -3.3476572331504195E-002
   2.6111938938928150       -1.1050321011155474E-002
   2.6174708022915958        1.5617468421478247E-002
   2.6237477106903766        3.6270755205290432E-002
   2.6300246190891574        4.2934048121662453E-002
   2.6363015274879382        3.3007464091752189E-002
   2.6425784358867190        1.0304051970085954E-002
   2.6488553442854998       -1.6392949896921929E-002
   2.6551322526842807       -3.6715768562251824E-002
   2.6614091610830615       -4.2740409014254625E-002
   2.6676860694818423       -3.2091683587258057E-002
   2.6739629778806231       -8.9023040061129675E-003
   2.6802398862794039        1.7769667374597682E-002
   2.6865167946781847        3.7467541005831557E-002
   2.6927937030769655        4.2438289128101929E-002
   2.6990706114757463        3.0699924582436606E-002
   2.7053475198745272        6.8542426856419321E-003
   2.7116244282733080       -1.9696698902468578E-002
   2.7179013366720888       -3.8447381246419783E-002
   2.7241782450708696       -4.1949433033437344E-002
   2.7304551534696504       -2.8786731958031497E-002
   2.7367320618684312       -4.1702136393112653E-003
   2.7430089702672120        2.2105577913847159E-002
   2.7492858786659928        3.9550743396940292E-002
   2.7555627870647736        4.1173027721187958E-002
   2.7618396954635545        2.6297442448037119E-002
   2.7681166038623353        8.6874043452221845E-004
   2.7743935122611161       -2.4906090558163833E-002
   2.7806704206598969       -4.0647785760392123E-002
   2.7869473290586777       -3.9991170062410812E-002
   2.7932242374574585       -2.3176649033530502E-002
   2.7995011458562393        3.0153505192420877E-003
   2.8057780542550201        2.7981937425282117E-002
   2.8120549626538009        4.1584916812442425E-002
   2.8183318710525818        3.8276081135633695E-002
   2.8246087794513626        1.9378499707353412E-002
   2.8308856878501434       -7.4216497806342133E-003
   2.8371625962489242       -3.1186683175451320E-002
   2.8434395046477050       -4.2188697643032048E-002
   2.8497164130464858       -3.5901760783626342E-002
   2.8559933214452666       -1.4882316087723415E-002
   2.8622702298440474        1.2251043197073154E-002
   2.8685471382428283        3.4339465527791956E-002
   2.8748240466416091        4.2273001221440933E-002
   2.8811009550403899        3.2759433291834131E-002
   2.8873778634391707        9.7085652235594372E-003
   2.8936547718379515       -1.7357508382853520E-002
   2.8999316802367323       -3.7228890480857604E-002
   2.9062085886355131       -4.1653120328796082E-002
   2.9124854970342939       -2.8774821015301981E-002
   2.9187624054330747       -3.9306357549832201E-003
   2.9250393138318556        2.2547959878225974E-002
   2.9313162222306364        3.9625181790327854E-002
   2.9375931306294172        4.0165014217058044E-002
   2.9438700390281980        2.3925638642091154E-002
   2.9501469474269788       -2.3178642913026506E-003
   2.9564238558257596       -2.7589122358188983E-002
   2.9627007642245404       -4.1298588035409846E-002
   2.9689776726233212       -3.7686927736548241E-002
   2.9752545810221021       -1.8256133050013876E-002
   2.9815314894208829        8.8430134769404908E-003
   2.9878083978196632        3.2222502043408409E-002
   2.9940853062184440        4.2042473974284462E-002
   3.0003622146172249        3.4159021686977833E-002
   3.0066391230160057        1.1882737707747551E-002
   3.0129160314147865       -1.5402603978960528E-002
   3.0191929398135673       -3.6188517412439829E-002
   3.0254698482123481       -4.1697335678361300E-002
   3.0317467566111289       -2.9594954391561356E-002
   3.0380236650099097       -4.9873541182436044E-003
   3.0443005734086905        2.1727829133848589E-002
   3.0505774818074713        3.9252861846345022E-002
   3.0568543902062522        4.0169962262067233E-002
   3.0631312986050330        2.4085802920706875E-002
   3.0694082070038138       -2.1949775580980104E-003
   3.0756851154025946       -2.7545744462617820E-002
   3.0819620238013754       -4.1228607475717903E-002
   3.0882389322001562       -3.7444886445739872E-002
   3.0945158405989370       -1.7795380764779652E-002
   3.1007927489977178        9.3949352094752064E-003
   3.1070696573964987        3.2603651528659669E-002
   3.1133465657952795        4.1994714860110263E-002
   3.1196234741940603        3.3588207662143085E-002
   3.1259003825928411        1.0947363579757903E-002
   3.1321772909916219       -1.6332659949540515E-002
   3.1384541993904027       -3.6692743336686040E-002
   3.1447311077891835       -4.1508636399823405E-002
   3.1510080161879643       -2.8743395922970563E-002
   3.1572849245867451       -3.8063531654639027E-003
   3.1635618329855260        2.2742647653589746E-002
   3.1698387413843068        3.9667594482460961E-002
   3.1761156497830876        3.9811626822644185E-002
   3.1823925581818684        2.3120064395415686E-002
   3.1886694665806492       -3.3448217364691886E-003
   3.1949463749794300       -2.8397609356916723E-002
   3.2012232833782108       -4.1460137460040042E-002
   3.2075001917769916       -3.7026079322192700E-002
   3.2137771001757724       -1.6975499746199656E-002
   3.2200540085745533        1.0231098124782954E-002
   3.2263309169733341        3.3129999293169704E-002
   3.2326078253721149        4.2086689853537460E-002
   3.2388847337708957        3.3344779098254597E-002
   3.2451616421696765        1.0591216557602860E-002
   3.2514385505684573       -1.6610310450954006E-002
   3.2577154589672381       -3.6847100513018073E-002
   3.2639923673660189       -4.1646054140471282E-002
   3.2702692757647998       -2.9013058002203336E-002
   3.2765461841635806       -4.2476193394758738E-003
   3.2828230925623614        2.2294094746006309E-002
   3.2891000009611422        3.9537499050951226E-002
   3.2953769093599230        4.0307995541197919E-002
   3.3016538177587038        2.4303930163474003E-002
   3.3079307261574846       -1.8030597307578627E-003
   3.3142076345562654       -2.7164364462582930E-002
   3.3204845429550462       -4.1268739558123144E-002
   3.3267614513538271       -3.8292963047627242E-002
   3.3330383597526079       -1.9489940267140297E-002
   3.3393152681513887        7.3586166377335354E-003
   3.3455921765501695        3.1178166339190645E-002
   3.3518690849489503        4.2173577357556724E-002
   3.3581459933477311        3.5847684171051768E-002
   3.3644229017465119        1.4820974687362031E-002
   3.3706998101452927       -1.2275805726165795E-002
   3.3769767185440736       -3.4359393708282587E-002
   3.3832536269428544       -4.2429014207529051E-002
   3.3895305353416352       -3.3221914543459699E-002
   3.3958074437404160       -1.0509797192298685E-002
   3.4020843521391968        1.6469472641997236E-002
   3.4083612605379776        3.6783447945154361E-002
   3.4146381689367584        4.2234078666284557E-002
   3.4209150773355392        3.0649882542278503E-002
   3.4271919857343200        6.7256686159891301E-003
   3.4334688941331009       -1.9904127181297599E-002
   3.4397458025318817       -3.8558244676234990E-002
   3.4460227109306620       -4.1789211107261248E-002
   3.4522996193294428       -2.8337489716022932E-002
   3.4585765277282237       -3.5949960566679226E-003
   3.4648534361270045        2.2580463341556549E-002
   3.4711303445257853        3.9804320470330536E-002
   3.4774072529245661        4.1279099587960319E-002
   3.4836841613233469        2.6455521279279123E-002
   3.4899610697221277        1.2076747187510538E-003
   3.4962379781209085       -2.4519056756288439E-002
   3.5025148865196893       -4.0635996341370328E-002
   3.5087917949184702       -4.0859519201984884E-002
   3.5150687033172510       -2.5137541265784921E-002
   3.5213456117160318        3.7356619125684574E-004
   3.5276225201148126        2.5744020650342109E-002
   3.5338994285135934        4.1145118922579299E-002
   3.5401763369123742        4.0647676957790473E-002
   3.5464532453111550        2.4480102425587513E-002
   3.5527301537099358       -1.1040830754827844E-003
   3.5590070621087166       -2.6269284693127733E-002
   3.5652839705074975       -4.1387881157005015E-002
   3.5715608789062783       -4.0713530921945511E-002
   3.5778377873050591       -2.4540237643660777E-002
   3.5841146957038399        9.5412294201158415E-004
   3.5903916041026207        2.6091627769409462E-002
   3.5966685125014015        4.1376782526782376E-002
   3.6029454209001823        4.1073407437170861E-002
   3.6092223292989631        2.5332604982534347E-002
   3.6154992376977440        9.2131715688723023E-005
   3.6217761460965248       -2.5187186514063868E-002
   3.6280530544953056       -4.1076491300846160E-002
   3.6343299628940864       -4.1686542020117352E-002
   3.6406068712928672       -2.6826919187454876E-002
   3.6468837796916480       -2.0344021501200681E-003
   3.6531606880904288        2.3513463910415061E-002
   3.6594375964892096        4.0405090711231918E-002
   3.6657145048879904        4.2454216089834906E-002
   3.6719914132867713        2.8943742632199489E-002
   3.6782683216855521        4.8486917797722065E-003
   3.6845452300843329       -2.1018710502108372E-002
   3.6908221384831137       -3.9242302135040485E-002
   3.6970990468818945       -4.3223967507059709E-002
   3.7033759552806753       -3.1553241542201897E-002
   3.7096528636794561       -8.4809552457528400E-003
   3.7159297720782369        1.7651759009732416E-002
   3.7222066804770177        3.7440736801864313E-002
   3.7284835888757986        4.3799787364266700E-002
   3.7347604972745794        3.4481431465583745E-002
   3.7410374056733602        1.2847041017809067E-002
   3.7473143140721410       -1.3368293233956507E-002
   3.7535912224709218       -3.4834688656211886E-002
   3.7598681308697026       -4.3947416064405616E-002
   3.7661450392684834       -3.7507012484228254E-002
   3.7724219476672642       -1.7820274518964830E-002
   3.7786988560660451        8.1484424358157503E-003
   3.7849757644648259        3.1255959752773045E-002
   3.7912526728636067        4.3401820843688189E-002
   3.7975295812623875        4.0357005221755116E-002
   3.8038064896611683        2.3216114106956232E-002
   3.8100833980599491       -2.0182314447037050E-003
   3.8163603064587299       -2.6554197297170193E-002
   3.8226372148575107       -4.1879285345352624E-002
   3.8289141232562915       -4.2705989596885201E-002
   3.8351910316550724       -2.8778128047930233E-002
   3.8414679400538532       -4.9272223035954051E-003
   3.8477448484526340        2.0621871636777488E-002
   3.8540217568514148        3.9095827260550685E-002
   3.8602986652501956        4.4181453084429431E-002
   3.8665755736489764        3.4167867184446997E-002
   3.8728524820477572        1.2500747565181911E-002
   3.8791293904465380       -1.3423105158872422E-002
   3.8854062988453189       -3.4792735500647737E-002
   3.8916832072440997       -4.4377521969333242E-002
   3.8979601156428805       -3.8961634981163860E-002
   3.9042370240416608       -2.0403002867653199E-002
   3.9105139324404417        5.0249334757420661E-003
   3.9167908408392225        2.8768928361247555E-002
   3.9230677492380033        4.2877082752489096E-002
   3.9293446576367841        4.2653603658771105E-002
   3.9356215660355649        2.8203699332829006E-002
   3.9418984744343457        4.3665033109690594E-003
   3.9481753828331265       -2.0923690397373958E-002
   3.9544522912319073       -3.9287017607130111E-002
   3.9607291996306881       -4.4670798448737385E-002
   3.9670061080294690       -3.5329261112292579E-002
   3.9732830164282498       -1.4367779957123220E-002
   3.9795599248270306        1.1310345392721240E-002
   3.9858368332258114        3.3290761277591160E-002
   3.9921137416245922        4.4406622809417574E-002
   3.9983906500233730        4.1063979310189402E-002
   4.0046675584221543        2.4383149246904164E-002
   4.0109444668209351       -1.9952104304172860E-004
   4.0172213752197159       -2.4721488419198211E-002
   4.0234982836184967       -4.1280333632821006E-002
   4.0297751920172775       -4.4574081547343034E-002
   4.0360521004160583       -3.3580855946851187E-002
   4.0423290088148391       -1.1851611023113268E-002
   4.0486059172136200        1.3659025635313606E-002
   4.0548828256124008        3.4831986263168475E-002
   4.0611597340111816        4.4967809308390227E-002
   4.0674366424099624        4.0892990776686379E-002
   4.0737135508087432        2.3930670943230974E-002
   4.0799904592075240       -5.5368551338652052E-004
   4.0862673676063048       -2.4868726835173591E-002
   4.0925442760050856       -4.1420711691331616E-002
   4.0988211844038664       -4.5078093704267491E-002
   4.1050980928026473       -3.4743065368703321E-002
   4.1113750012014281       -1.3654946525058642E-002
   4.1176519096002089        1.1649118978026911E-002
   4.1239288179989897        3.3375603385756875E-002
   4.1302057263977705        4.4876090741961805E-002
   4.1364826347965504        4.2668482798293737E-002
   4.1427595431953312        2.7467568011075461E-002
   4.1490364515941121        3.9275335874955344E-003
   4.1553133599928929       -2.0804814903757810E-002
   4.1615902683916737       -3.9269972300690376E-002
   4.1678671767904545       -4.5940851015260027E-002
   4.1741440851892353       -3.8858841434494064E-002
   4.1804209935880161       -2.0182206797309102E-002
   4.1866979019867969        4.4979969040677319E-003
   4.1929748103855777        2.7850399716352052E-002
   4.1992517187843585        4.2986441329353267E-002
   4.2055286271831394        4.5482569642666885E-002
   4.2118055355819202        3.4650916908280600E-002
   4.2180824439807010        1.3700276948472910E-002
   4.2243593523794818       -1.1239653128977721E-002
   4.2306362607782626       -3.2927104606189514E-002
   4.2369131691770434       -4.5112060154556974E-002
   4.2431900775758242       -4.4323740686808936E-002
   4.2494669859746050       -3.0834721843249639E-002
   4.2557438943733858       -8.5413803361848867E-003
   4.2620208027721667        1.6185083219840305E-002
   4.2682977111709475        3.6331876161132530E-002
   4.2745746195697283        4.6231301604338831E-002
   4.2808515279685091        4.3138948569922904E-002
   4.2871284363672899        2.7968823152246507E-002
   4.2934053447660707        4.9963308705524125E-003
   4.2996822531648515       -1.9368447143573806E-002
   4.3059591615636323       -3.8379454500105548E-002
   4.3122360699624132       -4.6818006851730043E-002
   4.3185129783611940       -4.2407640649894683E-002
   4.3247898867599748       -2.6402293250534985E-002
   4.3310667951587556       -3.2038781450617992E-003
   4.3373437035575364        2.0867984646170248E-002
   4.3436206119563172        3.9305256792437980E-002
   4.3498975203550980        4.7164997121477356E-002
   4.3561744287538788        4.2376930710835356E-002
   4.3624513371526596        2.6264686241898066E-002
   4.3687282455514405        3.1568878963820820E-003
   4.3750051539502213       -2.0792241715393560E-002
   4.3812820623490021       -3.9247548512066077E-002
   4.3875589707477829       -4.7362629500602750E-002
   4.3938358791465637       -4.3037030452670849E-002
   4.4001127875453445       -2.7439848573058947E-002
   4.4063896959441253       -4.6753644390138118E-003
   4.4126666043429061        1.9309426759536973E-002
   4.4189435127416870        3.8281957008027265E-002
   4.4252204211404678        4.7338238731143185E-002
   4.4314973295392486        4.4158562508090062E-002
   4.4377742379380294        2.9587407943914242E-002
   4.4440511463368102        7.3970922056576811E-003
   4.4503280547355910       -1.6696157646460527E-002
   4.4566049631343718       -3.6506098774483915E-002
   4.4628818715331526       -4.6961052201303449E-002
   4.4691587799319334       -4.5395329677245688E-002
   4.4754356883307143       -3.2221233352756118E-002
   4.4817125967294951       -1.0814509939493996E-002
   4.4879895051282759        1.3353781712769578E-002
   4.4942664135270567        3.4115555581262169E-002
   4.5005433219258375        4.6177579413464856E-002
   4.5068202303246183        4.6467752972296730E-002
   4.5130971387233991        3.4914768551022365E-002
   4.5193740471221799        1.4464220253929584E-002
   4.5256509555209607       -9.6722069473008532E-003
   4.5319278639197416       -3.1343576649700340E-002
   4.5382047723185224       -4.5025680237389336E-002
   4.5444816807173032       -4.7228406929922133E-002
   4.5507585891160840       -3.7386540430720601E-002
   4.5570354975148648       -1.8006622701935964E-002
   4.5633124059136456        5.9688425244681454E-003
   4.5695893143124264        2.8419525202762367E-002
   4.5758662227112072        4.3608441793729184E-002
   4.5821431311099881        4.7648557079403506E-002
   4.5884200395087689        3.9499912051987364E-002
   4.5946969479075497        2.1240875990117640E-002
   4.6009738563063305       -2.4581528493390170E-003
   4.6072507647051113       -2.5526361315389982E-002
   4.6135276731038921       -4.2046322300464088E-002
   4.6198045815026729       -4.7772804690033234E-002
   4.6260814899014537       -4.1226707787541575E-002
   4.6323583983002345       -2.4081582844179387E-002
   4.6386353066990154       -7.4065391287845856E-004
   4.6449122150977962        2.2790084918769417E-002
   4.6511891234965770        4.0445438019748328E-002
   4.6574660318953578        4.7665195258996054E-002
   4.6637429402941386        4.2575500691683331E-002
   4.6700198486929194        2.6480591823653341E-002
   4.6762967570917002        3.5345622317514277E-003
   4.6825736654904810       -2.0325879441071754E-002
   4.6888505738892619       -3.8914875014513135E-002
   4.6951274822880427       -4.7401837325326754E-002
   4.7014043906868235       -4.3570685765403003E-002
   4.7076812990856043       -2.8404768143887850E-002
   4.7139582074843851       -5.8415567140600103E-003
   4.7202351158831659        1.8243660766225467E-002
   4.7265120242819467        3.7564462308992845E-002
   4.7327889326807275        4.7064656808813929E-002
   4.7390658410795083        4.4245824573409774E-002
   4.7453427494782892        2.9831504897596485E-002
   4.7516196578770700        7.5897124733669639E-003
   4.7578965662758508       -1.6645039169926698E-002
   4.7641734746746316       -3.6498357886133009E-002
   4.7704503830734124       -4.6733004461963025E-002
   4.7767272914721932       -4.4635225354728851E-002
   4.7830041998709740       -3.0742335626082650E-002
   4.7892811082697548       -8.7144993989072047E-003
   4.7955580166685357        1.5621508717481898E-002
   4.8018349250673165        3.5809020168737500E-002
   4.8081118334660973        4.6474790518286409E-002
   4.8143887418648781        4.4764416706587755E-002
   4.8206656502636589        3.1115189439595584E-002
   4.8269425586624397        9.1548940667687696E-003
   4.8332194670612205       -1.5253344601150362E-002
   4.8394963754600013       -3.5571275171090537E-002
   4.8457732838587821       -4.6337195344105284E-002
   4.8520501922575630       -4.4639944307799592E-002
   4.8583271006563438       -3.0916050696989668E-002
   4.8646040090551246       -8.8492496034996270E-003
   4.8708809174539054        1.5608288531487307E-002
   4.8771578258526862        3.5835834985113883E-002
   4.8834347342514670        4.6336793478622691E-002
   4.8897116426502478        4.4238911548028378E-002
   4.8959885510490286        3.0090979459757094E-002
   4.9022654594478094        7.7322092632185410E-003
   4.9085423678465903       -1.6738731931035103E-002
   4.9148192762453711       -3.6621337019889344E-002
   4.9210961846441519       -4.6448820256391937E-002
   4.9273730930429327       -4.3498791522011492E-002
   4.9336500014417135       -2.8559734726155382E-002
   4.9399269098404943       -5.7343145712736394E-003
   4.9462038182392751        1.8675795811994633E-002
   4.9524807266380559        3.7903839224196524E-002
   4.9587576350368368        4.6595419135394799E-002
   4.9650345434356176        4.2308370996228806E-002
   4.9713114518343984        2.6212693570594227E-002
   4.9775883602331792        2.7863637108951423E-003
   4.9838652686319600       -2.1418516252930803E-002
   4.9901421770307408       -3.9602842092127388E-002
   4.9964190854295216       -4.6633172517380722E-002
   5.0026959938283024       -4.0501359772479505E-002
   5.0089729022270832       -2.2913420260395494E-002
   5.0152498106258641        1.1690279617373076E-003
   5.0215267190246449        2.4916407580318479E-002
   5.0278036274234257        4.1563480574838371E-002
   5.0340805358222065        4.6341157467069023E-002
   5.0403574442209873        3.7855190650596560E-002
   5.0466343526197681        1.8509900739484310E-002
   5.0529112610185480       -6.1561917037376065E-003
   5.0591881694173289       -2.9044401567820358E-002
   5.0654650778161097       -4.3535863540890472E-002
   5.0717419862148905       -4.5412377341713044E-002
   5.0780188946136713       -3.4099006811284777E-002
   5.0842958030124521       -1.2858400881388031E-002
   5.0905727114112329        1.2132911751238684E-002
   5.0968496198100137        3.3570057867950823E-002
   5.1031265282087945        4.5154388870882863E-002
   5.1094034366075753        4.3453840813679166E-002
   5.1156803450063562        2.8937080799909337E-002
   5.1219572534051370        5.8650656208969216E-003
   5.1282341618039178       -1.8942711038468299E-002
   5.1345110702026986       -3.8115370834316535E-002
   5.1407879786014794       -4.5923298147528616E-002
   5.1470648870002602       -4.0003590924986017E-002
   5.1533417953990410       -2.2095100317579427E-002
   5.1596187037978218        2.4511063251339525E-003
   5.1658956121966026        2.6254971295585395E-002
   5.1721725205953835        4.2120975593229533E-002
   5.1784494289941643        4.5220029549753578E-002
   5.1847263373929451        3.4576417400681535E-002
   5.1910032457917259        1.3397114775771461E-002
   5.1972801541905067       -1.1873326372196567E-002
   5.2035570625892875       -3.3500659010885683E-002
   5.2098339709880683       -4.4827202895394262E-002
   5.2161108793868491       -4.2333189890371256E-002
   5.2223877877856300       -2.6751692447589424E-002
   5.2286646961844108       -2.8778868046422852E-003
   5.2349416045831916        2.1886953869662957E-002
   5.2412185129819724        3.9821136050770756E-002
   5.2474954213807532        4.5295184188541532E-002
   5.2537723297795340        3.6556457726589206E-002
   5.2600492381783148        1.6314875460142892E-002
   5.2663261465770956       -9.0729786296780291E-003
   5.2726030549758764       -3.1584001121004374E-002
   5.2788799633746573       -4.4061576477641709E-002
   5.2851568717734381       -4.2502866218954431E-002
   5.2914337801722189       -2.7365829552899696E-002
   5.2977106885709997       -3.4622915247415633E-003
   5.3039875969697805        2.1549882732372929E-002
   5.3102645053685613        3.9610386722447377E-002
   5.3165414137673421        4.4859519205151105E-002
   5.3228183221661229        3.5558497423912087E-002
   5.3290952305649038        1.4691805126501289E-002
   5.3353721389636846       -1.0964837874436459E-002
   5.3416490473624654       -3.3028689179188185E-002
   5.3479259557612462       -4.4247748365926751E-002
   5.3542028641600270       -4.0898487285090851E-002
   5.3604797725588078       -2.4046332818623270E-002
   5.3667566809575886        7.6555956439147742E-004
   5.3730335893563694        2.5318883175382140E-002
   5.3793104977551502        4.1435051328831005E-002
   5.3855874061539311        4.3708049240072953E-002
   5.3918643145527119        3.1339318346832089E-002
   5.3981412229514927        8.4448903187084728E-003
   5.4044181313502735       -1.7290504684234844E-002
   5.4106950397490543       -3.7180587116478647E-002
   5.4169719481478351       -4.4472561550593280E-002
   5.4232488565466159       -3.6657208303310616E-002
   5.4295257649453967       -1.6357936334836419E-002
   5.4358026733441775        9.5243711028888470E-003
   5.4420795817429584        3.2141086248134276E-002
   5.4483564901417392        4.3719253033655196E-002
   5.4546333985405200        4.0246251694224258E-002
   5.4609103069393008        2.2883989758501193E-002
   5.4671872153380816       -2.3935997109122780E-003
   5.4734641237368624       -2.6836803560057344E-002
   5.4797410321356432       -4.1942826939286193E-002
   5.4860179405344240       -4.2422812976957498E-002
   5.4922948489332049       -2.8074691185912833E-002
   5.4985717573319857       -3.8914877531229857E-003
   5.5048486657307665        2.1654864576676754E-002
   5.5111255741295473        3.9571986731653450E-002
   5.5174024825283281        4.3518036520308973E-002
   5.5236793909271089        3.2065097252355540E-002
   5.5299562993258897        9.2407401755293592E-003
   5.5362332077246705       -1.6865546735418520E-002
   5.5425101161234513       -3.6957205229059535E-002
   5.5487870245222322       -4.3843661994264566E-002
   5.5550639329210130       -3.5030073399067330E-002
   5.5613408413197938       -1.3645347676639080E-002
   5.5676177497185746        1.2644917776226682E-002
   5.5738946581173554        3.4371774757587348E-002
   5.5801715665161362        4.3673217559830585E-002
   5.5864484749149170        3.7153326679055181E-002
   5.5927253833136978        1.7145480534450780E-002
   5.5990022917124787       -9.0983704067140111E-003
   5.6052792001112595       -3.2020027909326731E-002
   5.6115561085100403       -4.3233962941859869E-002
   5.6178330169088211       -3.8607492936697213E-002
   5.6241099253076019       -1.9806353701910258E-002
   5.6303868337063827        6.2803462272522084E-003
   5.6366637421051635        3.0047042884392756E-002
   5.6429406505039443        4.2704776898937570E-002
   5.6492175589027251        3.9542381307083881E-002
   5.6554944673015060        2.1701729255642906E-002
   5.6617713757002868       -4.2097369460622567E-003
   5.6680482840990676       -2.8547958456821163E-002
   5.6743251924978484       -4.2216680740978105E-002
   5.6806021008966292       -4.0077045770463289E-002
   5.6868790092954100       -2.2900682166893602E-002
   5.6931559176941908        2.8837076437730268E-003
   5.6994328260929716        2.7577868439771090E-002
   5.7057097344917524        4.1856050097157614E-002
   5.7119866428905333        4.0296079079952203E-002
   5.7182635512893141        2.3459029515323953E-002
   5.7245404596880949       -2.2877786525264316E-003
   5.7308173680868757       -2.7160047745021721E-002
   5.7370942764856565       -4.1668708134275596E-002
   5.7433711848844373       -4.0248958954759238E-002
   5.7496480932832181       -2.3414903131815559E-002
   5.7559250016819989        2.4020603068061310E-003
   5.7622019100807798        2.7291853614693225E-002
   5.7684788184795606        4.1663888749021029E-002
   5.7747557268783414        3.9951378273655164E-002
   5.7810326352771222        2.2787639055264722E-002
   5.7873095436759030       -3.2040331882239835E-003
   5.7935864520746838       -2.7948221184995816E-002
   5.7998633604734646       -4.1817609229217893E-002
   5.8061402688722454       -3.9387891953585448E-002
   5.8124171772710262       -2.1579303181158412E-002
   5.8186940856698071        4.6684001641803833E-003
   5.8249709940685879        2.9083016178626457E-002
   5.8312479024673687        4.2075420636643886E-002
   5.8375248108661495        3.8515601184041084E-002
   5.8438017192649303        1.9778426335361584E-002
   5.8500786276637111       -6.7644689570223425E-003
   5.8563555360624919       -3.0628631701939139E-002
   5.8626324444612727       -4.2354763065122862E-002
   5.8689093528600536       -3.7268869283916622E-002
   5.8751862612588344       -1.7365673332188518E-002
   5.8814631696576152        9.4515698768856387E-003
   5.8877400780563960        3.2494421100981954E-002
   5.8940169864551768        4.2547393361073271E-002
   5.9002938948539576        3.5565214623095691E-002
   5.9065708032527384        1.4321177341175596E-002
   5.9128477116515192       -1.2673127051056532E-002
   5.9191246200503000       -3.4564728469183688E-002
   5.9254015284490809       -4.2522513134243448E-002
   5.9316784368478617       -3.3312629295598306E-002
   5.9379553452466425       -1.0633294276366943E-002
   5.9442322536454233        1.6350048980753387E-002
   5.9505091620442041        3.6697361929977121E-002
   5.9567860704429849        4.2131334352556456E-002
   5.9630629788417657        3.0418782233063730E-002
   5.9693398872405457        6.3089485500265174E-003
   5.9756167956393265       -2.0373592211510062E-002
   5.9818937040381073       -3.8723333409863982E-002
   5.9881706124368881       -4.1215106142995971E-002
   5.9944475208356689       -2.6805340865272136E-002
   6.0007244292344497       -1.3888875791347231E-003
   6.0070013376332305        2.4596017096532256E-002
   6.0132782460320113        4.0448312321267936E-002
   6.0195551544307921        3.9617169837974850E-002
   6.0258320628295730        2.2424798923184937E-002
   6.0321089712283538       -4.0393522248654131E-003
   6.0383858796271346       -2.8828266695110075E-002
   6.0446627880259154       -4.1662247025416779E-002
   6.0509396964246962       -3.7199731889557032E-002
   6.0572166048234770       -1.7276015916459556E-002
   6.0634935132222578        9.8350113569632171E-003
   6.0697704216210386        3.2846269506126805E-002
   6.0760473300198194        4.2156022365828688E-002
   6.0823242384186003        3.3863420363278628E-002
   6.0886011468173811        1.1417470621200469E-002
   6.0948780552161619       -1.5803794665217023E-002
   6.1011549636149427       -3.6404324041627592E-002
   6.1074318720137235       -4.1742747393607831E-002
   6.1137087804125043       -2.9566581531063625E-002
   6.1199856888112851       -4.9751388890531432E-003
   6.1262625972100659        2.1705730341057952E-002
   6.1325395056088468        3.9255398825736344E-002
   6.1388164140076276        4.0280647936219563E-002
   6.1450933224064084        2.4338922029256641E-002
   6.1513702308051892       -1.8608093225984472E-003
   6.1576471392039700       -2.7274483146718057E-002
   6.1639240476027508       -4.1176914660738473E-002
   6.1702009560015316       -3.7692124561713461E-002
   6.1764778644003124       -1.8284102556167112E-002
   6.1827547727990932        8.8511682206171474E-003
   6.1890316811978741        3.2242906363130458E-002
   6.1953085895966549        4.1994859964209805E-002
   6.2015854979954357        3.3975899279600957E-002
   6.2078624063942165        1.1575179780839684E-002
   6.2141393147929973       -1.5726222313276986E-002
   6.2204162231917781       -3.6366741056431465E-002
   6.2266931315905589       -4.1601648474403508E-002
   6.2329700399893397       -2.9210645137206913E-002
   6.2392469483881206       -4.4421138567203190E-003
   6.2455238567869014        2.2208740200326836E-002
   6.2518007651856822        3.9447450738253238E-002
   6.2580776735844630        3.9968030729367936E-002
   6.2643545819832438        2.3550200922219849E-002
   6.2706314903820246       -2.8476934747987148E-003
   6.2769083987808054       -2.8039174262540788E-002
   6.2831853071795862       -4.1351490933005441E-002
