   6.2769083987808056E-003   4.9848708373748746E-002
   1.2553816797561611E-002   3.6973688575073903E-002
   1.8830725196342418E-002   1.9310927622481655E-002
   2.5107633595123222E-002  -8.5012942791634746E-004
   3.1384541993904030E-002  -2.0901909112798517E-002
   3.7661450392684835E-002  -3.8257373461256398E-002
   4.3938358791465640E-002  -5.0684367353988555E-002
   5.0215267190246445E-002  -5.6592183459518185E-002
   5.6492175589027249E-002  -5.5233464343400485E-002
   6.2769083987808061E-002  -4.6795924422825041E-002
   6.9045992386588859E-002  -3.2372961442300771E-002
   7.5322900785369670E-002  -1.3818075621779974E-002
   8.1599809184150468E-002   6.4969774380983043E-003
   8.7876717582931280E-002   2.5988165332643132E-002
   9.4153625981712077E-002   4.2189300484590742E-002
  0.10043053438049289        5.3063771504305392E-002
  0.10670744277927370        5.7258350788798380E-002
  0.11298435117805450        5.4267592247248621E-002
  0.11926125957683531        4.4489275809893064E-002
  0.12553816797561612        2.9165580383706317E-002
  0.13181507637439691        1.0219296043669255E-002
  0.13809198477317772       -9.9925364090350504E-003
  0.14436889317195853       -2.8975255919569273E-002
  0.15064580157073934       -4.4405596297191048E-002
  0.15692270996952015       -5.4414536270083559E-002
  0.16319961836830094       -5.7809621860029664E-002
  0.16947652676708175       -5.4210755139402031E-002
  0.17575343516586256       -4.4084782614248759E-002
  0.18203034356464337       -2.8677019626885548E-002
  0.18830725196342415       -9.8504703841354509E-003
  0.19458416036220497        1.0145608260558004E-002
  0.20086106876098578        2.8948271619940277E-002
  0.20713797715976659        4.4361028943306985E-002
  0.21341488555854740        5.4608176156973859E-002
  0.21969179395732819        5.8534094006150769E-002
  0.22596870235610900        5.5725768708462353E-002
  0.23224561075488981        4.6546554303904801E-002
  0.23852251915367062        3.2079971745154048E-002
  0.24479942755245140        1.3992806693430797E-002
  0.25107633595123224       -5.6642902747373342E-003
  0.25735324435001306       -2.4694050366750341E-002
  0.26363015274879381       -4.0999703719445085E-002
  0.26990706114757462       -5.2814009741845171E-002
  0.27618396954635543       -5.8885426961307920E-002
  0.28246087794513625       -5.8602463857868763E-002
  0.28873778634391706       -5.2044896602827448E-002
  0.29501469474269787       -3.9959052100841858E-002
  0.30129160314147868       -2.3662736583254958E-002
  0.30756851154025949       -4.8927215825020631E-003
  0.31384541993904030        1.4386761726708282E-002
  0.32012232833782106        3.2192816152040865E-002
  0.32639923673660187        4.6727499454817023E-002
  0.33267614513538268        5.6555473485707282E-002
  0.33895305353416350        6.0738628821859583E-002
  0.34522996193294431        5.8915930869387990E-002
  0.35150687033172512        5.1322925231961851E-002
  0.35778377873050593        3.8751721278045208E-002
  0.36406068712928674        2.2458173220486231E-002
  0.37033759552806755        4.0278294295248949E-003
  0.37661450392684831       -1.4784392307228984E-002
  0.38289141232562912       -3.2224154652932178E-002
  0.38916832072440993       -4.6700668841372438E-002
  0.39544522912319074       -5.6927727130803144E-002
  0.40172213752197156       -6.2030834726436786E-002
  0.40799904592075237       -6.1612385432187812E-002
  0.41427595431953318       -5.5771205539727885E-002
  0.42055286271831399       -4.5077190803223269E-002
  0.42682977111709480       -3.0505767026476741E-002
  0.43310667951587556       -1.3340177542971223E-002
  0.43938358791465637        4.9480969551583482E-003
  0.44566049631343718        2.2829273546653116E-002
  0.45193740471221799        3.8843943856242028E-002
  0.45821431311099881        5.1719794879585536E-002
  0.46449122150977962        6.0467435725144833E-002
  0.47076812990856043        6.4448765124051399E-002
  0.47704503830734124        6.3414040589852283E-002
  0.48332194670612205        5.7506625068139271E-002
  0.48959885510490281        4.7237046869291123E-002
  0.49587576350368362        3.3430308832006990E-002
  0.50215267190246449        1.7152170419515309E-002
  0.50842958030124530       -3.7869160665225400E-004
  0.51470648870002611       -1.7885196020226639E-002
  0.52098339709880681       -3.4125670718903142E-002
  0.52726030549758762       -4.7980223238204139E-002
  0.53353721389636843       -5.8524013828871645E-002
  0.53981412229514925       -6.5083151869147621E-002
  0.54609103069393006       -6.7270460880837518E-002
  0.55236793909271087       -6.4999962582770812E-002
  0.55864484749149168       -5.8480480408043892E-002
  0.56492175589027249       -4.8190148428771784E-002
  0.57119866428905330       -3.4834753978741417E-002
  0.57747557268783412       -1.9293686537135878E-002
  0.58375248108661493       -2.5577841552960911E-003
  0.59002938948539574        1.4336440895996469E-002
  0.59630629788417655        3.0371833429024674E-002
  0.60258320628295736        4.4610907619590003E-002
  0.60886011468173817        5.6248070050624301E-002
  0.61513702308051899        6.4651146463379369E-002
  0.62141393147929980        6.9390461534253517E-002
  0.62769083987808061        7.0254607598493973E-002
  0.63396774827686131        6.7252896998297770E-002
  0.64024465667564212        6.0605273819038574E-002
  0.64652156507442293        5.0721124599245569E-002
  0.65279847347320374        3.8168946250010119E-002
  0.65907538187198456        2.3639186814695540E-002
  0.66535229027076537        7.9027663600857549E-003
  0.67162919866954618       -8.2321830068173250E-003
  0.67790610706832699       -2.3962932556116756E-002
  0.68418301546710780       -3.8531939761828074E-002
  0.69045992386588861       -5.1261945735370539E-002
  0.69673683226466943       -6.1584940738153807E-002
  0.70301374066345024       -6.9063995292308208E-002
  0.70929064906223105       -7.3407401338981090E-002
  0.71556755746101186       -7.4475004647300655E-002
  0.72184446585979267       -7.2277012229114188E-002
  0.72812137425857348       -6.6965907526470872E-002
  0.73439828265735430       -5.8822389431821429E-002
  0.74067519105613511       -4.8236460897284041E-002
  0.74695209945491581       -3.5684926134759584E-002
  0.75322900785369662       -2.1706613463765876E-002
  0.75950591625247743       -6.8766288960241846E-003
  0.76578282465125824        8.2191283986975758E-003
  0.77205973305003905        2.3008083123175982E-002
  0.77833664144881987        3.6952793145911329E-002
  0.78461354984760068        4.9569703617178315E-002
  0.79089045824638149        6.0444306378999176E-002
  0.79716736664516230        6.9242376465773303E-002
  0.80344427504394311        7.5717161829429724E-002
  0.80972118344272392        7.9712590831728602E-002
  0.81599809184150474        8.1162727526775488E-002
  0.82227500024028555        8.0087842128920658E-002
  0.82855190863906636        7.6587570246372097E-002
  0.83482881703784717        7.0831708085550782E-002
  0.84110572543662798        6.3049232409903011E-002
  0.84738263383540879        5.3516145318295044E-002
  0.85365954223418961        4.2542728105399379E-002
  0.85993645063297042        3.0460749345115348E-002
  0.86621335903175112        1.7611114506338309E-002
  0.87249026743053193        4.3323719295710727E-003
  0.87876717582931274       -9.0495841018933022E-003
  0.88504408422809355       -2.2230346440185365E-002
  0.89132099262687436       -3.4934195492520720E-002
  0.89759790102565518       -4.6919588025512410E-002
  0.90387480942443599       -5.7982932659439920E-002
  0.91015171782321680       -6.7960717764444414E-002
  0.91642862622199761       -7.6730113044499115E-002
  0.92270553462077842       -8.4208209338842141E-002
  0.92898244301955923       -9.0350091660689816E-002
  0.93525935141834005       -9.5145958884257031E-002
  0.94153625981712086       -9.8617510581785375E-002
  0.94781316821590167      -0.10081381876282783     
  0.95409007661468248      -0.10180689114947301     
  0.96036698501346329      -0.10168711495428598     
  0.96664389341224410      -0.10055874756935840     
  0.97292080181102492       -9.8535594911359325E-002
  0.97919771020980562       -9.5736990872105174E-002
  0.98547461860858643       -9.2284163878162920E-002
  0.99175152700736724       -8.8297050029023327E-002
  0.99802843540614805       -8.3891587712263904E-002
   1.0043053438049290       -7.9177506543643597E-002
   1.0105822522037098       -7.4256604574709562E-002
   1.0168591606024906       -6.9221492033415113E-002
   1.0231360690012714       -6.4154767276508581E-002
   1.0294129774000522       -5.9128577785569771E-002
   1.0356898857988328       -5.4204514513613140E-002
   1.0419667941976136       -4.9433796903494122E-002
   1.0482437025963944       -4.4857698758157143E-002
   1.0545206109951752       -4.0508162737748647E-002
   1.0607975193939561       -3.6408554103613711E-002
   1.0670744277927369       -3.2574508238454931E-002
   1.0733513361915177       -2.9014831502263184E-002
   1.0796282445902985       -2.5732420412874261E-002
   1.0859051529890793       -2.2725169895590220E-002
   1.0921820613878601       -1.9986846997096474E-002
   1.0984589697866409       -1.7507911914363294E-002
   1.1047358781854217       -1.5276273204507912E-002
   1.1110127865842025       -1.3277968565552325E-002
   1.1172896949829834       -1.1497766505900621E-002
   1.1235666033817642       -9.9196875381158522E-003
   1.1298435117805450       -8.5274462475424424E-003
   1.1361204201793258       -7.3048176893240908E-003
   1.1423973285781066       -6.2359331748973647E-003
   1.1486742369768874       -5.3055115412826738E-003
   1.1549511453756682       -4.4990327417773002E-003
   1.1612280537744490       -3.8028598827966045E-003
   1.1675049621732299       -3.2043143428135724E-003
   1.1737818705720107       -2.6917145981872961E-003
   1.1800587789707915       -2.2543878243733708E-003
   1.1863356873695723       -1.8826592106008639E-003
   1.1926125957683531       -1.5678232971656134E-003
   1.1988895041671339       -1.3021013826087888E-003
   1.2051664125659147       -1.0785886859459692E-003
   1.2114433209646955       -8.9119451992211328E-004
   1.2177202293634763       -7.3457828947545614E-004
   1.2239971377622572       -6.0408367296495324E-004
   1.2302740461610380       -4.9567291212414591E-004
   1.2365509545598188       -4.0586272660146253E-004
   1.2428278629585996       -3.3166300289023856E-004
   1.2491047713573804       -2.7051908045067031E-004
   1.2553816797561612       -2.2025818014172644E-004
   1.2616585881549420       -1.7904028541758005E-004
   1.2679354965537226       -1.4531359759265120E-004
   1.2742124049525034       -1.1777453602715482E-004
   1.2804893133512842       -9.5332140898024261E-005
   1.2867662217500651       -7.7076652396441888E-005
   1.2930431301488459       -6.2251995407198803E-005
   1.2993200385476267       -5.0231922926994853E-005
   1.3055969469464075       -4.0499461149409220E-005
   1.3118738553451883       -3.2629180578661096E-005
   1.3181507637439691       -2.6271988980307590E-005
   1.3244276721427499       -2.1142184932366426E-005
   1.3307045805415307       -1.7006506520431839E-005
   1.3369814889403115       -1.3674922320744484E-005
   1.3432583973390924       -1.0992927248198343E-005
   1.3495353057378732       -8.8351279393558116E-006
   1.3558122141366540       -7.0999240123912384E-006
   1.3620891225354348       -5.7051151144848495E-006
   1.3683660309342156       -4.5842848584846623E-006
   1.3746429393329964       -3.6838338292880581E-006
   1.3809198477317772       -2.9605518131896347E-006
   1.3871967561305580       -2.3796365882088680E-006
   1.3934736645293389       -1.9130806828691782E-006
   1.3997505729281197       -1.5383607341998248E-006
   1.4060274813269005       -1.2373745119376900E-006
   1.4123043897256813       -9.9558048612480098E-007
   1.4185812981244621       -8.0130222138671169E-007
   1.4248582065232429       -6.4516698903730268E-007
   1.4311351149220237       -5.1965307376886981E-007
   1.4374120233208045       -4.1872531055891260E-007
   1.4436889317195853       -3.3754174411867246E-007
   1.4499658401183662       -2.7221776592003631E-007
   1.4562427485171470       -2.1963635756980049E-007
   1.4625196569159278       -1.7729598139377991E-007
   1.4687965653147086       -1.4318859056246722E-007
   1.4750734737134894       -1.1570195030029755E-007
   1.4813503821122702       -9.3541264303388350E-008
   1.4876272905110510       -7.5666437889628720E-008
   1.4939041989098316       -6.1241701399291147E-008
   1.5001811073086124       -4.9595306259839440E-008
   1.5064580157073932       -4.0187123241234458E-008
   1.5127349241061741       -3.2582737169554126E-008
   1.5190118325049549       -2.6432585892680121E-008
   1.5252887409037357       -2.1455307628836219E-008
   1.5315656493025165       -1.7424288427908843E-008
   1.5378425577012973       -1.4156952556097700E-008
   1.5441194661000781       -1.1506075537767801E-008
   1.5503963744988589       -9.3528864163531072E-009
   1.5566732828976397       -7.6014457126927254E-009
   1.5629501912964205       -6.1742010082033635E-009
   1.5692270996952014       -5.0083328367884676E-009
   1.5755040080939822       -4.0528832395655955E-009
   1.5817809164927630       -3.2663655329471493E-009
   1.5880578248915438       -2.6149039535538911E-009
   1.5943347332903246       -2.0706526058135359E-009
   1.6006116416891054       -1.6105773545527018E-009
   1.6068885500878862       -1.2153889865587555E-009
   1.6131654584866670       -8.6872978823719287E-010
   1.6194423668854478       -5.5642796018878239E-010
   1.6257192752842287       -2.6593159185266897E-010
   1.6319961836830095        1.4244759163723915E-011
   1.6382730920817903        2.9494397919483166E-010
   1.6445500004805711        5.8682089059829620E-010
   1.6508269088793519        9.0069867293807644E-010
   1.6571038172781327        1.2479844353575991E-009
   1.6633807256769135        1.6410182654247827E-009
   1.6696576340756943        2.0935031260245629E-009
   1.6759345424744752        2.6208934172405904E-009
   1.6822114508732560        3.2408832563725807E-009
   1.6884883592720368        3.9738780321715642E-009
   1.6947652676708176        4.8435848872977163E-009
   1.7010421760695984        5.8776111394707724E-009
   1.7073190844683792        7.1082016621286239E-009
   1.7135959928671600        8.5730107118781020E-009
   1.7198729012659408        1.0316034710030798E-008
   1.7261498096647214        1.2388603961156279E-008
   1.7324267180635022        1.4850561055935557E-008
   1.7387036264622830        1.7771527163405589E-008
   1.7449805348610639        2.1232378857290383E-008
   1.7512574432598447        2.5326836133466134E-008
   1.7575343516586255        3.0163286136833992E-008
   1.7638112600574063        3.5866743306210729E-008
   1.7700881684561871        4.2581056670173362E-008
   1.7763650768549679        5.0471267384017526E-008
   1.7826419852537487        5.9726222084243713E-008
   1.7889188936525295        7.0561331469722268E-008
   1.7951958020513104        8.3221569293117909E-008
   1.8014727104500912        9.7984586362770163E-008
   1.8077496188488720        1.1516401580652076E-007
   1.8140265272476528        1.3511282932515664E-007
   1.8203034356464336        1.5822678825290318E-007
   1.8265803440452144        1.8494782344679637E-007
   1.8328572524439952        2.1576734959398918E-007
   1.8391341608427760        2.5122931904802489E-007
   1.8454110692415568        2.9193296512489575E-007
   1.8516879776403377        3.3853500197897811E-007
   1.8579648860391185        3.9175117671507355E-007
   1.8642417944378993        4.5235687622211793E-007
   1.8705187028366801        5.2118663648892954E-007
   1.8767956112354609        5.9913219856531860E-007
   1.8830725196342417        6.8713889648556081E-007
   1.8893494280330225        7.8619996734893678E-007
   1.8956263364318033        8.9734852449141349E-007
   1.9019032448305841        1.0216467362215097E-006
   1.9081801532293650        1.1601719326245648E-006
   1.9144570616281458        1.3139991771360366E-006
   1.9207339700269266        1.4841800325791318E-006
   1.9270108784257074        1.6717171144611716E-006
   1.9332877868244882        1.8775342390454590E-006
   1.9395646952232690        2.1024418869180618E-006
   1.9458416036220498        2.3470979632424355E-006
   1.9521185120208304        2.6119638061975771E-006
   1.9583954204196112        2.8972557196801482E-006
   1.9646723288183920        3.2028923395714179E-006
   1.9709492372171729        3.5284385357673450E-006
   1.9772261456159537        3.8730466612168724E-006
   1.9835030540147345        4.2353964142210324E-006
   1.9897799624135153        4.6136347568540257E-006
   1.9960568708122961        5.0053178285114724E-006
   2.0023337792110771        5.4073570203909790E-006
   2.0086106876098579        5.8159718793218726E-006
   2.0148875960086388        6.2266527191083806E-006
   2.0211645044074196        6.6341362810877741E-006
   2.0274414128062004        7.0323978991080178E-006
   2.0337183212049812        7.4146639485520677E-006
   2.0399952296037620        7.7734482855002192E-006
   2.0462721380025428        8.1006164454353455E-006
   2.0525490464013236        8.3874809955929607E-006
   2.0588259548001044        8.6249311045494724E-006
   2.0651028631988853        8.8035985924386308E-006
   2.0713797715976656        8.9140619037864314E-006
   2.0776566799964464        8.9470881068557202E-006
   2.0839335883952272        8.8939116588960671E-006
   2.0902104967940081        8.7465467571204753E-006
   2.0964874051927889        8.4981284797699670E-006
   2.1027643135915697        8.1432768366761651E-006
   2.1090412219903505        7.6784739066409281E-006
   2.1153181303891313        7.1024393129589059E-006
   2.1215950387879121        6.4164884169010286E-006
   2.1278719471866929        5.6248557545691853E-006
   2.1341488555854737        4.7349645693720365E-006
   2.1404257639842545        3.7576220312310390E-006
   2.1467026723830354        2.7071195125129872E-006
   2.1529795807818162        1.6012177950262526E-006
   2.1592564891805970        4.6099899263728033E-007
   2.1655333975793778       -6.8943004273158685E-007
   2.1718103059781586       -1.8233935108788805E-006
   2.1780872143769394       -2.9122665593121896E-006
   2.1843641227757202       -3.9262569047307679E-006
   2.1906410311745010       -4.8353375334089075E-006
   2.1969179395732819       -5.6103104450678355E-006
   2.2031948479720627       -6.2239717027611447E-006
   2.2094717563708435       -6.6523380679567923E-006
   2.2157486647696243       -6.8758862791741046E-006
   2.2220255731684051       -6.8807477735851986E-006
   2.2283024815671859       -6.6597954958138356E-006
   2.2345793899659667       -6.2135556956010707E-006
   2.2408562983647475       -5.5508773291988443E-006
   2.2471332067635283       -4.6892950700807318E-006
   2.2534101151623092       -3.6550297743224269E-006
   2.2596870235610900       -2.4825823824035714E-006
   2.2659639319598708       -1.2138939654632217E-006
   2.2722408403586516        1.0293482478281254E-007
   2.2785177487574324        1.4153465293889414E-006
   2.2847946571562132        2.6684061986450202E-006
   2.2910715655549940        3.8071862610893215E-006
   2.2973484739537748        4.7793610627096704E-006
   2.3036253823525557        5.5378920300500385E-006
   2.3099022907513365        6.0436657895079019E-006
   2.3161791991501173        6.2679348133933948E-006
   2.3224561075488981        6.1944053586623430E-006
   2.3287330159476789        5.8208214923969424E-006
   2.3350099243464597        5.1599082059736063E-006
   2.3412868327452405        4.2395609104255687E-006
   2.3475637411440213        3.1022030883742191E-006
   2.3538406495428021        1.8032770818719113E-006
   2.3601175579415830        4.0888349408353197E-007
   2.3663944663403638       -1.0073604639508217E-006
   2.3726713747391446       -2.3681169839345528E-006
   2.3789482831379254       -3.5965975341252179E-006
   2.3852251915367062       -4.6210785423711063E-006
   2.3915020999354870       -5.3793979094392921E-006
   2.3977790083342678       -5.8231445427876367E-006
   2.4040559167330486       -5.9212479266388345E-006
   2.4103328251318294       -5.6626891834434161E-006
   2.4166097335306103       -5.0580906176658035E-006
   2.4228866419293911       -4.1399966750730821E-006
   2.4291635503281719       -2.9617340802455988E-006
   2.4354404587269527       -1.5948286864223978E-006
   2.4417173671257335       -1.2505658851129979E-007
   2.4479942755245143        1.3526898557117109E-006
   2.4542711839232951        2.7404412380765196E-006
   2.4605480923220759        3.9437274198882340E-006
   2.4668250007208568        4.8782542506704658E-006
   2.4731019091196376        5.4762029462271536E-006
   2.4793788175184184        5.6916662460694370E-006
   2.4856557259171992        5.5047644429199767E-006
   2.4919326343159800        4.9240513866443088E-006
   2.4982095427147608        3.9869241401485956E-006
   2.5044864511135416        2.7578847701309940E-006
   2.5107633595123224        1.3246609805818470E-006
   2.5170402679111032       -2.0763739251188135E-007
   2.5233171763098841       -1.7239793550885669E-006
   2.5295940847086644       -3.1079902364370566E-006
   2.5358709931074452       -4.2510198926490722E-006
   2.5421479015062260       -5.0609940577046792E-006
   2.5484248099050069       -5.4703129467500681E-006
   2.5547017183037877       -5.4420936961961702E-006
   2.5609786267025685       -4.9741484310025085E-006
   2.5672555351013493       -4.1002448150673397E-006
   2.5735324435001301       -2.8884016252614482E-006
   2.5798093518989109       -1.4362141825716622E-006
   2.5860862602976917        1.3653590092545677E-007
   2.5923631686964725        1.6974772360856700E-006
   2.5986400770952534        3.1127157126978223E-006
   2.6049169854940342        4.2584616069446931E-006
   2.6111938938928150        5.0322034606400208E-006
   2.6174708022915958        5.3623994144274369E-006
   2.6237477106903766        5.2157356095572145E-006
   2.6300246190891574        4.6011743368863041E-006
   2.6363015274879382        3.5702723477521573E-006
   2.6425784358867190        2.2135729606599780E-006
   2.6488553442854998        6.5323780144749858E-007
   2.6551322526842807       -9.6754782508551836E-007
   2.6614091610830615       -2.4975234297061942E-006
   2.6676860694818423       -3.7915102483341337E-006
   2.6739629778806231       -4.7244551238409675E-006
   2.6802398862794039       -5.2039853319937152E-006
   2.6865167946781847       -5.1801783225092158E-006
   2.6927937030769655       -4.6514657933537897E-006
   2.6990706114757463       -3.6659286593289544E-006
   2.7053475198745272       -2.3176714539896766E-006
   2.7116244282733080       -7.3845222474199347E-007
   2.7179013366720888        9.1476031152779717E-007
   2.7241782450708696        2.4751786398858187E-006
   2.7304551534696504        3.7830558115044409E-006
   2.7367320618684312        4.7023110281907430E-006
   2.7430089702672120        5.1351700245582668E-006
   2.7492858786659928        5.0332037508806743E-006
   2.7555627870647736        4.4034645637859006E-006
   2.7618396954635545        3.3088916257631718E-006
   2.7681166038623353        1.8627430067972923E-006
   2.7743935122611161        2.1745285695209022E-007
   2.7806704206598969       -1.4510606495736167E-006
   2.7869473290586777       -2.9620677345026785E-006
   2.7932242374574585       -4.1497178561209536E-006
   2.7995011458562393       -4.8815962083575053E-006
   2.8057780542550201       -5.0740374834421874E-006
   2.8120549626538009       -4.7023739843889962E-006
   2.8183318710525818       -3.8047989869920500E-006
   2.8246087794513626       -2.4792057819097308E-006
   2.8308856878501434       -8.7314743131101033E-007
   2.8371625962489242        8.3213601618453178E-007
   2.8434395046477050        2.4419507654404492E-006
   2.8497164130464858        3.7704121308194109E-006
   2.8559933214452666        4.6621885432402411E-006
   2.8622702298440474        5.0111516353977315E-006
   2.8685471382428283        4.7736382648847422E-006
   2.8748240466416091        3.9745989399079936E-006
   2.8811009550403899        2.7057066383556352E-006
   2.8873778634391707        1.1154426462395431E-006
   2.8936547718379515       -6.0784855190802310E-007
   2.8999316802367323       -2.2580544552407620E-006
   2.9062085886355131       -3.6359711230260860E-006
   2.9124854970342939       -4.5735995910245263E-006
   2.9187624054330747       -4.9550637792716555E-006
   2.9250393138318556       -4.7314888027933295E-006
   2.9313162222306364       -3.9278612457067203E-006
   2.9375931306294172       -2.6408463665776850E-006
   2.9438700390281980       -1.0276491896702217E-006
   2.9501469474269788        7.1286041606965074E-007
   2.9564238558257596        2.3645292542006363E-006
   2.9627007642245404        3.7208285075850645E-006
   2.9689776726233212        4.6109190701900777E-006
   2.9752545810221021        4.9215427416584615E-006
   2.9815314894208829        4.6118790278207115E-006
   2.9878083978196632        3.7193597624555939E-006
   2.9940853062184440        2.3555641148943978E-006
   3.0003622146172249        6.9258393402467217E-007
   3.0066391230160057       -1.0585099878337852E-006
   3.0129160314147865       -2.6744199028651918E-006
   3.0191929398135673       -3.9481932311680101E-006
   3.0254698482123481       -4.7159331964535207E-006
   3.0317467566111289       -4.8781620666284624E-006
   3.0380236650099097       -4.4130079395175253E-006
   3.0443005734086905       -3.3794243383402004E-006
   3.0505774818074713       -1.9099391713061533E-006
   3.0568543902062522       -1.9379837468089520E-007
   3.0631312986050330        1.5473615094633954E-006
   3.0694082070038138        3.0881783611463339E-006
   3.0756851154025946        4.2288403757668017E-006
   3.0819620238013754        4.8211414679274783E-006
   3.0882389322001562        4.7878871845850487E-006
   3.0945158405989370        4.1330813424671020E-006
   3.1007927489977178        2.9415281388224456E-006
   3.1070696573964987        1.3678752218850131E-006
   3.1133465657952795       -3.8348450579148609E-007
   3.1196234741940603       -2.0850268965203714E-006
   3.1259003825928411       -3.5157394705482212E-006
   3.1321772909916219       -4.4899056355879952E-006
   3.1384541993904027       -4.8812565660805075E-006
   3.1447311077891835       -4.6393312466347994E-006
   3.1510080161879643       -3.7959167359120544E-006
   3.1572849245867451       -2.4607514259948949E-006
   3.1635618329855260       -8.0708832944306629E-007
   3.1698387413843068        9.5095523129893889E-007
   3.1761156497830876        2.5862672235365559E-006
   3.1823925581818684        3.8881689488804280E-006
   3.1886694665806492        4.6895612242274181E-006
   3.1949463749794300        4.8882754531129358E-006
   3.2012232833782108        4.4599020054030173E-006
   3.2075001917769916        3.4605037079515375E-006
   3.2137771001757724        2.0189536524795906E-006
   3.2200540085745533        3.1998589764638475E-007
   3.2263309169733341       -1.4197624409983008E-006
   3.2326078253721149       -2.9795626350870605E-006
   3.2388847337708957       -4.1626504635446485E-006
   3.2451616421696765       -4.8209392218011498E-006
   3.2514385505684573       -4.8732860359305740E-006
   3.2577154589672381       -4.3150830152665065E-006
   3.2639923673660189       -3.2180890678760802E-006
   3.2702692757647998       -1.7206806591699355E-006
   3.2765461841635806       -9.9109079341505195E-009
   3.2828230925623614        1.7022295613416869E-006
   3.2891000009611422        3.2052804586801722E-006
   3.2953769093599230        4.3161672802074936E-006
   3.3016538177587038        4.9012590269140978E-006
   3.3079307261574846        4.8919926008409989E-006
   3.3142076345562654        4.2922903324396360E-006
   3.3204845429550462        3.1770527630522161E-006
   3.3267614513538271        1.6821199762863935E-006
   3.3330383597526079       -1.2878563716629636E-008
   3.3393152681513887       -1.7065468571496666E-006
   3.3455921765501695       -3.1998607660607096E-006
   3.3518690849489503       -4.3194981314800585E-006
   3.3581459933477311       -4.9376277146151241E-006
   3.3644229017465119       -4.9859342185999850E-006
   3.3706998101452927       -4.4624110953960971E-006
   3.3769767185440736       -3.4303502899107703E-006
   3.3832536269428544       -2.0098856903904906E-006
   3.3895305353416352       -3.6329368996282395E-007
   3.3958074437404160        1.3240751351831349E-006
   3.4020843521391968        2.8649343289382871E-006
   3.4083612605379776        4.0908285219793085E-006
   3.4146381689367584        4.8702295087354002E-006
   3.4209150773355392        5.1220562061586376E-006
   3.4271919857343200        4.8233018996595255E-006
   3.4334688941331009        4.0101577632578059E-006
   3.4397458025318817        2.7727587980243833E-006
   3.4460227109306620        1.2443631672663222E-006
   3.4522996193294428       -4.1366375039266008E-007
   3.4585765277282237       -2.0293074038758139E-006
   3.4648534361270045       -3.4378778410654355E-006
   3.4711303445257853       -4.4986141016413054E-006
   3.4774072529245661       -5.1082714302230278E-006
   3.4836841613233469       -5.2104391417291146E-006
   3.4899610697221277       -4.7998385660047100E-006
   3.4962379781209085       -3.9213988212062332E-006
   3.5025148865196893       -2.6644430674088547E-006
   3.5087917949184702       -1.1527857242069002E-006
   3.5150687033172510        4.6810109560197363E-007
   3.5213456117160318        2.0454737968356471E-006
   3.5276225201148126        3.4338077262002711E-006
   3.5338994285135934        4.5080182341865096E-006
   3.5401763369123742        5.1742424451137549E-006
   3.5464532453111550        5.3773131829398677E-006
   3.5527301537099358        5.1044179439459971E-006
   3.5590070621087166        4.3848181259601757E-006
   3.5652839705074975        3.2858694047340668E-006
   3.5715608789062783        1.9059002467422680E-006
   3.5778377873050591        3.6474732222343761E-007
   3.5841146957038399       -1.2071018286194135E-006
   3.5903916041026207       -2.6797526750164838E-006
   3.5966685125014015       -3.9345644850940717E-006
   3.6029454209001823       -4.8733756092175161E-006
   3.6092223292989631       -5.4256213112364858E-006
   3.6154992376977440       -5.5528943075429121E-006
   3.6217761460965248       -5.2507393063978967E-006
   3.6280530544953056       -4.5477106876521171E-006
   3.6343299628940864       -3.5019377712523250E-006
   3.6406068712928672       -2.1956192181891520E-006
   3.6468837796916480       -7.2799654346238005E-007
   3.6531606880904288        7.9256911807871481E-007
   3.6594375964892096        2.2567732262608800E-006
   3.6657145048879904        3.5621844261705827E-006
   3.6719914132867713        4.6201640103989321E-006
   3.6782683216855521        5.3614591902340113E-006
   3.6845452300843329        5.7401661496555472E-006
   3.6908221384831137        5.7358948868345018E-006
   3.6970990468818945        5.3541048539237291E-006
   3.7033759552806753        4.6247076863382644E-006
   3.7096528636794561        3.5991426995560187E-006
   3.7159297720782369        2.3462167729467672E-006
   3.7222066804770177        9.4705895075921412E-007
   3.7284835888757986       -5.1042944737766129E-007
   3.7347604972745794       -1.9372456817539346E-006
   3.7410374056733602       -3.2487160703582449E-006
   3.7473143140721410       -4.3693681534987076E-006
   3.7535912224709218       -5.2369861021608268E-006
   3.7598681308697026       -5.8056613368282319E-006
   3.7661450392684834       -6.0477258668638738E-006
   3.7724219476672642       -5.9545315840083176E-006
   3.7786988560660451       -5.5361096799872181E-006
   3.7849757644648259       -4.8198069301539723E-006
   3.7912526728636067       -3.8480466116568402E-006
   3.7975295812623875       -2.6753996754341209E-006
   3.8038064896611683       -1.3651753227010355E-006
   3.8100833980599491        1.4250294370698381E-008
   3.8163603064587299        1.3931523241640626E-006
   3.8226372148575107        2.7040227753319603E-006
   3.8289141232562915        3.8848087311093063E-006
   3.8351910316550724        4.8816806686675492E-006
   3.8414679400538532        5.6512254353612776E-006
   3.8477448484526340        6.1619968666041876E-006
   3.8540217568514148        6.3953953190314820E-006
   3.8602986652501956        6.3458836562463872E-006
   3.8665755736489764        6.0205798004481524E-006
   3.8728524820477572        5.4382931759858561E-006
   3.8791293904465380        4.6280937130486851E-006
   3.8854062988453189        3.6275167527949211E-006
   3.8916832072440997        2.4805154744540722E-006
   3.8979601156428805        1.2352742834959143E-006
   3.9042370240416608       -5.8007106315623361E-008
   3.9105139324404417       -1.3492579480384058E-006
   3.9167908408392225       -2.5905207055464032E-006
   3.9230677492380033       -3.7377024984203132E-006
   3.9293446576367841       -4.7520382599469570E-006
   3.9356215660355649       -5.6012283555314796E-006
   3.9418984744343457       -6.2602313003682334E-006
   3.9481753828331265       -6.7117092866924279E-006
   3.9544522912319073       -6.9461394163020690E-006
   3.9607291996306881       -6.9616167035168507E-006
   3.9670061080294690       -6.7633853141308617E-006
   3.9732830164282498       -6.3631423416615373E-006
   3.9795599248270306       -5.7781632636072111E-006
   3.9858368332258114       -5.0303005628906459E-006
   3.9921137416245922       -4.1449066786872620E-006
   3.9983906500233730       -3.1497301254409768E-006
   4.0046675584221543       -2.0738293234287576E-006
   4.0109444668209351       -9.4654310163629478E-007
   4.0172213752197159        2.0344978957858244E-007
   4.0234982836184967        1.3489557346530496E-006
   4.0297751920172775        2.4649571159039888E-006
   4.0360521004160583        3.5291584369006455E-006
   4.0423290088148391        4.5223843946050712E-006
   4.0486059172136200        5.4288327220270774E-006
   4.0548828256124008        6.2361900264431055E-006
   4.0611597340111816        6.9356229949637027E-006
   4.0674366424099624        7.5216606234541531E-006
   4.0737135508087432        7.9919851027382166E-006
   4.0799904592075240        8.3471501971219481E-006
   4.0862673676063048        8.5902459996817819E-006
   4.0925442760050856        8.7265284569219421E-006
   4.0988211844038664        8.7630306791621651E-006
   4.1050980928026473        8.7081714193445905E-006
   4.1113750012014281        8.5713739015346234E-006
   4.1176519096002089        8.3627059924526655E-006
   4.1239288179989897        8.0925502356663492E-006
   4.1302057263977705        7.7713100438836152E-006
   4.1364826347965504        7.4091560290664377E-006
   4.1427595431953312        7.0158145459977586E-006
   4.1490364515941121        6.6003986516283161E-006
   4.1553133599928929        6.1712803074721348E-006
   4.1615902683916737        5.7360013302889943E-006
   4.1678671767904545        5.3012196704689451E-006
   4.1741440851892353        4.8726864493746887E-006
   4.1804209935880161        4.4552498824634342E-006
   4.1866979019867969        4.0528820976089578E-006
   4.1929748103855777        3.6687244447668196E-006
   4.1992517187843585        3.3051468336833666E-006
   4.2055286271831394        2.9638170813403704E-006
   4.2118055355819202        2.6457764918362876E-006
   4.2180824439807010        2.3515184931655779E-006
   4.2243593523794818        2.0810674958306456E-006
   4.2306362607782626        1.8340557712649914E-006
   4.2369131691770434        1.6097964846488118E-006
   4.2431900775758242        1.4073516191688473E-006
   4.2494669859746050        1.2255937826956121E-006
   4.2557438943733858        1.0632614144256779E-006
   4.2620208027721667        9.1900705348632203E-007
   4.2682977111709475        7.9143875910957805E-007
   4.2745746195697283        6.7915481115391422E-007
   4.2808515279685091        5.8077215129038905E-007
   4.2871284363672899        4.9494895493347651E-007
   4.2934053447660707        4.2040199201975816E-007
   4.2996822531648515        3.5591926488644524E-007
   4.3059591615636323        3.0036844213297204E-007
   4.3122360699624132        2.5270160100962856E-007
   4.3185129783611940        2.1195735290128520E-007
   4.3247898867599748        1.7726081329980964E-007
   4.3310667951587556        1.4782188796612435E-007
   4.3373437035575364        1.2293213942662851E-007
   4.3436206119563172        1.0196067209405205E-007
   4.3498975203550980        8.4349225518222598E-008
   4.3561744287538788        6.9606846390982858E-008
   4.3624513371526596        5.7304253366579779E-008
   4.3687282455514405        4.7068187585328101E-008
   4.3750051539502213        3.8575784997203893E-008
   4.3812820623490021        3.1549198367859484E-008
   4.3875589707477829        2.5750437545201676E-008
   4.3938358791465637        2.0976601233936400E-008
   4.4001127875453445        1.7055422909171805E-008
   4.4063896959441253        1.3841262865250327E-008
   4.4126666043429061        1.1211430525588179E-008
   4.4189435127416870        9.0629513969231951E-009
   4.4252204211404678        7.3096406839938420E-009
   4.4314973295392486        5.8795797947974538E-009
   4.4377742379380294        4.7128495186044432E-009
   4.4440511463368102        3.7596257227485439E-009
   4.4503280547355910        2.9784595835774257E-009
   4.4566049631343718        2.3348451919970555E-009
   4.4628818715331526        1.7999110313948009E-009
   4.4691587799319334        1.3493472299070536E-009
   4.4754356883307143        9.6240384171076920E-010
   4.4817125967294951        6.2107410366402048E-010
   4.4879895051282759        3.0929591620851424E-010
   4.4942664135270567        1.2289715041638255E-011
   4.5005433219258375       -2.8413833541823678E-010
   4.5068202303246183       -5.9420146548672123E-010
   4.5130971387233991       -9.3282668964218887E-010
   4.5193740471221799       -1.3163051898460301E-009
   4.5256509555209607       -1.7630943021190480E-009
   4.5319278639197416       -2.2946352613691777E-009
   4.5382047723185224       -2.9363913070986622E-009
   4.5444816807173032       -3.7189822269047713E-009
   4.5507585891160840       -4.6796384029072554E-009
   4.5570354975148648       -5.8638609010962169E-009
   4.5633124059136456       -7.3275404632048378E-009
   4.5695893143124264       -9.1394441202377819E-009
   4.5758662227112072       -1.1384363543430524E-008
   4.5821431311099881       -1.4166872899287938E-008
   4.5884200395087689       -1.7616056635680583E-008
   4.5946969479075497       -2.1891184441206839E-008
   4.6009738563063305       -2.7188780134925171E-008
   4.6072507647051113       -3.3751166022748157E-008
   4.6135276731038921       -4.1877045671098450E-008
   4.6198045815026729       -5.1934332153810311E-008
   4.6260814899014537       -6.4375956276757381E-008
   4.6323583983002345       -7.9759050784027026E-008
   4.6386353066990154       -9.8768489585226884E-008
   4.6449122150977962       -1.2224545618438182E-007
   4.6511891234965770       -1.5122236953368453E-007
   4.6574660318953578       -1.8696523062590409E-007
   4.6637429402941386       -2.3102522564852746E-007
   4.6700198486929194       -2.8530120935729278E-007
   4.6762967570917002       -3.5211560599892993E-007
   4.6825736654904810       -4.3430615169414158E-007
   4.6888505738892619       -5.3533699043572181E-007
   4.6951274822880427       -6.5943267795031892E-007
   4.7014043906868235       -8.1173995843719711E-007
   4.7076812990856043       -9.9852242474162063E-007
   4.7139582074843851       -1.2273947989460302E-006
   4.7202351158831659       -1.5076040771477190E-006
   4.7265120242819467       -1.8503668085089437E-006
   4.7327889326807275       -2.2692726660221488E-006
   4.7390658410795083       -2.7807669780205617E-006
   4.7453427494782892       -3.4047262745031748E-006
   4.7516196578770700       -4.1651440346920043E-006
   4.7578965662758508       -5.0909458269825352E-006
   4.7641734746746316       -6.2169569386315963E-006
   4.7704503830734124       -7.5850483677510574E-006
   4.7767272914721932       -9.2454918691424403E-006
   4.7830041998709740       -1.1258558428468502E-005
   4.7892811082697548       -1.3696400448072526E-005
   4.7955580166685357       -1.6645262624320647E-005
   4.8018349250673165       -2.0208073587949347E-005
   4.8081118334660973       -2.4507476181487004E-005
   4.8143887418648781       -2.9689362537761669E-005
   4.8206656502636589       -3.5926986968298065E-005
   4.8269425586624397       -4.3425739052234875E-005
   4.8332194670612205       -5.2428666961851531E-005
   4.8394963754600013       -6.3222851144610926E-005
   4.8457732838587821       -7.6146736370490570E-005
   4.8520501922575630       -9.1598540204687284E-005
   4.8583271006563438       -1.1004586308229557E-004
   4.8646040090551246       -1.3203663387887710E-004
   4.8708809174539054       -1.5821152955458080E-004
   4.8771578258526862       -1.8931801280916893E-004
   4.8834347342514670       -2.2622613142342013E-004
   4.8897116426502478       -2.6994622195589775E-004
   4.8959885510490286       -3.2164865168862782E-004
   4.9022654594478094       -3.8268572114612959E-004
   4.9085423678465903       -4.5461582737996663E-004
   4.9148192762453711       -5.3922996059786884E-004
   4.9210961846441519       -6.3858056496550204E-004
   4.9273730930429327       -7.5501274388871788E-004
   4.9336500014417135       -8.9119772123469223E-004
   4.9399269098404943       -1.0501683884918483E-003
   4.9462038182392751       -1.2353566634864849E-003
   4.9524807266380559       -1.4506322653644187E-003
   4.9587576350368368       -1.7003423621697194E-003
   4.9650345434356176       -1.9893513790775136E-003
   4.9713114518343984       -2.3230800559780984E-003
   4.9775883602331792       -2.7075426221890987E-003
   4.9838652686319600       -3.1493807025306199E-003
   4.9901421770307408       -3.6558922957125937E-003
   4.9964190854295216       -4.2350538587070472E-003
   5.0026959938283024       -4.8955331922004540E-003
   5.0089729022270832       -5.6466904869523320E-003
   5.0152498106258641       -6.4985645760125199E-003
   5.0215267190246449       -7.4618410854943671E-003
   5.0278036274234257       -8.5477988559330420E-003
   5.0340805358222065       -9.7682307158008779E-003
   5.0403574442209873       -1.1135334461871970E-002
   5.0466343526197681       -1.2661569744161924E-002
   5.0529112610185480       -1.4359476513354747E-002
   5.0591881694173289       -1.6241450776322143E-002
   5.0654650778161097       -1.8319473677731048E-002
   5.0717419862148905       -2.0604790395618227E-002
   5.0780188946136713       -2.3107536071121679E-002
   5.0842958030124521       -2.5836306998074158E-002
   5.0905727114112329       -2.8797676644943607E-002
   5.0968496198100137       -3.1995657770479635E-002
   5.1031265282087945       -3.5431113988817715E-002
   5.1094034366075753       -3.9101126618534487E-002
   5.1156803450063562       -4.2998325560916734E-002
   5.1219572534051370       -4.7110196236085644E-002
   5.1282341618039178       -5.1418378279673063E-002
   5.1345110702026986       -5.5897975650161656E-002
   5.1407879786014794       -6.0516901991694426E-002
   5.1470648870002602       -6.5235289342864600E-002
   5.1533417953990410       -7.0004992497351606E-002
   5.1596187037978218       -7.4769225213222060E-002
   5.1658956121966026       -7.9462367896346378E-002
   5.1721725205953835       -8.4009988946105174E-002
   5.1784494289941643       -8.8329123472160237E-002
   5.1847263373929451       -9.2328853056269866E-002
   5.1910032457917259       -9.5911228479530056E-002
   5.1972801541905067       -9.8972573252309085E-002
   5.2035570625892875      -0.10140519932492215     
   5.2098339709880683      -0.10309955682343731     
   5.2161108793868491      -0.10394682731496130     
   5.2223877877856300      -0.10384195411610238     
   5.2286646961844108      -0.10268708450329779     
   5.2349416045831916      -0.10039537648318256     
   5.2412185129819724       -9.6895107287026966E-002
   5.2474954213807532       -9.2134001931789444E-002
   5.2537723297795340       -8.6083630110407705E-002
   5.2600492381783148       -7.8743694859766844E-002
   5.2663261465770956       -7.0146021726633895E-002
   5.2726030549758764       -6.0358034606631902E-002
   5.2788799633746573       -4.9485487468676870E-002
   5.2851568717734381       -3.7674211987917976E-002
   5.2914337801722189       -2.5110642643521638E-002
   5.2977106885709997       -1.2020894623310038E-002
   5.3039875969697805        1.3318018616689455E-003
   5.3102645053685613        1.4651463527598338E-002
   5.3165414137673421        2.7615604831042400E-002
   5.3228183221661229        3.9883394243192503E-002
   5.3290952305649038        5.1105641772796272E-002
   5.3353721389636846        6.0936440485308059E-002
   5.3416490473624654        6.9046173117767437E-002
   5.3479259557612462        7.5135479713391393E-002
   5.3542028641600270        7.8949669654600985E-002
   5.3604797725588078        8.0292958829160821E-002
   5.3667566809575886        7.9041827889242369E-002
   5.3730335893563694        7.5156738943349885E-002
   5.3793104977551502        6.8691423728890963E-002
   5.3855874061539311        5.9798973578514374E-002
   5.3918643145527119        4.8734026356335912E-002
   5.3981412229514927        3.5850461442085584E-002
   5.4044181313502735        2.1594182191682812E-002
   5.4106950397490543        6.4907822471378732E-003
   5.4169719481478351       -8.8718437210116661E-003
   5.4232488565466159       -2.3865570415547124E-002
   5.4295257649453967       -3.7848113875991171E-002
   5.4358026733441775       -5.0192134101643797E-002
   5.4420795817429584       -6.0316114187354185E-002
   5.4483564901417392       -6.7715516070514348E-002
   5.4546333985405200       -7.1992528051636681E-002
   5.4609103069393008       -7.2882614971961440E-002
   5.4671872153380816       -7.0276075737776555E-002
   5.4734641237368624       -6.4232917960781954E-002
   5.4797410321356432       -5.4989583220620440E-002
   5.4860179405344240       -4.2956399129159946E-002
   5.4922948489332049       -2.8705088027881302E-002
   5.4985717573319857       -1.2946210071058497E-002
   5.5048486657307665        3.5029649253527444E-003
   5.5111255741295473        1.9759010864866498E-002
   5.5174024825283281        3.4919531931378138E-002
   5.5236793909271089        4.8114595117261225E-002
   5.5299562993258897        5.8559524605907139E-002
   5.5362332077246705        6.5605821357666308E-002
   5.5425101161234513        6.8786804340021351E-002
   5.5487870245222322        6.7854621131715295E-002
   5.5550639329210130        6.2805565503289945E-002
   5.5613408413197938        5.3891172930737523E-002
   5.5676177497185746        4.1613329158770071E-002
   5.5738946581173554        2.6702590012592658E-002
   5.5801715665161362        1.0080022556118442E-002
   5.5864484749149170       -7.1959305524046131E-003
   5.5927253833136978       -2.3994876423471853E-002
   5.5990022917124787       -3.9188398016267202E-002
   5.6052792001112595       -5.1727767486330976E-002
   5.6115561085100403       -6.0720086765919688E-002
   5.6178330169088211       -6.5497202260785620E-002
   5.6241099253076019       -6.5671857839550415E-002
   5.6303868337063827       -6.1176108536960525E-002
   5.6366637421051635       -5.2278013885027799E-002
   5.6429406505039443       -3.9574025175913519E-002
   5.6492175589027251       -2.3956198371227751E-002
   5.6554944673015060       -6.5552918825464122E-003
   5.6617713757002868        1.1337195069965552E-002
   5.6680482840990676        2.8363083509618942E-002
   5.6743251924978484        4.3201072137915783E-002
   5.6806021008966292        5.4671969275358473E-002
   5.6868790092954100        6.1837124149682947E-002
   5.6931559176941908        6.4081599572765074E-002
   5.6994328260929716        6.1174370853144200E-002
   5.7057097344917524        5.3299299405961467E-002
   5.7119866428905333        4.1052743610356185E-002
   5.7182635512893141        2.5406298132879344E-002
   5.7245404596880949        7.6361009462560941E-003
   5.7308173680868757       -1.0776827386606357E-002
   5.7370942764856565       -2.8267915317624050E-002
   5.7433711848844373       -4.3322382459710713E-002
   5.7496480932832181       -5.4609292273848233E-002
   5.7559250016819989       -6.1104307378801549E-002
   5.7622019100807798       -6.2189499499178583E-002
   5.7684788184795606       -5.7720038344873333E-002
   5.7747557268783414       -4.8050108928605048E-002
   5.7810326352771222       -3.4013817626524077E-002
   5.7873095436759030       -1.6860875596766012E-002
   5.7935864520746838        1.8488554781984203E-003
   5.7998633604734646        2.0383709522397216E-002
   5.8061402688722454        3.6999603917795179E-002
   5.8124171772710262        5.0105967731506239E-002
   5.8186940856698071        5.8422340503328139E-002
   5.8249709940685879        6.1109908818105671E-002
   5.8312479024673687        5.7863974608884476E-002
   5.8375248108661495        4.8956591158391072E-002
   5.8438017192649303        3.5223122492426810E-002
   5.8500786276637111        1.7991890931997545E-002
   5.8563555360624919       -1.0381332696374143E-003
   5.8626324444612727       -1.9961061740734420E-002
   5.8689093528600536       -3.6853921505460692E-002
   5.8751862612588344       -4.9973862840292385E-002
   5.8814631696576152       -5.7942408129008499E-002
   5.8877400780563960       -5.9896892457010152E-002
   5.8940169864551768       -5.5591886876419028E-002
   5.9002938948539576       -4.5438026756732149E-002
   5.9065708032527384       -3.0471894695505118E-002
   5.9128477116515192       -1.2257832091760882E-002
   5.9191246200503000        7.2699711257960950E-003
   5.9254015284490809        2.6009853437071309E-002
   5.9316784368478617        4.1918740052728845E-002
   5.9379553452466425        5.3237639491767935E-002
   5.9442322536454233        5.8691453680584899E-002
   5.9505091620442041        5.7639908524214536E-002
   5.9567860704429849        5.0161047508306224E-002
   5.9630629788417657        3.7055691409224552E-002
   5.9693398872405457        1.9769897747326109E-002
   5.9756167956393265        2.4180921520166259E-004
   5.9818937040381073       -1.9311706459779657E-002
   5.9881706124368881       -3.6645635419115585E-002
   5.9944475208356689       -4.9746438237754029E-002
   6.0007244292344497       -5.7070484154837113E-002
   6.0070013376332305       -5.7732551214672481E-002
   6.0132782460320113       -5.1620639392033638E-002
   6.0195551544307921       -3.9421403843929143E-002
   6.0258320628295730       -2.2550789746051653E-002
   6.0321089712283538       -2.9957705662077968E-003
   6.0383858796271346        1.6915897403406221E-002
   6.0446627880259154        3.4791670946293228E-002
   6.0509396964246962        4.8463335101932951E-002
   6.0572166048234770        5.6254049341569003E-002
   6.0634935132222578        5.7189890371923603E-002
   6.0697704216210386        5.1128462373699772E-002
   6.0760473300198194        3.8786794515588342E-002
   6.0823242384186003        2.1662937413719403E-002
   6.0886011468173811        1.8589314907068502E-003
   6.0948780552161619       -1.8174517248014204E-002
   6.1011549636149427       -3.5940907377378754E-002
   6.1074318720137235       -4.9210866182653246E-002
   6.1137087804125043       -5.6305537156372223E-002
   6.1199856888112851       -5.6313827396406592E-002
   6.1262625972100659       -4.9214726462797564E-002
   6.1325395056088468       -3.5887614466517302E-002
   6.1388164140076276       -1.8007642231041388E-002
   6.1450933224064084        2.1619102666044611E-003
   6.1513702308051892        2.2054845645816751E-002
   6.1576471392039700        3.9128923160000342E-002
   6.1639240476027508        5.1192560061361643E-002
   6.1702009560015316        5.6688994222252702E-002
   6.1764778644003124        5.4900570513457182E-002
   6.1827547727990932        4.6045825400026046E-002
   6.1890316811978741        3.1255786581009866E-002
   6.1953085895966549        1.2431604240725702E-002
   6.2015854979954357       -7.9987745907121755E-003
   6.2078624063942165       -2.7393763942595340E-002
   6.2141393147929973       -4.3240583844122327E-002
   6.2204162231917781       -5.3482314619388849E-002
   6.2266931315905589       -5.6786637168784904E-002
   6.2329700399893397       -5.2720789814208996E-002
   6.2392469483881206       -4.1809470670654242E-002
   6.2455238567869014       -2.5467757205559258E-002
   6.2518007651856822       -5.8175689112799200E-003
   6.2580776735844630        1.4588427706520437E-002
   6.2643545819832438        3.3099338466240448E-002
   6.2706314903820246        4.7311390594341758E-002
   6.2769083987808054        5.5380819362600232E-002
   6.2831853071795862        5.6263305538231036E-002
