   6.2769083987808056E-003   5.3949614643999657E-015
   1.2553816797561611E-002   8.0209597498596326E-015
   1.8830725196342418E-002   7.6459557040839046E-015
   2.5107633595123222E-002   6.9846060856670344E-015
   3.1384541993904030E-002   3.6350022982285636E-015
   3.7661450392684835E-002   5.4870133006437123E-016
   4.3938358791465640E-002  -3.2238019708691161E-015
   5.0215267190246445E-002  -5.2940162170095686E-015
   5.6492175589027249E-002  -7.2699820211217889E-015
   6.2769083987808061E-002  -6.9669514251959024E-015
   6.9045992386588859E-002  -6.1045766005006428E-015
   7.5322900785369670E-002  -3.6085929843584320E-015
   8.1599809184150468E-002  -1.2731175904033849E-015
   8.7876717582931280E-002   2.3902732588849241E-015
   9.4153625981712077E-002   4.4941059599634985E-015
  0.10043053438049289        6.6758003606997213E-015
  0.10670744277927370        6.8023132903604133E-015
  0.11298435117805450        6.4869287813446687E-015
  0.11926125957683531        4.4057093416523130E-015
  0.12553816797561612        2.4803082864826386E-015
  0.13181507637439691       -7.6866066529236450E-016
  0.13809198477317772       -3.2224907025315311E-015
  0.14436889317195853       -6.1123537735003803E-015
  0.15064580157073934       -6.7598293233021467E-015
  0.15692270996952015       -7.1270038112893602E-015
  0.16319961836830094       -5.2621731834048447E-015
  0.16947652676708175       -3.1182714440690572E-015
  0.17575343516586256        4.2753647831332041E-016
  0.18203034356464337        2.5676701288265506E-015
  0.18830725196342415        5.2011716237087631E-015
  0.19458416036220497        6.1417387154991152E-015
  0.20086106876098578        6.5734865716423525E-015
  0.20713797715976659        4.8355272331803531E-015
  0.21341488555854740        3.1024473493279191E-015
  0.21969179395732819        5.6852806939085989E-017
  0.22596870235610900       -1.9476779148331462E-015
  0.23224561075488981       -4.4972828575098058E-015
  0.23852251915367062       -5.2576465724012677E-015
  0.24479942755245140       -5.9501359100197799E-015
  0.25107633595123224       -4.5494186594006321E-015
  0.25735324435001306       -3.2240466190382001E-015
  0.26363015274879381       -5.4930984107459843E-016
  0.26990706114757462        1.3768241896018794E-015
  0.27618396954635543        4.0787553861207529E-015
  0.28246087794513625        4.7090773082944733E-015
  0.28873778634391706        5.4257305227095485E-015
  0.29501469474269787        4.4790082454747188E-015
  0.30129160314147868        3.5024602267841782E-015
  0.30756851154025949        1.4472962146015349E-015
  0.31384541993904030       -6.4172650323230955E-018
  0.32012232833782106       -2.4136845691572159E-015
  0.32639923673660187       -3.8314960685550071E-015
  0.33267614513538268       -5.6477438840600295E-015
  0.33895305353416350       -5.2344158543767978E-015
  0.34522996193294431       -4.3820514910497948E-015
  0.35150687033172512       -2.1788872215881268E-015
  0.35778377873050593       -5.0792753686158946E-017
  0.36406068712928674        2.7875937319101755E-015
  0.37033759552806755        4.1332638794836208E-015
  0.37661450392684831        5.2095616875036898E-015
  0.38289141232562912        4.8561185743823187E-015
  0.38916832072440993        4.3611194746483174E-015
  0.39544522912319074        2.3997950218601563E-015
  0.40172213752197156        1.1302812790403322E-015
  0.40799904592075237       -9.7500150036771646E-016
  0.41427595431953318       -2.6638312381431440E-015
  0.42055286271831399       -4.7109681756625765E-015
  0.42682977111709480       -5.2352652831077069E-015
  0.43310667951587556       -5.2579048940860135E-015
  0.43938358791465637       -3.9125317153897558E-015
  0.44566049631343718       -2.4683237791272894E-015
  0.45193740471221799       -1.7336907256034122E-016
  0.45821431311099881        1.6206034402610456E-015
  0.46449122150977962        3.5924950877710238E-015
  0.47076812990856043        4.5695177980940250E-015
  0.47704503830734124        6.0985082236957827E-015
  0.48332194670612205        5.8845142969252543E-015
  0.48959885510490281        5.1871655507516096E-015
  0.49587576350368362        2.8917591063938908E-015
  0.50215267190246449        6.1697152390916942E-016
  0.50842958030124530       -2.6915259490675701E-015
  0.51470648870002611       -5.0232001989324361E-015
  0.52098339709880681       -7.4205415156334957E-015
  0.52726030549758762       -8.1514711223468443E-015
  0.53353721389636843       -8.2135038881274043E-015
  0.53981412229514925       -6.4187673419878258E-015
  0.54609103069393006       -4.4348471616726419E-015
  0.55236793909271087       -1.2506227440895994E-015
  0.55864484749149168        1.4142646947678037E-015
  0.56492175589027249        4.5188095876912698E-015
  0.57119866428905330        6.3076282653629524E-015
  0.57747557268783412        8.1117683778591419E-015
  0.58375248108661493        8.5198038971148503E-015
  0.59002938948539574        8.6350767771669114E-015
  0.59630629788417655        6.1696584535685137E-015
  0.60258320628295736        3.4681854885119749E-015
  0.60886011468173817       -6.3876196299784794E-016
  0.61513702308051899       -4.0586591782146268E-015
  0.62141393147929980       -7.3356617407981034E-015
  0.62769083987808061       -8.6938314619384900E-015
  0.63396774827686131       -9.5585719583888785E-015
  0.64024465667564212       -8.5377407430942852E-015
  0.64652156507442293       -6.9038165836703789E-015
  0.65279847347320374       -3.6233157316002223E-015
  0.65907538187198456       -6.0499052463786739E-016
  0.66535229027076537        3.0105628909990979E-015
  0.67162919866954618        5.6446113640144956E-015
  0.67790610706832699        8.0289824844132840E-015
  0.68418301546710780        8.3098845622453380E-015
  0.69045992386588861        8.2048873882146228E-015
  0.69673683226466943        6.1392078554158601E-015
  0.70301374066345024        3.5767637500218415E-015
  0.70929064906223105        8.7798187940577531E-017
  0.71556755746101186       -2.7457202781841384E-015
  0.72184446585979267       -5.8276932279194433E-015
  0.72812137425857348       -7.3900715791062493E-015
  0.73439828265735430       -8.4707050368902599E-015
  0.74067519105613511       -8.1310046420789275E-015
  0.74695209945491581       -7.1315491134927454E-015
  0.75322900785369662       -4.5375834138995762E-015
  0.75950591625247743       -1.7839296512978630E-015
  0.76578282465125824        2.2605748527906904E-015
  0.77205973305003905        5.2234874085739261E-015
  0.77833664144881987        8.3803785957994003E-015
  0.78461354984760068        9.8749383571905450E-015
  0.79089045824638149        1.0609726783476472E-014
  0.79716736664516230        9.1857113915110919E-015
  0.80344427504394311        6.8188995377000308E-015
  0.80972118344272392        3.0471767495931013E-015
  0.81599809184150474       -1.9628268535989532E-016
  0.82227500024028555       -4.0067768572803198E-015
  0.82855190863906636       -6.3113747711117612E-015
  0.83482881703784717       -8.8308509157853845E-015
  0.84110572543662798       -9.5057890961816225E-015
  0.84738263383540879       -9.9496162141472020E-015
  0.85365954223418961       -8.9367968777127264E-015
  0.85993645063297042       -8.1699505332232723E-015
  0.86621335903175112       -6.2354595528265760E-015
  0.87249026743053193       -4.3332433057602106E-015
  0.87876717582931274       -1.4085388405835125E-015
  0.88504408422809355        1.3942380540131436E-015
  0.89132099262687436        4.6973038614160315E-015
  0.89759790102565518        7.2246921004773783E-015
  0.90387480942443599        9.5663927230194155E-015
  0.91015171782321680        1.0405903540160024E-014
  0.91642862622199761        1.1000570323251333E-014
  0.92270553462077842        1.0043804909541904E-014
  0.92898244301955923        8.8854270877087585E-015
  0.93525935141834005        6.3950885350244529E-015
  0.94153625981712086        3.8077713616296309E-015
  0.94781316821590167        5.4729385556520026E-016
  0.95409007661468248       -2.4469218124865866E-015
  0.96036698501346329       -6.0333959443121012E-015
  0.96664389341224410       -8.7374202635284832E-015
  0.97292080181102492       -1.1235468534374371E-014
  0.97919771020980562       -1.2115564088178045E-014
  0.98547461860858643       -1.3021141224976031E-014
  0.99175152700736724       -1.2327756596391071E-014
  0.99802843540614805       -1.1293988827140459E-014
   1.0043053438049290       -9.1690523762913666E-015
   1.0105822522037098       -6.5900070818554439E-015
   1.0168591606024906       -3.2008114910405570E-015
   1.0231360690012714       -2.3807352812554234E-016
   1.0294129774000522        3.2602890224386706E-015
   1.0356898857988328        6.1646722961568373E-015
   1.0419667941976136        9.0698114023696327E-015
   1.0482437025963944        1.0871852605364061E-014
   1.0545206109951752        1.2801447203112881E-014
   1.0607975193939561        1.3520458206569509E-014
   1.0670744277927369        1.3907747449212257E-014
   1.0733513361915177        1.3259099139352774E-014
   1.0796282445902985        1.2847827047288144E-014
   1.0859051529890793        1.1207151656305514E-014
   1.0921820613878601        1.0087658296250859E-014
   1.0984589697866409        7.9589710778290554E-015
   1.1047358781854217        6.1703154702199049E-015
   1.1110127865842025        3.1829723006714359E-015
   1.1172896949829834        4.6383644584561305E-016
   1.1235666033817642       -2.6610635803594043E-015
   1.1298435117805450       -5.0981701395764288E-015
   1.1361204201793258       -7.7268528729651349E-015
   1.1423973285781066       -9.7828339733464140E-015
   1.1486742369768874       -1.1873211675158268E-014
   1.1549511453756682       -1.2982187345936436E-014
   1.1612280537744490       -1.4251219175427473E-014
   1.1675049621732299       -1.4132761062698779E-014
   1.1737818705720107       -1.4613590830741390E-014
   1.1800587789707915       -1.4407850468593053E-014
   1.1863356873695723       -1.4564030355636302E-014
   1.1926125957683531       -1.3874329218763970E-014
   1.1988895041671339       -1.3510544347093132E-014
   1.2051664125659147       -1.2315095791029551E-014
   1.2114433209646955       -1.1773384049353568E-014
   1.2177202293634763       -1.0610508720731446E-014
   1.2239971377622572       -1.0354290472414666E-014
   1.2302740461610380       -9.7080417507003802E-015
   1.2365509545598188       -9.7800087292045509E-015
   1.2428278629585996       -8.6776481652448282E-015
   1.2491047713573804       -7.7282557729822593E-015
   1.2553816797561612       -5.8160399276471929E-015
   1.2616585881549420       -4.4903316648215386E-015
   1.2679354965537226       -2.8200965454749905E-015
   1.2742124049525034       -2.3823447542271971E-015
   1.2804893133512842       -1.5121980569663438E-015
   1.2867662217500651       -1.7269226814584409E-015
   1.2930431301488459       -1.2408774621703325E-015
   1.2993200385476267       -9.2751453465627351E-016
   1.3055969469464075       -2.2027509839046086E-016
   1.3118738553451883       -6.1147905247667654E-016
   1.3181507637439691       -8.9221157636772395E-016
   1.3244276721427499       -1.4763002615752139E-015
   1.3307045805415307       -1.7559302545229002E-015
   1.3369814889403115       -2.3774639556064430E-015
   1.3432583973390924       -2.2124706985322684E-015
   1.3495353057378732       -2.9413061733422597E-015
   1.3558122141366540       -3.0945282813382754E-015
   1.3620891225354348       -3.2910379487151399E-015
   1.3683660309342156       -2.5989603585705121E-015
   1.3746429393329964       -2.4175489457806120E-015
   1.3809198477317772       -1.5905764524531568E-015
   1.3871967561305580       -1.6652687641491754E-015
   1.3934736645293389       -1.1950702975186079E-015
   1.3997505729281197       -1.5116311108667083E-015
   1.4060274813269005       -1.4670531382390773E-015
   1.4123043897256813       -2.0530565163994559E-015
   1.4185812981244621       -1.3367730503548794E-015
   1.4248582065232429       -1.0281753442297461E-015
   1.4311351149220237       -2.4680623858515001E-016
   1.4374120233208045       -5.0819391893356356E-016
   1.4436889317195853       -3.6096024281382761E-016
   1.4499658401183662       -7.2962831213321823E-016
   1.4562427485171470       -2.8660186924470594E-016
   1.4625196569159278       -3.4643131969724007E-016
   1.4687965653147086        1.5402874114039792E-016
   1.4750734737134894        4.3873897583850539E-017
   1.4813503821122702        5.4212574775571200E-016
   1.4876272905110510        2.7181469940749477E-016
   1.4939041989098316        8.5621260172541165E-016
   1.5001811073086124        1.0202295534426550E-016
   1.5064580157073932       -9.5377341937136374E-017
   1.5127349241061741       -5.4357555653917970E-016
   1.5190118325049549       -3.5373719860336340E-016
   1.5252887409037357       -4.8213788642809459E-016
   1.5315656493025165       -1.1974447930643569E-016
   1.5378425577012973       -6.3677878738495320E-016
   1.5441194661000781       -7.3709971836474335E-016
   1.5503963744988589       -1.1234758182969264E-015
   1.5566732828976397       -7.5423077316234802E-016
   1.5629501912964205       -1.0067665477184062E-015
   1.5692270996952014       -2.8331221861885114E-016
   1.5755040080939822       -6.4650432522072147E-016
   1.5817809164927630       -2.8060110389313158E-016
   1.5880578248915438       -4.9809004566318290E-016
   1.5943347332903246       -8.8440064739674621E-017
   1.6006116416891054       -2.6312085765270027E-016
   1.6068885500878862        3.5098330282220376E-016
   1.6131654584866670        4.6978431658985639E-016
   1.6194423668854478        1.0141488529033737E-015
   1.6257192752842287        7.3104969799282938E-016
   1.6319961836830095        1.0487214623623552E-015
   1.6382730920817903        1.6313228624429824E-016
   1.6445500004805711        7.6995123481790841E-016
   1.6508269088793519        3.2547040211723174E-016
   1.6571038172781327        5.9023301830744802E-016
   1.6633807256769135        2.2996778514659685E-017
   1.6696576340756943        4.6063153860125916E-016
   1.6759345424744752        1.9961726001749494E-016
   1.6822114508732560        9.1071071929952389E-016
   1.6884883592720368        3.1223414809283172E-016
   1.6947652676708176        4.3946011249813969E-016
   1.7010421760695984       -3.0987526176585437E-017
   1.7073190844683792       -5.0335039287373085E-017
   1.7135959928671600       -3.9385230258195383E-016
   1.7198729012659408       -1.2347619943167550E-016
   1.7261498096647214       -3.2853961613479109E-016
   1.7324267180635022       -4.0931486606410498E-017
   1.7387036264622830       -3.0866560878166620E-016
   1.7449805348610639       -4.7573331267702920E-018
   1.7512574432598447       -5.3228549177439020E-016
   1.7575343516586255       -1.1657921453327376E-016
   1.7638112600574063       -2.0980609902650153E-016
   1.7700881684561871        1.9847605474995786E-016
   1.7763650768549679       -1.0901093531690239E-016
   1.7826419852537487        1.8514000565281443E-016
   1.7889188936525295       -8.6970866423601812E-017
   1.7951958020513104       -8.2864737627005289E-017
   1.8014727104500912       -4.8030649703664080E-016
   1.8077496188488720       -2.2664034921432058E-016
   1.8140265272476528       -3.9004957104958986E-016
   1.8203034356464336        1.5527310971486789E-016
   1.8265803440452144        7.4245502682063175E-017
   1.8328572524439952        6.5787753435919409E-016
   1.8391341608427760        4.9296628794875070E-016
   1.8454110692415568        4.9123838010156818E-016
   1.8516879776403377        3.3925550236073088E-016
   1.8579648860391185        1.8828034164175909E-016
   1.8642417944378993       -1.3943016901498720E-016
   1.8705187028366801       -7.2239168789502800E-016
   1.8767956112354609       -1.5208063207588363E-015
   1.8830725196342417       -3.0184719048184807E-015
   1.8893494280330225       -5.9015535058706776E-015
   1.8956263364318033       -1.0240526508248641E-014
   1.9019032448305841       -1.7863579498589790E-014
   1.9081801532293650       -3.2425007797136400E-014
   1.9144570616281458       -5.8455324455939926E-014
   1.9207339700269266       -1.0501337435334693E-013
   1.9270108784257074       -1.8756265103477356E-013
   1.9332877868244882       -3.3494866395502876E-013
   1.9395646952232690       -5.9586715825706332E-013
   1.9458416036220498       -1.0589206315744267E-012
   1.9521185120208304       -1.8769734641837130E-012
   1.9583954204196112       -3.3210497646363928E-012
   1.9646723288183920       -5.8597045206049749E-012
   1.9709492372171729       -1.0315394125411662E-011
   1.9772261456159537       -1.8106303444975750E-011
   1.9835030540147345       -3.1691684596318347E-011
   1.9897799624135153       -5.5295119252200912E-011
   1.9960568708122961       -9.6165734636547608E-011
   2.0023337792110771       -1.6666345186565739E-010
   2.0086106876098579       -2.8780110686222865E-010
   2.0148875960086388       -4.9509939732996954E-010
   2.0211645044074196       -8.4835198331843748E-010
   2.0274414128062004       -1.4476622146967829E-009
   2.0337183212049812       -2.4597964372259778E-009
   2.0399952296037620       -4.1610197619741107E-009
   2.0462721380025428       -7.0065048183180590E-009
   2.0525490464013236       -1.1741798013613287E-008
   2.0588259548001044       -1.9580868548974513E-008
   2.0651028631988853       -3.2488188609708874E-008
   2.0713797715976656       -5.3622673296406145E-008
   2.0776566799964464       -8.8030657198706732E-008
   2.0839335883952272       -1.4371950940010428E-007
   2.0902104967940081       -2.3330691297503623E-007
   2.0964874051927889       -3.7653361457246344E-007
   2.1027643135915697       -6.0405761166006020E-007
   2.1090412219903505       -9.6313196961059108E-007
   2.1153181303891313       -1.5260206523931478E-006
   2.1215950387879121       -2.4023515360930703E-006
   2.1278719471866929       -3.7570630149959721E-006
   2.1341488555854737       -5.8362015138121919E-006
   2.1404257639842545       -9.0035921513986633E-006
   2.1467026723830354       -1.3792361895854541E-005
   2.1529795807818162       -2.0976446828583232E-005
   2.1592564891805970       -3.1668561381368856E-005
   2.1655333975793778       -4.7452593692970537E-005
   2.1718103059781586       -7.0559935494024463E-005
   2.1780872143769394       -1.0410067789542050E-004
   2.1843641227757202       -1.5236166575001821E-004
   2.1906410311745010       -2.2118370930254540E-004
   2.1969179395732819       -3.1842932473968519E-004
   2.2031948479720627       -4.5454954093939527E-004
   2.2094717563708435       -6.4325284497350921E-004
   2.2157486647696243       -9.0227034369792531E-004
   2.2220255731684051       -1.2541979253976126E-003
   2.2283024815671859       -1.7273778055734380E-003
   2.2345793899659667       -2.3567581156221039E-003
   2.2408562983647475       -3.1846400900372345E-003
   2.2471332067635283       -4.2611893650444342E-003
   2.2534101151623092       -5.6445495977372143E-003
   2.2596870235610900       -7.4003514209112792E-003
   2.2659639319598708       -9.6003819037989886E-003
   2.2722408403586516       -1.2320164275801140E-002
   2.2785177487574324       -1.5635197868703009E-002
   2.2847946571562132       -1.9615641691978478E-002
   2.2910715655549940       -2.4319301052661429E-002
   2.2973484739537748       -2.9782904149361581E-002
   2.3036253823525557       -3.6011840996099068E-002
   2.3099022907513365       -4.2968781110902569E-002
   2.3161791991501173       -5.0561881576856621E-002
   2.3224561075488981       -5.8633624864791831E-002
   2.3287330159476789       -6.6951654842462571E-002
   2.3350099243464597       -7.5203264779797371E-002
   2.3412868327452405       -8.2995375863388690E-002
   2.3475637411440213       -8.9861863567426939E-002
   2.3538406495428021       -9.5279876121078882E-002
   2.3601175579415830       -9.8696287464851887E-002
   2.3663944663403638       -9.9564602056719992E-002
   2.3726713747391446       -9.7391482509899915E-002
   2.3789482831379254       -9.1790655136003457E-002
   2.3852251915367062       -8.2540374234609651E-002
   2.3915020999354870       -6.9639067629540155E-002
   2.3977790083342678       -5.3352473254797847E-002
   2.4040559167330486       -3.4244776916177472E-002
   2.4103328251318294       -1.3186246250074500E-002
   2.4166097335306103        8.6691401895084563E-003
   2.4228866419293911        2.9940404142858291E-002
   2.4291635503281719        4.9111608880444142E-002
   2.4354404587269527        6.4655861519295810E-002
   2.4417173671257335        7.5183044027747753E-002
   2.4479942755245143        7.9598225128109171E-002
   2.4542711839232951        7.7253567066612114E-002
   2.4605480923220759        6.8073895307734736E-002
   2.4668250007208568        5.2635699201970254E-002
   2.4731019091196376        3.2181737763461324E-002
   2.4793788175184184        8.5588781123572232E-003
   2.4856557259171992       -1.5924900667261606E-002
   2.4919326343159800       -3.8717946755125528E-002
   2.4982095427147608       -5.7299008737336211E-002
   2.5044864511135416       -6.9479351326827879E-002
   2.5107633595123224       -7.3695981175293787E-002
   2.5170402679111032       -6.9254899646798235E-002
   2.5233171763098841       -5.6484720218951803E-002
   2.5295940847086644       -3.6768683217861288E-002
   2.5358709931074452       -1.2436846564334534E-002
   2.5421479015062260        1.3481249133528170E-002
   2.5484248099050069        3.7622140772631818E-002
   2.5547017183037877        5.6730517387526158E-002
   2.5609786267025685        6.8119721338027323E-002
   2.5672555351013493        7.0083502718024215E-002
   2.5735324435001301        6.2192526080946532E-002
   2.5798093518989109        4.5420675470091494E-002
   2.5860862602976917        2.2067997881376481E-002
   2.5923631686964725       -4.5233324155001557E-003
   2.5986400770952534       -3.0430526057434917E-002
   2.6049169854940342       -5.1728262854601546E-002
   2.6111938938928150       -6.5098365077052273E-002
   2.6174708022915958       -6.8374266941153311E-002
   2.6237477106903766       -6.0927182040806820E-002
   2.6300246190891574       -4.3820840543391359E-002
   2.6363015274879382       -1.9695846191767345E-002
   2.6425784358867190        7.6117521128718805E-003
   2.6488553442854998        3.3667158315904250E-002
   2.6551322526842807        5.4158022063456289E-002
   2.6614091610830615        6.5622433843324945E-002
   2.6676860694818423        6.6058298491748157E-002
   2.6739629778806231        5.5302872275875839E-002
   2.6802398862794039        3.5106286581096741E-002
   2.6865167946781847        8.8736753129431533E-003
   2.6927937030769655       -1.8891296321741101E-002
   2.6990706114757463       -4.3353449424315613E-002
   2.7053475198745272       -6.0193694951746930E-002
   2.7116244282733080       -6.6387239488483810E-002
   2.7179013366720888       -6.0769166199670793E-002
   2.7241782450708696       -4.4277783336732289E-002
   2.7304551534696504       -1.9821583736809232E-002
   2.7367320618684312        8.2165212858064454E-003
   2.7430089702672120        3.4756142482306192E-002
   2.7492858786659928        5.4940918399976876E-002
   2.7555627870647736        6.5036760949985853E-002
   2.7618396954635545        6.3138530533394216E-002
   2.7681166038623353        4.9548306999367221E-002
   2.7743935122611161        2.6746946692621665E-002
   2.7806704206598969       -1.0441702878073887E-003
   2.7869473290586777       -2.8636392848694868E-002
   2.7932242374574585       -5.0841581356093346E-002
   2.7995011458562393       -6.3453597022905081E-002
   2.8057780542550201       -6.4056236532538863E-002
   2.8120549626538009       -5.2499999946739657E-002
   2.8183318710525818       -3.0950962267450137E-002
   2.8246087794513626       -3.4959988334113921E-003
   2.8308856878501434        2.4625700158327130E-002
   2.8371625962489242        4.8021206043449241E-002
   2.8434395046477050        6.2181943868435757E-002
   2.8497164130464858        6.4360267008132382E-002
   2.8559933214452666        5.4112260607998980E-002
   2.8622702298440474        3.3397549265855801E-002
   2.8685471382428283        6.2122799663054109E-003
   2.8748240466416091       -2.2177322716382744E-002
   2.8811009550403899       -4.6254342643056369E-002
   2.8873778634391707       -6.1325886220655934E-002
   2.8936547718379515       -6.4442830697125475E-002
   2.8999316802367323       -5.4983039223681189E-002
   2.9062085886355131       -3.4781353092834602E-002
   2.9124854970342939       -7.7781777073022253E-003
   2.9187624054330747        2.0746750548266201E-002
   2.9250393138318556        4.5206569949670719E-002
   2.9313162222306364        6.0803315068754651E-002
   2.9375931306294172        6.4472025070563460E-002
   2.9438700390281980        5.5486306699973127E-002
   2.9501469474269788        3.5604927223988794E-002
   2.9564238558257596        8.7293386209540760E-003
   2.9627007642245404       -1.9861381462221543E-002
   2.9689776726233212       -4.4548003412204884E-002
   2.9752545810221021       -6.0476737921683406E-002
   2.9815314894208829       -6.4514895695053517E-002
   2.9878083978196632       -5.5867973056708715E-002
   2.9940853062184440       -3.6236301643597014E-002
   3.0003622146172249       -9.4803199612956482E-003
   3.0066391230160057        1.9139444086826461E-002
   3.0129160314147865        4.3997678883833935E-002
   3.0191929398135673        6.0210694826451007E-002
   3.0254698482123481        6.4595959640673509E-002
   3.0317467566111289        5.6296064207907864E-002
   3.0380236650099097        3.6944859684657272E-002
   3.0443005734086905        1.0343892843660944E-002
   3.0505774818074713       -1.8286310906867078E-002
   3.0568543902062522       -4.3332140709978526E-002
   3.0631312986050330       -5.9887948416117782E-002
   3.0694082070038138       -6.4716084343506897E-002
   3.0756851154025946       -5.6878113267723844E-002
   3.0819620238013754       -3.7914501030314567E-002
   3.0882389322001562       -1.1538941748263145E-002
   3.0945158405989370        1.7091390360747083E-002
   3.1007927489977178        4.2385695098255960E-002
   3.1070696573964987        5.9411389037222984E-002
   3.1133465657952795        6.4854631288750964E-002
   3.1196234741940603        5.7662734318638741E-002
   3.1259003825928411        3.9244452728142760E-002
   3.1321772909916219        1.3190747748366784E-002
   3.1384541993904027       -1.5428002458451343E-002
   3.1447311077891835       -4.1050298057193645E-002
   3.1510080161879643       -5.8704369777487934E-002
   3.1572849245867451       -6.4971479692871759E-002
   3.1635618329855260       -5.8645262006665880E-002
   3.1698387413843068       -4.0960430155576072E-002
   3.1761156497830876       -1.5348162116957309E-002
   3.1823925581818684        1.3232699592102914E-002
   3.1886694665806492        3.9257660004550131E-002
   3.1949463749794300        5.7704751017344236E-002
   3.2012232833782108        6.5022214293308039E-002
   3.2075001917769916        5.9809424477173370E-002
   3.2137771001757724        4.3081017323461153E-002
   3.2200540085745533        1.8065161790858576E-002
   3.2263309169733341       -1.0423139834120940E-002
   3.2326078253721149       -3.6911313151744396E-002
   3.2388847337708957       -5.6321150062988282E-002
   3.2451616421696765       -6.4941001637787349E-002
   3.2514385505684573       -6.1132273315137702E-002
   3.2577154589672381       -4.5636293375843476E-002
   3.2639923673660189       -2.1424946684981919E-002
   3.2702692757647998        6.8739337182039551E-003
   3.2765461841635806        3.3864398061188100E-002
   3.2828230925623614        5.4412401686162411E-002
   3.2891000009611422        6.4621064796245992E-002
   3.2953769093599230        6.2566039777950375E-002
   3.3016538177587038        4.8652814813020355E-002
   3.3079307261574846        2.5530609737932648E-002
   3.3142076345562654       -2.4178747260266667E-003
   3.3204845429550462       -2.9911435792470308E-002
   3.3267614513538271       -5.1770093935196319E-002
   3.3330383597526079       -6.3889855630447190E-002
   3.3393152681513887       -6.4009182708783488E-002
   3.3455921765501695       -5.2124695645100451E-002
   3.3518690849489503       -3.0480863229735922E-002
   3.3581459933477311       -3.1390514056904104E-003
   3.3644229017465119        2.4789990533124973E-002
   3.3706998101452927        4.8104068436775664E-002
   3.3769767185440736        6.2477746967538175E-002
   3.3832536269428544        6.5260648404540780E-002
   3.3895305353416352        5.5959203518783300E-002
   3.3958074437404160        3.6315556201549158E-002
   3.4020843521391968        9.9728842134717641E-003
   3.4083612605379776       -1.8207060409557791E-002
   3.4146381689367584       -4.3045041481365481E-002
   3.4209150773355392       -5.9996246130921776E-002
   3.4271919857343200       -6.5977943112483187E-002
   3.4334688941331009       -5.9922800906014005E-002
   3.4397458025318817       -4.2959857969882914E-002
   3.4460227109306620       -1.8194333228828512E-002
   3.4522996193294428        9.8691608711625380E-003
   3.4585765277282237        3.6151328815289305E-002
   3.4648534361270045        5.5918786182648395E-002
   3.4711303445257853        6.5633354712987133E-002
   3.4774072529245661        6.3578159949857535E-002
   3.4836841613233469        5.0150999740375811E-002
   3.4899610697221277        2.7776743438123135E-002
   3.4962379781209085        4.5936241810924346E-004
   3.5025148865196893       -2.6941893360541039E-002
   3.5087917949184702       -4.9579977337560151E-002
   3.5150687033172510       -6.3475687694838301E-002
   3.5213456117160318       -6.6210652135899301E-002
   3.5276225201148126       -5.7338065556523189E-002
   3.5338994285135934       -3.8443251465448025E-002
   3.5401763369123742       -1.2848657749575755E-002
   3.5464532453111550        1.4979909891553712E-002
   3.5527301537099358        4.0218037904205167E-002
   3.5590070621087166        5.8519519143709592E-002
   3.5652839705074975        6.6759933991991774E-002
   3.5715608789062783        6.3560571345042449E-002
   3.5778377873050591        4.9506481606477602E-002
   3.5841146957038399        2.7026547205586508E-002
   3.5903916041026207       -3.8220192059166785E-005
   3.5966685125014015       -2.7099476298226875E-002
   3.6029454209001823       -4.9602917197565086E-002
   3.6092223292989631       -6.3792523354865432E-002
   3.6154992376977440       -6.7329756652362779E-002
   3.6217761460965248       -5.9666921690826477E-002
   3.6280530544953056       -4.2117197024468173E-002
   3.6343299628940864       -1.7615581765543929E-002
   3.6406068712928672        9.7836867121700276E-003
   3.6468837796916480        3.5585309393426641E-002
   3.6531606880904288        5.5592045106531138E-002
   3.6594375964892096        6.6582965188325183E-002
   3.6657145048879904        6.6821960716530751E-002
   3.6719914132867713        5.6317880923186452E-002
   3.6782683216855521        3.6799799483944351E-002
   3.6845452300843329        1.1417658358901345E-002
   3.6908221384831137       -1.5777772776623331E-002
   3.6970990468818945       -4.0487971277285942E-002
   3.7033759552806753       -5.8846425161249862E-002
   3.7096528636794561       -6.8017501964710597E-002
   3.7159297720782369       -6.6622617527628367E-002
   3.7222066804770177       -5.4931572819407776E-002
   3.7284835888757986       -3.4795308337932297E-002
   3.7347604972745794       -9.3370781099300464E-003
   3.7410374056733602        1.7544266245085538E-002
   3.7473143140721410        4.1778085976603582E-002
   3.7535912224709218        5.9738329642193451E-002
   3.7598681308697026        6.8779125899924576E-002
   3.7661450392684834        6.7611540655207927E-002
   3.7724219476672642        5.6469912220527524E-002
   3.7786988560660451        3.7049333262046909E-002
   3.7849757644648259        1.2230411851624290E-002
   3.7912526728636067       -1.4361809996623443E-002
   3.7975295812623875       -3.8895359805395643E-002
   3.8038064896611683       -5.7884437514472496E-002
   3.8100833980599491       -6.8678162552194111E-002
   3.8163603064587299       -6.9817409347689791E-002
   3.8226372148575107       -6.1213718538404169E-002
   3.8289141232562915       -4.4131376870784680E-002
   3.8351910316550724       -2.0982282687115019E-002
   3.8414679400538532        5.0310224671907813E-003
   3.8477448484526340        3.0369295411250753E-002
   3.8540217568514148        5.1641793570152188E-002
   3.8602986652501956        6.6055808295430479E-002
   3.8665755736489764        7.1771609383094945E-002
   3.8728524820477572        6.8119450665514253E-002
   3.8791293904465380        5.5655820356166862E-002
   3.8854062988453189        3.6058522208329856E-002
   3.8916832072440997        1.1881315574600549E-002
   3.8979601156428805       -1.3794007349820499E-002
   3.9042370240416608       -3.7759064616442947E-002
   3.9105139324404417       -5.7080675103292317E-002
   3.9167908408392225       -6.9452766818200284E-002
   3.9230677492380033       -7.3457300986988092E-002
   3.9293446576367841       -6.8706802688268884E-002
   3.9356215660355649       -5.5857271361559983E-002
   3.9418984744343457       -3.6496696764906536E-002
   3.9481753828331265       -1.2929061593941034E-002
   3.9544522912319073        1.2115091807961928E-002
   3.9607291996306881        3.5803803162794627E-002
   3.9670061080294690        5.5525142473220469E-002
   3.9732830164282498        6.9168646850866405E-002
   3.9795599248270306        7.5337497850459192E-002
   3.9858368332258114        7.3472069161660394E-002
   3.9921137416245922        6.3876762761323078E-002
   3.9983906500233730        4.7653323019795704E-002
   4.0046675584221543        2.6553789935856022E-002
   4.0109444668209351        2.7739223551906281E-003
   4.0172213752197159       -2.1287348195762876E-002
   4.0234982836184967       -4.3275319019365585E-002
   4.0297751920172775       -6.1108136698018067E-002
   4.0360521004160583       -7.3165043423338683E-002
   4.0423290088148391       -7.8418569176514921E-002
   4.0486059172136200       -7.6501951226108283E-002
   4.0548828256124008       -6.7710232051720692E-002
   4.0611597340111816       -5.2940099728361729E-002
   4.0674366424099624       -3.3578975256982703E-002
   4.0737135508087432       -1.1357699915332909E-002
   4.0799904592075240        1.1816771246922788E-002
   4.0862673676063048        3.4032000932855744E-002
   4.0925442760050856        5.3528699210483047E-002
   4.0988211844038664        6.8834648218905711E-002
   4.1050980928026473        7.8864717345946009E-002
   4.1113750012014281        8.2981697663510309E-002
   4.1176519096002089        8.1016630304054080E-002
   4.1239288179989897        7.3250895766448304E-002
   4.1302057263977705        6.0365288083673210E-002
   4.1364826347965504        4.3363436907638629E-002
   4.1427595431953312        2.3478181494594196E-002
   4.1490364515941121        2.0698570971782941E-003
   4.1553133599928929       -1.9474981344608285E-002
   4.1615902683916737       -3.9836951488082764E-002
   4.1678671767904545       -5.7843441546102013E-002
   4.1741440851892353       -7.2530303830709020E-002
   4.1804209935880161       -8.3183409485085347E-002
   4.1866979019867969       -8.9359604877847776E-002
   4.1929748103855777       -9.0888164043297887E-002
   4.1992517187843585       -8.7855078123733749E-002
   4.2055286271831394       -8.0573408654115830E-002
   4.2118055355819202       -6.9543444857629991E-002
   4.2180824439807010       -5.5406566511178805E-002
   4.2243593523794818       -3.8896568702661366E-002
   4.2306362607782626       -2.0791814904768020E-002
   4.2369131691770434       -1.8710205463389076E-003
   4.2431900775758242        1.7125197801479319E-002
   4.2494669859746050        3.5525575910620971E-002
   4.2557438943733858        5.2751508795613127E-002
   4.2620208027721667        6.8332278311198508E-002
   4.2682977111709475        8.1912587537417508E-002
   4.2745746195697283        9.3253190780133735E-002
   4.2808515279685091       0.10222568813367662     
   4.2871284363672899       0.10880271498848539     
   4.2934053447660707       0.11304481098822801     
   4.2996822531648515       0.11508521693566402     
   4.3059591615636323       0.11511374163675954     
   4.3122360699624132       0.11336068483403090     
   4.3185129783611940       0.11008161674632912     
   4.3247898867599748       0.10554361773414149     
   4.3310667951587556       0.10001338748232665     
   4.3373437035575364        9.3747454146888218E-002
   4.3436206119563172        8.6984559222105906E-002
   4.3498975203550980        7.9940183852021160E-002
   4.3561744287538788        7.2803076758143945E-002
   4.3624513371526596        6.5733515067185957E-002
   4.3687282455514405        5.8863018159770436E-002
   4.3750051539502213        5.2295235108633029E-002
   4.3812820623490021        4.6107728090997606E-002
   4.3875589707477829        4.0354391039916157E-002
   4.3938358791465637        3.5068268497350702E-002
   4.4001127875453445        3.0264572200256339E-002
   4.4063896959441253        2.5943727988113473E-002
   4.4126666043429061        2.2094321415327352E-002
   4.4189435127416870        1.8695844343364170E-002
   4.4252204211404678        1.5721175845079451E-002
   4.4314973295392486        1.3138757672935620E-002
   4.4377742379380294        1.0914447183649817E-002
   4.4440511463368102        9.0130486013451101E-003
   4.4503280547355910        7.3995372395230050E-003
   4.4566049631343718        6.0400009627914093E-003
   4.4628818715331526        4.9023294139163894E-003
   4.4691587799319334        3.9566847707874844E-003
   4.4754356883307143        3.1757887343554715E-003
   4.4817125967294951        2.5350595201190261E-003
   4.4879895051282759        2.0126304410019794E-003
   4.4942664135270567        1.5892785795032717E-003
   4.5005433219258375        1.2482885072846027E-003
   4.5068202303246183        9.7527224543953969E-004
   4.5130971387233991        7.5796296576772213E-004
   4.5193740471221799        5.8599642468816916E-004
   4.5256509555209607        4.5069097779855958E-004
   4.5319278639197416        3.4483414872531925E-004
   4.5382047723185224        2.6248131301036503E-004
   4.5444816807173032        1.9877014863211060E-004
   4.5507585891160840        1.4975292556242072E-004
   4.5570354975148648        1.1224744207610936E-004
   4.5633124059136456        8.3706488746897515E-005
   4.5695893143124264        6.2105046028430541E-005
   4.5758662227112072        4.5843985813816404E-005
   4.5821431311099881        3.3668775088013754E-005
   4.5884200395087689        2.4601560405546838E-005
   4.5946969479075497        1.7884982662240661E-005
   4.6009738563063305        1.2936129011245481E-005
   4.6072507647051113        9.3091238782559742E-006
   4.6135276731038921        6.6649977239332110E-006
   4.6198045815026729        4.7476135435551011E-006
   4.6260814899014537        3.3645868403394557E-006
   4.6323583983002345        2.3722772328965930E-006
   4.6386353066990154        1.6640725573563778E-006
   4.6449122150977962        1.1613081061266909E-006
   4.6511891234965770        8.0628002762489092E-007
   4.6574660318953578        5.5690605533894422E-007
   4.6637429402941386        3.8267461799450783E-007
   4.6700198486929194        2.6159091226414069E-007
   4.6762967570917002        1.7789124084626661E-007
   4.6825736654904810        1.2034242169953415E-007
   4.6888505738892619        8.0985936250364398E-008
   4.6951274822880427        5.4215373071792550E-008
   4.7014043906868235        3.6104042746402651E-008
   4.7076812990856043        2.3917139094245736E-008
   4.7139582074843851        1.5761091460620369E-008
   4.7202351158831659        1.0332129401686531E-008
   4.7265120242819467        6.7379682807926647E-009
   4.7327889326807275        4.3712769609118528E-009
   4.7390658410795083        2.8212646839859633E-009
   4.7453427494782892        1.8115027893726698E-009
   4.7516196578770700        1.1572319644849638E-009
   4.7578965662758508        7.3550188421480533E-010
   4.7641734746746316        4.6513120423289443E-010
   4.7704503830734124        2.9266352144983804E-010
   4.7767272914721932        1.8325324440027337E-010
   4.7830041998709740        1.1416681616275947E-010
   4.7892811082697548        7.0798256855644678E-011
   4.7955580166685357        4.3677785188184997E-011
   4.8018349250673165        2.6834394346251109E-011
   4.8081118334660973        1.6394346579201529E-011
   4.8143887418648781        9.9843529259407197E-012
   4.8206656502636589        6.0387250224654984E-012
   4.8269425586624397        3.6495173137533843E-012
   4.8332194670612205        2.1825093086339672E-012
   4.8394963754600013        1.3124628223545696E-012
   4.8457732838587821        7.7317780948701218E-013
   4.8520501922575630        4.6586964985525371E-013
   4.8583271006563438        2.6776975074059371E-013
   4.8646040090551246        1.6464941572535492E-013
   4.8708809174539054        8.9241239728889899E-014
   4.8771578258526862        5.8248376451783247E-014
   4.8834347342514670        2.6451262888098923E-014
   4.8897116426502478        2.1236207157608105E-014
   4.8959885510490286        5.6603376346584181E-015
   4.9022654594478094        9.1851162364400083E-015
   4.9085423678465903       -5.6524756177263032E-016
   4.9148192762453711        5.4219659610461179E-015
   4.9210961846441519       -2.5415699732989224E-015
   4.9273730930429327        3.9877178075696738E-015
   4.9336500014417135       -3.1866543182837130E-015
   4.9399269098404943        3.5195351848558204E-015
   4.9462038182392751       -3.0760210463314241E-015
   4.9524807266380559        3.4744764725827088E-015
   4.9587576350368368       -2.8305027917866801E-015
   4.9650345434356176        3.4660532430508255E-015
   4.9713114518343984       -2.7531928441941624E-015
   4.9775883602331792        3.0634195077472630E-015
   4.9838652686319600       -2.6947285359774008E-015
   4.9901421770307408        3.0567299340446053E-015
   4.9964190854295216       -2.5920430601110965E-015
   5.0026959938283024        2.7972827444807724E-015
   5.0089729022270832       -2.5103405183533148E-015
   5.0152498106258641        2.7177440624086628E-015
   5.0215267190246449       -2.7035884692618894E-015
   5.0278036274234257        2.1273663923920428E-015
   5.0340805358222065       -2.8611914103009457E-015
   5.0403574442209873        1.8052687701033712E-015
   5.0466343526197681       -2.5895934837633293E-015
   5.0529112610185480        2.5707429625472878E-015
   5.0591881694173289       -2.1209203144543714E-015
   5.0654650778161097        2.1173799095315347E-015
   5.0717419862148905       -2.3166223815379527E-015
   5.0780188946136713        2.0154910425923655E-015
   5.0842958030124521       -2.3019954799954664E-015
   5.0905727114112329        2.0090656737430015E-015
   5.0968496198100137       -2.1181376992698751E-015
   5.1031265282087945        2.0703507921446123E-015
   5.1094034366075753       -1.7583059213977786E-015
   5.1156803450063562        2.1993441174848945E-015
   5.1219572534051370       -1.9752236385868692E-015
   5.1282341618039178        1.8626629374305819E-015
   5.1345110702026986       -1.8378846200556531E-015
   5.1407879786014794        1.8138870429846250E-015
   5.1470648870002602       -1.7610628078712838E-015
   5.1533417953990410        2.0606571063535090E-015
   5.1596187037978218       -1.6627780677769010E-015
   5.1658956121966026        1.7484012287484181E-015
   5.1721725205953835       -1.6393260319763842E-015
   5.1784494289941643        1.3965421750681363E-015
   5.1847263373929451       -1.8938291611305107E-015
   5.1910032457917259        1.5616354097490214E-015
   5.1972801541905067       -1.0783460987398087E-015
   5.2035570625892875        2.3697830341496800E-015
   5.2098339709880683       -6.8956171903177716E-016
   5.2161108793868491        2.1007607674732333E-015
   5.2223877877856300       -9.5473645298975370E-016
   5.2286646961844108        1.9283031594144605E-015
   5.2349416045831916       -1.2272270432598073E-015
   5.2412185129819724        1.2573334309210358E-015
   5.2474954213807532       -1.6462115244242807E-015
   5.2537723297795340        1.0258964087824897E-015
   5.2600492381783148       -1.6482786941152383E-015
   5.2663261465770956        9.3976209208298932E-016
   5.2726030549758764       -1.3039323123328047E-015
   5.2788799633746573        1.6181826794203128E-015
   5.2851568717734381       -9.8750029998923000E-016
   5.2914337801722189        1.5483649779969951E-015
   5.2977106885709997       -1.0324611475466394E-015
   5.3039875969697805        1.2660930332566847E-015
   5.3102645053685613       -1.5428361755696494E-015
   5.3165414137673421        6.3985196580102354E-016
   5.3228183221661229       -1.7807011520577292E-015
   5.3290952305649038        3.0229596000450532E-016
   5.3353721389636846       -1.9372550878320173E-015
   5.3416490473624654        7.5171362063858988E-016
   5.3479259557612462       -1.4384570556421413E-015
   5.3542028641600270        9.7289980250631180E-016
   5.3604797725588078       -1.0991784487988734E-015
   5.3667566809575886        1.2877790175919729E-015
   5.3730335893563694       -7.9507079212190289E-016
   5.3793104977551502        1.7695994156859164E-015
   5.3855874061539311        1.6511589896417806E-016
   5.3918643145527119        3.1564303120738820E-015
   5.3981412229514927        1.8330357022165977E-015
   5.4044181313502735        4.4210954171229312E-015
   5.4106950397490543        2.6739263012036687E-015
   5.4169719481478351        4.9690600440070177E-015
   5.4232488565466159        3.0950390826852360E-015
   5.4295257649453967        5.3608374562631085E-015
   5.4358026733441775        3.8145280090195741E-015
   5.4420795817429584        6.1848456838692968E-015
   5.4483564901417392        5.0606380324139456E-015
   5.4546333985405200        7.6203754137205365E-015
   5.4609103069393008        7.1300096426134095E-015
   5.4671872153380816        9.8692535338955089E-015
   5.4734641237368624        9.1249221395373271E-015
   5.4797410321356432        1.1428526001247166E-014
   5.4860179405344240        1.0330590316863564E-014
   5.4922948489332049        1.2964479458905768E-014
   5.4985717573319857        1.2032872352665393E-014
   5.5048486657307665        1.4094988336457485E-014
   5.5111255741295473        1.2625548018900740E-014
   5.5174024825283281        1.4200816809574534E-014
   5.5236793909271089        1.1843444761305667E-014
   5.5299562993258897        1.1873068355897798E-014
   5.5362332077246705        8.2860182435070539E-015
   5.5425101161234513        7.7854380707225273E-015
   5.5487870245222322        4.0642691344616240E-015
   5.5550639329210130        3.7399200025489652E-015
   5.5613408413197938        9.6078984617584649E-018
   5.5676177497185746       -6.5208621566257355E-016
   5.5738946581173554       -3.7456582919182894E-015
   5.5801715665161362       -4.0168825047203238E-015
   5.5864484749149170       -6.6645592346563948E-015
   5.5927253833136978       -5.3393093013271422E-015
   5.5990022917124787       -6.4332290661316833E-015
   5.6052792001112595       -4.0790719649086490E-015
   5.6115561085100403       -3.7496227109110743E-015
   5.6178330169088211        1.9074772112831861E-017
   5.6241099253076019        1.1812686039742968E-015
   5.6303868337063827        5.0063202855173835E-015
   5.6366637421051635        5.5884655717069702E-015
   5.6429406505039443        7.6747323877982280E-015
   5.6492175589027251        6.0553312854319663E-015
   5.6554944673015060        6.4649339452269892E-015
   5.6617713757002868        3.5302675931771997E-015
   5.6680482840990676        2.4867612239452606E-015
   5.6743251924978484       -1.7317146709510174E-015
   5.6806021008966292       -3.0333043898954828E-015
   5.6868790092954100       -6.4582592380916850E-015
   5.6931559176941908       -6.6818318914706635E-015
   5.6994328260929716       -8.2224220345160800E-015
   5.7057097344917524       -5.9472668096475439E-015
   5.7119866428905333       -5.7719748008060467E-015
   5.7182635512893141       -2.4339783831095403E-015
   5.7245404596880949       -1.0535300031643242E-015
   5.7308173680868757        2.6743631014647094E-015
   5.7370942764856565        3.6793064536905273E-015
   5.7433711848844373        5.9946641376293321E-015
   5.7496480932832181        5.5714658729061617E-015
   5.7559250016819989        6.8353401032865605E-015
   5.7622019100807798        4.8593929489994164E-015
   5.7684788184795606        4.2488399673298130E-015
   5.7747557268783414        9.6640403506901838E-016
   5.7810326352771222       -6.8858394964741933E-016
   5.7873095436759030       -4.3738800673483561E-015
   5.7935864520746838       -5.3638158417677517E-015
   5.7998633604734646       -7.2246389588562818E-015
   5.8061402688722454       -5.9051426090870030E-015
   5.8124171772710262       -5.2872913546755712E-015
   5.8186940856698071       -2.5032809721794489E-015
   5.8249709940685879       -1.3202178967405683E-015
   5.8312479024673687        1.8858531186893533E-015
   5.8375248108661495        2.5716035980715226E-015
   5.8438017192649303        4.9737499188830960E-015
   5.8500786276637111        4.9414022501817352E-015
   5.8563555360624919        6.0132689118347621E-015
   5.8626324444612727        4.0529363585596037E-015
   5.8689093528600536        2.8138831519742468E-015
   5.8751862612588344       -7.9621648097966742E-016
   5.8814631696576152       -2.1684096924961130E-015
   5.8877400780563960       -5.1916593922634823E-015
   5.8940169864551768       -5.6747116401943059E-015
   5.9002938948539576       -6.7861411998535646E-015
   5.9065708032527384       -4.6679745967686482E-015
   5.9128477116515192       -3.4981391212478437E-015
   5.9191246200503000       -4.5930456844935126E-016
   5.9254015284490809        1.2391497155152544E-015
   5.9316784368478617        4.1948501069579045E-015
   5.9379553452466425        4.8298489501322387E-015
   5.9442322536454233        6.2020971638389214E-015
   5.9505091620442041        4.8902185410226480E-015
   5.9567860704429849        4.1410170188991211E-015
   5.9630629788417657        1.2386726050501412E-015
   5.9693398872405457       -6.4447382260013929E-016
   5.9756167956393265       -3.8374937356349100E-015
   5.9818937040381073       -5.0065553206166406E-015
   5.9881706124368881       -6.9680180479672975E-015
   5.9944475208356689       -5.7813662790715062E-015
   6.0007244292344497       -5.0310365236016372E-015
   6.0070013376332305       -1.4312489610998921E-015
   6.0132782460320113        1.1514630039663503E-015
   6.0195551544307921        4.9757020253399529E-015
   6.0258320628295730        6.2207542929276072E-015
   6.0321089712283538        7.6951027186586898E-015
   6.0383858796271346        6.3375975448004536E-015
   6.0446627880259154        5.2217532530006315E-015
   6.0509396964246962        1.6913624530474954E-015
   6.0572166048234770       -5.7922119508873872E-016
   6.0634935132222578       -4.3570591573239432E-015
   6.0697704216210386       -6.1450593908116675E-015
   6.0760473300198194       -8.1378961671013423E-015
   6.0823242384186003       -7.0909592181533576E-015
   6.0886011468173811       -5.9940765676104121E-015
   6.0948780552161619       -2.1928556365483232E-015
   6.1011549636149427        5.3070734159235753E-016
   6.1074318720137235        4.3963092269440120E-015
   6.1137087804125043        6.2535289390949784E-015
   6.1199856888112851        8.0326042661663423E-015
   6.1262625972100659        6.9783929402672042E-015
   6.1325395056088468        5.8049866477277377E-015
   6.1388164140076276        2.5930425613952799E-015
   6.1450933224064084       -5.9772771876255252E-018
   6.1513702308051892       -3.7115665897259950E-015
   6.1576471392039700       -5.1425180332309788E-015
   6.1639240476027508       -6.9483083189564441E-015
   6.1702009560015316       -6.3061936784914496E-015
   6.1764778644003124       -6.0049765819757335E-015
   6.1827547727990932       -3.4555915946525686E-015
   6.1890316811978741       -1.2882072358302400E-015
   6.1953085895966549        2.4400977298221024E-015
   6.2015854979954357        4.5834235207401472E-015
   6.2078624063942165        7.1020988016323270E-015
   6.2141393147929973        7.0155307531952051E-015
   6.2204162231917781        6.7150391070268910E-015
   6.2266931315905589        3.9198206056486903E-015
   6.2329700399893397        1.4677374469521705E-015
   6.2392469483881206       -2.2638498569691387E-015
   6.2455238567869014       -4.5728180925417623E-015
   6.2518007651856822       -7.5380753344389042E-015
   6.2580776735844630       -7.6930157569646933E-015
   6.2643545819832438       -7.0905050550766609E-015
   6.2706314903820246       -4.3864133986279780E-015
   6.2769083987808054       -1.4860530155055715E-015
   6.2831853071795862        2.8412268158297977E-015
