   6.2769083987808056E-003   5.0665466591889051E-002
   1.2553816797561611E-002   5.0781404185644571E-002
   1.8830725196342418E-002   2.6868026017837013E-002
   2.5107633595123222E-002  -9.7555566011230735E-003
   3.1384541993904030E-002  -4.1767089870138829E-002
   3.7661450392684835E-002  -5.4035789381699915E-002
   4.3938358791465640E-002  -4.0770417258417471E-002
   5.0215267190246445E-002  -8.2455431213444893E-003
   5.6492175589027249E-002   2.8173992879178784E-002
   6.2769083987808061E-002   5.1295720618827090E-002
   6.9045992386588859E-002   5.0214215598894087E-002
   7.5322900785369670E-002   2.5448165460302600E-002
   8.1599809184150468E-002  -1.1317114495135975E-002
   8.7876717582931280E-002  -4.2750093697946627E-002
   9.4153625981712077E-002  -5.4044975517889580E-002
  0.10043053438049289       -3.9890982678900483E-002
  0.10670744277927370       -6.9603744647678632E-003
  0.11298435117805450        2.9246223184775846E-002
  0.11926125957683531        5.1701175448855226E-002
  0.12553816797561612        4.9855994214850992E-002
  0.13181507637439691        2.4588407425293602E-002
  0.13809198477317772       -1.2226122923527528E-002
  0.14436889317195853       -4.3304391482399139E-002
  0.15064580157073934       -5.4071346902661153E-002
  0.15692270996952015       -3.9489479453408104E-002
  0.16319961836830094       -6.4041317565681705E-003
  0.16947652676708175        2.9681831155837869E-002
  0.17575343516586256        5.1878632710351792E-002
  0.18203034356464337        4.9812300433319662E-002
  0.18830725196342415        2.4462544947431861E-002
  0.19458416036220497       -1.2315623618537504E-002
  0.20086106876098578       -4.3346817201318597E-002
  0.20713797715976659       -5.4158527432687911E-002
  0.21341488555854740       -3.9723260493194995E-002
  0.21969179395732819       -6.7819132360702099E-003
  0.22596870235610900        2.9318621957477909E-002
  0.23224561075488981        5.1783144668710333E-002
  0.23852251915367062        5.0178859953722330E-002
  0.24479942755245140        2.5267714179232393E-002
  0.25107633595123224       -1.1372176619550763E-002
  0.25735324435001306       -4.2740849113454160E-002
  0.26363015274879381       -5.4307012094191462E-002
  0.26990706114757462       -4.0730638103215679E-002
  0.27618396954635543       -8.3113986330958650E-003
  0.28246087794513625        2.7951799987553805E-002
  0.28873778634391706        5.1309619708474599E-002
  0.29501469474269787        5.0995448334149873E-002
  0.30129160314147868        2.7173592440714225E-002
  0.30756851154025949       -9.1650595814215963E-003
  0.31384541993904030       -4.1289564597297351E-002
  0.32012232833782106       -5.4436267525121894E-002
  0.32639923673660187       -4.2584233214034428E-002
  0.33267614513538268       -1.1193477598567782E-002
  0.33895305353416350        2.5330464407772438E-002
  0.34522996193294431        5.0259083931550257E-002
  0.35150687033172512        5.2200402626834876E-002
  0.35778377873050593        3.0289142940740612E-002
  0.36406068712928674       -5.4500351182868523E-003
  0.37033759552806755       -3.8707392200465929E-002
  0.37661450392684831       -5.4337250328098365E-002
  0.38289141232562912       -4.5246065850810001E-002
  0.38916832072440993       -1.5590810049179501E-002
  0.39544522912319074        2.1144920526090027E-002
  0.40172213752197156        4.8296333231589043E-002
  0.40799904592075237        5.3576573387068463E-002
  0.41427595431953318        3.4620719809458418E-002
  0.42055286271831399        2.0238828211208218E-005
  0.42682977111709480       -3.4592949730638728E-002
  0.43310667951587556       -5.3617941400280256E-002
  0.43938358791465637       -4.8508431751549917E-002
  0.44566049631343718       -2.1589702961909367E-002
  0.45193740471221799        1.5025845533324251E-002
  0.45821431311099881        4.4907565232801060E-002
  0.46449122150977962        5.4681964344237451E-002
  0.47076812990856043        4.0002552574093915E-002
  0.47704503830734124        7.4558916849523631E-003
  0.48332194670612205       -2.8419811982153573E-002
  0.48959885510490281       -5.1642461647359701E-002
  0.49587576350368362       -5.1900706030337702E-002
  0.50215267190246449       -2.9110253113718013E-002
  0.50842958030124530        6.5917238818764172E-003
  0.51470648870002611        3.9379371890614363E-002
  0.52098339709880681        5.4760694131602325E-002
  0.52726030549758762        4.5970104411518130E-002
  0.53353721389636843        1.6916539109412435E-002
  0.53981412229514925       -1.9585226409536787E-002
  0.54609103069393006       -4.7486735907015389E-002
  0.55236793909271087       -5.4561836139534074E-002
  0.55864484749149168       -3.7743740520139873E-002
  0.56492175589027249       -4.4220123290545860E-003
  0.57119866428905330        3.0834343705447093E-002
  0.57747557268783412        5.2661437039358217E-002
  0.58375248108661493        5.1588007690166360E-002
  0.59002938948539574        2.8117882948782678E-002
  0.59630629788417655       -7.5405943563688679E-003
  0.60258320628295736       -3.9942804211038421E-002
  0.60886011468173817       -5.5105638097839478E-002
  0.61513702308051899       -4.6526139122226202E-002
  0.62141393147929980       -1.7936775064430553E-002
  0.62769083987808061        1.8355458016440847E-002
  0.63396774827686131        4.6791675385320711E-002
  0.64024465667564212        5.5232527678030857E-002
  0.64652156507442293        4.0116727379372795E-002
  0.65279847347320374        7.9243598095592033E-003
  0.65907538187198456       -2.7638888444818207E-002
  0.66535229027076537       -5.1497167545754452E-002
  0.67162919866954618       -5.3588859856727566E-002
  0.67790610706832699       -3.3078392170126238E-002
  0.68418301546710780        1.3545626575222139E-003
  0.69045992386588861        3.5225441505388339E-002
  0.69673683226466943        5.4352854109172774E-002
  0.70301374066345024        5.0781763227906243E-002
  0.70929064906223105        2.6053370962473683E-002
  0.71556755746101186       -9.5061392614161234E-003
  0.72184446585979267       -4.1133176292781397E-002
  0.72812137425857348       -5.5765274349386336E-002
  0.73439828265735430       -4.7414034580826457E-002
  0.74067519105613511       -1.9571233356377220E-002
  0.74695209945491581        1.6299726099467345E-002
  0.75322900785369662        4.5516471526725957E-002
  0.75950591625247743        5.6190314799541598E-002
  0.76578282465125824        4.4034998982816556E-002
  0.77205973305003905        1.4038136012987647E-002
  0.77833664144881987       -2.1635170703813454E-002
  0.78461354984760068       -4.8605979947648238E-002
  0.79089045824638149       -5.6074818393657064E-002
  0.79716736664516230       -4.1111194837677272E-002
  0.80344427504394311       -9.7495272757200380E-003
  0.80972118344272392        2.5494922499977507E-002
  0.81599809184150474        5.0648046859615992E-002
  0.82227500024028555        5.5810556480324278E-002
  0.82855190863906636        3.9014579207106603E-002
  0.83482881703784717        6.9164914109211273E-003
  0.84110572543662798       -2.7892227656148683E-002
  0.84738263383540879       -5.1850289032393609E-002
  0.85365954223418961       -5.5699880220721872E-002
  0.85993645063297042       -3.8021302729311625E-002
  0.86621335903175112       -5.6963903384461062E-003
  0.87249026743053193        2.8822515669616404E-002
  0.87876717582931274        5.2334862781408371E-002
  0.88504408422809355        5.5928295167234986E-002
  0.89132099262687436        3.8312127903371865E-002
  0.89759790102565518        6.2186072717321170E-003
  0.90387480942443599       -2.8223518041611009E-002
  0.91015171782321680       -5.2099017282454932E-002
  0.91642862622199761       -5.6537802897485175E-002
  0.92270553462077842       -3.9965021573771187E-002
  0.92898244301955923       -8.5962139407339579E-003
  0.93525935141834005        2.5949644184735596E-002
  0.94153625981712086        5.0982865344352112E-002
  0.94781316821590167        5.7395408183275959E-002
  0.95409007661468248        4.2930682996663687E-002
  0.96036698501346329        1.2913642596487307E-002
  0.96664389341224410       -2.1768236771183454E-002
  0.97292080181102492       -4.8647577826313460E-002
  0.97919771020980562       -5.8154752307986800E-002
  0.98547461860858643       -4.6984171710820630E-002
  0.99175152700736724       -1.9180221186029068E-002
  0.99802843540614805        1.5388891502886784E-002
   1.0043053438049290        4.4573478303090955E-002
   1.0105822522037098        5.8215815875738784E-002
   1.0168591606024906        5.1650790684886039E-002
   1.0231360690012714        2.7240048729357810E-002
   1.0294129774000522       -6.5418761478864161E-003
   1.0356898857988328       -3.8097106998829851E-002
   1.0419667941976136       -5.6699481037213985E-002
   1.0482437025963944       -5.6114872293169804E-002
   1.0545206109951752       -3.6634149958614838E-002
   1.0607975193939561       -4.8761535496484815E-003
   1.0670744277927369        2.8516735998993407E-002
   1.0733513361915177        5.2470635599275513E-002
   1.0796282445902985        5.9139428468971474E-002
   1.0859051529890793        4.6426984508446484E-002
   1.0921820613878601        1.8578272145834202E-002
   1.0984589697866409       -1.5300850091764035E-002
   1.1047358781854217       -4.4260549186639027E-002
   1.1110127865842025       -5.9049041849697025E-002
   1.1172896949829834       -5.5033576688954013E-002
   1.1235666033817642       -3.3590075449252223E-002
   1.1298435117805450       -1.5661364960520190E-003
   1.1361204201793258        3.0958752769939566E-002
   1.1423973285781066        5.3867609798499617E-002
   1.1486742369768874        6.0136424367633202E-002
   1.1549511453756682        4.7937875829551418E-002
   1.1612280537744490        2.1104848069698697E-002
   1.1675049621732299       -1.2137522126953132E-002
   1.1737818705720107       -4.1734676107605014E-002
   1.1800587789707915       -5.8850130576311922E-002
   1.1863356873695723       -5.8472759701626298E-002
   1.1926125957683531       -4.0824720584686600E-002
   1.1988895041671339       -1.1193870320741454E-002
   1.2051664125659147        2.1709054163634070E-002
   1.2114433209646955        4.8342607334006554E-002
   1.2177202293634763        6.1096561016634077E-002
   1.2239971377622572        5.6426331162924240E-002
   1.2302740461610380        3.5773795021528484E-002
   1.2365509545598188        5.0561162166378902E-003
   1.2428278629585996       -2.7083969149173357E-002
   1.2491047713573804       -5.1735166582912204E-002
   1.2553816797561612       -6.2177186879149755E-002
   1.2616585881549420       -5.5667817880931551E-002
   1.2679354965537226       -3.4095740108269768E-002
   1.2742124049525034       -3.3653730778734725E-003
   1.2804893133512842        2.8272794570794874E-002
   1.2867662217500651        5.2461259043376382E-002
   1.2930431301488459        6.2930688214169583E-002
   1.2993200385476267        5.7078658071947355E-002
   1.3055969469464075        3.6547652123391630E-002
   1.3118738553451883        6.6955025395421331E-003
   1.3181507637439691       -2.4859488103318058E-002
   1.3244276721427499       -5.0210858815675705E-002
   1.3307045805415307       -6.3136886010925306E-002
   1.3369814889403115       -6.0584557390462639E-002
   1.3432583973390924       -4.3322518373997275E-002
   1.3495353057378732       -1.5643301914750891E-002
   1.3558122141366540        1.5767527659718280E-002
   1.3620891225354348        4.3484427957039815E-002
   1.3683660309342156        6.1100450806104538E-002
   1.3746429393329964        6.4674991329537537E-002
   1.3809198477317772        5.3552491502392427E-002
   1.3871967561305580        3.0398963729640082E-002
   1.3934736645293389        4.9142995669033528E-004
   1.3997505729281197       -2.9538509059546574E-002
   1.4060274813269005       -5.3197724051788464E-002
   1.4123043897256813       -6.5521339009956450E-002
   1.4185812981244621       -6.4066075306217940E-002
   1.4248582065232429       -4.9320720708302443E-002
   1.4311351149220237       -2.4485147494239516E-002
   1.4374120233208045        5.2944299807755439E-003
   1.4436889317195853        3.4040524233691589E-002
   1.4499658401183662        5.6160375523918039E-002
   1.4562427485171470        6.7513886169554574E-002
   1.4625196569159278        6.6135252956613252E-002
   1.4687965653147086        5.2495447570783650E-002
   1.4750734737134894        2.9291723129221969E-002
   1.4813503821122702        8.4179181421694445E-004
   1.4876272905110510       -2.7772833068116738E-002
   1.4939041989098316       -5.1637626792015327E-002
   1.5001811073086124       -6.6837636786891710E-002
   1.5064580157073932       -7.1055079110821304E-002
   1.5127349241061741       -6.3851305973990635E-002
   1.5190118325049549       -4.6616219169120572E-002
   1.5252887409037357       -2.2226937082677648E-002
   1.5315656493025165        5.4985275482359848E-003
   1.5378425577012973        3.2443310385847510E-002
   1.5441194661000781        5.4818226178939874E-002
   1.5503963744988589        6.9678272381073811E-002
   1.5566732828976397        7.5264220530020520E-002
   1.5629501912964205        7.1140096465281702E-002
   1.5692270996952014        5.8132806020708153E-002
   1.5755040080939822        3.8108906955496027E-002
   1.5817809164927630        1.3641974740031579E-002
   1.5880578248915438       -1.2368755432534370E-002
   1.5943347332903246       -3.7070831164047371E-002
   1.6006116416891054       -5.7975363010344685E-002
   1.6068885500878862       -7.3186958702020688E-002
   1.6131654584866670       -8.1532608968445414E-002
   1.6194423668854478       -8.2590951655049732E-002
   1.6257192752842287       -7.6635656047822839E-002
   1.6319961836830095       -6.4514647081717391E-002
   1.6382730920817903       -4.7490375068069926E-002
   1.6445500004805711       -2.7065865118093578E-002
   1.6508269088793519       -4.8178200740866817E-003
   1.6571038172781327        1.7747244337766088E-002
   1.6633807256769135        3.9303863264035947E-002
   1.6696576340756943        5.8781304449270134E-002
   1.6759345424744752        7.5400787267624142E-002
   1.6822114508732560        8.8680593627379317E-002
   1.6884883592720368        9.8415682621937797E-002
   1.6947652676708176       0.10463939112279633     
   1.7010421760695984       0.10757471408732704     
   1.7073190844683792       0.10758180467518563     
   1.7135959928671600       0.10510702032749077     
   1.7198729012659408       0.10063733815365679     
   1.7261498096647214        9.4662483427246411E-002
   1.7324267180635022        8.7645784652218658E-002
   1.7387036264622830        8.0003752001344075E-002
   1.7449805348610639        7.2093714479858406E-002
   1.7512574432598447        6.4208334469234019E-002
   1.7575343516586255        5.6575566999014046E-002
   1.7638112600574063        4.9362597229382139E-002
   1.7700881684561871        4.2682393131294495E-002
   1.7763650768549679        3.6601702033397160E-002
   1.7826419852537487        3.1149552013745981E-002
   1.7889188936525295        2.6325559306819568E-002
   1.7951958020513104        2.2107565660779243E-002
   1.8014727104500912        1.8458321482262612E-002
   1.8077496188488720        1.5331084209503163E-002
   1.8140265272476528        1.2674116489261904E-002
   1.8203034356464336        1.0434147905791318E-002
   1.8265803440452144        8.5589129726673686E-003
   1.8328572524439952        6.9989026464837125E-003
   1.8391341608427760        5.7084733181541883E-003
   1.8454110692415568        4.6464513701387272E-003
   1.8516879776403377        3.7763579518740975E-003
   1.8579648860391185        3.0663610461169103E-003
   1.8642417944378993        2.4890431346701668E-003
   1.8705187028366801        2.0210544373430077E-003
   1.8767956112354609        1.6427051572975337E-003
   1.8830725196342417        1.3375357832913757E-003
   1.8893494280330225        1.0918927256263460E-003
   1.8956263364318033        8.9452701038096963E-004
   1.9019032448305841        7.3622714476267569E-004
   1.9081801532293650        6.0949391639291621E-004
   1.9144570616281458        5.0825661169761824E-004
   1.9207339700269266        4.2762554400658538E-004
   1.9270108784257074        3.6367908221801001E-004
   1.9332877868244882        3.1328278589654420E-004
   1.9395646952232690        2.7393715709118520E-004
   1.9458416036220498        2.4365012573700914E-004
   1.9521185120208304        2.2083037000194731E-004
   1.9583954204196112        2.0419781256295226E-004
   1.9646723288183920        1.9270805784518040E-004
   1.9709492372171729        1.8548804164381040E-004
   1.9772261456159537        1.8178077309132231E-004
   1.9835030540147345        1.8089768404697175E-004
   1.9897799624135153        1.8217780952459401E-004
   1.9960568708122961        1.8495372986404224E-004
   2.0023337792110771        1.8852494406408765E-004
   2.0086106876098579        1.9214001135254021E-004
   2.0148875960086388        1.9498938417748040E-004
   2.0211645044074196        1.9621121070172688E-004
   2.0274414128062004        1.9491244595860725E-004
   2.0337183212049812        1.9020719313713483E-004
   2.0399952296037620        1.8127322290223256E-004
   2.0462721380025428        1.6742594004643597E-004
   2.0525490464013236        1.4820669908752841E-004
   2.0588259548001044        1.2347934157344885E-004
   2.0651028631988853        9.3525410084366811E-005
   2.0713797715976656        5.9125052474716731E-005
   2.0776566799964464        2.1607812188532468E-005
   2.0839335883952272       -1.7143960314846288E-005
   2.0902104967940081       -5.4755532631762677E-005
   2.0964874051927889       -8.8496686713456567E-005
   2.1027643135915697       -1.1550026301937043E-004
   2.1090412219903505       -1.3305637124503086E-004
   2.1153181303891313       -1.3896202606570712E-004
   2.1215950387879121       -1.3189017892296660E-004
   2.1278719471866929       -1.1172727020833281E-004
   2.1341488555854737       -7.9817874758949506E-005
   2.1404257639842545       -3.9052443986276202E-005
   2.1467026723830354        6.2569863703883365E-006
   2.1529795807818162        5.0745796531813356E-005
   2.1592564891805970        8.8607146896670704E-005
   2.1655333975793778        1.1439400082567947E-004
   2.1718103059781586        1.2391309751961580E-004
   2.1780872143769394        1.1506749216831979E-004
   2.1843641227757202        8.8478737126313156E-005
   2.1906410311745010        4.7723779113594479E-005
   2.1969179395732819       -9.3699095894140323E-007
   2.2031948479720627       -4.9384317182743178E-005
   2.2094717563708435       -8.8951229050650892E-005
   2.2157486647696243       -1.1203331845158596E-004
   2.2220255731684051       -1.1370475055355402E-004
   2.2283024815671859       -9.2986679473818932E-005
   2.2345793899659667       -5.3427666207865440E-005
   2.2408562983647475       -2.7558583935115595E-006
   2.2471332067635283        4.8455594272510693E-005
   2.2534101151623092        8.8934880764500259E-005
   2.2596870235610900        1.0926080359402517E-004
   2.2659639319598708        1.0423685271210692E-004
   2.2722408403586516        7.4467641183006270E-005
   2.2785177487574324        2.6632277240199028E-005
   2.2847946571562132       -2.7774563762720289E-005
   2.2910715655549940       -7.5077284233034759E-005
   2.2973484739537748       -1.0287030437335526E-004
   2.3036253823525557       -1.0342199268333985E-004
   2.3099022907513365       -7.6071242625717705E-005
   2.3161791991501173       -2.7829884347957071E-005
   2.3224561075488981        2.8161428748320975E-005
   2.3287330159476789        7.6075111452812331E-005
   2.3350099243464597        1.0188365597839949E-004
   2.3412868327452405        9.7624356130529335E-005
   2.3475637411440213        6.4109505806778574E-005
   2.3538406495428021        1.1104629040053791E-005
   2.3601175579415830       -4.5288829976845935E-005
   2.3663944663403638       -8.7428268273638483E-005
   2.3726713747391446       -1.0171086377538588E-004
   2.3789482831379254       -8.3161848309627187E-005
   2.3852251915367062       -3.7429057778922567E-005
   2.3915020999354870        2.0670563276088262E-005
   2.3977790083342678        7.1790025087322128E-005
   2.4040559167330486        9.8484346027872752E-005
   2.4103328251318294        9.1304014242135024E-005
   2.4166097335306103        5.2378452524435146E-005
   2.4228866419293911       -4.9384118546825451E-006
   2.4291635503281719       -6.0460483039141977E-005
   2.4354404587269527       -9.4227499406097765E-005
   2.4417173671257335       -9.3780318178075128E-005
   2.4479942755245143       -5.8967763075802300E-005
   2.4542711839232951       -2.3618626264867246E-006
   2.4605480923220759        5.5090887994412021E-005
   2.4668250007208568        9.1754145347350640E-005
   2.4731019091196376        9.3527837750651118E-005
   2.4793788175184184        5.9458952597911596E-005
   2.4856557259171992        2.4374648039638179E-006
   2.4919326343159800       -5.5501606190705796E-005
   2.4982095427147608       -9.1630764824963184E-005
   2.5044864511135416       -9.1518117252172422E-005
   2.5107633595123224       -5.4966824077421884E-005
   2.5170402679111032        3.6042286672372095E-006
   2.5233171763098841        6.0691627330999748E-005
   2.5295940847086644        9.3093327716429715E-005
   2.5358709931074452        8.7417347637067780E-005
   2.5421479015062260        4.5782728015350454E-005
   2.5484248099050069       -1.4779143822161298E-005
   2.5547017183037877       -6.9163683196926849E-005
   2.5609786267025685       -9.4579014078293412E-005
   2.5672555351013493       -8.0187568684858817E-005
   2.5735324435001301       -3.1885180754794430E-005
   2.5798093518989109        2.9952809862172804E-005
   2.5860862602976917        7.8972426710745164E-005
   2.5923631686964725        9.4080238426744406E-005
   2.5986400770952534        6.8620914629719703E-005
   2.6049169854940342        1.3455019151197036E-005
   2.6111938938928150       -4.7543626398652460E-005
   2.6174708022915958       -8.7761929932179278E-005
   2.6237477106903766       -8.9493467810239716E-005
   2.6300246190891574       -5.1841321940071146E-005
   2.6363015274879382        8.6974924090823350E-006
   2.6425784358867190        6.5363647050604791E-005
   2.6488553442854998        9.2941358572289580E-005
   2.6551322526842807        7.9036076211897206E-005
   2.6614091610830615        2.9751678675967777E-005
   2.6676860694818423       -3.2880423933679397E-005
   2.6739629778806231       -8.0688553804876724E-005
   2.6802398862794039       -9.2041252779354599E-005
   2.6865167946781847       -6.1705562350794152E-005
   2.6927937030769655       -3.3561025620111691E-006
   2.6990706114757463        5.6508930629514425E-005
   2.7053475198745272        9.0573336237028754E-005
   2.7116244282733080        8.3200048811234571E-005
   2.7179013366720888        3.7684186749100938E-005
   2.7241782450708696       -2.5137506313766704E-005
   2.7304551534696504       -7.6374787135795127E-005
   2.7367320618684312       -9.2370044761978234E-005
   2.7430089702672120       -6.5668922341218303E-005
   2.7492858786659928       -8.5639134592511437E-006
   2.7555627870647736        5.2505093201891794E-005
   2.7618396954635545        8.9169284522393858E-005
   2.7681166038623353        8.4329914094175527E-005
   2.7743935122611161        4.0184361431454454E-005
   2.7806704206598969       -2.2713490965168651E-005
   2.7869473290586777       -7.4986322783234999E-005
   2.7932242374574585       -9.2153516074843542E-005
   2.7995011458562393       -6.6128249460871083E-005
   2.8057780542550201       -9.0748087126426881E-006
   2.8120549626538009        5.2236292918876925E-005
   2.8183318710525818        8.8973990989078358E-005
   2.8246087794513626        8.3818606218374493E-005
   2.8308856878501434        3.9161935457201169E-005
   2.8371625962489242       -2.3964549836384366E-005
   2.8434395046477050       -7.5771727581979369E-005
   2.8497164130464858       -9.1770826896722777E-005
   2.8559933214452666       -6.4370431790333762E-005
   2.8622702298440474       -6.5086035637853886E-006
   2.8685471382428283        5.4432122456039961E-005
   2.8748240466416091        8.9575370850798769E-005
   2.8811009550403899        8.2243772661504241E-005
   2.8873778634391707        3.5894234660929860E-005
   2.8936547718379515       -2.7491018879482950E-005
   2.8999316802367323       -7.7818592185772119E-005
   2.9062085886355131       -9.1173331922657941E-005
   2.9124854970342939       -6.1194941235616463E-005
   2.9187624054330747       -2.1225298750901265E-006
   2.9250393138318556        5.7957778162692873E-005
   2.9313162222306364        9.0464297482076360E-005
   2.9375931306294172        7.9922662045626693E-005
   2.9438700390281980        3.1341740014627115E-005
   2.9501469474269788       -3.2158424305772889E-005
   2.9564238558257596       -8.0346685240254329E-005
   2.9627007642245404       -9.0275387901823454E-005
   2.9689776726233212       -5.7212950546269199E-005
   2.9752545810221021        3.0972608631797561E-006
   2.9815314894208829        6.1932160043534404E-005
   2.9878083978196632        9.1269692341559486E-005
   2.9940853062184440        7.7137144137180236E-005
   3.0003622146172249        2.6266536203961931E-005
   3.0066391230160057       -3.7113653577060665E-005
   3.0129160314147865       -8.2820385649186721E-005
   3.0191929398135673       -8.9091166524395284E-005
   3.0254698482123481       -5.2944380788691038E-005
   3.0317467566111289        8.4072295159838628E-006
   3.0380236650099097        6.5757968175125846E-005
   3.0443005734086905        9.1814807992335134E-005
   3.0505774818074713        7.4184321044691598E-005
   3.0568543902062522        2.1261483755150167E-005
   3.0631312986050330       -4.1775114656644265E-005
   3.0694082070038138       -8.4947365630626143E-005
   3.0756851154025946       -8.7734029757907236E-005
   3.0819620238013754       -4.8819206274808603E-005
   3.0882389322001562        1.3295466879215566E-005
   3.0945158405989370        6.9095103417502157E-005
   3.1007927489977178        9.2078604186628471E-005
   3.1070696573964987        7.1340485435859334E-005
   3.1133465657952795        1.6735972422885174E-005
   3.1196234741940603       -4.5812409450295380E-005
   3.1259003825928411       -8.6626683195428962E-005
   3.1321772909916219       -8.6353427040131872E-005
   3.1384541993904027       -4.5132703188211890E-005
   3.1447311077891835        1.7484229707607723E-005
   3.1510080161879643        7.1816756726522364E-005
   3.1572849245867451        9.2125683605826883E-005
   3.1635618329855260        6.8801206260404217E-005
   3.1698387413843068        1.2899280682258383E-005
   3.1761156497830876       -4.9110013793650428E-005
   3.1823925581818684       -8.7882308886292652E-005
   3.1886694665806492       -8.5083340402491336E-005
   3.1949463749794300       -4.2049135729894592E-005
   3.2012232833782108        2.0864361779752456E-005
   3.2075001917769916        7.3919915278584757E-005
   3.2137771001757724        9.2057052663294369E-005
   3.2200540085745533        6.6722296584386013E-005
   3.2263309169733341        9.8898052966021391E-006
   3.2326078253721149       -5.1611425954422183E-005
   3.2388847337708957       -8.8769882265445532E-005
   3.2451616421696765       -8.4074006176949965E-005
   3.2514385505684573       -3.9752749459466155E-005
   3.2577154589672381        2.3298262333752716E-005
   3.2639923673660189        7.5380377059241076E-005
   3.2702692757647998        9.1983199187124982E-005
   3.2765461841635806        6.5310369422652648E-005
   3.2828230925623614        7.9237051900367634E-006
   3.2891000009611422       -5.3189829389678716E-005
   3.2953769093599230       -8.9317973604365408E-005
   3.3016538177587038       -8.3508671023248062E-005
   3.3079307261574846       -3.8508608807875300E-005
   3.3142076345562654        2.4555780720286818E-005
   3.3204845429550462        7.6112137245698400E-005
   3.3267614513538271        9.2012119025160414E-005
   3.3330383597526079        6.4830241435735405E-005
   3.3393152681513887        7.3099989338387046E-006
   3.3455921765501695       -5.3631960891921527E-005
   3.3518690849489503       -8.9512336000843217E-005
   3.3581459933477311       -8.3588360626922313E-005
   3.3644229017465119       -3.8650549182132669E-005
   3.3706998101452927        2.4317114851734308E-005
   3.3769767185440736        7.5954816933266096E-005
   3.3832536269428544        9.2219725003953024E-005
   3.3895305353416352        6.5565723210654733E-005
   3.3958074437404160        8.4179044935895515E-006
   3.4020843521391968       -5.2645603051521177E-005
   3.4083612605379776       -8.9267751060774457E-005
   3.4146381689367584       -8.4474786296918626E-005
   3.4209150773355392       -4.0519506164722918E-005
   3.4271919857343200        2.2207956917279027E-005
   3.4334688941331009        7.4661858157954890E-005
   3.4397458025318817        9.2594810618757247E-005
   3.4460227109306620        6.7749408764281922E-005
   3.4522996193294428        1.1629221415654776E-005
   3.4585765277282237       -4.9858525994736207E-005
   3.4648534361270045       -8.8379166506200702E-005
   3.4711303445257853       -8.6221256745253801E-005
   3.4774072529245661       -4.4413016015429498E-005
   3.4836841613233469        1.7802736701188778E-005
   3.4899610697221277        7.1853208776407002E-005
   3.4962379781209085        9.2964530460901170E-005
   3.5025148865196893        7.1498582710638787E-005
   3.5087917949184702        1.7317685837894096E-005
   3.5150687033172510       -4.4783152226442946E-005
   3.5213456117160318       -8.6444149911651087E-005
   3.5276225201148126       -8.8686832772690106E-005
   3.5338994285135934       -5.0530131667436420E-005
   3.5401763369123742        1.0622064101006086E-005
   3.5464532453111550        6.6952781125195225E-005
   3.5527301537099358        9.2896134554486883E-005
   3.5590070621087166        7.6722687935067583E-005
   3.5652839705074975        2.5803533566068288E-005
   3.5715608789062783       -3.6791719453409785E-005
   3.5778377873050591       -8.2773906562400278E-005
   3.5841146957038399       -9.1417669984418431E-005
   3.5903916041026207       -5.8872721066148415E-005
   3.5966685125014015        1.6702357923289129E-007
   3.6029454209001823        5.9138359637367272E-005
   3.6092223292989631        9.1577167185491180E-005
   3.6154992376977440        8.2979503254300557E-005
   3.6217761460965248        3.7245485910121716E-005
   3.6280530544953056       -2.5138641625943266E-005
   3.6343299628940864       -7.6312154307071837E-005
   3.6406068712928672       -9.3487199855827913E-005
   3.6468837796916480       -6.9068002231379940E-005
   3.6531606880904288       -1.3960569959836319E-005
   3.6594375964892096        4.7346736509227220E-005
   3.6657145048879904        8.7691344111647893E-005
   3.6719914132867713        8.9262281113205630E-005
   3.6782683216855521        5.1422621476771199E-005
   3.6845452300843329       -9.0893561285428362E-006
   3.6908221384831137       -6.5609494522145755E-005
   3.6970990468818945       -9.3312172727198501E-005
   3.7033759552806753       -8.0091946023086571E-005
   3.7096528636794561       -3.1802016369735047E-005
   3.7159297720782369        3.0394795011782278E-005
   3.7222066804770177        7.9339450970642523E-005
   3.7284835888757986        9.3738333691953182E-005
   3.7347604972745794        6.7390750317954120E-005
   3.7410374056733602        1.1798888718249343E-005
   3.7473143140721410       -4.8911248503308107E-005
   3.7535912224709218       -8.8490325617809207E-005
   3.7598681308697026       -8.9903624600930299E-005
   3.7661450392684834       -5.2613337162196321E-005
   3.7724219476672642        7.2869785271157441E-006
   3.7786988560660451        6.4073171660169662E-005
   3.7849757644648259        9.3457248362874764E-005
   3.7912526728636067        8.2949839652427659E-005
   3.7975295812623875        3.7107425111587068E-005
   3.8038064896611683       -2.4513990094329792E-005
   3.8100833980599491       -7.5751715267497155E-005
   3.8163603064587299       -9.4951898979517366E-005
   3.8226372148575107       -7.4080978936847975E-005
   3.8289141232562915       -2.2015305052211883E-005
   3.8351910316550724        3.9306913742475258E-005
   3.8414679400538532        8.4173181904603327E-005
   3.8477448484526340        9.3872854466279658E-005
   3.8540217568514148        6.4446816738625542E-005
   3.8602986652501956        8.2228672735612506E-006
   3.8665755736489764       -5.1421979916539305E-005
   3.8728524820477572       -8.9816937486434303E-005
   3.8791293904465380       -9.1184171964108778E-005
   3.8854062988453189       -5.5057335823773844E-005
   3.8916832072440997        3.6522004401090803E-006
   3.8979601156428805        6.0881464055507510E-005
   3.9042370240416608        9.3305593226971779E-005
   3.9105139324404417        8.7814887486633049E-005
   3.9167908408392225        4.6740162990824779E-005
   3.9230677492380033       -1.3225187486646125E-005
   3.9293446576367841       -6.7878626647263651E-005
   3.9356215660355649       -9.5296019092269056E-005
   3.9418984744343457       -8.4587026798262524E-005
   3.9481753828331265       -4.0137522363402254E-005
   3.9544522912319073        2.0279180587924423E-005
   3.9607291996306881        7.2675651129113265E-005
   3.9670061080294690        9.6386757603260313E-005
   3.9732830164282498        8.2172601704516140E-005
   3.9795599248270306        3.5729503360828127E-005
   3.9858368332258114       -2.4688105159259299E-005
   3.9921137416245922       -7.5507658096670563E-005
   3.9983906500233730       -9.7043640672674322E-005
   4.0046675584221543       -8.1070028322987125E-005
   4.0109444668209351       -3.3867886726241878E-005
   4.0172213752197159        2.6342275897023421E-005
   4.0234982836184967        7.6498952665161247E-005
   4.0297751920172775        9.7538806973010794E-005
   4.0360521004160583        8.1586280935352470E-005
   4.0423290088148391        3.4803854323504544E-005
   4.0486059172136200       -2.5089073138761259E-005
   4.0548828256124008       -7.5594884739656383E-005
   4.0611597340111816       -9.7896012030552823E-005
   4.0674366424099624       -8.3810160002781192E-005
   4.0737135508087432       -3.8693179077282710E-005
   4.0799904592075240        2.0700886561548108E-005
   4.0862673676063048        7.2513120163546406E-005
   4.0925442760050856        9.7836760908269705E-005
   4.0988211844038664        8.7564035449797818E-005
   4.1050980928026473        4.5563140402095512E-005
   4.1113750012014281       -1.2884573445982181E-005
   4.1176519096002089       -6.6723084683050697E-005
   4.1239288179989897       -9.6728048480200539E-005
   4.1302057263977705       -9.2326299833874807E-005
   4.1364826347965504       -5.5226249369564775E-005
   4.1427595431953312        1.3513673363484291E-006
   4.1490364515941121        5.7472142363496115E-005
   4.1553133599928929        9.3544917268206199E-005
   4.1615902683916737        9.7127794067625029E-005
   4.1678671767904545        6.7131154214504114E-005
   4.1741440851892353        1.4030300669648868E-005
   4.1804209935880161       -4.3889811901495558E-005
   4.1866979019867969       -8.6880180580847931E-005
   4.1929748103855777       -1.0044556781377947E-004
   4.1992517187843585       -8.0155684569902441E-005
   4.2055286271831394       -3.2980131107857236E-005
   4.2118055355819202        2.5211770859094357E-005
   4.2180824439807010        7.5057182387041000E-005
   4.2243593523794818        1.0014880461973270E-004
   4.2306362607782626        9.2377673245955784E-005
   4.2369131691770434        5.4450243357485756E-005
   4.2431900775758242       -1.1645337767906120E-006
   4.2494669859746050       -5.6421718319457593E-005
   4.2557438943733858       -9.3588262910877882E-005
   4.2620208027721667       -1.0090151846805397E-004
   4.2682977111709475       -7.6204286860933137E-005
   4.2745746195697283       -2.7463064457720541E-005
   4.2808515279685091        2.9905469036667611E-005
   4.2871284363672899        7.7972787597423265E-005
   4.2934053447660707        1.0190170069010957E-004
   4.2996822531648515        9.4464274346996911E-005
   4.3059591615636323        5.8119511093996034E-005
   4.3122360699624132        4.0896190278428582E-006
   4.3185129783611940       -5.1194628204295371E-005
   4.3247898867599748       -9.1128348726209909E-005
   4.3310667951587556       -1.0389412925303478E-004
   4.3373437035575364       -8.5877254259689276E-005
   4.3436206119563172       -4.2574087748810018E-005
   4.3498975203550980        1.3193250012043495E-005
   4.3561744287538788        6.5148693537228386E-005
   4.3624513371526596        9.8331323717342080E-005
   4.3687282455514405        1.0336018883971960E-004
   4.3750051539502213        7.8992958231261000E-005
   4.3812820623490021        3.2309763022593031E-005
   4.3875589707477829       -2.3448569596646935E-005
   4.3938358791465637       -7.2701917184255418E-005
   4.4001127875453445       -1.0189214968345468E-004
   4.4063896959441253       -1.0316240991533049E-004
   4.4126666043429061       -7.6371928362787636E-005
   4.4189435127416870       -2.8960099213886198E-005
   4.4252204211404678        2.6223344043064175E-005
   4.4314973295392486        7.4464539999034350E-005
   4.4377742379380294        1.0311393940782911E-004
   4.4440511463368102        1.0484783152848389E-004
   4.4503280547355910        7.9438037182990947E-005
   4.4566049631343718        3.3632252809255957E-005
   4.4628818715331526       -2.0745921398570460E-005
   4.4691587799319334       -6.9918504193985774E-005
   4.4754356883307143       -1.0165614751042987E-004
   4.4817125967294951       -1.0827016227194602E-004
   4.4879895051282759       -8.8375376825575592E-005
   4.4942664135270567       -4.7047587896675676E-005
   4.5005433219258375        5.5875149440009735E-006
   4.5068202303246183        5.6919325145490422E-005
   4.5130971387233991        9.4903621006666090E-005
   4.5193740471221799        1.1085625186164855E-004
   4.5256509555209607        1.0135039687023334E-004
   4.5319278639197416        6.8826271233304311E-005
   4.5382047723185224        2.0843061047594792E-005
   4.5444816807173032       -3.1783374180852688E-005
   4.5507585891160840       -7.7478442622819818E-005
   4.5570354975148648       -1.0645438342684721E-004
   4.5633124059136456       -1.1274546477485008E-004
   4.5695893143124264       -9.5325373602462050E-005
   4.5758662227112072       -5.8126336194534003E-005
   4.5821431311099881       -9.0263512736368987E-006
   4.5884200395087689        4.1917551027302046E-005
   4.5946969479075497        8.4577625113544234E-005
   4.6009738563063305        1.1075622548661069E-004
   4.6072507647051113        1.1568889661653454E-004
   4.6135276731038921        9.8791824828064367E-005
   4.6198045815026729        6.3566712656588535E-005
   4.6260814899014537        1.6747133740877189E-005
   4.6323583983002345       -3.3092563529897531E-005
   4.6386353066990154       -7.7164696802223311E-005
   4.6449122150977962       -1.0801666502406008E-004
   4.6511891234965770       -1.2073123442310169E-004
   4.6574660318953578       -1.1360013159534100E-004
   4.6637429402941386       -8.8204651825201573E-005
   4.6700198486929194       -4.8947497741957979E-005
   4.6762967570917002       -2.1689650734040560E-006
   4.6825736654904810        4.4965047270757987E-005
   4.6888505738892619        8.5600640915731450E-005
   4.6951274822880427        1.1417763116888434E-004
   4.7014043906868235        1.2712191773435233E-004
   4.7076812990856043        1.2317843416875834E-004
   4.7139582074843851        1.0338050039860721E-004
   4.7202351158831659        7.0707388673769451E-005
   4.7265120242819467        2.9520633770686876E-005
   4.7327889326807275       -1.5112032626797904E-005
   4.7390658410795083       -5.8097487683389551E-005
   4.7453427494782892       -9.4912118304367701E-005
   4.7516196578770700       -1.2204727414294243E-004
   4.7578965662758508       -1.3727287372550665E-004
   4.7641734746746316       -1.3971650033535820E-004
   4.7704503830734124       -1.2977961510998292E-004
   4.7767272914721932       -1.0892900976790263E-004
   4.7830041998709740       -7.9409690680857774E-005
   4.7892811082697548       -4.3925751643762670E-005
   4.7955580166685357       -5.3301542074766939E-006
   4.8018349250673165        3.3645192700863283E-005
   4.8081118334660973        7.0598896928160165E-005
   4.8143887418648781        1.0360003592997185E-004
   4.8206656502636589        1.3125911522122221E-004
   4.8269425586624397        1.5273779604453778E-004
   4.8332194670612205        1.6770975270440644E-004
   4.8394963754600013        1.7628711415734546E-004
   4.8457732838587821        1.7892691520241381E-004
   4.8520501922575630        1.7633042081488480E-004
   4.8583271006563438        1.6934565324574452E-004
   4.8646040090551246        1.5888052814338173E-004
   4.8708809174539054        1.4583103461636012E-004
   4.8771578258526862        1.3102623350059472E-004
   4.8834347342514670        1.1519009883126672E-004
   4.8897116426502478        9.8918760818557275E-005
   4.8959885510490286        8.2670586490961353E-005
   4.9022654594478094        6.6766052183594879E-005
   4.9085423678465903        5.1394274245029121E-005
   4.9148192762453711        3.6623269633669082E-005
   4.9210961846441519        2.2411363331237905E-005
   4.9273730930429327        8.6175902414069036E-006
   4.9336500014417135       -4.9906657173113519E-006
   4.9399269098404943       -1.8734200427497770E-005
   4.9462038182392751       -3.3023866419539946E-005
   4.9524807266380559       -4.8368846646382378E-005
   4.9587576350368368       -6.5392399607696881E-005
   4.9650345434356176       -8.4856273092527937E-005
   4.9713114518343984       -1.0769526266389529E-004
   4.9775883602331792       -1.3506374949872894E-004
   4.9838652686319600       -1.6839655441557312E-004
   4.9901421770307408       -2.0948699353124078E-004
   4.9964190854295216       -2.6058568429715748E-004
   5.0026959938283024       -3.2452428764047727E-004
   5.0089729022270832       -4.0486904194207468E-004
   5.0152498106258641       -5.0610941093387886E-004
   5.0215267190246449       -6.3388746010840068E-004
   5.0278036274234257       -7.9527325587363141E-004
   5.0340805358222065       -9.9909065486758594E-004
   5.0403574442209873       -1.2562955433364094E-003
   5.0466343526197681       -1.5804077010017836E-003
   5.0529112610185480       -1.9879992086194302E-003
   5.0591881694173289       -2.4992303245338007E-003
   5.0654650778161097       -3.1384133697254534E-003
   5.0717419862148905       -3.9345750103607149E-003
   5.0780188946136713       -4.9219716545267009E-003
   5.0842958030124521       -6.1404927496826805E-003
   5.0905727114112329       -7.6358625349486221E-003
   5.0968496198100137       -9.4595229878814725E-003
   5.1031265282087945       -1.1668050454822894E-002
   5.1094034366075753       -1.4321928488095305E-002
   5.1156803450063562       -1.7483473567870771E-002
   5.1219572534051370       -2.1213694737575190E-002
   5.1282341618039178       -2.5567870431295166E-002
   5.1345110702026986       -3.0589656072307788E-002
   5.1407879786014794       -3.6303605671190793E-002
   5.1470648870002602       -4.2706112087066914E-002
   5.1533417953990410       -4.9754954661663520E-002
   5.1596187037978218       -5.7357897372337839E-002
   5.1658956121966026       -6.5361105409734097E-002
   5.1721725205953835       -7.3538532400195825E-002
   5.1784494289941643       -8.1583846500390772E-002
   5.1847263373929451       -8.9106863920424689E-002
   5.1910032457917259       -9.5636770994025913E-002
   5.1972801541905067      -0.10063454693118426     
   5.2035570625892875      -0.10351683497927727     
   5.2098339709880683      -0.10369293211066039     
   5.2161108793868491      -0.10061547151263348     
   5.2223877877856300       -9.3843714305535800E-002
   5.2286646961844108       -8.3116112883441423E-002
   5.2349416045831916       -6.8426030727575263E-002
   5.2412185129819724       -5.0091671849768496E-002
   5.2474954213807532       -2.8808738269172497E-002
   5.2537723297795340       -5.6726795454704266E-003
   5.2600492381783148        1.7842658639726627E-002
   5.2663261465770956        3.9960953614586868E-002
   5.2726030549758764        5.8739826505696167E-002
   5.2788799633746573        7.2265702069865781E-002
   5.2851568717734381        7.8894488893790513E-002
   5.2914337801722189        7.7513475906213700E-002
   5.2977106885709997        6.7788332996656625E-002
   5.3039875969697805        5.0350643331755811E-002
   5.3102645053685613        2.6878878735462693E-002
   5.3165414137673421        3.1814253254887382E-005
   5.3228183221661229       -2.6790270537369699E-002
   5.3290952305649038       -4.9854766533041120E-002
   5.3353721389636846       -6.5640410660314771E-002
   5.3416490473624654       -7.1443313402404812E-002
   5.3479259557612462       -6.5942365274978376E-002
   5.3542028641600270       -4.9604566064636958E-002
   5.3604797725588078       -2.4816862252547776E-002
   5.3667566809575886        4.3353187265002500E-003
   5.3730335893563694        3.2662003739528205E-002
   5.3793104977551502        5.4774307381261635E-002
   5.3855874061539311        6.6156877908531864E-002
   5.3918643145527119        6.4194481397034736E-002
   5.3981412229514927        4.8910254525160117E-002
   5.4044181313502735        2.3198704704970787E-002
   5.4106950397490543       -7.5766487039864638E-003
   5.4169719481478351       -3.6613725002290508E-002
   5.4232488565466159       -5.7161543537172170E-002
   5.4295257649453967       -6.4153962534227157E-002
   5.4358026733441775       -5.5585706186697836E-002
   5.4420795817429584       -3.3238237673409207E-002
   5.4483564901417392       -2.4840585397644236E-003
   5.4546333985405200        2.8883953631483238E-002
   5.4609103069393008        5.2583654335459397E-002
   5.4671872153380816        6.2074628387732200E-002
   5.4734641237368624        5.4482880434803996E-002
   5.4797410321356432        3.1629206080528056E-002
   5.4860179405344240       -2.2999028915705216E-004
   5.4922948489332049       -3.1993805965206783E-002
   5.4985717573319857       -5.4278018938598863E-002
   5.5048486657307665       -6.0241745726967083E-002
   5.5111255741295473       -4.7817054841776951E-002
   5.5174024825283281       -2.0583600829775360E-002
   5.5236793909271089        1.3102669064921836E-002
   5.5299562993258897        4.2578878285906993E-002
   5.5362332077246705        5.8247420374312374E-002
   5.5425101161234513        5.4788512280935446E-002
   5.5487870245222322        3.3113363663302975E-002
   5.5550639329210130        3.0181541284919551E-004
   5.5613408413197938       -3.2587970442947312E-002
   5.5676177497185746       -5.4206566237643222E-002
   5.5738946581173554       -5.6883044275399787E-002
   5.5801715665161362       -3.9472160653940276E-002
   5.5864484749149170       -7.9831993198012166E-003
   5.5927253833136978        2.6364243763382311E-002
   5.5990022917124787        5.1080385919406592E-002
   5.6052792001112595        5.6979256818339971E-002
   5.6115561085100403        4.1700192875329369E-002
   5.6178330169088211        1.0789951452088633E-002
   5.6241099253076019       -2.4184968716601647E-002
   5.6303868337063827       -4.9905811107422163E-002
   5.6366637421051635       -5.6397548714868954E-002
   5.6429406505039443       -4.0993984998685902E-002
   5.6492175589027251       -9.5601036203766705E-003
   5.6554944673015060        2.5625809068465649E-002
   5.6617713757002868        5.0614348549541402E-002
   5.6680482840990676        5.5340632974395856E-002
   5.6743251924978484        3.7769650521477904E-002
   5.6806021008966292        4.8882728569824806E-003
   5.6868790092954100       -2.9972863933996584E-002
   5.6931559176941908       -5.2503571497432823E-002
   5.6994328260929716       -5.3321065128471783E-002
   5.7057097344917524       -3.1966531754015211E-002
   5.7119866428905333        2.7471976907743551E-003
   5.7182635512893141        3.6290979390833741E-002
   5.7245404596880949        5.4477750957730574E-002
   5.7308173680868757        4.9505442008403955E-002
   5.7370942764856565        2.3390869916469194E-002
   5.7433711848844373       -1.2752684068675713E-002
   5.7496480932832181       -4.3384240076538447E-002
   5.7559250016819989       -5.5213803413798557E-002
   5.7622019100807798       -4.3020167137804710E-002
   5.7684788184795606       -1.2037234217518821E-002
   5.7747557268783414        2.4215479603963336E-002
   5.7810326352771222        4.9793785529807295E-002
   5.7873095436759030        5.3355383522380881E-002
   5.7935864520746838        3.3246963141530493E-002
   5.7998633604734646       -1.6561272009596307E-003
   5.8061402688722454       -3.5809890506243898E-002
   5.8124171772710262       -5.3907428323245243E-002
   5.8186940856698071       -4.7767657447420557E-002
   5.8249709940685879       -2.0092023829348972E-002
   5.8312479024673687        1.6662301693966663E-002
   5.8375248108661495        4.5852734277128986E-002
   5.8438017192649303        5.4189336592948813E-002
   5.8500786276637111        3.7823102191668012E-002
   5.8563555360624919        4.1767804585375436E-003
   5.8626324444612727       -3.1376002947283932E-002
   5.8689093528600536       -5.2517873963067584E-002
   5.8751862612588344       -4.9493272608728753E-002
   5.8814631696576152       -2.3650529012711242E-002
   5.8877400780563960        1.3113689500138357E-002
   5.8940169864551768        4.3802185453695471E-002
   5.9002938948539576        5.4174504083675544E-002
   5.9065708032527384        3.9379982338864715E-002
   5.9128477116515192        6.2639168053139228E-003
   5.9191246200503000       -2.9766934209475293E-002
   5.9254015284490809       -5.1898880428215846E-002
   5.9316784368478617       -4.9767971786262098E-002
   5.9379553452466425       -2.4340877958014488E-002
   5.9442322536454233        1.2492443660681602E-002
   5.9505091620442041        4.3458934081007934E-002
   5.9567860704429849        5.4002011890639925E-002
   5.9630629788417657        3.9141126075306898E-002
   5.9693398872405457        5.8495793051904256E-003
   5.9756167956393265       -3.0196511123158867E-002
   5.9818937040381073       -5.1991758425678956E-002
   5.9881706124368881       -4.9231536398186289E-002
   5.9944475208356689       -2.3201659211960039E-002
   6.0007244292344497        1.3801655751388602E-002
   6.0070013376332305        4.4269159795072108E-002
   6.0132782460320113        5.3764176860080115E-002
   6.0195551544307921        3.7773858265623350E-002
   6.0258320628295730        3.8685494093473800E-003
   6.0321089712283538       -3.1871009357725744E-002
   6.0383858796271346       -5.2477179870640676E-002
   6.0446627880259154       -4.8155847003592822E-002
   6.0509396964246962       -2.0951154811625888E-002
   6.0572166048234770        1.6212312453567541E-002
   6.0634935132222578        4.5665286509256740E-002
   6.0697704216210386        5.3395886286071594E-002
   6.0760473300198194        3.5720916121651097E-002
   6.0823242384186003        1.0467274158084544E-003
   6.0886011468173811       -3.4125166941927701E-002
   6.0948780552161619       -5.3050955536787882E-002
   6.1011549636149427       -4.6717950777932317E-002
   6.1074318720137235       -1.8139592717656548E-002
   6.1137087804125043        1.9076604429959936E-002
   6.1199856888112851        4.7208264849855193E-002
   6.1262625972100659        5.2858725535660914E-002
   6.1325395056088468        3.3337630710228910E-002
   6.1388164140076276       -2.0584052360103186E-003
   6.1450933224064084       -3.6474581121334046E-002
   6.1513702308051892       -5.3525202839932742E-002
   6.1576471392039700       -4.5095042083342009E-002
   6.1639240476027508       -1.5199867972931281E-002
   6.1702009560015316        2.1929665331359784E-002
   6.1764778644003124        4.8624790890160884E-002
   6.1827547727990932        5.2187111123337293E-002
   6.1890316811978741        3.0926491663362015E-002
   6.1953085895966549       -5.0416582800965389E-003
   6.2015854979954357       -3.8613567991209047E-002
   6.2078624063942165       -5.3832278394442934E-002
   6.2141393147929973       -4.3470128529381105E-002
   6.2204162231917781       -1.2456133210112819E-002
   6.2266931315905589        2.4474608932283020E-002
   6.2329700399893397        4.9785520178904280E-002
   6.2392469483881206        5.1465337278359349E-002
   6.2455238567869014        2.8723340204164859E-002
   6.2518007651856822       -7.6452489687903582E-003
   6.2580776735844630       -4.0389135729301917E-002
   6.2643545819832438       -5.3985615496916169E-002
   6.2706314903820246       -4.1996082802364540E-002
   6.2769083987808054       -1.0108473363084920E-002
   6.2831853071795862        2.6567916921069027E-002
