   6.2769083987808056E-003  -5.4362043963023702E-015
   1.2553816797561611E-002  -8.1725491990017975E-015
   1.8830725196342418E-002  -8.6937822235707073E-015
   2.5107633595123222E-002  -9.3066905111895262E-015
   3.1384541993904030E-002  -7.9076884657730158E-015
   3.7661450392684835E-002  -6.5686639179731416E-015
   4.3938358791465640E-002  -2.8434830195022056E-015
   5.0215267190246445E-002   1.6891638782680994E-016
   5.6492175589027249E-002   4.3649998626849644E-015
   6.2769083987808061E-002   6.7452986091573108E-015
   6.9045992386588859E-002   8.8305388758608527E-015
   7.5322900785369670E-002   8.5317899139993897E-015
   8.1599809184150468E-002   8.3722243130710168E-015
   8.7876717582931280E-002   6.0596300827241034E-015
   9.4153625981712077E-002   4.0376777452282531E-015
  0.10043053438049289        4.2500350157424507E-016
  0.10670744277927370       -2.2618191392004314E-015
  0.11298435117805450       -5.6830076132256480E-015
  0.11926125957683531       -7.3620680981132984E-015
  0.12553816797561612       -9.2006314860859399E-015
  0.13181507637439691       -8.4163847034995476E-015
  0.13809198477317772       -7.6664585604852589E-015
  0.14436889317195853       -4.8079172922884878E-015
  0.15064580157073934       -2.6548888720124436E-015
  0.15692270996952015        1.3031061900902172E-015
  0.16319961836830094        3.7249220129423449E-015
  0.16947652676708175        6.4734185604612151E-015
  0.17575343516586256        7.2803252348575607E-015
  0.18203034356464337        8.5630838616125693E-015
  0.18830725196342415        7.7493852589914085E-015
  0.19458416036220497        7.2458530228484784E-015
  0.20086106876098578        4.3926374227945689E-015
  0.20713797715976659        2.1176041352770160E-015
  0.21341488555854740       -1.4679316279131709E-015
  0.21969179395732819       -3.8513344406739951E-015
  0.22596870235610900       -7.1507886024678518E-015
  0.23224561075488981       -8.0813364905124846E-015
  0.23852251915367062       -9.1350026865187093E-015
  0.24479942755245140       -7.8842207452542231E-015
  0.25107633595123224       -6.8934258289218382E-015
  0.25735324435001306       -3.5815117853648953E-015
  0.26363015274879381       -1.4704535986421379E-015
  0.26990706114757462        2.0804004899421366E-015
  0.27618396954635543        3.7997147402851459E-015
  0.28246087794513625        6.3997974300118842E-015
  0.28873778634391706        7.3214809504342496E-015
  0.29501469474269787        8.6276315598505020E-015
  0.30129160314147868        7.3278411623536132E-015
  0.30756851154025949        6.9776120110147913E-015
  0.31384541993904030        4.5996553763666813E-015
  0.32012232833782106        3.0452618009893844E-015
  0.32639923673660187        6.4978119207950584E-017
  0.33267614513538268       -2.2967471940175098E-015
  0.33895305353416350       -6.6153301898534006E-015
  0.34522996193294431       -8.4331918371413082E-015
  0.35150687033172512       -1.0643684824656395E-014
  0.35778377873050593       -9.7270213617206979E-015
  0.36406068712928674       -9.3896638982285376E-015
  0.37033759552806755       -6.2327269373254984E-015
  0.37661450392684831       -4.0923529540826232E-015
  0.38289141232562912        2.7097572884458334E-016
  0.38916832072440993        2.9359608410587739E-015
  0.39544522912319074        7.0048064041591092E-015
  0.40172213752197156        8.7994212882782569E-015
  0.40799904592075237        1.0845942804765680E-014
  0.41427595431953318        9.8518048278784836E-015
  0.42055286271831399        9.8158364844128244E-015
  0.42682977111709480        6.8113124555041233E-015
  0.43310667951587556        4.7282909515264656E-015
  0.43938358791465637        7.1268084142619684E-016
  0.44566049631343718       -1.5713682399980433E-015
  0.45193740471221799       -5.3678629130140749E-015
  0.45821431311099881       -6.9916452746252800E-015
  0.46449122150977962       -1.0040192774413081E-014
  0.47076812990856043       -9.8622021996388449E-015
  0.47704503830734124       -1.0366465775039393E-014
  0.48332194670612205       -7.9263018498156928E-015
  0.48959885510490281       -6.4703099793789290E-015
  0.49587576350368362       -2.1849950571098968E-015
  0.50215267190246449       -2.9261422423280581E-016
  0.50842958030124530        3.5017849272347804E-015
  0.51470648870002611        4.8893213193359883E-015
  0.52098339709880681        7.8992336478279304E-015
  0.52726030549758762        8.1918330854979052E-015
  0.53353721389636843        9.7023177225241197E-015
  0.53981412229514925        8.0679159057237541E-015
  0.54609103069393006        7.4558919182917046E-015
  0.55236793909271087        4.1293883496575004E-015
  0.55864484749149168        2.5249287792232631E-015
  0.56492175589027249       -1.4256529108345471E-015
  0.57119866428905330       -2.6724779248811494E-015
  0.57747557268783412       -5.6813196988219197E-015
  0.58375248108661493       -5.9468329835220414E-015
  0.59002938948539574       -7.7910841371598937E-015
  0.59630629788417655       -6.9601083992725982E-015
  0.60258320628295736       -7.7906353573487237E-015
  0.60886011468173817       -5.4846953106511686E-015
  0.61513702308051899       -4.9773607770961540E-015
  0.62141393147929980       -1.9171679265079391E-015
  0.62769083987808061       -4.9010522060165126E-016
  0.63396774827686131        2.8324506529954938E-015
  0.64024465667564212        3.6136911271059229E-015
  0.64652156507442293        6.5826722357895327E-015
  0.65279847347320374        7.1490962086456205E-015
  0.65907538187198456        9.0217898361837862E-015
  0.66535229027076537        7.8869462667236043E-015
  0.67162919866954618        8.2653556270525560E-015
  0.67790610706832699        6.1258000234745925E-015
  0.68418301546710780        5.4936189266362424E-015
  0.69045992386588861        1.8500169592335733E-015
  0.69673683226466943        5.5086351836692757E-016
  0.70301374066345024       -2.8350162050757251E-015
  0.70929064906223105       -3.5705513943199973E-015
  0.71556755746101186       -6.5230406598980668E-015
  0.72184446585979267       -6.4689774138906235E-015
  0.72812137425857348       -8.5794429280615738E-015
  0.73439828265735430       -7.5352496705643420E-015
  0.74067519105613511       -8.6661980405469747E-015
  0.74695209945491581       -6.3173041258507790E-015
  0.75322900785369662       -6.1538170283267827E-015
  0.75950591625247743       -3.0480837277857192E-015
  0.76578282465125824       -2.4136026516902125E-015
  0.77205973305003905        7.7226811585904800E-016
  0.77833664144881987        1.7856791843903703E-015
  0.78461354984760068        5.2973296891137239E-015
  0.79089045824638149        6.0004176722872401E-015
  0.79716736664516230        9.0689044794907109E-015
  0.80344427504394311        8.8621748288802192E-015
  0.80972118344272392        1.0694808832469641E-014
  0.81599809184150474        9.1245899440327455E-015
  0.82227500024028555        9.7196293956356151E-015
  0.82855190863906636        6.8854131021354136E-015
  0.83482881703784717        6.5922240422347393E-015
  0.84110572543662798        3.2158903695754455E-015
  0.84738263383540879        2.9975124949943190E-015
  0.85365954223418961       -1.2425936985221035E-016
  0.85993645063297042       -1.6693958784855975E-017
  0.86621335903175112       -3.1859358900459809E-015
  0.87249026743053193       -2.9391851766606915E-015
  0.87876717582931274       -5.7546197470164291E-015
  0.88504408422809355       -5.5307684294391578E-015
  0.89132099262687436       -8.6226651040112365E-015
  0.89759790102565518       -8.6343105416228277E-015
  0.90387480942443599       -1.1648235482219623E-014
  0.91015171782321680       -1.0996147888939144E-014
  0.91642862622199761       -1.2725513573359321E-014
  0.92270553462077842       -1.0888302082151572E-014
  0.92898244301955923       -1.2332873622065724E-014
  0.93525935141834005       -1.0672201021983267E-014
  0.94153625981712086       -1.2220223254475713E-014
  0.94781316821590167       -1.0024015279459726E-014
  0.95409007661468248       -1.0841645273218152E-014
  0.96036698501346329       -8.1228121413613053E-015
  0.96664389341224410       -8.6559330503093688E-015
  0.97292080181102492       -5.3575784124956538E-015
  0.97919771020980562       -5.6145879811728578E-015
  0.98547461860858643       -2.1917802500537414E-015
  0.99175152700736724       -3.4319785343504761E-015
  0.99802843540614805       -1.7231230578337916E-015
   1.0043053438049290       -3.7026339211370342E-015
   1.0105822522037098       -1.5182369230584119E-015
   1.0168591606024906       -3.0329347029236535E-015
   1.0231360690012714       -1.2159814344148832E-015
   1.0294129774000522       -2.8511801240072800E-015
   1.0356898857988328       -7.1543350746193710E-016
   1.0419667941976136       -2.6411017384852284E-015
   1.0482437025963944       -4.3303362469896121E-016
   1.0545206109951752       -1.9917918696086371E-015
   1.0607975193939561        3.3776426878516782E-016
   1.0670744277927369       -1.2626183154331031E-015
   1.0733513361915177        1.0896794902170627E-015
   1.0796282445902985       -8.2019670967149938E-016
   1.0859051529890793        1.2271697479267140E-015
   1.0921820613878601       -1.0762296675813696E-015
   1.0984589697866409        4.4449909154436659E-016
   1.1047358781854217       -1.9288250817847161E-015
   1.1110127865842025       -2.6734847963428406E-016
   1.1172896949829834       -2.6636947965298873E-015
   1.1235666033817642       -1.7451896991929392E-016
   1.1298435117805450       -2.8378615120471963E-015
   1.1361204201793258       -8.2908603484839213E-016
   1.1423973285781066       -3.2708526177865977E-015
   1.1486742369768874       -1.0557651002185609E-015
   1.1549511453756682       -3.5414555275536897E-015
   1.1612280537744490       -1.4230869170869972E-015
   1.1675049621732299       -3.9867488680889858E-015
   1.1737818705720107       -1.3670342011745063E-015
   1.1800587789707915       -3.3454145392261279E-015
   1.1863356873695723       -7.4337738472488509E-016
   1.1926125957683531       -3.0918363255235927E-015
   1.1988895041671339       -5.7516740391219228E-016
   1.2051664125659147       -2.8371792301782540E-015
   1.2114433209646955        5.8281250639238016E-016
   1.2177202293634763       -1.6797334815058056E-015
   1.2239971377622572        1.2034883323415857E-015
   1.2302740461610380       -1.4345062441183020E-015
   1.2365509545598188        1.3307752626373073E-015
   1.2428278629585996       -1.5711277687218244E-015
   1.2491047713573804        1.0814987460611802E-015
   1.2553816797561612       -1.3360843773811354E-015
   1.2616585881549420        2.1400606105976483E-015
   1.2679354965537226       -2.0935657618408726E-016
   1.2742124049525034        3.0797772291124591E-015
   1.2804893133512842        3.1765954210109414E-016
   1.2867662217500651        3.4596425249693033E-015
   1.2930431301488459        4.6697047068530880E-016
   1.2993200385476267        3.2645606176205378E-015
   1.3055969469464075       -1.8102820435615030E-016
   1.3118738553451883        2.3432421499933947E-015
   1.3181507637439691       -1.4878270812840645E-015
   1.3244276721427499        1.4768768634626006E-015
   1.3307045805415307       -2.3076298989077673E-015
   1.3369814889403115        6.3251013388955016E-016
   1.3432583973390924       -2.5135703116691803E-015
   1.3495353057378732        9.1575701088093740E-016
   1.3558122141366540       -2.1860998461533637E-015
   1.3620891225354348        1.2989797914604368E-015
   1.3683660309342156       -1.8238722336393106E-015
   1.3746429393329964        1.9309370331087446E-015
   1.3809198477317772       -1.6099476452324289E-015
   1.3871967561305580        2.0525477730441064E-015
   1.3934736645293389       -2.0752167993923330E-015
   1.3997505729281197        1.2887619727828750E-015
   1.4060274813269005       -2.5347313366092556E-015
   1.4123043897256813        1.3333808328102943E-015
   1.4185812981244621       -2.2790565487920092E-015
   1.4248582065232429        2.2586846494931598E-015
   1.4311351149220237       -1.7655810328900542E-015
   1.4374120233208045        1.5100065112012128E-015
   1.4436889317195853       -2.8114141359432565E-015
   1.4499658401183662        1.5305816449173481E-015
   1.4562427485171470       -2.5676599673043045E-015
   1.4625196569159278        2.0106000376557357E-015
   1.4687965653147086       -2.2193585439625281E-015
   1.4750734737134894        2.0994055341127034E-015
   1.4813503821122702       -2.8528398735725515E-015
   1.4876272905110510        1.0634715352339269E-015
   1.4939041989098316       -3.5365581365136181E-015
   1.5001811073086124        1.2031601728355222E-015
   1.5064580157073932       -3.3499268063564607E-015
   1.5127349241061741        1.3595154617471459E-015
   1.5190118325049549       -3.1906965330704713E-015
   1.5252887409037357        1.8728024734511181E-015
   1.5315656493025165       -2.4853764051513221E-015
   1.5378425577012973        3.1974945623795159E-015
   1.5441194661000781       -2.0877514721141912E-015
   1.5503963744988589        2.5777447500497699E-015
   1.5566732828976397       -3.3073257606165327E-015
   1.5629501912964205        1.7628447933246148E-015
   1.5692270996952014       -3.8830150459291486E-015
   1.5755040080939822        1.7095751837603541E-015
   1.5817809164927630       -3.6691938285574638E-015
   1.5880578248915438        2.0281833938263922E-015
   1.5943347332903246       -3.7553444651034189E-015
   1.6006116416891054        2.1248399097954630E-015
   1.6068885500878862       -3.6346235032230901E-015
   1.6131654584866670        3.0976411499061443E-015
   1.6194423668854478       -2.4067433546629828E-015
   1.6257192752842287        4.1309929862525778E-015
   1.6319961836830095       -2.2071913464379112E-015
   1.6382730920817903        3.6373847574326458E-015
   1.6445500004805711       -3.2563576050762840E-015
   1.6508269088793519        3.3505842567628573E-015
   1.6571038172781327       -3.5035350552609168E-015
   1.6633807256769135        3.9030959078206706E-015
   1.6696576340756943       -2.8049627592770058E-015
   1.6759345424744752        4.4887164648074185E-015
   1.6822114508732560       -3.1138777593125358E-015
   1.6884883592720368        4.2079313982205857E-015
   1.6947652676708176       -3.4143758242824940E-015
   1.7010421760695984        4.6343107708675837E-015
   1.7073190844683792       -3.6166951878246496E-015
   1.7135959928671600        3.9516175880990493E-015
   1.7198729012659408       -4.5515412213266136E-015
   1.7261498096647214        3.8021529151867596E-015
   1.7324267180635022       -4.5898363977751932E-015
   1.7387036264622830        4.2937148159175391E-015
   1.7449805348610639       -4.1717420133822465E-015
   1.7512574432598447        5.0245347238177763E-015
   1.7575343516586255       -4.4418981023782746E-015
   1.7638112600574063        4.4743192882215603E-015
   1.7700881684561871       -5.0658475009544954E-015
   1.7763650768549679        4.7405630430448344E-015
   1.7826419852537487       -5.1120634208374144E-015
   1.7889188936525295        5.0346972097468885E-015
   1.7951958020513104       -5.6874237486046933E-015
   1.8014727104500912        4.6892074857246192E-015
   1.8077496188488720       -5.8515112111973245E-015
   1.8140265272476528        5.4071112200156701E-015
   1.8203034356464336       -5.8622065970354127E-015
   1.8265803440452144        5.5115936581446341E-015
   1.8328572524439952       -6.3716293307183114E-015
   1.8391341608427760        5.6668582909346624E-015
   1.8454110692415568       -6.4313937008782072E-015
   1.8516879776403377        6.0618422577729986E-015
   1.8579648860391185       -6.7149498805250469E-015
   1.8642417944378993        6.5217914560942893E-015
   1.8705187028366801       -6.6882122577359592E-015
   1.8767956112354609        7.0895991701979591E-015
   1.8830725196342417       -7.0016609997948907E-015
   1.8893494280330225        7.4768551788013841E-015
   1.8956263364318033       -7.3115509655491135E-015
   1.9019032448305841        7.9398558953610068E-015
   1.9081801532293650       -7.5187687712086626E-015
   1.9144570616281458        8.2569120081017687E-015
   1.9207339700269266       -7.8703646568252130E-015
   1.9270108784257074        8.8099849697052724E-015
   1.9332877868244882       -8.8587173217071551E-015
   1.9395646952232690        8.4825898318995373E-015
   1.9458416036220498       -1.0060052063499158E-014
   1.9521185120208304        8.0575323123550355E-015
   1.9583954204196112       -1.2232496795727482E-014
   1.9646723288183920        5.2695326054049118E-015
   1.9709492372171729       -1.9208278146333390E-014
   1.9772261456159537       -5.6411244958466233E-015
   1.9835030540147345       -4.0409946665376133E-014
   1.9897799624135153       -4.2209362354013094E-014
   1.9960568708122961       -1.0970525851736939E-013
   2.0023337792110771       -1.6736348517280285E-013
   2.0086106876098579       -3.4001590437158785E-013
   2.0148875960086388       -5.8332908587122269E-013
   2.0211645044074196       -1.0939821369037550E-012
   2.0274414128062004       -1.9378676900828650E-012
   2.0337183212049812       -3.5243753045688765E-012
   2.0399952296037620       -6.2735316526492062E-012
   2.0462721380025428       -1.1232935282046114E-011
   2.0525490464013236       -1.9911033790048941E-011
   2.0588259548001044       -3.5256655686043060E-011
   2.0651028631988853       -6.2020856195681567E-011
   2.0713797715976656       -1.0871729474874996E-010
   2.0776566799964464       -1.8952298766152012E-010
   2.0839335883952272       -3.2889150023695783E-010
   2.0902104967940081       -5.6771588315527345E-010
   2.0964874051927889       -9.7502264091154681E-010
   2.1027643135915697       -1.6655116182726100E-009
   2.1090412219903505       -2.8297005819581445E-009
   2.1153181303891313       -4.7808296326198528E-009
   2.1215950387879121       -8.0317221604652678E-009
   2.1278719471866929       -1.3415039545885546E-008
   2.1341488555854737       -2.2274736849337212E-008
   2.1404257639842545       -3.6763423839294708E-008
   2.1467026723830354       -6.0305556557475675E-008
   2.1529795807818162       -9.8307528903845384E-008
   2.1592564891805970       -1.5924239756211756E-007
   2.1655333975793778       -2.5628652119491949E-007
   2.1718103059781586       -4.0977247479131615E-007
   2.1780872143769394       -6.5082497652128604E-007
   2.1843641227757202       -1.0267053046156240E-006
   2.1906410311745010       -1.6085831838205261E-006
   2.1969179395732819       -2.5027315546628212E-006
   2.2031948479720627       -3.8664767793801500E-006
   2.2094717563708435       -5.9306884169029796E-006
   2.2157486647696243       -9.0311309482388962E-006
   2.2220255731684051       -1.3651677924878455E-005
   2.2283024815671859       -2.0483161944608799E-005
   2.2345793899659667       -3.0502541018104523E-005
   2.2408562983647475       -4.5078019350096555E-005
   2.2471332067635283       -6.6106773079392176E-005
   2.2534101151623092       -9.6192796048575639E-005
   2.2596870235610900       -1.3887290114643184E-004
   2.2659639319598708       -1.9889905780449624E-004
   2.2722408403586516       -2.8258468263430228E-004
   2.2785177487574324       -3.9822068544081258E-004
   2.2847946571562132       -5.5656376341484907E-004
   2.2910715655549940       -7.7139405926511984E-004
   2.2973484739537748       -1.0601314697953848E-003
   2.3036253823525557       -1.4444890852237280E-003
   2.3099022907513365       -1.9511282949377538E-003
   2.3161791991501173       -2.6122628618773696E-003
   2.3224561075488981       -3.4661392529684487E-003
   2.3287330159476789       -4.5572984654799840E-003
   2.3350099243464597       -5.9365022730803480E-003
   2.3412868327452405       -7.6601864301426986E-003
   2.3475637411440213       -9.7892884043972919E-003
   2.3538406495428021       -1.2387291505538633E-002
   2.3601175579415830       -1.5517335902225296E-002
   2.3663944663403638       -1.9238274732404751E-002
   2.3726713747391446       -2.3599605590343471E-002
   2.3789482831379254       -2.8635287553464246E-002
   2.3852251915367062       -3.4356564169677598E-002
   2.3915020999354870       -4.0744051774577489E-002
   2.3977790083342678       -4.7739516045702826E-002
   2.4040559167330486       -5.5237936659463339E-002
   2.4103328251318294       -6.3080636429723169E-002
   2.4166097335306103       -7.1050404084732954E-002
   2.4228866419293911       -7.8869645065225799E-002
   2.4291635503281719       -8.6202594896355331E-002
   2.4354404587269527       -9.2662518239422675E-002
   2.4417173671257335       -9.7824706760580457E-002
   2.4479942755245143      -0.10124575504737601     
   2.4542711839232951      -0.10248909190263546     
   2.4605480923220759      -0.10115612657737476     
   2.4668250007208568       -9.6921648261458312E-002
   2.4731019091196376       -8.9571347349177086E-002
   2.4793788175184184       -7.9038582343388175E-002
   2.4856557259171992       -6.5436891381457446E-002
   2.4919326343159800       -4.9084344996254060E-002
   2.4982095427147608       -3.0515761157562240E-002
   2.5044864511135416       -1.0479143703747612E-002
   2.5107633595123224        1.0086478438549687E-002
   2.5170402679111032        3.0093326523099626E-002
   2.5233171763098841        4.8367020818041326E-002
   2.5295940847086644        6.3726265925593065E-002
   2.5358709931074452        7.5075474697940098E-002
   2.5421479015062260        8.1503542189975867E-002
   2.5484248099050069        8.2380135595829629E-002
   2.5547017183037877        7.7439654203792049E-002
   2.5609786267025685        6.6842700230557828E-002
   2.5672555351013493        5.1205689788890556E-002
   2.5735324435001301        3.1591223458753960E-002
   2.5798093518989109        9.4549937006625714E-003
   2.5860862602976917       -1.3450858389325191E-002
   2.5923631686964725       -3.5213258827001256E-002
   2.5986400770952534       -5.3923000546257975E-002
   2.6049169854940342       -6.7854761616944009E-002
   2.6111938938928150       -7.5644852557089276E-002
   2.6174708022915958       -7.6447424480635046E-002
   2.6237477106903766       -7.0050151070394903E-002
   2.6300246190891574       -5.6932968001248495E-002
   2.6363015274879382       -3.8258284666072208E-002
   2.6425784358867190       -1.5787841999333939E-002
   2.6488553442854998        8.2705483192469821E-003
   2.6551322526842807        3.1474654735986964E-002
   2.6614091610830615        5.1398240691556608E-002
   2.6676860694818423        6.5894379546164117E-002
   2.6739629778806231        7.3342186673772750E-002
   2.6802398862794039        7.2847198773075286E-002
   2.6865167946781847        6.4369018257402350E-002
   2.6927937030769655        4.8756792254879347E-002
   2.6990706114757463        2.7683016571347495E-002
   2.7053475198745272        3.4780027964536248E-003
   2.7116244282733080       -2.1120266048965847E-002
   2.7179013366720888       -4.3274811683451334E-002
   2.7241782450708696       -6.0382024537670796E-002
   2.7304551534696504       -7.0388022681569795E-002
   2.7367320618684312       -7.2049274134777880E-002
   2.7430089702672120       -6.5102830324659494E-002
   2.7492858786659928       -5.0321353793318348E-002
   2.7555627870647736       -2.9441686645704877E-002
   2.7618396954635545       -4.9714035661122492E-003
   2.7681166038623353        2.0106351146563287E-002
   2.7743935122611161        4.2695535035859947E-002
   2.7806704206598969        5.9973177611241456E-002
   2.7869473290586777        6.9749849814710232E-002
   2.7932242374574585        7.0757476569649175E-002
   2.7995011458562393        6.2825293082460973E-002
   2.8057780542550201        4.6918211329168340E-002
   2.8120549626538009        2.5029223420205769E-002
   2.8183318710525818       -6.3485413478799071E-005
   2.8246087794513626       -2.5145836281276274E-002
   2.8308856878501434       -4.6979829957081956E-002
   2.8371625962489242       -6.2725069298896791E-002
   2.8434395046477050       -7.0314237791023679E-002
   2.8497164130464858       -6.8731922696457948E-002
   2.8559933214452666       -5.8158117941114071E-002
   2.8622702298440474       -3.9955190544164777E-002
   2.8685471382428283       -1.6497780807028146E-002
   2.8748240466416091        9.1337380704963212E-003
   2.8811009550403899        3.3556887485422113E-002
   2.8873778634391707        5.3534765110149977E-002
   2.8936547718379515        6.6408087367706772E-002
   2.8999316802367323        7.0453288786210183E-002
   2.9062085886355131        6.5117743080175705E-002
   2.9124854970342939        5.1099338142931848E-002
   2.9187624054330747        3.0258461132086509E-002
   2.9250393138318556        5.3731145390056830E-003
   2.9313162222306364       -2.0230713941649960E-002
   2.9375931306294172       -4.3124125336569757E-002
   2.9438700390281980       -6.0235967253221431E-002
   2.9501469474269788       -6.9266780922079954E-002
   2.9564238558257596       -6.8999814994553182E-002
   2.9627007642245404       -5.9466665318343430E-002
   2.9689776726233212       -4.1944730632529660E-002
   2.9752545810221021       -1.8786483879268918E-002
   2.9815314894208829        6.8965792382854963E-003
   2.9878083978196632        3.1652676258625619E-002
   2.9940853062184440        5.2154543254402143E-002
   3.0003622146172249        6.5647432228242930E-002
   3.0066391230160057        7.0319729003491899E-002
   3.0129160314147865        6.5546166697990627E-002
   3.0191929398135673        5.1970940812978005E-002
   3.0254698482123481        3.1419765086841613E-002
   3.0317467566111289        6.6530670335326085E-003
   3.0380236650099097       -1.9006048260709334E-002
   3.0443005734086905       -4.2118642286960085E-002
   3.0505774818074713       -5.9591266312577017E-002
   3.0568543902062522       -6.9089723857265056E-002
   3.0631312986050330       -6.9349898005470811E-002
   3.0694082070038138       -6.0344356083040118E-002
   3.0756851154025946       -4.3283001354807810E-002
   3.0819620238013754       -2.0448395438640913E-002
   3.0882389322001562        5.1115007598159477E-003
   3.0945158405989370        2.9991492435624854E-002
   3.1007927489977178        5.0883326256025152E-002
   3.1070696573964987        6.5015182362110790E-002
   3.1133465657952795        7.0518125540631207E-002
   3.1196234741940603        6.6671239777830224E-002
   3.1259003825928411        5.3993592237257297E-002
   3.1321772909916219        3.4171682933059180E-002
   3.1384541993904027        9.8328219491642319E-003
   3.1447311077891835       -1.5804838242653916E-002
   3.1510080161879643       -3.9358770402328699E-002
   3.1572849245867451       -5.7728385853569569E-002
   3.1635618329855260       -6.8502276516621885E-002
   3.1698387413843068       -7.0272989337792816E-002
   3.1761156497830876       -6.2818450068868603E-002
   3.1823925581818684       -4.7126953554237114E-002
   3.1886694665806492       -2.5263337436793765E-002
   3.1949463749794300       -9.4808820835991928E-005
   3.2012232833782108        2.5086842362437582E-002
   3.2075001917769916        4.6996607964651410E-002
   3.2137771001757724        6.2784529154793392E-002
   3.2200540085745533        7.0405021400610182E-002
   3.2263309169733341        6.8879530221158947E-002
   3.2326078253721149        5.8419065789870508E-002
   3.2388847337708957        4.0391668831526062E-002
   3.2451616421696765        1.7140136309482336E-002
   3.2514385505684573       -8.3252776204553562E-003
   3.2577154589672381       -3.2718485404555367E-002
   3.2639923673660189       -5.2902271713407112E-002
   3.2702692757647998       -6.6291042003691722E-002
   3.2765461841635806       -7.1179937235716667E-002
   3.2828230925623614       -6.6958634649457352E-002
   3.2891000009611422       -5.4183408841283219E-002
   3.2953769093599230       -3.4499501481462275E-002
   3.3016538177587038       -1.0425116551694293E-002
   3.3079307261574846        1.4974063255009348E-002
   3.3142076345562654        3.8477289420350516E-002
   3.3204845429550462        5.7117531037681905E-002
   3.3267614513538271        6.8554623422070193E-002
   3.3330383597526079        7.1365964936857734E-002
   3.3393152681513887        6.5218998410249543E-002
   3.3455921765501695        5.0905124485962447E-002
   3.3518690849489503        3.0232430752561483E-002
   3.3581459933477311        5.7923955665259881E-003
   3.3644229017465119       -1.9368704919576901E-002
   3.3706998101452927       -4.2131511491571905E-002
   3.3769767185440736       -5.9690275320437719E-002
   3.3832536269428544       -6.9896533502360053E-002
   3.3895305353416352       -7.1517884904618217E-002
   3.3958074437404160       -6.4381178353109303E-002
   3.4020843521391968       -4.9384196105140943E-002
   3.4083612605379776       -2.8376353667395347E-002
   3.4146381689367584       -3.9249738301607951E-003
   3.4209150773355392        2.1002636917580021E-002
   3.4271919857343200        4.3401398889732927E-002
   3.4334688941331009        6.0590437902775449E-002
   3.4397458025318817        7.0531214446735782E-002
   3.4460227109306620        7.2064344379244930E-002
   3.4522996193294428        6.5038184272423902E-002
   3.4585765277282237        5.0315770484267823E-002
   3.4648534361270045        2.9661492261330729E-002
   3.4711303445257853        5.5231360048588023E-003
   3.4774072529245661       -1.9263028323341945E-002
   3.4836841613233469       -4.1808005304728085E-002
   3.4899610697221277       -5.9506605719375452E-002
   3.4962379781209085       -7.0335538630623085E-002
   3.5025148865196893       -7.3079275665612467E-002
   3.5087917949184702       -6.7459110873797912E-002
   3.5150687033172510       -5.4152639925956265E-002
   3.5213456117160318       -3.4703813954910789E-002
   3.5276225201148126       -1.1336250095704079E-002
   3.5338994285135934        1.3306828491133153E-002
   3.5401763369123742        3.6464959795990036E-002
   3.5464532453111550        5.5570136830217574E-002
   3.5527301537099358        6.8529013498863603E-002
   3.5590070621087166        7.3946887398214450E-002
   3.5652839705074975        7.1270110657994240E-002
   3.5715608789062783        6.0833316712000887E-002
   3.5778377873050591        4.3808758273874794E-002
   3.5841146957038399        2.2065869990351230E-002
   3.5903916041026207       -2.0412956560995838E-003
   3.5966685125014015       -2.5933856013220468E-002
   3.6029454209001823       -4.7085931473979284E-002
   3.6092223292989631       -6.3290389864925703E-002
   3.6154992376977440       -7.2884688955321408E-002
   3.6217761460965248       -7.4914207310794095E-002
   3.6280530544953056       -6.9217850409423090E-002
   3.6343299628940864       -5.6429418959607215E-002
   3.6406068712928672       -3.7897245202791627E-002
   3.6468837796916480       -1.5532974390963454E-002
   3.6531606880904288        8.3927558349016843E-003
   3.6594375964892096        3.1485257618261701E-002
   3.6657145048879904        5.1466657683775278E-002
   3.6719914132867713        6.6398371702810308E-002
   3.6782683216855521        7.4863711724079351E-002
   3.6845452300843329        7.6094018704439839E-002
   3.6908221384831137        7.0028010231705629E-002
   3.6970990468818945        5.7301050048948199E-002
   3.7033759552806753        3.9168038852158860E-002
   3.7096528636794561        1.7369900324075069E-002
   3.7159297720782369       -6.0413875065966280E-003
   3.7222066804770177       -2.8901001776312024E-002
   3.7284835888757986       -4.9133177787433417E-002
   3.7347604972745794       -6.4937867809635078E-002
   3.7410374056733602       -7.4945592572821518E-002
   3.7473143140721410       -7.8327723364545229E-002
   3.7535912224709218       -7.4854206619013819E-002
   3.7598681308697026       -6.4895974394311634E-002
   3.7661450392684834       -4.9374450728878999E-002
   3.7724219476672642       -2.9665187432433258E-002
   3.7786988560660451       -7.4663521216343188E-003
   3.7849757644648259        1.5354727374727765E-002
   3.7912526728636067        3.6922624493584084E-002
   3.7975295812623875        5.5508360962925309E-002
   3.8038064896611683        6.9664766239781628E-002
   3.8100833980599491        7.8332428588145500E-002
   3.8163603064587299        8.0909178178753940E-002
   3.8226372148575107        7.7279573010759994E-002
   3.8289141232562915        6.7804416080951432E-002
   3.8351910316550724        5.3273641638490007E-002
   3.8414679400538532        3.4828672426818516E-002
   3.8477448484526340        1.3862349790150753E-002
   3.8540217568514148       -8.0942962804295780E-003
   3.8602986652501956       -2.9488861775921096E-002
   3.8665755736489764       -4.8858887472654558E-002
   3.8728524820477572       -6.4929779308551747E-002
   3.8791293904465380       -7.6693123628170698E-002
   3.8854062988453189       -8.3461213116000965E-002
   3.8916832072440997       -8.4895750877490309E-002
   3.8979601156428805       -8.1010794694971341E-002
   3.9042370240416608       -7.2151880886659872E-002
   3.9105139324404417       -5.8954803740703547E-002
   3.9167908408392225       -4.2288640884176928E-002
   3.9230677492380033       -2.3188269675157240E-002
   3.9293446576367841       -2.7818185813198765E-003
   3.9356215660355649        1.7781720081020400E-002
   3.9418984744343457        3.7400056702688804E-002
   3.9481753828331265        5.5076521864491058E-002
   3.9544522912319073        6.9967506771852053E-002
   3.9607291996306881        8.1416673697111211E-002
   3.9670061080294690        8.8975245697185928E-002
   3.9732830164282498        9.2408659918087888E-002
   3.9795599248270306        9.1690699348834906E-002
   3.9858368332258114        8.6986865496293433E-002
   3.9921137416245922        7.8629199718203091E-002
   3.9983906500233730        6.7085001892196627E-002
   4.0046675584221543        5.2921944944070688E-002
   4.0109444668209351        3.6771968048861639E-002
   4.0172213752197159        1.9296081214198575E-002
   4.0234982836184967        1.1518666726426034E-003
   4.0297751920172775       -1.7034943589368978E-002
   4.0360521004160583       -3.4693864244880565E-002
   4.0423290088148391       -5.1327498371532020E-002
   4.0486059172136200       -6.6523683510925039E-002
   4.0548828256124008       -7.9962135861074840E-002
   4.0611597340111816       -9.1416056267808646E-002
   4.0674366424099624      -0.10074936070641949     
   4.0737135508087432      -0.10791032601062148     
   4.0799904592075240      -0.11292250318634996     
   4.0862673676063048      -0.11587375372010791     
   4.0925442760050856      -0.11690421908277297     
   4.0988211844038664      -0.11619395156136397     
   4.1050980928026473      -0.11395082718205202     
   4.1113750012014281      -0.11039923979426203     
   4.1176519096002089      -0.10576994907327657     
   4.1239288179989897      -0.10029133241618500     
   4.1302057263977705       -9.4182177720004076E-002
   4.1364826347965504       -8.7646055340124041E-002
   4.1427595431953312       -8.0867225775651433E-002
   4.1490364515941121       -7.4007976029833306E-002
   4.1553133599928929       -6.7207231888287686E-002
   4.1615902683916737       -6.0580264502064288E-002
   4.1678671767904545       -5.4219295627966874E-002
   4.1741440851892353       -4.8194805581038662E-002
   4.1804209935880161       -4.2557356871304554E-002
   4.1866979019867969       -3.7339756856898887E-002
   4.1929748103855777       -3.2559405727451710E-002
   4.1992517187843585       -2.8220701857254137E-002
   4.2055286271831394       -2.4317401175829517E-002
   4.2118055355819202       -2.0834851233848827E-002
   4.2180824439807010       -1.7752042967288287E-002
   4.2243593523794818       -1.5043443167190409E-002
   4.2306362607782626       -1.2680587806212782E-002
   4.2369131691770434       -1.0633430539539308E-002
   4.2431900775758242       -8.8714518442968883E-003
   4.2494669859746050       -7.3645426002387120E-003
   4.2557438943733858       -6.0836816820229794E-003
   4.2620208027721667       -5.0014306987164452E-003
   4.2682977111709475       -4.0922707220722443E-003
   4.2745746195697283       -3.3328060848332669E-003
   4.2808515279685091       -2.7018594375001438E-003
   4.2871284363672899       -2.1804805638256913E-003
   4.2934053447660707       -1.7518892356840699E-003
   4.2996822531648515       -1.4013698838806748E-003
   4.3059591615636323       -1.1161332481625615E-003
   4.3122360699624132       -8.8515760229171316E-004
   4.3185129783611940       -6.9901972221797677E-004
   4.3247898867599748       -5.4972355672929147E-004
   4.3310667951587556       -4.3053260209409666E-004
   4.3373437035575364       -3.3581030138507605E-004
   4.3436206119563172       -2.6087138415980702E-004
   4.3498975203550980       -2.0184596309566258E-004
   4.3561744287538788       -1.5555723394174848E-004
   4.3624513371526596       -1.1941279301778679E-004
   4.3687282455514405       -9.1309237135083071E-005
   4.3750051539502213       -6.9549385935359281E-005
   4.3812820623490021       -5.2771202265911621E-005
   4.3875589707477829       -3.9887340209733377E-005
   4.3938358791465637       -3.0034183942672174E-005
   4.4001127875453445       -2.2529240985620094E-005
   4.4063896959441253       -1.6835794485109009E-005
   4.4126666043429061       -1.2533792005367411E-005
   4.4189435127416870       -9.2960360685210663E-006
   4.4252204211404678       -6.8688399723071874E-006
   4.4314973295392486       -5.0564106792694563E-006
   4.4377742379380294       -3.7083178683219201E-006
   4.4440511463368102       -2.7094981769312384E-006
   4.4503280547355910       -1.9723274699798165E-006
   4.4566049631343718       -1.4303678520666877E-006
   4.4628818715331526       -1.0334624766420274E-006
   4.4691587799319334       -7.4390767047969441E-007
   4.4754356883307143       -5.3348136993347936E-007
   4.4817125967294951       -3.8114774892536913E-007
   4.4879895051282759       -2.7129314929563221E-007
   4.4942664135270567       -1.9237676268820825E-007
   4.5005433219258375       -1.3590368209998245E-007
   4.5068202303246183       -9.5646841826645739E-008
   4.5130971387233991       -6.7060443023670440E-008
   4.5193740471221799       -4.6839639432580952E-008
   4.5256509555209607       -3.2591670114170796E-008
   4.5319278639197416       -2.2591211617565063E-008
   4.5382047723185224       -1.5599330585165885E-008
   4.5444816807173032       -1.0729976691563406E-008
   4.5507585891160840       -7.3520916956265337E-009
   4.5570354975148648       -5.0180394188183564E-009
   4.5633124059136456       -3.4116203816950584E-009
   4.5695893143124264       -2.3103687031084084E-009
   4.5758662227112072       -1.5584332001786885E-009
   4.5821431311099881       -1.0470565097149516E-009
   4.5884200395087689       -7.0068082626671860E-010
   4.5946969479075497       -4.6700822000060969E-010
   4.6009738563063305       -3.1001232172620723E-010
   4.6072507647051113       -2.0495758128162861E-010
   4.6135276731038921       -1.3495289851220713E-010
   4.6198045815026729       -8.8491823987841003E-011
   4.6260814899014537       -5.7788495355485733E-011
   4.6323583983002345       -3.7579092675530160E-011
   4.6386353066990154       -2.4337198116357631E-011
   4.6449122150977962       -1.5692840390672037E-011
   4.6511891234965770       -1.0077729661310115E-011
   4.6574660318953578       -6.4418370495674862E-012
   4.6637429402941386       -4.1017764298139313E-012
   4.6700198486929194       -2.5988490406932752E-012
   4.6762967570917002       -1.6411652516468740E-012
   4.6825736654904810       -1.0302939675840658E-012
   4.6888505738892619       -6.4556477777024277E-013
   4.6951274822880427       -4.0092040036843328E-013
   4.7014043906868235       -2.4904044534566813E-013
   4.7076812990856043       -1.5213249356823257E-013
   4.7139582074843851       -9.4343507556487522E-014
   4.7202351158831659       -5.6888557688942204E-014
   4.7265120242819467       -3.5300708944363209E-014
   4.7327889326807275       -2.0229966573691778E-014
   4.7390658410795083       -1.3095921451604259E-014
   4.7453427494782892       -6.9451387253573431E-015
   4.7516196578770700       -4.9868772178983878E-015
   4.7578965662758508       -2.1729807625370949E-015
   4.7641734746746316       -1.8496632887202112E-015
   4.7704503830734124       -2.6166015396591376E-016
   4.7767272914721932       -8.6664713677091830E-016
   4.7830041998709740        4.3503997813035870E-017
   4.7892811082697548       -6.4488126360546353E-016
   4.7955580166685357        1.5652789526744415E-016
   4.8018349250673165       -6.2751995765139976E-016
   4.8081118334660973        3.0134062372594405E-016
   4.8143887418648781       -4.3255895557584367E-016
   4.8206656502636589        6.4318843059733592E-016
   4.8269425586624397       -1.2965884119450071E-016
   4.8332194670612205        8.1040654267189429E-016
   4.8394963754600013       -2.0400420182446902E-016
   4.8457732838587821        2.4896596765916286E-016
   4.8520501922575630       -6.2977495686975365E-016
   4.8583271006563438        2.0158054712377598E-016
   4.8646040090551246       -4.0854236996695432E-016
   4.8708809174539054        4.6048711623961548E-016
   4.8771578258526862       -2.5090905060450396E-016
   4.8834347342514670        1.6843055735953361E-016
   4.8897116426502478       -8.1417400609577951E-016
   4.8959885510490286       -4.7274638857020647E-017
   4.9022654594478094       -6.5682791299737961E-016
   4.9085423678465903        3.4416625721625690E-016
   4.9148192762453711       -1.4960688733269744E-016
   4.9210961846441519        8.0358830906922185E-016
   4.9273730930429327        2.1959570367826577E-016
   4.9336500014417135        7.0201431125382041E-016
   4.9399269098404943       -3.4101338879665370E-017
   4.9462038182392751        6.2276779184782824E-016
   4.9524807266380559       -2.4206888841759927E-018
   4.9587576350368368        4.3752632918353577E-016
   4.9650345434356176       -4.4420559808957549E-017
   4.9713114518343984        4.3212460327423007E-016
   4.9775883602331792       -1.4507502319069672E-016
   4.9838652686319600        5.9908898181348061E-016
   4.9901421770307408        2.1561986003141971E-016
   4.9964190854295216        6.8635441610715464E-016
   5.0026959938283024        3.6608007534833712E-017
   5.0089729022270832        1.3560547610936521E-016
   5.0152498106258641       -3.8575562733395955E-016
   5.0215267190246449        1.0935988141376564E-016
   5.0278036274234257       -5.1071557967276368E-016
   5.0340805358222065       -3.3978244765592874E-017
   5.0403574442209873       -6.6899367625369895E-016
   5.0466343526197681       -2.0888844933696281E-017
   5.0529112610185480       -3.7848085273566355E-016
   5.0591881694173289       -5.4247421326697706E-017
   5.0654650778161097       -5.8093093668823135E-016
   5.0717419862148905       -2.3831427052901993E-016
   5.0780188946136713       -3.5231907293728112E-016
   5.0842958030124521        5.1239207192327213E-016
   5.0905727114112329        1.6597550350364723E-016
   5.0968496198100137        2.7503756507193452E-016
   5.1031265282087945       -1.3544273182322932E-016
   5.1094034366075753        2.6407339505851361E-016
   5.1156803450063562       -2.2582387178176451E-016
   5.1219572534051370       -1.7878704176930579E-017
   5.1282341618039178       -6.4946470247789459E-016
   5.1345110702026986       -1.8961410470501295E-016
   5.1407879786014794       -3.9899349969252905E-016
   5.1470648870002602        1.7222136291927367E-016
   5.1533417953990410       -8.2658048887257264E-017
   5.1596187037978218        1.4654804924360382E-016
   5.1658956121966026       -7.0357336124722410E-016
   5.1721725205953835        6.9354609013425595E-017
   5.1784494289941643       -2.1681910438171410E-016
   5.1847263373929451       -1.1416535677795373E-016
   5.1910032457917259       -5.4529436422719817E-016
   5.1972801541905067       -4.7112718119772233E-016
   5.2035570625892875       -8.3048680403232957E-016
   5.2098339709880683       -3.0110563995673085E-016
   5.2161108793868491       -7.6046500536615809E-016
   5.2223877877856300       -2.8525232894245191E-016
   5.2286646961844108       -7.1672664574664711E-016
   5.2349416045831916       -2.6012184294856765E-016
   5.2412185129819724       -4.3132778297318269E-016
   5.2474954213807532        5.6143650815440602E-016
   5.2537723297795340        4.7319657025494259E-016
   5.2600492381783148        7.9619420932074122E-016
   5.2663261465770956        4.7199517476674316E-016
   5.2726030549758764        7.5349010110855776E-016
   5.2788799633746573        2.5326057284990516E-016
   5.2851568717734381        2.2756764399178301E-016
   5.2914337801722189       -1.6978325266217726E-016
   5.2977106885709997        4.2058980388656231E-016
   5.3039875969697805       -4.1187292897166261E-016
   5.3102645053685613        4.2741298673044985E-017
   5.3165414137673421       -4.3741864658087722E-016
   5.3228183221661229       -5.4487486955242125E-017
   5.3290952305649038       -2.4896554436200933E-016
   5.3353721389636846       -6.7627201090070075E-017
   5.3416490473624654       -7.0374577538947771E-016
   5.3479259557612462       -5.2691949571449615E-016
   5.3542028641600270       -1.0566091621065511E-015
   5.3604797725588078       -8.7581690023999975E-016
   5.3667566809575886       -9.3338970718080303E-016
   5.3730335893563694       -2.8545349444280870E-016
   5.3793104977551502       -6.5354146989096453E-016
   5.3855874061539311        1.0581857326972045E-016
   5.3918643145527119        1.7353719660729933E-016
   5.3981412229514927        1.0698547821525258E-015
   5.4044181313502735        8.6790318264291357E-016
   5.4106950397490543        1.6940919721912070E-015
   5.4169719481478351        1.4191697176012375E-015
   5.4232488565466159        1.9678913981864477E-015
   5.4295257649453967        1.8279392638964546E-015
   5.4358026733441775        1.8181135522712209E-015
   5.4420795817429584        1.2075654062537533E-015
   5.4483564901417392        1.3422376567059929E-015
   5.4546333985405200        1.0749460578128809E-015
   5.4609103069393008        1.2671754273860899E-015
   5.4671872153380816        1.0462444050464631E-015
   5.4734641237368624        1.0333800771219639E-015
   5.4797410321356432        1.5699373798465832E-016
   5.4860179405344240       -5.2556009162615806E-016
   5.4922948489332049       -1.5647233680708155E-015
   5.4985717573319857       -1.7423818584123190E-015
   5.5048486657307665       -2.5104316886518057E-015
   5.5111255741295473       -2.5503915568499709E-015
   5.5174024825283281       -3.5392233892696502E-015
   5.5236793909271089       -3.7885728762986980E-015
   5.5299562993258897       -4.6083513220903218E-015
   5.5362332077246705       -4.7398071964389696E-015
   5.5425101161234513       -5.6088628394992726E-015
   5.5487870245222322       -5.6133462524736811E-015
   5.5550639329210130       -6.3134633444014037E-015
   5.5613408413197938       -5.8485202433090362E-015
   5.5676177497185746       -6.2081522145995680E-015
   5.5738946581173554       -5.9844145485892380E-015
   5.5801715665161362       -6.8229356212663123E-015
   5.5864484749149170       -6.9659929462687365E-015
   5.5927253833136978       -7.7264398797985969E-015
   5.5990022917124787       -7.9640887968036814E-015
   5.6052792001112595       -8.3389129760268570E-015
   5.6115561085100403       -7.7959946662606280E-015
   5.6178330169088211       -7.5640617494072142E-015
   5.6241099253076019       -6.4311770722090253E-015
   5.6303868337063827       -5.3723970022442265E-015
   5.6366637421051635       -3.1262169496327990E-015
   5.6429406505039443       -1.3356481425034957E-015
   5.6492175589027251        1.0931537948977600E-015
   5.6554944673015060        3.1244275776539914E-015
   5.6617713757002868        5.4236915087450660E-015
   5.6680482840990676        6.3637953216968752E-015
   5.6743251924978484        7.5157898418518934E-015
   5.6806021008966292        8.0710802775374099E-015
   5.6868790092954100        9.0079382021151425E-015
   5.6931559176941908        9.1319001916409047E-015
   5.6994328260929716        9.5581853737065963E-015
   5.7057097344917524        8.4492049448039176E-015
   5.7119866428905333        7.1804515719202766E-015
   5.7182635512893141        4.2119224693448088E-015
   5.7245404596880949        1.6431455756802102E-015
   5.7308173680868757       -1.9978135469393106E-015
   5.7370942764856565       -4.6855456925485711E-015
   5.7433711848844373       -7.9742408023447532E-015
   5.7496480932832181       -9.8339266122430525E-015
   5.7559250016819989       -1.1274708768476418E-014
   5.7622019100807798       -1.1072739741342896E-014
   5.7684788184795606       -9.8632650731371333E-015
   5.7747557268783414       -7.0607626279657915E-015
   5.7810326352771222       -4.1256474231602422E-015
   5.7873095436759030       -4.3489514052193060E-016
   5.7935864520746838        2.5136845638940922E-015
   5.7998633604734646        5.9022932711178026E-015
   5.8061402688722454        8.1494890346453471E-015
   5.8124171772710262        1.0338666883227486E-014
   5.8186940856698071        1.1061886654395691E-014
   5.8249709940685879        1.1419789007038266E-014
   5.8312479024673687        9.5000111372098827E-015
   5.8375248108661495        7.1415076605504561E-015
   5.8438017192649303        3.2018376133296135E-015
   5.8500786276637111       -5.4565693028885960E-016
   5.8563555360624919       -5.0195906900093636E-015
   5.8626324444612727       -8.0214778724624363E-015
   5.8689093528600536       -1.0579152228334278E-014
   5.8751862612588344       -1.1726271409381980E-014
   5.8814631696576152       -1.1907894499427044E-014
   5.8877400780563960       -1.0040729111174559E-014
   5.8940169864551768       -7.6167196085765168E-015
   5.9002938948539576       -3.2630405119667203E-015
   5.9065708032527384        4.5961455595791218E-016
   5.9128477116515192        4.9680556789154453E-015
   5.9191246200503000        7.9381181995756623E-015
   5.9254015284490809        1.0436110858891802E-014
   5.9316784368478617        1.0801772124597308E-014
   5.9379553452466425        1.0594369500453446E-014
   5.9442322536454233        8.0639162701883699E-015
   5.9505091620442041        5.3272578770209907E-015
   5.9567860704429849        1.3439910131760672E-015
   5.9630629788417657       -1.4503348086056370E-015
   5.9693398872405457       -5.0115482145310556E-015
   5.9756167956393265       -7.1575401612623706E-015
   5.9818937040381073       -9.0605888760543712E-015
   5.9881706124368881       -9.0456567451075771E-015
   5.9944475208356689       -8.2959750637693057E-015
   6.0007244292344497       -5.6502352575876201E-015
   6.0070013376332305       -3.7184563706064155E-015
   6.0132782460320113       -4.4215022236542650E-016
   6.0195551544307921        1.9202100840878903E-015
   6.0258320628295730        5.0001712883234196E-015
   6.0321089712283538        6.6902302628179837E-015
   6.0383858796271346        8.1944400027593880E-015
   6.0446627880259154        7.6550972142722953E-015
   6.0509396964246962        7.1600966603396594E-015
   6.0572166048234770        4.8572622515621213E-015
   6.0634935132222578        2.7292495139676651E-015
   6.0697704216210386       -3.9618205514187711E-016
   6.0760473300198194       -2.5139970624611466E-015
   6.0823242384186003       -5.4704946346111596E-015
   6.0886011468173811       -7.0322937495200119E-015
   6.0948780552161619       -8.5679577713933478E-015
   6.1011549636149427       -7.8320140543597819E-015
   6.1074318720137235       -6.9833900741170564E-015
   6.1137087804125043       -4.3159820868183867E-015
   6.1199856888112851       -1.7922158414534562E-015
   6.1262625972100659        2.0635484024646110E-015
   6.1325395056088468        4.8580515004394632E-015
   6.1388164140076276        7.6556006314225741E-015
   6.1450933224064084        8.4519863795887133E-015
   6.1513702308051892        9.0303180638808706E-015
   6.1576471392039700        7.6302659131374300E-015
   6.1639240476027508        5.6434229302480123E-015
   6.1702009560015316        1.7108815757595589E-015
   6.1764778644003124       -1.5802758439501307E-015
   6.1827547727990932       -5.4140905763208216E-015
   6.1890316811978741       -7.6205538860392095E-015
   6.1953085895966549       -9.4671607899144114E-015
   6.2015854979954357       -8.7605515726710566E-015
   6.2078624063942165       -7.8350049797558314E-015
   6.2141393147929973       -5.1644706424181000E-015
   6.2204162231917781       -3.0073680372013840E-015
   6.2266931315905589        1.0191602613819247E-015
   6.2329700399893397        4.0350601039990575E-015
   6.2392469483881206        7.3388344631816434E-015
   6.2455238567869014        8.6077001489246293E-015
   6.2518007651856822        9.5019058583755411E-015
   6.2580776735844630        8.1514187864704648E-015
   6.2643545819832438        7.0940928680842453E-015
   6.2706314903820246        4.0810814429105356E-015
   6.2769083987808054        1.5813559103343461E-015
   6.2831853071795862       -2.6542069096957000E-015
