   6.2769083987808056E-003  -1.3688791899259920E-004
   1.2553816797561611E-002   6.4715458829885279E-005
   1.8830725196342418E-002   2.3529159950793718E-004
   2.5107633595123222E-002   2.9307986834025822E-004
   3.1384541993904030E-002   2.1042140196565799E-004
   3.7661450392684835E-002   2.6957259024637842E-005
   4.3938358791465640E-002  -1.6942214921613296E-004
   5.0215267190246445E-002  -2.8470196519016320E-004
   5.6492175589027249E-002  -2.6374169336016714E-004
   6.2769083987808061E-002  -1.1661358319344208E-004
   6.9045992386588859E-002   8.6283556292146178E-005
   7.5322900785369670E-002   2.4794317885085289E-004
   8.1599809184150468E-002   2.9113518419636713E-004
   8.7876717582931280E-002   1.9527302525133432E-004
   9.4153625981712077E-002   6.1768436783425614E-006
  0.10043053438049289       -1.8587439285614721E-004
  0.10670744277927370       -2.8926588062092072E-004
  0.11298435117805450       -2.5473497254796941E-004
  0.11926125957683531       -9.8796440818745175E-005
  0.12553816797561612        1.0421281891969826E-004
  0.13181507637439691        2.5761061037803275E-004
  0.13809198477317772        2.8841630232063266E-004
  0.14436889317195853        1.8203377426074689E-004
  0.15064580157073934       -1.0895526620493505E-005
  0.15692270996952015       -1.9865714834574861E-004
  0.16319961836830094       -2.9208687747003098E-004
  0.16947652676708175       -2.4688992888583628E-004
  0.17575343516586256       -8.4579325055103010E-005
  0.18203034356464337        1.1783582250086539E-004
  0.18830725196342415        2.6443529530095647E-004
  0.19458416036220497        2.8584110901725351E-004
  0.20086106876098578        1.7199873976243932E-004
  0.20713797715976659       -2.3179942743245095E-005
  0.21341488555854740       -2.0741727284689424E-004
  0.21969179395732819       -2.9372312708691480E-004
  0.22596870235610900       -2.4143585077850225E-004
  0.23224561075488981       -7.5301622202243900E-005
  0.23852251915367062        1.2632412214587269E-004
  0.24479942755245140        2.6848686769483240E-004
  0.25107633595123224        2.8434608405240782E-004
  0.25735324435001306        1.6653665756969781E-004
  0.26363015274879381       -2.9506780958430267E-005
  0.26990706114757462       -2.1171568539342584E-004
  0.27618396954635543       -2.9465378617195103E-004
  0.28246087794513625       -2.3953640729129438E-004
  0.28873778634391706       -7.2274922158055503E-005
  0.29501469474269787        1.2880574729761556E-004
  0.30129160314147868        2.6970722540439366E-004
  0.30756851154025949        2.8469094745059854E-004
  0.31384541993904030        1.6687266114814506E-004
  0.32012232833782106       -2.8725908114054312E-005
  0.32639923673660187       -2.1096574733458706E-004
  0.33267614513538268       -2.9508815173663301E-004
  0.33895305353416350       -2.4208844920191769E-004
  0.34522996193294431       -7.6695539795070794E-005
  0.35150687033172512        1.2428172164488617E-004
  0.35778377873050593        2.6769643392465824E-004
  0.36406068712928674        2.8722723825775714E-004
  0.37033759552806755        1.7396339685141391E-004
  0.37661450392684831       -1.9655228832166090E-005
  0.38289141232562912       -2.0422424167975049E-004
  0.38916832072440993       -2.9469654406266021E-004
  0.39544522912319074       -2.4952170161388830E-004
  0.40172213752197156       -8.9611638786270644E-005
  0.40799904592075237        1.1147066653437994E-004
  0.41427595431953318        2.6143724099055834E-004
  0.42055286271831399        2.9162939877378229E-004
  0.42682977111709480        1.8836131765280991E-004
  0.43310667951587556       -1.0156830422100595E-006
  0.43938358791465637       -1.8994908198482894E-004
  0.44566049631343718       -2.9229468702085336E-004
  0.45193740471221799       -2.6154768966972936E-004
  0.45821431311099881       -1.1184840278107511E-004
  0.46449122150977962        8.8668512113821902E-005
  0.47076812990856043        2.4898868519556094E-004
  0.47704503830734124        2.9653945346639189E-004
  0.48332194670612205        2.0995125719724448E-004
  0.48959885510490281        2.8509204591566539E-005
  0.49587576350368362       -1.6581513908691889E-004
  0.50215267190246449       -2.8546834508241033E-004
  0.50842958030124530       -2.7672674280287382E-004
  0.51470648870002611       -1.4368856333389130E-004
  0.52098339709880681        5.3810268776035792E-005
  0.52726030549758762        2.2723652503678772E-004
  0.53353721389636843        2.9907821383248095E-004
  0.53981412229514925        2.3740620669437126E-004
  0.54609103069393006        6.9903163130001882E-005
  0.55236793909271087       -1.2873152622420073E-004
  0.55864484749149168       -2.7019630454081146E-004
  0.56492175589027249       -2.9182754602557890E-004
  0.57119866428905330       -1.8423096494816013E-004
  0.57747557268783412        4.8251359835071071E-006
  0.58375248108661493        1.9177905790639059E-004
  0.59002938948539574        2.9427588703050307E-004
  0.59630629788417655        2.6738362689741484E-004
  0.60258320628295736        1.2312366859749764E-004
  0.60886011468173817       -7.5100846203871008E-005
  0.61513702308051899       -2.4051569497054309E-004
  0.62141393147929980       -3.0098573635455630E-004
  0.62769083987808061       -2.3036120506710547E-004
  0.63396774827686131       -5.9584658308824951E-005
  0.64024465667564212        1.3706948189803490E-004
  0.64652156507442293        2.7441640728492728E-004
  0.65279847347320374        2.9323760234389808E-004
  0.65907538187198456        1.8565535640533581E-004
  0.66535229027076537       -1.8008769857661358E-006
  0.67162919866954618       -1.8851804834519415E-004
  0.67790610706832699       -2.9454994339506510E-004
  0.68418301546710780       -2.7477525671838884E-004
  0.69045992386588861       -1.3789653129825751E-004
  0.69673683226466943        5.7633427056951998E-005
  0.70301374066345024        2.2875984139968334E-004
  0.70929064906223105        3.0314873658947837E-004
  0.71556755746101186        2.4963991728408871E-004
  0.72184446585979267        9.1058848773778713E-005
  0.72812137425857348       -1.0577609592422916E-004
  0.73439828265735430       -2.5837308678450141E-004
  0.74067519105613511       -3.0313942315328293E-004
  0.74695209945491581       -2.2171477511888861E-004
  0.75322900785369662       -4.8229996968563967E-005
  0.75950591625247743        1.4525790297471947E-004
  0.76578282465125824        2.7883444488125981E-004
  0.77205973305003905        2.9769325279756242E-004
  0.77833664144881987        1.9441475623532573E-004
  0.78461354984760068        1.1587924260397952E-005
  0.79089045824638149       -1.7600706411530426E-004
  0.79716736664516230       -2.9209872364826807E-004
  0.80344427504394311       -2.8985589626242327E-004
  0.80972118344272392       -1.7053760294856262E-004
  0.81599809184150474        1.7466126654226967E-005
  0.82227500024028555        1.9850789503098092E-004
  0.82855190863906636        3.0021029096262598E-004
  0.83482881703784717        2.8229108315591905E-004
  0.84110572543662798        1.5224984730338712E-004
  0.84738263383540879       -3.8082390659902945E-005
  0.85365954223418961       -2.1344492495071999E-004
  0.85993645063297042       -3.0497677617319087E-004
  0.86621335903175112       -2.7712285710574514E-004
  0.87249026743053193       -1.4115676317887684E-004
  0.87876717582931274        4.9705395222078269E-005
  0.88504408422809355        2.2137426467160441E-004
  0.89132099262687436        3.0770605454562213E-004
  0.89759790102565518        2.7583846968569700E-004
  0.90387480942443599        1.3839748544028707E-004
  0.91015171782321680       -5.1837351998447349E-005
  0.91642862622199761       -2.2244494113253481E-004
  0.92270553462077842       -3.0898952499672612E-004
  0.92898244301955923       -2.7920251945930135E-004
  0.93525935141834005       -1.4470407473366270E-004
  0.94153625981712086        4.3870370692510635E-005
  0.94781316821590167        2.1618660607299081E-004
  0.95409007661468248        3.0851050125601934E-004
  0.96036698501346329        2.8713237581036530E-004
  0.96664389341224410        1.6036465538678550E-004
  0.97292080181102492       -2.5036337519454614E-005
  0.97919771020980562       -2.0138608072969353E-004
  0.98547461860858643       -3.0486827058433106E-004
  0.99175152700736724       -2.9849779876216990E-004
  0.99802843540614805       -1.8503699255185220E-004
   1.0043053438049290       -5.4694896541850791E-006
   1.0105822522037098        1.7609724012197480E-004
   1.0168591606024906        2.9543921636752024E-004
   1.0231360690012714        3.1083558536028653E-004
   1.0294129774000522        2.1737100451534782E-004
   1.0356898857988328        4.8122769226321547E-005
   1.0419667941976136       -1.3786610077138172E-004
   1.0482437025963944       -2.7634999772411129E-004
   1.0545206109951752       -3.2002400369989588E-004
   1.0607975193939561       -2.5443478191532009E-004
   1.0670744277927369       -1.0239732071526050E-004
   1.0733513361915177        8.4288538255624970E-005
   1.0796282445902985        2.4270733763829787E-004
   1.0859051529890793        3.2004798521190512E-004
   1.0921820613878601        2.9101470078263968E-004
   1.0984589697866409        1.6575787534092753E-004
   1.1047358781854217       -1.4037300241858564E-005
   1.1110127865842025       -1.8930372378484959E-004
   1.1172896949829834       -3.0309501036631238E-004
   1.1235666033817642       -3.1896992268242287E-004
   1.1298435117805450       -2.3236554339072383E-004
   1.1361204201793258       -7.1512687051313129E-005
   1.1423973285781066        1.1210088265952621E-004
   1.1486742369768874        2.6040006111060094E-004
   1.1549511453756682        3.2707220827985129E-004
   1.1612280537744490        2.9180878955721140E-004
   1.1675049621732299        1.6613412331457735E-004
   1.1737818705720107       -1.0726551522204600E-005
   1.1800587789707915       -1.8436880988915018E-004
   1.1863356873695723       -3.0204371205549703E-004
   1.1926125957683531       -3.2856990210451182E-004
   1.1988895041671339       -2.5656160215500195E-004
   1.2051664125659147       -1.0809425420465014E-004
   1.2114433209646955        7.2411695296267930E-005
   1.2177202293634763        2.3170365284391455E-004
   1.2239971377622572        3.2343560137913720E-004
   1.2302740461610380        3.2147691938262402E-004
   1.2365509545598188        2.2702545869204428E-004
   1.2428278629585996        6.7694265526347633E-005
   1.2491047713573804       -1.1089001585161558E-004
   1.2553816797561612       -2.5833661531832750E-004
   1.2616585881549420       -3.3369314576439364E-004
   1.2679354965537226       -3.1660638650118944E-004
   1.2742124049525034       -2.1246442913228336E-004
   1.2804893133512842       -5.0332781295629909E-005
   1.2867662217500651        1.2547957968735826E-004
   1.2930431301488459        2.6769824122184406E-004
   1.2993200385476267        3.3876205499642565E-004
   1.3055969469464075        3.2051462825812325E-004
   1.3118738553451883        2.1847455444153500E-004
   1.3181507637439691        5.9793100353250505E-005
   1.3244276721427499       -1.1430382388156945E-004
   1.3307045805415307       -2.5940930522795256E-004
   1.3369814889403115       -3.3924414491817858E-004
   1.3432583973390924       -3.3450936842553523E-004
   1.3495353057378732       -2.4718342025813097E-004
   1.3558122141366540       -9.9414563916221818E-005
   1.3620891225354348        7.2460587964235954E-005
   1.3683660309342156        2.2708202546217247E-004
   1.3746429393329964        3.2805423206560137E-004
   1.3809198477317772        3.5234153828702904E-004
   1.3871967561305580        2.9518127846179268E-004
   1.3934736645293389        1.7056012443296067E-004
   1.3997505729281197        7.3890648506422512E-006
   1.4060274813269005       -1.5751027354792688E-004
   1.4123043897256813       -2.8784767946975247E-004
   1.4185812981244621       -3.5577643884916570E-004
   1.4248582065232429       -3.4757363666388464E-004
   1.4311351149220237       -2.6599923172026667E-004
   1.4374120233208045       -1.2904372653848014E-004
   1.4436889317195853        3.4432706452937631E-005
   1.4499658401183662        1.9105140761164951E-004
   1.4562427485171470        3.0981501704206097E-004
   1.4625196569159278        3.6812133126190138E-004
   1.4687965653147086        3.5575838762042758E-004
   1.4750734737134894        2.7625014732544906E-004
   1.4813503821122702        1.4550020842149400E-004
   1.4876272905110510       -1.1790296974638019E-005
   1.4939041989098316       -1.6707472098514232E-004
   1.5001811073086124       -2.9325318241874660E-004
   1.5064580157073932       -3.6931639960188404E-004
   1.5127349241061741       -3.8357336465863256E-004
   1.5190118325049549       -3.3503143247466644E-004
   1.5252887409037357       -2.3287111242731870E-004
   1.5315656493025165       -9.4295241214194687E-005
   1.5378425577012973        5.8722937989359088E-005
   1.5441194661000781        2.0314662517108677E-004
   1.5503963744988589        3.1839624474086715E-004
   1.5566732828976397        3.8915487537727496E-004
   1.5629501912964205        4.0711210185394536E-004
   1.5692270996952014        3.7151541299902755E-004
   1.5755040080939822        2.8860177654845416E-004
   1.5817809164927630        1.7014046252621209E-004
   1.5880578248915438        3.1414316897411281E-005
   1.5943347332903246       -1.1100360845564808E-004
   1.6006116416891054       -2.4135020643093030E-004
   1.6068885500878862       -3.4639344961517632E-004
   1.6131654584866670       -4.1661435927622752E-004
   1.6194423668854478       -4.4678981997374706E-004
   1.6257192752842287       -4.3600523313097855E-004
   1.6319961836830095       -3.8719329076529436E-004
   1.6382730920817903       -3.0633583522828213E-004
   1.6445500004805711       -2.0148002796054111E-004
   1.6508269088793519       -8.1711844790075260E-005
   1.6571038172781327        4.3794495008861152E-005
   1.6633807256769135        1.6656617116360761E-004
   1.6696576340756943        2.7941173018131491E-004
   1.6759345424744752        3.7677626327376347E-004
   1.6822114508732560        4.5488411389951240E-004
   1.6884883592720368        5.1170086218742608E-004
   1.6947652676708176        5.4675743792736498E-004
   1.7010421760695984        5.6088284605857808E-004
   1.7073190844683792        5.5588967940309634E-004
   1.7135959928671600        5.3425020624518315E-004
   1.7198729012659408        4.9879216411412752E-004
   1.7261498096647214        4.5243403377069732E-004
   1.7324267180635022        3.9797059025448791E-004
   1.7387036264622830        3.3791214444720165E-004
   1.7449805348610639        2.7437548075199164E-004
   1.7512574432598447        2.0902018264649404E-004
   1.7575343516586255        1.4302150057643638E-004
   1.7638112600574063        7.7069911586119378E-005
   1.7700881684561871        1.1387560212855776E-005
   1.7763650768549679       -5.4247459224228330E-005
   1.7826419852537487       -1.2047687503647065E-004
   1.7889188936525295       -1.8834467457078572E-004
   1.7951958020513104       -2.5929161288842451E-004
   1.8014727104500912       -3.3516618204471635E-004
   1.8077496188488720       -4.1825569452592427E-004
   1.8140265272476528       -5.1134066611251746E-004
   1.8203034356464336       -6.1777550002987405E-004
   1.8265803440452144       -7.4159847729114551E-004
   1.8328572524439952       -8.8767421159300448E-004
   1.8391341608427760       -1.0618718660595828E-003
   1.8454110692415568       -1.2712824656697778E-003
   1.8516879776403377       -1.5244783221361107E-003
   1.8579648860391185       -1.8318167475063576E-003
   1.8642417944378993       -2.2057884835383185E-003
   1.8705187028366801       -2.6614083087118184E-003
   1.8767956112354609       -3.2166405397688991E-003
   1.8830725196342417       -3.8928451007978217E-003
   1.8893494280330225       -4.7152198512746511E-003
   1.8956263364318033       -5.7132008919780460E-003
   1.9019032448305841       -6.9207686993075154E-003
   1.9081801532293650       -8.3766146247843190E-003
   1.9144570616281458       -1.0124105014907781E-002
   1.9207339700269266       -1.2210925119057248E-002
   1.9270108784257074       -1.4688272097228264E-002
   1.9332877868244882       -1.7609450148868184E-002
   1.9395646952232690       -2.1027703685550184E-002
   1.9458416036220498       -2.4993117866885267E-002
   1.9521185120208304       -2.9548424544815977E-002
   1.9583954204196112       -3.4723584308300130E-002
   1.9646723288183920       -4.0529080052584820E-002
   1.9709492372171729       -4.6947963727856049E-002
   1.9772261456159537       -5.3926853296697060E-002
   1.9835030540147345       -6.1366286612982338E-002
   1.9897799624135153       -6.9111102031054819E-002
   1.9960568708122961       -7.6941822689095579E-002
   2.0023337792110771       -8.4568350634764797E-002
   2.0086106876098579       -9.1627591071948775E-002
   2.0148875960086388       -9.7686870944537971E-002
   2.0211645044074196      -0.10225511738094487     
   2.0274414128062004      -0.10480363352511256     
   2.0337183212049812      -0.10479785985921793     
   2.0399952296037620      -0.10174065473378267     
   2.0462721380025428       -9.5226314490723551E-002
   2.0525490464013236       -8.5002782530395032E-002
   2.0588259548001044       -7.1037353406048831E-002
   2.0651028631988853       -5.3578857883849779E-002
   2.0713797715976656       -3.3207140115287435E-002
   2.0776566799964464       -1.0859053819652967E-002
   2.0839335883952272        1.2180249399816710E-002
   2.0902104967940081        3.4330724322490118E-002
   2.0964874051927889        5.3822114336975466E-002
   2.1027643135915697        6.8850683890600797E-002
   2.1090412219903505        7.7780672692279298E-002
   2.1153181303891313        7.9373419357020830E-002
   2.1215950387879121        7.3017032764847403E-002
   2.1278719471866929        5.8920945183259341E-002
   2.1341488555854737        3.8234950401933011E-002
   2.1404257639842545        1.3053761016825934E-002
   2.1467026723830354       -1.3722409555186780E-002
   2.1529795807818162       -3.8682450977416731E-002
   2.1592564891805970       -5.8339219545513875E-002
   2.1655333975793778       -6.9658868338966798E-002
   2.1718103059781586       -7.0608584119453130E-002
   2.1780872143769394       -6.0624015219554829E-002
   2.1843641227757202       -4.0890142833493903E-002
   2.1906410311745010       -1.4343193256313513E-002
   2.1969179395732819        1.4660665828013590E-002
   2.2031948479720627        4.1003958177017651E-002
   2.2094717563708435        5.9714459294213790E-002
   2.2157486647696243        6.6968034181050906E-002
   2.2220255731684051        6.0983619347983499E-002
   2.2283024815671859        4.2591884626643858E-002
   2.2345793899659667        1.5295984291091356E-002
   2.2408562983647475       -1.5266653010800822E-002
   2.2471332067635283       -4.2420169047785873E-002
   2.2534101151623092       -5.9914725876209170E-002
   2.2596870235610900       -6.3444806383516059E-002
   2.2659639319598708       -5.1843022861082937E-002
   2.2722408403586516       -2.7600018954613673E-002
   2.2785177487574324        3.5083634722790787E-003
   2.2847946571562132        3.3691771934437474E-002
   2.2910715655549940        5.5069538343411162E-002
   2.2973484739537748        6.1786535662790805E-002
   2.3036253823525557        5.1744241014532205E-002
   2.3099022907513365        2.7410951371327562E-002
   2.3161791991501173       -4.6168075242130225E-003
   2.3224561075488981       -3.5292471671357545E-002
   2.3287330159476789       -5.5648740539754091E-002
   2.3350099243464597       -5.9483355971017490E-002
   2.3412868327452405       -4.5383517063092189E-002
   2.3475637411440213       -1.7396840697108389E-002
   2.3538406495428021        1.5976444276450393E-002
   2.3601175579415830        4.4278954978255604E-002
   2.3663944663403638        5.8378293025448322E-002
   2.3726713747391446        5.3507481365262947E-002
   2.3789482831379254        3.1025996433456715E-002
   2.3852251915367062       -1.7870335640796729E-003
   2.3915020999354870       -3.3971082110335608E-002
   2.3977790083342678       -5.4510533390585474E-002
   2.4040559167330486       -5.6163304775379140E-002
   2.4103328251318294       -3.8143474675755115E-002
   2.4166097335306103       -6.6249691862271948E-003
   2.4228866419293911        2.7244015511328684E-002
   2.4291635503281719        5.1228973934087714E-002
   2.4354404587269527        5.6464477866292183E-002
   2.4417173671257335        4.0842234821721217E-002
   2.4479942755245143        9.9994690556710706E-003
   2.4542711839232951       -2.4587735495364017E-002
   2.4605480923220759       -4.9814138746300154E-002
   2.4668250007208568       -5.5937057231889624E-002
   2.4731019091196376       -4.0438756584792693E-002
   2.4793788175184184       -9.1919462465568213E-003
   2.4856557259171992        2.5647659666884870E-002
   2.4919326343159800        5.0315442441718830E-002
   2.4982095427147608        5.4902585297877206E-002
   2.5044864511135416        3.7430590218923684E-002
   2.5107633595123224        4.8237245183694946E-003
   2.5170402679111032       -2.9731688699012070E-002
   2.5233171763098841       -5.2078098126801607E-002
   2.5295940847086644       -5.2920805521960844E-002
   2.5358709931074452       -3.1786204361515011E-002
   2.5421479015062260        2.6185893807035873E-003
   2.5484248099050069        3.5907662857960120E-002
   2.5547017183037877        5.4007469055772903E-002
   2.5609786267025685        4.9150661780183610E-002
   2.5672555351013493        2.3299925546588749E-002
   2.5735324435001301       -1.2544664999514076E-002
   2.5798093518989109       -4.2962342260672297E-002
   2.5860862602976917       -5.4741504520511831E-002
   2.5923631686964725       -4.2672203671285956E-002
   2.5986400770952534       -1.1936870916898100E-002
   2.6049169854940342        2.4033165161627880E-002
   2.6111938938928150        4.9386192610492992E-002
   2.6174708022915958        5.2850683132843551E-002
   2.6237477106903766        3.2807569114235324E-002
   2.6300246190891574       -1.8762225517040590E-003
   2.6363015274879382       -3.5709047771180231E-002
   2.6425784358867190       -5.3476013910895570E-002
   2.6488553442854998       -4.7111949871939687E-002
   2.6551322526842807       -1.9425456417175368E-002
   2.6614091610830615        1.7073927377553116E-002
   2.6676860694818423        4.5788287958249074E-002
   2.6739629778806231        5.3581910448173384E-002
   2.6802398862794039        3.6831546868641804E-002
   2.6865167946781847        3.1694421631829526E-003
   2.6927937030769655       -3.1944708621611029E-002
   2.6990706114757463       -5.2305404694598774E-002
   2.7053475198745272       -4.8459159689744007E-002
   2.7116244282733080       -2.2138821094083716E-002
   2.7179013366720888        1.4467086557778891E-002
   2.7241782450708696        4.4327461244077153E-002
   2.7304551534696504        5.3492289942031965E-002
   2.7367320618684312        3.7638468098865639E-002
   2.7430089702672120        4.1514293718465309E-003
   2.7492858786659928       -3.1279115672013282E-002
   2.7555627870647736       -5.1996510278802623E-002
   2.7618396954635545       -4.8220955826461742E-002
   2.7681166038623353       -2.1698160820410945E-002
   2.7743935122611161        1.5072587834768073E-002
   2.7806704206598969        4.4707238274441972E-002
   2.7869473290586777        5.3156079959618761E-002
   2.7932242374574585        3.6385277861661368E-002
   2.7995011458562393        2.3323461130681697E-003
   2.8057780542550201       -3.2826288376011745E-002
   2.8120549626538009       -5.2351429023663777E-002
   2.8183318710525818       -4.6920857194551496E-002
   2.8246087794513626       -1.9102365063465084E-002
   2.8308856878501434        1.7837415282946044E-002
   2.8371625962489242        4.6246865678124680E-002
   2.8434395046477050        5.2526077731479173E-002
   2.8497164130464858        3.3651639484670010E-002
   2.8559933214452666       -1.3487684326372166E-003
   2.8622702298440474       -3.5700120685742055E-002
   2.8685471382428283       -5.2916492907746360E-002
   2.8748240466416091       -4.4720533510030788E-002
   2.8811009550403899       -1.5036805646884080E-002
   2.8873778634391707        2.1874637892684044E-002
   2.8936547718379515        4.8262697246252977E-002
   2.8999316802367323        5.1424419923067032E-002
   2.9062085886355131        2.9828748076737157E-002
   2.9124854970342939       -6.1322172727923700E-003
   2.9187624054330747       -3.9137704968554669E-002
   2.9250393138318556       -5.3280474621823067E-002
   2.9313162222306364       -4.1738013319661808E-002
   2.9375931306294172       -1.0070222486025224E-002
   2.9438700390281980        2.6453781320913718E-002
   2.9501469474269788        5.0216491446131918E-002
   2.9564238558257596        4.9751839092007984E-002
   2.9627007642245404        2.5281326349983958E-002
   2.9689776726233212       -1.1388722468173859E-002
   2.9752545810221021       -4.2562485367146963E-002
   2.9815314894208829       -5.3194969943143766E-002
   2.9878083978196632       -3.8154405383292837E-002
   2.9940853062184440       -4.6997691501739639E-003
   3.0003622146172249        3.1023123556552502E-002
   3.0066391230160057        5.1775018199804734E-002
   3.0129160314147865        4.7543137407389274E-002
   3.0191929398135673        2.0371438170366275E-002
   3.0254698482123481       -1.6628796925287192E-002
   3.0317467566111289       -4.5607900584953051E-002
   3.0380236650099097       -5.2589694974255800E-002
   3.0443005734086905       -3.4210434184299546E-002
   3.0505774818074713        6.6410911866066665E-004
   3.0568543902062522        3.5219116447530563E-002
   3.0631312986050330        5.2799997973124790E-002
   3.0694082070038138        4.4938262852383171E-002
   3.0756851154025946        1.5426573057841340E-002
   3.0819620238013754       -2.1516049402739549E-002
   3.0882389322001562       -4.8098639535115374E-002
   3.0945158405989370       -5.1526124527136917E-002
   3.1007927489977178       -3.0154218171427973E-002
   3.1070696573964987        5.7276211653792776E-003
   3.1133465657952795        3.8855069638306969E-002
   3.1196234741940603        5.3297217495239045E-002
   3.1259003825928411        4.2115054111548728E-002
   3.1321772909916219        1.0689726654147523E-002
   3.1384541993904027       -2.5873060337339542E-002
   3.1447311077891835       -5.0007620714635992E-002
   3.1510080161879643       -5.0126456585409082E-002
   3.1572849245867451       -2.6178802668448849E-002
   3.1635618329855260        1.0334664265586992E-002
   3.1698387413843068        4.1890214088391220E-002
   3.1761156497830876        5.3352450828263669E-002
   3.1823925581818684        3.9230458707238902E-002
   3.1886694665806492        6.3014890033439262E-003
   3.1949463749794300       -2.9648325641292907E-002
   3.2012232833782108       -5.1395481252173816E-002
   3.2075001917769916       -4.8529395414939162E-002
   3.2137771001757724       -2.2429961934073258E-002
   3.2200540085745533        1.4404758083757279E-002
   3.2263309169733341        4.4349440803045627E-002
   3.2326078253721149        5.3086234260830971E-002
   3.2388847337708957        3.6446043207855737E-002
   3.2451616421696765        2.3895009512753256E-003
   3.2514385505684573       -3.2809659454566369E-002
   3.2577154589672381       -5.2344948258051700E-002
   3.2639923673660189       -4.6899251568976036E-002
   3.2702692757647998       -1.9080440659700038E-002
   3.2765461841635806        1.7837548557881010E-002
   3.2828230925623614        4.6255695264293635E-002
   3.2891000009611422        5.2640139523549283E-002
   3.2953769093599230        3.3960978234127658E-002
   3.3016538177587038       -8.8086037791233990E-004
   3.3079307261574846       -3.5305380224958986E-002
   3.3142076345562654       -5.2947858751919541E-002
   3.3204845429550462       -4.5434451733087251E-002
   3.3267614513538271       -1.6345978789375364E-002
   3.3330383597526079        2.0501426314518626E-002
   3.3393152681513887        4.7627188439668532E-002
   3.3455921765501695        5.2179209297253587E-002
   3.3518690849489503        3.2014173264089771E-002
   3.3581459933477311       -3.3073749067723777E-003
   3.3644229017465119       -3.7066359674026141E-002
   3.3706998101452927       -5.3303820041228335E-002
   3.3769767185440736       -4.4359685314619542E-002
   3.3832536269428544       -1.4472726155645916E-002
   3.3895305353416352        2.2243817766902298E-002
   3.3958074437404160        4.8476792993850583E-002
   3.4020843521391968        5.1876252669698843E-002
   3.4083612605379776        3.0858147124880379E-002
   3.4146381689367584       -4.6747328352065524E-003
   3.4209150773355392       -3.8013277613787887E-002
   3.4271919857343200       -5.3504676917227073E-002
   3.4334688941331009       -4.3894450695740612E-002
   3.4397458025318817       -1.3707069590994327E-002
   3.4460227109306620        2.2902532081071493E-002
   3.4522996193294428        4.8797743932242225E-002
   3.4585765277282237        5.1880632501516581E-002
   3.4648534361270045        3.0730273720679522E-002
   3.4711303445257853       -4.7625750416413161E-003
   3.4774072529245661       -3.8037977188921199E-002
   3.4836841613233469       -5.3599214575040424E-002
   3.4899610697221277       -4.4221383677402713E-002
   3.4962379781209085       -1.4286536483923454E-002
   3.5025148865196893        2.2285280130437315E-002
   3.5087917949184702        4.8522423902280724E-002
   3.5150687033172510        5.2276466244454714E-002
   3.5213456117160318        3.1831639345867968E-002
   3.5276225201148126       -3.3342258526489433E-003
   3.5338994285135934       -3.6963425765197414E-002
   3.5401763369123742       -5.3541969154090860E-002
   3.5464532453111550       -4.5447539486842721E-002
   3.5527301537099358       -1.6432281750260399E-002
   3.5590070621087166        2.0140983172819430E-002
   3.5652839705074975        4.7468952370188486E-002
   3.5715608789062783        5.3027760950918754E-002
   3.5778377873050591        3.4295594657654964E-002
   3.5841146957038399       -1.2940055209270741E-004
   3.5903916041026207       -3.4499042582785563E-002
   3.5966685125014015       -5.3129128106053365E-002
   3.6029454209001823       -4.7548078060767149E-002
   3.6092223292989631       -2.0325567007080249E-002
   3.6154992376977440        1.6138467699487437E-002
   3.6217761460965248        4.5281592150603504E-002
   3.6280530544953056        5.3903680274733051E-002
   3.6343299628940864        3.8128763512234383E-002
   3.6406068712928672        5.1187189764222004E-003
   3.6468837796916480       -3.0205560555723522E-002
   3.6531606880904288       -5.1922106604496303E-002
   3.6594375964892096       -5.0277721915365489E-002
   3.6657145048879904       -2.6043763146473286E-002
   3.6719914132867713        9.8765397501856741E-003
   3.6782683216855521        4.1377920004078222E-002
   3.6845452300843329        5.4380013577944336E-002
   3.6908221384831137        4.3105367592205533E-002
   3.6970990468818945        1.2615956122090394E-002
   3.7033759552806753       -2.3491592072621009E-002
   3.7096528636794561       -4.9168632891344724E-002
   3.7159297720782369       -5.3044959496056934E-002
   3.7222066804770177       -3.3439698394467983E-002
   3.7284835888757986        9.4528270779090995E-004
   3.7347604972745794        3.4918470855747716E-002
   3.7410374056733602        5.3522963197222426E-002
   3.7473143140721410        4.8609520496159381E-002
   3.7535912224709218        2.2374512613398064E-002
   3.7598681308697026       -1.3659374756095195E-002
   3.7661450392684834       -4.3731386976507025E-002
   3.7724219476672642       -5.4740774229598096E-002
   3.7786988560660451       -4.1933067552330068E-002
   3.7849757644648259       -1.0915231831095459E-002
   3.7912526728636067        2.4837443320205644E-002
   3.7975295812623875        4.9857777527393517E-002
   3.8038064896611683        5.3373743896124044E-002
   3.8100833980599491        3.3916353889864977E-002
   3.8163603064587299       -1.1010017079011193E-004
   3.8226372148575107       -3.4095731341041061E-002
   3.8289141232562915       -5.3513931422858770E-002
   3.8351910316550724       -5.0117033162588025E-002
   3.8414679400538532       -2.5401542435964083E-002
   3.8477448484526340        1.0096745074523822E-002
   3.8540217568514148        4.1328980248651920E-002
   3.8602986652501956        5.5121331402796590E-002
   3.8665755736489764        4.5709179785719173E-002
   3.8728524820477572        1.7101780178037880E-002
   3.8791293904465380       -1.8673249980969704E-002
   3.8854062988453189       -4.6657840645942313E-002
   3.8916832072440997       -5.5218273801227118E-002
   3.8979601156428805       -4.0850734857383074E-002
   3.9042370240416608       -9.5652893797674842E-003
   3.9105139324404417        2.5676222300401105E-002
   3.9167908408392225        5.0356799011230739E-002
   3.9230677492380033        5.4377422222702164E-002
   3.9293446576367841        3.6151543228470091E-002
   3.9356215660355649        3.1765400530351408E-003
   3.9418984744343457       -3.1097812197364579E-002
   3.9481753828331265       -5.2776927379537250E-002
   3.9544522912319073       -5.3140725426435560E-002
   3.9607291996306881       -3.2107368258884952E-002
   3.9670061080294690        1.8163973642778524E-003
   3.9732830164282498        3.5022125783047121E-002
   3.9795599248270306        5.4276241006428763E-002
   3.9858368332258114        5.1975161837968825E-002
   3.9921137416245922        2.9099629631856035E-002
   3.9983906500233730       -5.2598457710646236E-003
   4.0046675584221543       -3.7561030330206732E-002
   4.0109444668209351       -5.5161866293867622E-002
   4.0172213752197159       -5.1245440246388239E-002
   4.0234982836184967       -2.7408439315100164E-002
   4.0297751920172775        7.0487613295115575E-003
   4.0360521004160583        3.8796119918576857E-002
   4.0423290088148391        5.5643509623795676E-002
   4.0486059172136200        5.1196157230972476E-002
   4.0548828256124008        2.7227903569576255E-002
   4.0611597340111816       -7.0868412274752235E-003
   4.0674366424099624       -3.8730890702499868E-002
   4.0737135508087432       -5.5795108617591918E-002
   4.0799904592075240       -5.1934626060434544E-002
   4.0862673676063048       -2.8672980116150638E-002
   4.0925442760050856        5.2608655950298032E-003
   4.0988211844038664        3.7256062732189593E-002
   4.1050980928026473        5.5521295426609503E-002
   4.1113750012014281        5.3406093768757143E-002
   4.1176519096002089        3.1767630837304606E-002
   4.1239288179989897       -1.4381589128985069E-003
   4.1302057263977705       -3.4132887512085333E-002
   4.1364826347965504       -5.4528181068920947E-002
   4.1427595431953312       -5.5355794808226146E-002
   4.1490364515941121       -3.6405178490568561E-002
   4.1553133599928929       -4.5024418904424154E-003
   4.1615902683916737        2.9003657816963752E-002
   4.1678671767904545        5.2304195302471435E-002
   4.1741440851892353        5.7278262321455130E-002
   4.1804209935880161        4.2275016730276775E-002
   4.1866979019867969        1.2594367435133811E-002
   4.1929748103855777       -2.1445005635498563E-002
   4.1992517187843585       -4.8126745284299825E-002
   4.2055286271831394       -5.8365228248839884E-002
   4.2118055355819202       -4.8758201250520043E-002
   4.2180824439807010       -2.2652869568423686E-002
   4.2243593523794818        1.1084150180127225E-002
   4.2306362607782626        4.1121885783443383E-002
   4.2369131691770434        5.7478561307046989E-002
   4.2431900775758242        5.4808047647695445E-002
   4.2494669859746050        3.4088045807722164E-002
   4.2557438943733858        2.1981015940783690E-003
   4.2620208027721667       -3.0418231075873488E-002
   4.2682977111709475       -5.3196174416214270E-002
   4.2745746195697283       -5.8855784139146577E-002
   4.2808515279685091       -4.5679008782616840E-002
   4.2871284363672899       -1.7962632893099479E-002
   4.2934053447660707        1.5445081669306823E-002
   4.2996822531648515        4.4007844956061894E-002
   4.3059591615636323        5.8826807581901133E-002
   4.3122360699624132        5.5378351310199164E-002
   4.3185129783611940        3.4833626861131201E-002
   4.3247898867599748        3.5959515771514373E-003
   4.3310667951587556       -2.8748766238910192E-002
   4.3373437035575364       -5.2397311666400173E-002
   4.3436206119563172       -6.0286446115726797E-002
   4.3498975203550980       -5.0155095310169179E-002
   4.3561744287538788       -2.5124850585744651E-002
   4.3624513371526596        7.3261001521757003E-003
   4.3687282455514405        3.7642158229508303E-002
   4.3750051539502213        5.7015794063712565E-002
   4.3812820623490021        5.9921141629444327E-002
   4.3875589707477829        4.5634977315150538E-002
   4.3938358791465637        1.8343808401484255E-002
   4.4001127875453445       -1.4144950761030469E-002
   4.4063896959441253       -4.2675408005562347E-002
   4.4126666043429061       -5.9327726405691485E-002
   4.4189435127416870       -5.9584631553873134E-002
   4.4252204211404678       -4.3496937218120119E-002
   4.4314973295392486       -1.5565757864954182E-002
   4.4377742379380294        1.6578294160157044E-002
   4.4440511463368102        4.4296596000272581E-002
   4.4503280547355910        6.0265790811023366E-002
   4.4566049631343718        6.0378202862869566E-002
   4.4628818715331526        4.4736249250334224E-002
   4.4691587799319334        1.7518623128416223E-002
   4.4754356883307143       -1.4199745259782339E-002
   4.4817125967294951       -4.2326471866335459E-002
   4.4879895051282759       -5.9821137875011754E-002
   4.4942664135270567       -6.2425621080871921E-002
   4.5005433219258375       -4.9639047749761224E-002
   4.5068202303246183       -2.4731593260414207E-002
   4.5130971387233991        6.1604900817497921E-003
   4.5193740471221799        3.5594608864088093E-002
   4.5256509555209607        5.6629621592898881E-002
   4.5319278639197416        6.4439951485113237E-002
   4.5382047723185224        5.7367043705401854E-002
   4.5444816807173032        3.7193948172127775E-002
   4.5507585891160840        8.6224562642389663E-003
   4.5570354975148648       -2.1883709786569019E-002
   4.5633124059136456       -4.7593466807410244E-002
   4.5695893143124264       -6.2989197323316926E-002
   4.5758662227112072       -6.4910141895784146E-002
   4.5821431311099881       -5.3131897984691825E-002
   4.5884200395087689       -3.0294257029011198E-002
   4.5946969479075497       -1.2354163744661313E-003
   4.6009738563063305        2.8088808316690875E-002
   4.6072507647051113        5.1850152050889428E-002
   4.6135276731038921        6.5493779078903511E-002
   4.6198045815026729        6.6563695450081090E-002
   4.6260814899014537        5.5069844507036010E-002
   4.6323583983002345        3.3361677107226380E-002
   4.6386353066990154        5.5720404655011319E-003
   4.6449122150977962       -2.3228662713880844E-002
   4.6511891234965770       -4.7987218760418587E-002
   4.6574660318953578       -6.4548466371111793E-002
   4.6637429402941386       -7.0311990381872289E-002
   4.6700198486929194       -6.4570754398890942E-002
   4.6762967570917002       -4.8504405945489527E-002
   4.6825736654904810       -2.4863174459738555E-002
   4.6888505738892619        2.5729884035843313E-003
   4.6951274822880427        2.9647801003548302E-002
   4.7014043906868235        5.2477636163207615E-002
   4.7076812990856043        6.7994789587739690E-002
   4.7139582074843851        7.4314411769052000E-002
   4.7202351158831659        7.0892204630225122E-002
   4.7265120242819467        5.8476986860726644E-002
   4.7327889326807275        3.8892571252976467E-002
   4.7390658410795083        1.4703311300995645E-002
   4.7453427494782892       -1.1174131292779992E-002
   4.7516196578770700       -3.5852872577420945E-002
   4.7578965662758508       -5.6802780287532578E-002
   4.7641734746746316       -7.2089354574698519E-002
   4.7704503830734124       -8.0509135033353954E-002
   4.7767272914721932       -8.1622546974218224E-002
   4.7830041998709740       -7.5698005196326495E-002
   4.7892811082697548       -6.3589507857631150E-002
   4.7955580166685357       -4.6573691032515345E-002
   4.8018349250673165       -2.6171915099193695E-002
   4.8081118334660973       -3.9794203931828656E-003
   4.8143887418648781        1.8481877848535871E-002
   4.8206656502636589        3.9876614062521042E-002
   4.8269425586624397        5.9130885724700273E-002
   4.8332194670612205        7.5469615690231834E-002
   4.8394963754600013        8.8420899992599750E-002
   4.8457732838587821        9.7794216165314890E-002
   4.8520501922575630       0.10364036617271187     
   4.8583271006563438       0.10620091994940917     
   4.8646040090551246       0.10585402636749200     
   4.8708809174539054       0.10306204129443326     
   4.8771578258526862        9.8324774616415006E-002
   4.8834347342514670        9.2140823335177272E-002
   4.8897116426502478        8.4978148490944469E-002
   4.8959885510490286        7.7253869126576252E-002
   4.9022654594478094        6.9322442381690899E-002
   4.9085423678465903        6.1470911738448007E-002
   4.9148192762453711        5.3919681589372007E-002
   4.9210961846441519        4.6827258964847969E-002
   4.9273730930429327        4.0297531466713277E-002
   4.9336500014417135        3.4388366127747726E-002
   4.9399269098404943        2.9120569542728996E-002
   4.9462038182392751        2.4486508042800250E-002
   4.9524807266380559        2.0457923489614470E-002
   4.9587576350368368        1.6992680575409133E-002
   4.9650345434356176        1.4040339608297338E-002
   4.9713114518343984        1.1546564424405359E-002
   4.9775883602331792        9.4564526117296901E-003
   4.9838652686319600        7.7169206961789725E-003
   4.9901421770307408        6.2782975163858997E-003
   4.9964190854295216        5.0952813979897532E-003
   5.0026959938283024        4.1274070679142641E-003
   5.0089729022270832        3.3391514202636679E-003
   5.0152498106258641        2.6997870841922347E-003
   5.0215267190246449        2.1830719920302370E-003
   5.0278036274234257        1.7668435028705669E-003
   5.0340805358222065        1.4325683107498785E-003
   5.0403574442209873        1.1648846641109584E-003
   5.0466343526197681        9.5116366920525879E-004
   5.0529112610185480        7.8110750711443602E-004
   5.0591881694173289        6.4638527333900722E-004
   5.0654650778161097        5.4030836219061960E-004
   5.0717419862148905        4.5754745838830517E-004
   5.0780188946136713        3.9388981639937955E-004
   5.0842958030124521        3.4603340110339424E-004
   5.0905727114112329        3.1141320370377278E-004
   5.0968496198100137        2.8805455756721374E-004
   5.1031265282087945        2.7444816413682181E-004
   5.1094034366075753        2.6944177110152767E-004
   5.1156803450063562        2.7214385207155955E-004
   5.1219572534051370        2.8183524638996559E-004
   5.1282341618039178        2.9788548325746905E-004
   5.1345110702026986        3.1967149732178363E-004
   5.1407879786014794        3.4649765226025045E-004
   5.1470648870002602        3.7751747736418124E-004
   5.1533417953990410        4.1165928123493132E-004
   5.1596187037978218        4.4755981299313656E-004
   5.1658956121966026        4.8351228019323159E-004
   5.1721725205953835        5.1743711864147375E-004
   5.1784494289941643        5.4688563556847783E-004
   5.1847263373929451        5.6908760970571324E-004
   5.1910032457917259        5.8105361855886818E-004
   5.1972801541905067        5.7974072339907255E-004
   5.2035570625892875        5.6228564324465908E-004
   5.2098339709880683        5.2630231868309389E-004
   5.2161108793868491        4.7023073587114188E-004
   5.2223877877856300        3.9371154266566489E-004
   5.2286646961844108        2.9794713727990669E-004
   5.2349416045831916        1.8599621170867892E-004
   5.2412185129819724        6.2938789032801958E-005
   5.2474954213807532       -6.4154725461771639E-005
   5.2537723297795340       -1.8651066159586333E-004
   5.2600492381783148       -2.9423632144227250E-004
   5.2663261465770956       -3.7720845512760409E-004
   5.2726030549758764       -4.2622529740230311E-004
   5.2788799633746573       -4.3432362436889580E-004
   5.2851568717734381       -3.9810205405395468E-004
   5.2914337801722189       -3.1884059433959173E-004
   5.2977106885709997       -2.0317821417089482E-004
   5.3039875969697805       -6.3119310939642052E-005
   5.3102645053685613        8.4802274177882741E-005
   5.3165414137673421        2.2126218109515871E-004
   5.3228183221661229        3.2669036099976158E-004
   5.3290952305649038        3.8434040797988869E-004
   5.3353721389636846        3.8342403452796593E-004
   5.3416490473624654        3.2172290793154384E-004
   5.3479259557612462        2.0705645104530636E-004
   5.3542028641600270        5.7081659421864889E-005
   5.3604797725588078       -1.0285609745488052E-004
   5.3667566809575886       -2.4373262913150306E-004
   5.3730335893563694       -3.3818719828323775E-004
   5.3793104977551502       -3.6625436148728471E-004
   5.3855874061539311       -3.2026301358126485E-004
   5.3918643145527119       -2.0764424368986922E-004
   5.3981412229514927       -5.0665334864027048E-005
   5.4044181313502735        1.1730462852701812E-004
   5.4106950397490543        2.5858332988734628E-004
   5.4169719481478351        3.3975224174062683E-004
   5.4232488565466159        3.4008709575395954E-004
   5.4295257649453967        2.5764557485573845E-004
   5.4358026733441775        1.1111876179828570E-004
   5.4420795817429584       -6.3559591706964478E-005
   5.4483564901417392       -2.2153102569506499E-004
   5.4546333985405200       -3.2050305012753844E-004
   5.4609103069393008       -3.3251319139942370E-004
   5.4671872153380816       -2.5261725620378091E-004
   5.4734641237368624       -1.0165240693531014E-004
   5.4797410321356432        7.8329025380189732E-005
   5.4860179405344240        2.3527959099187016E-004
   5.4922948489332049        3.2221430453662116E-004
   5.4985717573319857        3.1177503845261975E-004
   5.5048486657307665        2.0567156650369827E-004
   5.5111255741295473        3.5552696964922415E-005
   5.5174024825283281       -1.4567242946101179E-004
   5.5236793909271089       -2.7996745852981524E-004
   5.5299562993258897       -3.2296094618664169E-004
   5.5362332077246705       -2.5926524233592575E-004
   5.5425101161234513       -1.0884971288479394E-004
   5.5487870245222322        7.8352333741083446E-005
   5.5550639329210130        2.3851146060999178E-004
   5.5613408413197938        3.1566600145107812E-004
   5.5676177497185746        2.8177082227408501E-004
   5.5738946581173554        1.4769130419830487E-004
   5.5801715665161362       -3.9400143308171254E-005
   5.5864484749149170       -2.1204192836162130E-004
   5.5927253833136978       -3.0670046153245112E-004
   5.5990022917124787       -2.8753595942095751E-004
   5.6052792001112595       -1.6069243102010143E-004
   5.6115561085100403        2.6823076846349783E-005
   5.6178330169088211        2.0398744618979210E-004
   5.6241099253076019        3.0252595113529649E-004
   5.6303868337063827        2.8355911820329650E-004
   5.6366637421051635        1.5360432231189216E-004
   5.6429406505039443       -3.6889150973330014E-005
   5.6492175589027251       -2.1260580236327257E-004
   5.6554944673015060       -3.0303645162040559E-004
   5.6617713757002868       -2.7110407257394808E-004
   5.6680482840990676       -1.2898588847742320E-004
   5.6743251924978484        6.5852527451438136E-005
   5.6806021008966292        2.3346237791301591E-004
   5.6868790092954100        3.0418231517499906E-004
   5.6931559176941908        2.4794829369533981E-004
   5.6994328260929716        8.7658787985598856E-005
   5.7057097344917524       -1.0957052240911241E-004
   5.7119866428905333       -2.6018967465395707E-004
   5.7182635512893141       -2.9966317651725582E-004
   5.7245404596880949       -2.1051035800614121E-004
   5.7308173680868757       -3.0584551363687749E-005
   5.7370942764856565        1.6252981016193151E-004
   5.7433711848844373        2.8477835885388694E-004
   5.7496480932832181        2.8237048081239011E-004
   5.7559250016819989        1.5585622333496706E-004
   5.7622019100807798       -3.9410146745372558E-005
   5.7684788184795606       -2.1714339472510784E-004
   5.7747557268783414       -2.9818948868625333E-004
   5.7810326352771222       -2.4600340334917005E-004
   5.7873095436759030       -8.3530539888732578E-005
   5.7935864520746838        1.1648203182509556E-004
   5.7998633604734646        2.6384169660934547E-004
   5.8061402688722454        2.9163015643700687E-004
   5.8124171772710262        1.8686813730628359E-004
   5.8186940856698071       -3.0586241663034619E-006
   5.8249709940685879       -1.9153981560077348E-004
   5.8312479024673687       -2.9214553307415947E-004
   5.8375248108661495       -2.5839729100628396E-004
   5.8438017192649303       -1.0553003955532771E-004
   5.8500786276637111        9.6079351351024500E-005
   5.8563555360624919        2.5313227723232888E-004
   5.8626324444612727        2.9260023015635980E-004
   5.8689093528600536        1.9587336140175959E-004
   5.8751862612588344        7.8012504050038376E-006
   5.8814631696576152       -1.8388406361376439E-004
   5.8877400780563960       -2.8941973468473223E-004
   5.8940169864551768       -2.5913981408395078E-004
   5.9002938948539576       -1.0705359436366966E-004
   5.9065708032527384        9.5418640989311556E-005
   5.9128477116515192        2.5285746036515718E-004
   5.9191246200503000        2.9082490823852591E-004
   5.9254015284490809        1.9119401975906372E-004
   5.9316784368478617        9.8852130776832139E-007
   5.9379553452466425       -1.8966336114035727E-004
   5.9442322536454233       -2.9019073285804130E-004
   5.9505091620442041       -2.5267576433350052E-004
   5.9567860704429849       -9.4835682974828516E-005
   5.9630629788417657        1.0820209807568244E-004
   5.9693398872405457        2.5958125819720092E-004
   5.9756167956393265        2.8693714224510862E-004
   5.9818937040381073        1.7708283166673866E-004
   5.9881706124368881       -1.7515714205922218E-005
   5.9944475208356689       -2.0371015325658268E-004
   6.0007244292344497       -2.9223836926569740E-004
   6.0070013376332305       -2.4056723346952257E-004
   6.0132782460320113       -7.3415091167902235E-005
   6.0195551544307921        1.2899295356709589E-004
   6.0258320628295730        2.6939295937465245E-004
   6.0321089712283538        2.8023879735420229E-004
   6.0383858796271346        1.5625465601172740E-004
   6.0446627880259154       -4.2936232874500428E-005
   6.0509396964246962       -2.2144489505860742E-004
   6.0572166048234770       -2.9327544789287965E-004
   6.0634935132222578       -2.2378362751889283E-004
   6.0697704216210386       -4.6427849076925157E-005
   6.0760473300198194        1.5330846640009609E-004
   6.0823242384186003        2.7911028892856960E-004
   6.0886011468173811        2.7028829109110856E-004
   6.0948780552161619        1.3107969990362286E-004
   6.1011549636149427       -7.1367895573352792E-005
   6.1074318720137235       -2.3937904273426327E-004
   6.1137087804125043       -2.9188172796902346E-004
   6.1199856888112851       -2.0353761607493838E-004
   6.1262625972100659       -1.6976235152435238E-005
   6.1325395056088468        1.7777743056959617E-004
   6.1388164140076276        2.8675074307047435E-004
   6.1450933224064084        2.5737078491342238E-004
   6.1513702308051892        1.0382305096844291E-004
   6.1576471392039700       -9.9809870156946436E-005
   6.1639240476027508       -2.5530410154805098E-004
   6.1702009560015316       -2.8767816367075190E-004
   6.1764778644003124       -1.8134091078461561E-004
   6.1827547727990932        1.2420526610739011E-005
   6.1890316811978741        2.0019902825848152E-004
   6.1953085895966549        2.9150775528705001E-004
   6.2015854979954357        2.4237635906546083E-004
   6.2078624063942165        7.6500362208860577E-005
   6.2141393147929973       -1.2621753407802746E-004
   6.2204162231917781       -2.6817744831758621E-004
   6.2266931315905589       -2.8107162198643846E-004
   6.2329700399893397       -1.5872896450356950E-004
   6.2392469483881206        3.9967172184415311E-005
   6.2455238567869014        2.1944962634725621E-004
   6.2518007651856822        2.9344174718615504E-004
   6.2580776735844630        2.2641326415238848E-004
   6.2643545819832438        5.0606030664164685E-005
   6.2706314903820246       -1.4951155273780896E-004
   6.2769083987808054       -2.7784825336115153E-004
   6.2831853071795862       -2.7282404159766055E-004
