   6.2769083987808056E-003  -3.0901911165562162E-002
   1.2553816797561611E-002  -4.1950082009931368E-002
   1.8830725196342418E-002  -3.5712355388775041E-002
   2.5107633595123222E-002  -1.4751635293065418E-002
   3.1384541993904030E-002   1.2293388447125254E-002
   3.7661450392684835E-002   3.4262741414531270E-002
   4.3938358791465640E-002   4.2079036041918740E-002
   5.0215267190246445E-002   3.2502568472041096E-002
   5.6492175589027249E-002   9.4828361363114080E-003
   6.2769083987808061E-002  -1.7460805957932042E-002
   6.9045992386588859E-002  -3.7169620178979512E-002
   7.5322900785369670E-002  -4.1467208578053270E-002
   8.1599809184150468E-002  -2.8558596560576750E-002
   8.7876717582931280E-002  -3.7909986795747839E-003
   9.4153625981712077E-002   2.2550624347369517E-002
  0.10043053438049289        3.9509093971801461E-002
  0.10670744277927370        4.0015186734683218E-002
  0.11298435117805450        2.3843935159310863E-002
  0.11926125957683531       -2.2730082690115292E-003
  0.12553816797561612       -2.7438899650949127E-002
  0.13181507637439691       -4.1134421134007629E-002
  0.13809198477317772       -3.7619454144592918E-002
  0.14436889317195853       -1.8350424627313181E-002
  0.15064580157073934        8.6095327366056372E-003
  0.15692270996952015        3.1954757411753278E-002
  0.16319961836830094        4.1876257502570194E-002
  0.16947652676708175        3.4190207125951236E-002
  0.17575343516586256        1.2115210201767470E-002
  0.18203034356464337       -1.5062054180237478E-002
  0.18830725196342415       -3.5885467097977443E-002
  0.19458416036220497       -4.1559207944890875E-002
  0.20086106876098578       -2.9672181306091231E-002
  0.20713797715976659       -5.2362095522253318E-003
  0.21341488555854740        2.1414718840531654E-002
  0.21969179395732819        3.8988896533047657E-002
  0.22596870235610900        4.0024147478056736E-002
  0.23224561075488981        2.4066802695030639E-002
  0.23852251915367062       -2.1164616701614845E-003
  0.24479942755245140       -2.7397715637366371E-002
  0.25107633595123224       -4.1014083537338222E-002
  0.25735324435001306       -3.7154959255787275E-002
  0.26363015274879381       -1.7452514416412677E-002
  0.26990706114757462        9.6968059096775531E-003
  0.27618396954635543        3.2702959473514551E-002
  0.28246087794513625        4.1729700464781083E-002
  0.28873778634391706        3.2906570820956112E-002
  0.29501469474269787        9.9986655084853514E-003
  0.30129160314147868       -1.7190729536629732E-002
  0.30756851154025949       -3.7010873602212065E-002
  0.31384541993904030       -4.0957733644447776E-002
  0.32012232833782106       -2.7329448131677026E-002
  0.32639923673660187       -1.9684226638212719E-003
  0.33267614513538268        2.4237168469981481E-002
  0.33895305353416350        4.0026366954950716E-002
  0.34522996193294431        3.8607417011235046E-002
  0.35150687033172512        2.0584796820242057E-002
  0.35778377873050593       -6.2930399114980067E-003
  0.36406068712928674       -3.0462319344836342E-002
  0.37033759552806755       -4.1519681569107653E-002
  0.37661450392684831       -3.4702912505422734E-002
  0.38289141232562912       -1.2944858722477370E-002
  0.38916832072440993        1.4386954978591450E-002
  0.39544522912319074        3.5523795789128079E-002
  0.40172213752197156        4.1364651890815715E-002
  0.40799904592075237        2.9395823227498920E-002
  0.41427595431953318        4.7719590424180770E-003
  0.42055286271831399       -2.1906272130589266E-002
  0.42682977111709480       -3.9158359828348872E-002
  0.43310667951587556       -3.9565162501443422E-002
  0.43938358791465637       -2.2957150223480410E-002
  0.44566049631343718        3.5200748287923201E-003
  0.45193740471221799        2.8485855604775682E-002
  0.45821431311099881        4.1219474198251622E-002
  0.46449122150977962        3.6262253684380109E-002
  0.47076812990856043        1.5750911718351426E-002
  0.47704503830734124       -1.1512881271703196E-002
  0.48332194670612205       -3.3847440155940538E-002
  0.48959885510490281       -4.1698664094610823E-002
  0.49587576350368362       -3.1721589912916785E-002
  0.50215267190246449       -8.1936553050466140E-003
  0.50842958030124530        1.8832643936508159E-002
  0.51470648870002611        3.7833810322244935E-002
  0.52098339709880681        4.0728501177780492E-002
  0.52726030549758762        2.6303994991296976E-002
  0.53353721389636843        7.0688171023622240E-004
  0.53981412229514925       -2.5192849759269054E-002
  0.54609103069393006       -4.0426324184440893E-002
  0.55236793909271087       -3.8566770387264540E-002
  0.55864484749149168       -2.0424190986736927E-002
  0.56492175589027249        6.3295934314627541E-003
  0.57119866428905330        3.0423704092074282E-002
  0.57747557268783412        4.1742634864748190E-002
  0.58375248108661493        3.5563113740963284E-002
  0.59002938948539574        1.4502078964326667E-002
  0.59630629788417655       -1.2618164371262191E-002
  0.60258320628295736       -3.4484608255484495E-002
  0.60886011468173817       -4.2015273253729439E-002
  0.61513702308051899       -3.2115226186975938E-002
  0.62141393147929980       -8.9194975967379683E-003
  0.62769083987808061        1.7963918592171529E-002
  0.63396774827686131        3.7452095003788953E-002
  0.64024465667564212        4.1554315750245638E-002
  0.64652156507442293        2.8626168651792915E-002
  0.65279847347320374        3.9941043272966993E-003
  0.65907538187198456       -2.2271272937138771E-002
  0.66535229027076537       -3.9489096498178999E-002
  0.67162919866954618       -4.0704910189534912E-002
  0.67790610706832699       -2.5471318640114277E-002
  0.68418301546710780        2.7944592098130053E-005
  0.69045992386588861        2.5521940698307304E-002
  0.69673683226466943        4.0804196487157281E-002
  0.70301374066345024        3.9807447412512333E-002
  0.70929064906223105        2.2978647765927639E-002
  0.71556755746101186       -2.9619341633620468E-003
  0.72184446585979267       -2.7739351027941894E-002
  0.72812137425857348       -4.1606556733784342E-002
  0.73439828265735430       -3.9163225565397516E-002
  0.74067519105613511       -2.1420339427652649E-002
  0.74695209945491581        4.6633145750036974E-003
  0.75322900785369662        2.8946522938847887E-002
  0.75950591625247743        4.2059915339314732E-002
  0.76578282465125824        3.9002502091224141E-002
  0.77205973305003905        2.1006881088929188E-002
  0.77833664144881987       -5.0057666407430064E-003
  0.78461354984760068       -2.9125137871901113E-002
  0.79089045824638149       -4.2238711756382712E-002
  0.79716736664516230       -3.9454611659551310E-002
  0.80344427504394311       -2.1882272717314001E-002
  0.80972118344272392        3.8598028945690216E-003
  0.81599809184150474        2.8176492960238227E-002
  0.82227500024028555        4.2085288044221167E-002
  0.82855190863906636        4.0514984851747420E-002
  0.83482881703784717        2.4109795839065050E-002
  0.84110572543662798       -1.0855340614782283E-003
  0.84738263383540879       -2.5895548722232910E-002
  0.85365954223418961       -4.1371605259556764E-002
  0.85993645063297042       -4.2002879117657828E-002
  0.86621335903175112       -2.7634974316039725E-002
  0.87249026743053193       -3.4447738598356956E-003
  0.87876717582931274        2.1970995343387253E-002
  0.88504408422809355        3.9672218114947602E-002
  0.89132099262687436        4.3508752569285034E-002
  0.89759790102565518        3.2216924372628734E-002
  0.90387480942443599        9.7794777566185855E-003
  0.91015171782321680       -1.6029130239034350E-002
  0.91642862622199761       -3.6364802805429253E-002
  0.92270553462077842       -4.4341028879010695E-002
  0.92898244301955923       -3.7326837529295075E-002
  0.93525935141834005       -1.7761155001996140E-002
  0.94153625981712086        7.7480356499238364E-003
  0.94781316821590167        3.0691572428957887E-002
  0.95409007661468248        4.3504428081342750E-002
  0.96036698501346329        4.2035452613140241E-002
  0.96664389341224410        2.6844267341919671E-002
  0.97292080181102492        2.9374669983503474E-003
  0.97919771020980562       -2.1925148518106511E-002
  0.98547461860858643       -3.9768242823536817E-002
  0.99175152700736724       -4.4947352290220878E-002
  0.99802843540614805       -3.5895727735189016E-002
   1.0043053438049290       -1.5544563307530419E-002
   1.0105822522037098        9.6753319040791888E-003
   1.0168591606024906        3.1896796975244335E-002
   1.0231360690012714        4.4273777719364013E-002
   1.0294129774000522        4.3065267544640760E-002
   1.0356898857988328        2.8720272812758987E-002
   1.0419667941976136        5.6648605727044445E-003
   1.0482437025963944       -1.9104711455041994E-002
   1.0545206109951752       -3.8164351107655266E-002
   1.0607975193939561       -4.5879159895910890E-002
   1.0670744277927369       -4.0036599383845406E-002
   1.0733513361915177       -2.2433455161029056E-002
   1.0796282445902985        1.7226854844885375E-003
   1.0859051529890793        2.5387107174141783E-002
   1.0921820613878601        4.1742705322246672E-002
   1.0984589697866409        4.6148736735281047E-002
   1.1047358781854217        3.7422007792439350E-002
   1.1110127865842025        1.8108320496966535E-002
   1.1172896949829834       -6.3012721456930359E-003
   1.1235666033817642       -2.8958139971046494E-002
   1.1298435117805450       -4.3582248199760164E-002
   1.1361204201793258       -4.6184912611133347E-002
   1.1423973285781066       -3.6121705533902010E-002
   1.1486742369768874       -1.6208563900124488E-002
   1.1549511453756682        8.1024306938232704E-003
   1.1612280537744490        3.0237794213227562E-002
   1.1675049621732299        4.4282159606689214E-002
   1.1737818705720107        4.6541393108693020E-002
   1.1800587789707915        3.6482156125956518E-002
   1.1863356873695723        1.6818745212086181E-002
   1.1926125957683531       -7.2513072516306705E-003
   1.1988895041671339       -2.9440336481773226E-002
   1.2051664125659147       -4.4014927681325325E-002
   1.2114433209646955       -4.7262143928727150E-002
   1.2177202293634763       -3.8407704514470398E-002
   1.2239971377622572       -1.9767308591190920E-002
   1.2302740461610380        3.8870948898864200E-003
   1.2365509545598188        2.6566535785124204E-002
   1.2428278629585996        4.2584447940537833E-002
   1.2491047713573804        4.7971136308754991E-002
   1.2553816797561612        4.1435347795334310E-002
   1.2616585881549420        2.4646471753981582E-002
   1.2679354965537226        1.7837650775322240E-003
   1.2742124049525034       -2.1520669605487448E-002
   1.2804893133512842       -3.9574523602878692E-002
   1.2867662217500651       -4.8008802781172893E-002
   1.2930431301488459       -4.4818512277988880E-002
   1.2993200385476267       -3.0817397316478000E-002
   1.3055969469464075       -9.4096164788721719E-003
   1.3118738553451883        1.4253818946287687E-002
   1.3181507637439691        3.4521629355443201E-002
   1.3244276721427499        4.6589199156812117E-002
   1.3307045805415307        4.7626209921460640E-002
   1.3369814889403115        3.7423657506854766E-002
   1.3432583973390924        1.8416834051182582E-002
   1.3495353057378732       -4.9106997632350456E-003
   1.3558122141366540       -2.7093308801728822E-002
   1.3620891225354348       -4.2964665303980291E-002
   1.3683660309342156       -4.8854340265115100E-002
   1.3746429393329964       -4.3424572581170925E-002
   1.3809198477317772       -2.7959692676124852E-002
   1.3871967561305580       -6.0493285022944140E-003
   1.3934736645293389        1.7253889752764200E-002
   1.3997505729281197        3.6602814326797219E-002
   1.4060274813269005        4.7579960974260975E-002
   1.4123043897256813        4.7698248428489506E-002
   1.4185812981244621        3.6953772817706766E-002
   1.4248582065232429        1.7810486216687831E-002
   1.4311351149220237       -5.3735609753966622E-003
   1.4374120233208045       -2.7343118157648817E-002
   1.4436889317195853       -4.3137034907205080E-002
   1.4499658401183662       -4.9204320133213714E-002
   1.4562427485171470       -4.4195241454577087E-002
   1.4625196569159278       -2.9253144650636078E-002
   1.4687965653147086       -7.7459789201261382E-003
   1.4750734737134894        1.5497951282495264E-002
   1.4813503821122702        3.5275714813188495E-002
   1.4876272905110510        4.7172765645083319E-002
   1.4939041989098316        4.8543984371275571E-002
   1.5001811073086124        3.9095986495124614E-002
   1.5064580157073932        2.0943972598652633E-002
   1.5127349241061741       -1.8663559543571598E-003
   1.5190118325049549       -2.4262921157770713E-002
   1.5252887409037357       -4.1275105421444996E-002
   1.5315656493025165       -4.9134814359638977E-002
   1.5378425577012973       -4.6107611159421753E-002
   1.5441194661000781       -3.2871569360688434E-002
   1.5503963744988589       -1.2362042433528588E-002
   1.5566732828976397        1.0881465941352964E-002
   1.5629501912964205        3.1720705474614495E-002
   1.5692270996952014        4.5553780256595525E-002
   1.5755040080939822        4.9329614111519787E-002
   1.5817809164927630        4.2218746739628596E-002
   1.5880578248915438        2.5793578682831962E-002
   1.5943347332903246        3.6793655804909071E-003
   1.6006116416891054       -1.9246331172934034E-002
   1.6068885500878862       -3.7929014178463283E-002
   1.6131654584866670       -4.8250676101534253E-002
   1.6194423668854478       -4.7936480442651794E-002
   1.6257192752842287       -3.7055519751668924E-002
   1.6319961836830095       -1.8005698683286456E-002
   1.6382730920817903        5.0139429345375025E-003
   1.6445500004805711        2.6927625097777231E-002
   1.6508269088793519        4.2900923569490948E-002
   1.6571038172781327        4.9406809212295996E-002
   1.6633807256769135        4.5004967453693451E-002
   1.6696576340756943        3.0662325414939889E-002
   1.6759345424744752        9.5432129473967432E-003
   1.6822114508732560       -1.3685916161050917E-002
   1.6884883592720368       -3.3885254092990064E-002
   1.6947652676708176       -4.6577916943127733E-002
   1.7010421760695984       -4.8943105960022423E-002
   1.7073190844683792       -4.0445956004106540E-002
   1.7135959928671600       -2.2963015699865544E-002
   1.7198729012659408       -3.7306455820623226E-004
   1.7261498096647214        2.2298817369524208E-002
   1.7324267180635022        3.9996369074923536E-002
   1.7387036264622830        4.8759997649832090E-002
   1.7449805348610639        4.6616153903455630E-002
   1.7512574432598447        3.4028053544673906E-002
   1.7575343516586255        1.3803642026617170E-002
   1.7638112600574063       -9.5229874871130930E-003
   1.7700881684561871       -3.0702452767830807E-002
   1.7763650768549679       -4.4949523893993620E-002
   1.7826419852537487       -4.9027066374601962E-002
   1.7889188936525295       -4.1988815687834115E-002
   1.7951958020513104       -2.5409305421057647E-002
   1.8014727104500912       -3.0431097288312974E-003
   1.8077496188488720        2.0015745227172602E-002
   1.8140265272476528        3.8488631729374327E-002
   1.8203034356464336        4.8121407868831644E-002
   1.8265803440452144        4.6671253150294460E-002
   1.8328572524439952        3.4441255434331249E-002
   1.8391341608427760        1.4232933331224388E-002
   1.8454110692415568       -9.2810248364358239E-003
   1.8516879776403377       -3.0627174209377724E-002
   1.8579648860391185       -4.4802631197916887E-002
   1.8642417944378993       -4.8453391233388494E-002
   1.8705187028366801       -4.0681497499348393E-002
   1.8767956112354609       -2.3284252770929749E-002
   1.8830725196342417       -3.5838006033034895E-004
   1.8893494280330225        2.2649003716294771E-002
   1.8956263364318033        4.0227183478485140E-002
   1.9019032448305841        4.8125061977575191E-002
   1.9081801532293650        4.4393195547396104E-002
   1.9144570616281458        2.9886711827070749E-002
   1.9207339700269266        8.0949980499263920E-003
   1.9270108784257074       -1.5675659938974816E-002
   1.9332877868244882       -3.5581227787512847E-002
   1.9395646952232690       -4.6676715068876697E-002
   1.9458416036220498       -4.6158499633129527E-002
   1.9521185120208304       -3.4097646731504033E-002
   1.9583954204196112       -1.3467151563217174E-002
   1.9646723288183920        1.0562584117901749E-002
   1.9709492372171729        3.1901310665343137E-002
   1.9772261456159537        4.5079561569793182E-002
   1.9835030540147345        4.6664492732508944E-002
   1.9897799624135153        3.6181913939084431E-002
   1.9960568708122961        1.6290754113138458E-002
   2.0023337792110771       -7.8575757185367755E-003
   2.0086106876098579       -2.9930695335438334E-002
   2.0148875960086388       -4.4070786068629839E-002
   2.0211645044074196       -4.6463765222994877E-002
   2.0274414128062004       -3.6398971590985339E-002
   2.0337183212049812       -1.6517840174384117E-002
   2.0399952296037620        7.8411752828421704E-003
   2.0462721380025428        3.0050800960838790E-002
   2.0525490464013236        4.3992817183116643E-002
   2.0588259548001044        4.5760405811929722E-002
   2.0651028631988853        3.4787736590368774E-002
   2.0713797715976656        1.4071777118186725E-002
   2.0776566799964464       -1.0605383181315185E-002
   2.0839335883952272       -3.2264928312178698E-002
   2.0902104967940081       -4.4702399355386231E-002
   2.0964874051927889       -4.4286554527853940E-002
   2.1027643135915697       -3.1059362661350655E-002
   2.1090412219903505       -8.7938356933415403E-003
   2.1153181303891313        1.6040926295970204E-002
   2.1215950387879121        3.6137039294645984E-002
   2.1278719471866929        4.5501833421113941E-002
   2.1341488555854737        4.1273592664191582E-002
   2.1404257639842545        2.4641396993093666E-002
   2.1467026723830354        5.6161972788414561E-004
   2.1529795807818162       -2.3680843294480686E-002
   2.1592564891805970       -4.0661724694772687E-002
   2.1655333975793778       -4.5104497231576716E-002
   2.1718103059781586       -3.5557664616346116E-002
   2.1780872143769394       -1.4918527849889581E-002
   2.1843641227757202        1.0397375995201985E-002
   2.1906410311745010        3.2420174216462726E-002
   2.1969179395732819        4.4132185864347293E-002
   2.2031948479720627        4.1730343564924645E-002
   2.2094717563708435        2.5907621770404177E-002
   2.2157486647696243        1.7082449631311617E-003
   2.2220255731684051       -2.3038767703181581E-002
   2.2283024815671859       -4.0235835911876905E-002
   2.2345793899659667       -4.4180203001966192E-002
   2.2408562983647475       -3.3494568271804248E-002
   2.2471332067635283       -1.1659229780559064E-002
   2.2534101151623092        1.4072911009403451E-002
   2.2596870235610900        3.5057932555533550E-002
   2.2659639319598708        4.4166887679178944E-002
   2.2722408403586516        3.8238878432069169E-002
   2.2785177487574324        1.9227073120969811E-002
   2.2847946571562132       -6.3929860382070476E-003
   2.2910715655549940       -2.9793980624815329E-002
   2.2973484739537748       -4.2831355482887183E-002
   2.3036253823525557       -4.0901254410054218E-002
   2.3099022907513365       -2.4611214712434562E-002
   2.3161791991501173        3.5743189293965273E-004
   2.3224561075488981        2.5191603371175104E-002
   2.3287330159476789        4.1043620503709972E-002
   2.3350099243464597        4.2199982618823510E-002
   2.3412868327452405        2.8181059001396187E-002
   2.3475637411440213        3.9861552915207762E-003
   2.3538406495428021       -2.1648072264200246E-002
   2.3601175579415830       -3.9384687124393192E-002
   2.3663944663403638       -4.2699022832304367E-002
   2.3726713747391446       -3.0315107745453623E-002
   2.3789482831379254       -6.7431612590893352E-003
   2.3852251915367062        1.9321943353146586E-002
   2.3915020999354870        3.8188366780206637E-002
   2.3977790083342678        4.2779597778989008E-002
   2.4040559167330486        3.1321530343200697E-002
   2.4103328251318294        8.0717753238666399E-003
   2.4166097335306103       -1.8222984962807529E-002
   2.4228866419293911       -3.7598054813546382E-002
   2.4291635503281719       -4.2653979533933413E-002
   2.4354404587269527       -3.1412493139115559E-002
   2.4417173671257335       -8.1312495466417858E-003
   2.4479942755245143        1.8272242179602396E-002
   2.4542711839232951        3.7618445313797502E-002
   2.4605480923220759        4.2397131940468354E-002
   2.4668250007208568        3.0710682821691777E-002
   2.4731019091196376        7.0647822980766167E-003
   2.4793788175184184       -1.9336069069940932E-002
   2.4856557259171992       -3.8156277929243365E-002
   2.4919326343159800       -4.1982603410420941E-002
   2.4982095427147608       -2.9270087619370180E-002
   2.5044864511135416       -4.9992767997072574E-003
   2.5107633595123224        2.1246688915853306E-002
   2.5170402679111032        3.9053851227348675E-002
   2.5233171763098841        4.1317634652368172E-002
   2.5295940847086644        2.7101477121192517E-002
   2.5358709931074452        2.0537026386466669E-003
   2.5421479015062260       -2.3812874712324038E-002
   2.5484248099050069       -4.0115005125441347E-002
   2.5547017183037877       -4.0276145509268606E-002
   2.5609786267025685       -2.4201746647772679E-002
   2.5672555351013493        1.6449212788234599E-003
   2.5735324435001301        2.6822543715730330E-002
   2.5798093518989109        4.1124676535114806E-002
   2.5860862602976917        3.8727133696946255E-002
   2.5923631686964725        2.0579692298371328E-002
   2.5986400770952534       -5.9485000554236984E-003
   2.6049169854940342       -3.0047083986312707E-002
   2.6111938938928150       -4.1867836518832802E-002
   2.6174708022915958       -3.6559453105533157E-002
   2.6237477106903766       -1.6275736231229080E-002
   2.6300246190891574        1.0681430479782058E-002
   2.6363015274879382        3.3250256414202123E-002
   2.6425784358867190        4.2148819141169538E-002
   2.6488553442854998        3.3702082622981182E-002
   2.6551322526842807        1.1373530687015300E-002
   2.6614091610830615       -1.5642793363170881E-002
   2.6676860694818423       -3.6202254177924144E-002
   2.6739629778806231       -4.1809138266929474E-002
   2.6802398862794039       -3.0135638559770781E-002
   2.6865167946781847       -5.9986476556969604E-003
   2.6927937030769655        2.0619850198085054E-002
   2.6990706114757463        3.8698147405607106E-002
   2.7053475198745272        4.0741357642922221E-002
   2.7116244282733080        2.5895111930456124E-002
   2.7179013366720888        3.0966108447373121E-004
   2.7241782450708696       -2.5403528899596611E-002
   2.7304551534696504       -4.0572243096849744E-002
   2.7367320618684312       -3.8895721368386774E-002
   2.7430089702672120       -2.1066063282886498E-002
   2.7492858786659928        5.5139034786430997E-003
   2.7555627870647736        2.9802711256996961E-002
   2.7618396954635545        4.1707560147991936E-002
   2.7681166038623353        3.6280054855114055E-002
   2.7743935122611161        1.5774792620679948E-002
   2.7806704206598969       -1.1286552252479654E-002
   2.7869473290586777       -3.3657231519808643E-002
   2.7932242374574585       -4.2040578365165678E-002
   2.7995011458562393       -3.2953895253085119E-002
   2.8057780542550201       -1.0174530713419394E-002
   2.8120549626538009        1.6832107651006664E-002
   2.8183318710525818        3.6847439784600568E-002
   2.8246087794513626        4.1560511515384112E-002
   2.8308856878501434        2.9017641276629130E-002
   2.8371625962489242        4.4293246949091728E-003
   2.8434395046477050       -2.1997634532613535E-002
   2.8497164130464858       -3.9299170472783147E-002
   2.8559933214452666       -4.0302394618182982E-002
   2.8622702298440474       -2.4596349906048760E-002
   2.8685471382428283        1.3041919140668217E-003
   2.8748240466416091        2.6665127021604926E-002
   2.8811009550403899        4.0983403798537682E-002
   2.8873778634391707        3.8335286555116643E-002
   2.8936547718379515        1.9822794215236403E-002
   2.8999316802367323       -6.8902597283893134E-003
   2.9062085886355131       -3.0755039752443789E-002
   2.9124854970342939       -4.1908635417193134E-002
   2.9187624054330747       -3.5747664853808571E-002
   2.9250393138318556       -1.4823112353275573E-002
   2.9313162222306364        1.2221365420198967E-002
   2.9375931306294172        3.4223501272688112E-002
   2.9438700390281980        4.2109564632772135E-002
   2.9501469474269788        3.2633076598418381E-002
   2.9564238558257596        9.7061036389309713E-003
   2.9627007642245404       -1.7220526585774259E-002
   2.9689776726233212       -3.7055431758742118E-002
   2.9752545810221021       -4.1634519413134605E-002
   2.9815314894208829       -2.9077828725316949E-002
   2.9878083978196632       -4.5568201474748479E-003
   2.9940853062184440        2.1839061825409803E-002
   3.0003622146172249        3.9255055247481636E-002
   3.0066391230160057        4.0533545096815685E-002
   3.0129160314147865        2.5152645166577767E-002
   3.0191929398135673       -5.6404432327680635E-004
   3.0254698482123481       -2.6049365695013336E-002
   3.0317467566111289       -4.0834938672877727E-002
   3.0380236650099097       -3.8849773344903998E-002
   3.0443005734086905       -2.0910984600343754E-002
   3.0505774818074713        5.6141457611992556E-003
   3.0568543902062522        2.9834334513798490E-002
   3.0631312986050330        4.1805726486951099E-002
   3.0694082070038138        3.6613502438771220E-002
   3.0756851154025946        1.6389132492959257E-002
   3.0819620238013754       -1.0564232699068504E-002
   3.0882389322001562       -3.3179567696298665E-002
   3.0945158405989370       -4.2169127536048942E-002
   3.1007927489977178       -3.3838845003827424E-002
   3.1070696573964987       -1.1607876519262794E-002
   3.1133465657952795        1.5392175038500719E-002
   3.1196234741940603        3.6065698096138708E-002
   3.1259003825928411        4.1911947815339391E-002
   3.1321772909916219        3.0522198803673382E-002
   3.1384541993904027        6.5762601528055412E-003
   3.1447311077891835       -2.0075406356986396E-002
   3.1510080161879643       -3.8460263538168053E-002
   3.1572849245867451       -4.1001032069953959E-002
   3.1635618329855260       -2.6642754742445564E-002
   3.1698387413843068       -1.2978508155965386E-003
   3.1761156497830876        2.4581399101424411E-002
   3.1823925581818684        4.0309586056955497E-002
   3.1886694665806492        3.9381757972147144E-002
   3.1949463749794300        2.2170703677744763E-002
   3.2012232833782108       -4.2130713347165701E-003
   3.2075001917769916       -2.8850682893718997E-002
   3.2137771001757724       -4.1530530076695334E-002
   3.2200540085745533       -3.6984543573001974E-002
   3.2263309169733341       -1.7086441119965760E-002
   3.2326078253721149        9.9090727551149563E-003
   3.2388847337708957        3.2782289231562102E-002
   3.2451616421696765        4.2009919973778648E-002
   3.2514385505684573        3.3736349048207027E-002
   3.2577154589672381        1.1396355224783281E-002
   3.2639923673660189       -1.5698421135045260E-002
   3.2702692757647998       -3.6232964759176180E-002
   3.2765461841635806       -4.1614522453287575E-002
   3.2828230925623614       -2.9576837262499933E-002
   3.2891000009611422       -5.1477364398608257E-003
   3.2953769093599230        2.1438460138943134E-002
   3.3016538177587038        3.9022315344129525E-002
   3.3079307261574846        4.0206140748172192E-002
   3.3142076345562654        2.4476856715971447E-002
   3.3204845429550462       -1.5578525420973134E-003
   3.3267614513538271       -2.6933917220992979E-002
   3.3330383597526079       -4.0944219352615330E-002
   3.3393152681513887       -3.7661452949813594E-002
   3.3455921765501695       -1.8457774568059131E-002
   3.3518690849489503        8.5549478893407437E-003
   3.3581459933477311        3.1942103194555753E-002
   3.3644229017465119        4.1785241280448360E-002
   3.3706998101452927        3.3895657561643318E-002
   3.3769767185440736        1.1609411363040396E-002
   3.3832536269428544       -1.5610840786560890E-002
   3.3895305353416352       -3.6186602835568682E-002
   3.3958074437404160       -4.1349763241587539E-002
   3.4020843521391968       -2.8887575713621182E-002
   3.4083612605379776       -4.1029481728727087E-003
   3.4146381689367584        2.2431828481139268E-002
   3.4209150773355392        3.9380699732055477E-002
   3.4271919857343200        3.9490085270989309E-002
   3.4334688941331009        2.2702081906794767E-002
   3.4397458025318817       -3.8056755384133505E-003
   3.4460227109306620       -2.8681501761445686E-002
   3.4522996193294428       -4.1259538620363870E-002
   3.4585765277282237       -3.6137473746143955E-002
   3.4648534361270045       -1.5504840009231293E-002
   3.4711303445257853        1.1785317058318333E-002
   3.4774072529245661        3.4011079795746121E-002
   3.4836841613233469        4.1617389859622878E-002
   3.4899610697221277        3.1328455298890015E-002
   3.4962379781209085        7.5642673590051879E-003
   3.5025148865196893       -1.9454040210322585E-002
   3.5087917949184702       -3.8099391472134828E-002
   3.5150687033172510       -4.0344258359899778E-002
   3.5213456117160318       -2.5219892220712411E-002
   3.5276225201148126        7.6330371221064734E-004
   3.5338994285135934        2.6417771340878356E-002
   3.5401763369123742        4.0696948773978482E-002
   3.5464532453111550        3.7453193475400194E-002
   3.5527301537099358        1.8084688896626632E-002
   3.5590070621087166       -9.0688950298880057E-003
   3.5652839705074975       -3.2319980110163578E-002
   3.5715608789062783       -4.1665599087453993E-002
   3.5778377873050591       -3.3090132470531643E-002
   3.5841146957038399       -1.0286890802109639E-002
   3.5903916041026207        1.6938251948294146E-002
   3.5966685125014015        3.6888444036923311E-002
   3.6029454209001823        4.1002278101008975E-002
   3.6092223292989631        2.7523580264751730E-002
   3.6154992376977440        2.2425718293839466E-003
   3.6217761460965248       -2.4000839070534494E-002
   3.6280530544953056       -3.9970598296993627E-002
   3.6343299628940864       -3.8843726026293775E-002
   3.6406068712928672       -2.1116360879479962E-002
   3.6468837796916480        5.6278969164857704E-003
   3.6531606880904288        2.9974206450982092E-002
   3.6594375964892096        4.1553323649783251E-002
   3.6657145048879904        3.5452345150614704E-002
   3.6719914132867713        1.4284531163514436E-002
   3.6782683216855521       -1.2947995828009430E-002
   3.6845452300843329       -3.4696090075229613E-002
   3.6908221384831137       -4.1763800484816559E-002
   3.6970990468818945       -3.1185727430742018E-002
   3.7033759552806753       -7.4505030184727301E-003
   3.7096528636794561        1.9425628614784390E-002
   3.7159297720782369        3.8138937597248540E-002
   3.7222066804770177        4.0850579545350443E-002
   3.7284835888757986        2.6452919756677799E-002
   3.7347604972745794        9.9542084604070549E-004
   3.7410374056733602       -2.4881412694059329E-002
   3.7473143140721410       -4.0405053119233834E-002
   3.7535912224709218       -3.9148577638501950E-002
   3.7598681308697026       -2.1667762183279718E-002
   3.7661450392684834        4.7749145588885759E-003
   3.7724219476672642        2.9253045165148546E-002
   3.7786988560660451        4.1699998283297388E-002
   3.7849757644648259        3.7036169127479389E-002
   3.7912526728636067        1.7212087091369378E-002
   3.7975295812623875       -9.6421549193236901E-003
   3.8038064896611683       -3.2577020842865394E-002
   3.8100833980599491       -4.2293449682734754E-002
   3.8163603064587299       -3.4894845064040038E-002
   3.8226372148575107       -1.3414167233725006E-002
   3.8289141232562915        1.3467560653845372E-002
   3.8351910316550724        3.4955157689581476E-002
   3.8414679400538532        4.2476243574242539E-002
   3.8477448484526340        3.3077458759628392E-002
   3.8540217568514148        1.0543517605717282E-002
   3.8602986652501956       -1.6167784856485956E-002
   3.8665755736489764       -3.6511784626922401E-002
   3.8728524820477572       -4.2518251909531610E-002
   3.8791293904465380       -3.1885589790251523E-002
   3.8854062988453189       -8.8177084589471447E-003
   3.8916832072440997        1.7681409575005285E-002
   3.8979601156428805        3.7347316337279987E-002
   3.9042370240416608        4.2627399258547180E-002
   3.9105139324404417        3.1549695749011966E-002
   3.9167908408392225        8.4108559398125508E-003
   3.9230677492380033       -1.7935835833109214E-002
   3.9293446576367841       -3.7493622895081062E-002
   3.9356215660355649       -4.2910889677223257E-002
   3.9418984744343457       -3.2210964975257668E-002
   3.9481753828331265       -9.4624546000319776E-003
   3.9544522912319073        1.6815526504629190E-002
   3.9607291996306881        3.6871262178357705E-002
   3.9670061080294690        4.3335839538030559E-002
   3.9732830164282498        3.3896977986686061E-002
   3.9795599248270306        1.2073917841273360E-002
   3.9858368332258114       -1.4144797097727127E-002
   3.9921137416245922       -3.5256408529572229E-002
   3.9983906500233730       -4.3687884258841993E-002
   4.0046675584221543       -3.6480877875500660E-002
   4.0109444668209351       -1.6277661131852257E-002
   4.0172213752197159        9.6999764677897712E-003
   4.0234982836184967        3.2267629901789781E-002
   4.0297751920172775        4.3530688731126414E-002
   4.0360521004160583        3.9619002857340616E-002
   4.0423290088148391        2.1966586170715043E-002
   4.0486059172136200       -3.2677526240030850E-003
   4.0548828256124008       -2.7390170389448406E-002
   4.0611597340111816       -4.2180012716893221E-002
   4.0674366424099624       -4.2671685205518055E-002
   4.0737135508087432       -2.8776162718472383E-002
   4.0799904592075240       -5.2293843401372128E-003
   4.0862673676063048        2.0068505093436072E-002
   4.0925442760050856        3.8726203463759504E-002
   4.0988211844038664        4.4635372532128750E-002
   4.1050980928026473        3.5932556063730213E-002
   4.1113750012014281        1.5532327741678934E-002
   4.1176519096002089       -9.8997228359509401E-003
   4.1239288179989897       -3.2157620559050117E-002
   4.1302057263977705       -4.4146422321013450E-002
   4.1364826347965504       -4.2117403642174304E-002
   4.1427595431953312       -2.6792303302333641E-002
   4.1490364515941121       -3.0563970504405773E-003
   4.1553133599928929        2.1640722295150416E-002
   4.1615902683916737        3.9641177042229699E-002
   4.1678671767904545        4.5441871373044854E-002
   4.1741440851892353        3.7339954878938847E-002
   4.1804209935880161        1.7881325816895520E-002
   4.1866979019867969       -6.9869739908231246E-003
   4.1929748103855777       -2.9765805430054474E-002
   4.1992517187843585       -4.3671066773210344E-002
   4.2055286271831394       -4.4632836840299020E-002
   4.2118055355819202       -3.2444929676479231E-002
   4.2180824439807010       -1.0754028182773804E-002
   4.2243593523794818        1.4072668010239648E-002
   4.2306362607782626        3.4838963064118211E-002
   4.2369131691770434        4.5602963748803092E-002
   4.2431900775758242        4.3350897689246146E-002
   4.2494669859746050        2.8798719961816675E-002
   4.2557438943733858        6.1220472708534536E-003
   4.2620208027721667       -1.8277103995083099E-002
   4.2682977111709475       -3.7593810875522771E-002
   4.2745746195697283       -4.6511156020401262E-002
   4.2808515279685091       -4.2636215194717018E-002
   4.2871284363672899       -2.7102117531691689E-002
   4.2934053447660707       -4.1974905545201103E-003
   4.2996822531648515        1.9847714253205386E-002
   4.3059591615636323        3.8569142529728720E-002
   4.3122360699624132        4.6997766623430734E-002
   4.3185129783611940        4.2952924197077288E-002
   4.3247898867599748        2.7570266589911210E-002
   4.3310667951587556        4.9480229859990036E-003
   4.3373437035575364       -1.8971354130223626E-002
   4.3436206119563172       -3.7973020223729420E-002
   4.3498975203550980       -4.7177512674039197E-002
   4.3561744287538788       -4.4271483642872013E-002
   4.3624513371526596       -3.0057828189704615E-002
   4.3687282455514405       -8.2037049871600612E-003
   4.3750051539502213        1.5729212004255994E-002
   4.3812820623490021        3.5710727803824220E-002
   4.3875589707477829        4.6757129349373601E-002
   4.3938358791465637        4.6156774898546124E-002
   4.4001127875453445        3.4110202234854843E-002
   4.4063896959441253        1.3640903886165347E-002
   4.4126666043429061       -1.0184724996062065E-002
   4.4189435127416870       -3.1522593657019773E-002
   4.4252204211404678       -4.5183431339279760E-002
   4.4314973295392486       -4.7882602294661278E-002
   4.4377742379380294       -3.9009993348884241E-002
   4.4440511463368102       -2.0745024343200996E-002
   4.4503280547355910        2.4977230305822311E-003
   4.4566049631343718        2.5147332503163530E-002
   4.4628818715331526        4.1814041358467002E-002
   4.4691587799319334        4.8564493055780505E-002
   4.4754356883307143        4.3835464088894861E-002
   4.4817125967294951        2.8777826933499583E-002
   4.4879895051282759        6.9598841131939615E-003
   4.4942664135270567       -1.6490202164004816E-002
   4.5005433219258375       -3.6094498217924584E-002
   4.5068202303246183       -4.7301854076253619E-002
   4.5130971387233991       -4.7534767183512294E-002
   4.5193740471221799       -3.6768515571919291E-002
   4.5256509555209607       -1.7515979605009717E-002
   4.5319278639197416        5.7702494544357476E-003
   4.5382047723185224        2.7733976829215898E-002
   4.5444816807173032        4.3347636646615492E-002
   4.5507585891160840        4.9057620050375096E-002
   4.5570354975148648        4.3583495210191010E-002
   4.5633124059136456        2.8193896314653497E-002
   4.5695893143124264        6.4024745978675714E-003
   4.5758662227112072       -1.6841225385871499E-002
   4.5821431311099881       -3.6278408404605056E-002
   4.5884200395087689       -4.7528597704553838E-002
   4.5946969479075497       -4.8070863060428265E-002
   4.6009738563063305       -3.7800602758062421E-002
   4.6072507647051113       -1.9040951220388010E-002
   4.6135276731038921        3.9891937153314471E-003
   4.6198045815026729        2.6127479723516343E-002
   4.6260814899014537        4.2425317054541160E-002
   4.6323583983002345        4.9250946843177497E-002
   4.6386353066990154        4.5093501255006378E-002
   4.6449122150977962        3.0891441919890111E-002
   4.6511891234965770        9.8154352887993741E-003
   4.6574660318953578       -1.3443066386689087E-002
   4.6637429402941386       -3.3717344744557898E-002
   4.6700198486929194       -4.6512056083439876E-002
   4.6762967570917002       -4.8997068557519535E-002
   4.6825736654904810       -4.0629666939032569E-002
   4.6888505738892619       -2.3269323223125134E-002
   4.6951274822880427       -7.6164876711094494E-004
   4.7014043906868235        2.1914888601214731E-002
   4.7076812990856043        3.9750054200355628E-002
   4.7139582074843851        4.8807490899702273E-002
   4.7202351158831659        4.7091462227302858E-002
   4.7265120242819467        3.4984466841015555E-002
   4.7327889326807275        1.5160306210846030E-002
   4.7390658410795083       -8.0072873695019638E-003
   4.7453427494782892       -2.9409570465543641E-002
   4.7516196578770700       -4.4328581796818430E-002
   4.7578965662758508       -4.9476138480344246E-002
   4.7641734746746316       -4.3717706577648459E-002
   4.7704503830734124       -2.8322172576502911E-002
   4.7767272914721932       -6.6826787541545340E-003
   4.7830041998709740        1.6430198276725115E-002
   4.7892811082697548        3.5918947949505883E-002
   4.7955580166685357        4.7482512959124125E-002
   4.8018349250673165        4.8565487512283609E-002
   4.8081118334660973        3.8923930759880015E-002
   4.8143887418648781        2.0682456933226574E-002
   4.8206656502636589       -2.1311490906344467E-003
   4.8269425586624397       -2.4472587962179472E-002
   4.8332194670612205       -4.1394640280711575E-002
   4.8394963754600013       -4.9142587061987465E-002
   4.8457732838587821       -4.5989279897932119E-002
   4.8520501922575630       -3.2623995440381200E-002
   4.8583271006563438       -1.2006847391535696E-002
   4.8646040090551246        1.1281714475718988E-002
   4.8708809174539054        3.2054720198921263E-002
   4.8771578258526862        4.5672617865964979E-002
   4.8834347342514670        4.9081336523104396E-002
   4.8897116426502478        4.1502204753494448E-002
   4.8959885510490286        2.4617058880400649E-002
   4.9022654594478094        2.2031521659829647E-003
   4.9085423678465903       -2.0704891335288408E-002
   4.9148192762453711       -3.8942036796457205E-002
   4.9210961846441519       -4.8377796122579454E-002
   4.9273730930429327       -4.6856845296113676E-002
   4.9336500014417135       -3.4700395305173409E-002
   4.9399269098404943       -1.4649977734510442E-002
   4.9462038182392751        8.7399186935422282E-003
   4.9524807266380559        3.0128623206222782E-002
   4.9587576350368368        4.4606270604351766E-002
   4.9650345434356176        4.8824853715399623E-002
   4.9713114518343984        4.1782478682301324E-002
   4.9775883602331792        2.5075314868735762E-002
   4.9838652686319600        2.5512220621745382E-003
   4.9901421770307408       -2.0563780420006190E-002
   4.9964190854295216       -3.8871380415316230E-002
   5.0026959938283024       -4.8063181419306232E-002
   5.0089729022270832       -4.5944536382329752E-002
   5.0152498106258641       -3.2975069388500311E-002
   5.0215267190246449       -1.2189492086303167E-002
   5.0278036274234257        1.1494179863750554E-002
   5.0340805358222065        3.2426276934668444E-002
   5.0403574442209873        4.5570958995326594E-002
   5.0466343526197681        4.7726541309455722E-002
   5.0529112610185480        3.8323720610442209E-002
   5.0591881694173289        1.9599066538228838E-002
   5.0654650778161097       -3.9125321275217039E-003
   5.0717419862148905       -2.6458076127612629E-002
   5.0780188946136713       -4.2467369086281945E-002
   5.0842958030124521       -4.7936284855163817E-002
   5.0905727114112329       -4.1448224389174754E-002
   5.0968496198100137       -2.4569156469558383E-002
   5.1031265282087945       -1.5004249966013943E-003
   5.1094034366075753        2.1942891776633701E-002
   5.1156803450063562        3.9786787459230352E-002
   5.1219572534051370        4.7426257432448438E-002
   5.1282341618039178        4.2835235971522133E-002
   5.1345110702026986        2.7136132827616479E-002
   5.1407879786014794        4.3619249705829088E-003
   5.1470648870002602       -1.9550688225082959E-002
   5.1533417953990410       -3.8294478224905330E-002
   5.1596187037978218       -4.6860174506380463E-002
   5.1658956121966026       -4.2898693269144264E-002
   5.1721725205953835       -2.7401485315830719E-002
   5.1784494289941643       -4.4937857818342477E-003
   5.1847263373929451        1.9630646251374589E-002
   5.1910032457917259        3.8368336329867490E-002
   5.1972801541905067        4.6519637476985322E-002
   5.2035570625892875        4.1758398936745898E-002
   5.2098339709880683        2.5336073734537615E-002
   5.2161108793868491        1.7976928497471885E-003
   5.2223877877856300       -2.2241611170211738E-002
   5.2286646961844108       -3.9941097028269819E-002
   5.2349416045831916       -4.6190849570989387E-002
   5.2412185129819724       -3.9118887614479410E-002
   5.2474954213807532       -2.0696439028887546E-002
   5.2537723297795340        3.7647975681893782E-003
   5.2600492381783148        2.7111157622105475E-002
   5.2663261465770956        4.2429340250895793E-002
   5.2726030549758764        4.5110309637552297E-002
   5.2788799633746573        3.4274651547125105E-002
   5.2851568717734381        1.3108318061540088E-002
   5.2914337801722189       -1.2028137561445223E-002
   5.2977106885709997       -3.3483351870188596E-002
   5.3039875969697805       -4.4643441040706756E-002
   5.3102645053685613       -4.1997420964151148E-002
   5.3165414137673421       -2.6287526550983421E-002
   5.3228183221661229       -2.3549271173602727E-003
   5.3290952305649038        2.2311032595969865E-002
   5.3353721389636846        3.9899381226446005E-002
   5.3416490473624654        4.4763345650988592E-002
   5.3479259557612462        3.5271205332322690E-002
   5.3542028641600270        1.4404399420675741E-002
   5.3604797725588078       -1.1129327954576457E-002
   5.3667566809575886       -3.3021802501104536E-002
   5.3730335893563694       -4.4066233049079161E-002
   5.3793104977551502       -4.0557439360220958E-002
   5.3855874061539311       -2.3582645062823284E-002
   5.3918643145527119        1.2612123380029310E-003
   5.3981412229514927        2.5673234712319991E-002
   5.4044181313502735        4.1408923420477868E-002
   5.4106950397490543        4.3082118453608161E-002
   5.4169719481478351        3.0050762550110504E-002
   5.4232488565466159        6.7127798784710905E-003
   5.4295257649453967       -1.8932963800049402E-002
   5.4358026733441775       -3.8006324269535222E-002
   5.4420795817429584       -4.3829354905534697E-002
   5.4483564901417392       -3.4300156693481125E-002
   5.4546333985405200       -1.2701289395589054E-002
   5.4609103069393008        1.3383234343971696E-002
   5.4671872153380816        3.4703259301563316E-002
   5.4734641237368624        4.3624453904311772E-002
   5.4797410321356432        3.6891965537855551E-002
   5.4860179405344240        1.6864862792472308E-002
   5.4922948489332049       -9.2623443665459763E-003
   5.4985717573319857       -3.2013442323750703E-002
   5.5048486657307665       -4.3064420134238009E-002
   5.5111255741295473       -3.8314216913807965E-002
   5.5174024825283281       -1.9450308282465679E-002
   5.5236793909271089        6.6037445358731323E-003
   5.5299562993258897        3.0197697485619405E-002
   5.5362332077246705        4.2523329877894575E-002
   5.5425101161234513        3.8924577693854830E-002
   5.5487870245222322        2.0696823089489846E-002
   5.5550639329210130       -5.3346294532113057E-003
   5.5613408413197938       -2.9339419129229743E-002
   5.5676177497185746       -4.2187961780326133E-002
   5.5738946581173554       -3.8943238062394997E-002
   5.5801715665161362       -2.0795204583158179E-002
   5.5864484749149170        5.3341059066236958E-003
   5.5927253833136978        2.9402302427406161E-002
   5.5990022917124787        4.2100538977007960E-002
   5.6052792001112595        3.8472196685533436E-002
   5.6115561085100403        1.9882003220341362E-002
   5.6178330169088211       -6.4598697368775269E-003
   5.6241099253076019       -3.0269148505220889E-002
   5.6303868337063827       -4.2198483101156037E-002
   5.6366637421051635       -3.7524677655991885E-002
   5.6429406505039443       -1.8050151060648625E-002
   5.6492175589027251        8.5591435699890177E-003
   5.6554944673015060        3.1770161109393832E-002
   5.6617713757002868        4.2350236071593335E-002
   5.6680482840990676        3.6056660504074529E-002
   5.6743251924978484        1.5366491087094416E-002
   5.6806021008966292       -1.1469963742245008E-002
   5.6868790092954100       -3.3702068457250420E-002
   5.6931559176941908       -4.2385994210605744E-002
   5.6994328260929716       -3.3999404909718998E-002
   5.7057097344917524       -1.1895451892393155E-002
   5.7119866428905333        1.5014232939026650E-002
   5.7182635512893141        3.5839850732815454E-002
   5.7245404596880949        4.2123010594651809E-002
   5.7308173680868757        3.1288001615581741E-002
   5.7370942764856565        7.7194466552900484E-003
   5.7433711848844373       -1.8993247188396345E-002
   5.7496480932832181       -3.7949158728271551E-002
   5.7559250016819989       -4.1388793817873734E-002
   5.7622019100807798       -2.7884927611006971E-002
   5.7684788184795606       -2.9526498609440868E-003
   5.7747557268783414        2.3189130778656680E-002
   5.7810326352771222        3.9801417045032081E-002
   5.7873095436759030        4.0042217078363869E-002
   5.7935864520746838        2.3796997348368754E-002
   5.7998633604734646       -2.2540723005534083E-003
   5.8061402688722454       -2.7373654807965740E-002
   5.8124171772710262       -4.1191026110136683E-002
   5.8186940856698071       -3.7989341285573464E-002
   5.8249709940685879       -1.9080873255778608E-002
   5.8312479024673687        7.7211245433188884E-003
   5.8375248108661495        3.1325385100612509E-002
   5.8438017192649303        4.1952634862496244E-002
   5.8500786276637111        3.5192192826328031E-002
   5.8563555360624919        1.3839641090519937E-002
   5.8626324444612727       -1.3253270643142788E-002
   5.8689093528600536       -3.4845580784893339E-002
   5.8751862612588344       -4.1972264997378605E-002
   5.8814631696576152       -3.1670207195137155E-002
   5.8877400780563960       -8.2143209893539449E-003
   5.8940169864551768        1.8653697416742412E-002
   5.9002938948539576        3.7770887564844410E-002
   5.9065708032527384        4.1192338738144263E-002
   5.9128477116515192        2.7494961696695096E-002
   5.9191246200503000        2.3706552848039657E-003
   5.9254015284490809       -2.3738927576116804E-002
   5.9316784368478617       -3.9982805533592583E-002
   5.9379553452466425       -3.9611097629381142E-002
   5.9442322536454233       -2.2779708475323915E-002
   5.9505091620442041        3.5163753194790725E-003
   5.9567860704429849        2.8352049841776930E-002
   5.9630629788417657        4.1412408767552700E-002
   5.9693398872405457        3.7276471811451904E-002
   5.9756167956393265        1.7665054254220550E-002
   5.9818937040381073       -9.2785431602186857E-003
   5.9881706124368881       -3.2372834985839850E-002
   5.9944475208356689       -4.2039406804639502E-002
   6.0007244292344497       -3.4273853554383969E-002
   6.0070013376332305       -1.2300651950153018E-002
   6.0132782460320113        1.4770309056365926E-002
   6.0195551544307921        3.5723753725397212E-002
   6.0258320628295730        4.1885596770178835E-002
   6.0321089712283538        3.0710687359131735E-002
   6.0383858796271346        6.8289583943399353E-003
   6.0446627880259154       -1.9877838668112106E-002
   6.0509396964246962       -3.8367711893741066E-002
   6.0572166048234770       -4.1002954042679930E-002
   6.0634935132222578       -2.6701034857962217E-002
   6.0697704216210386       -1.3736987760849602E-003
   6.0760473300198194        2.4521395240006887E-002
   6.0823242384186003        4.0300508997009987E-002
   6.0886011468173811        3.9459966379228516E-002
   6.0948780552161619        2.2352264676889180E-002
   6.1011549636149427       -3.9670025265717557E-003
   6.1074318720137235       -2.8652850044673685E-002
   6.1137087804125043       -4.1540460828063848E-002
   6.1199856888112851       -3.7328397336731364E-002
   6.1262625972100659       -1.7755121199939463E-002
   6.1325395056088468        9.1228031487427252E-003
   6.1388164140076276        3.2249397304531968E-002
   6.1450933224064084        4.2116955359178317E-002
   6.1513702308051892        3.4672455678170885E-002
   6.1576471392039700        1.2978948166233144E-002
   6.1639240476027508       -1.4047559357922979E-002
   6.1702009560015316       -3.5303750212499839E-002
   6.1764778644003124       -4.2059909473706129E-002
   6.1827547727990932       -3.1543272140273540E-002
   6.1890316811978741       -8.0740317390276938E-003
   6.1953085895966549        1.8710470121440979E-002
   6.2015854979954357        3.7813110637100550E-002
   6.2078624063942165        4.1391301974077484E-002
   6.2141393147929973        2.7975944670611718E-002
   6.2204162231917781        3.0745151964810574E-003
   6.2266931315905589       -2.3089150499315824E-002
   6.2329700399893397       -3.9771348583358929E-002
   6.2392469483881206       -4.0119704168664561E-002
   6.2455238567869014       -2.3988654984956937E-002
   6.2518007651856822        1.9975534190404798E-003
   6.2580776735844630        2.7162403729193860E-002
   6.2643545819832438        4.1161765314128684E-002
   6.2706314903820246        3.8236286424763295E-002
   6.2769083987808054        1.9583821988414126E-002
   6.2831853071795862       -7.1262465606752052E-003
