   6.2769083987808056E-003   4.6782320131768685E-003
   1.2553816797561611E-002  -1.0533166360908744E-002
   1.8830725196342418E-002  -2.3990408032566773E-002
   2.5107633595123222E-002  -3.3447507122491449E-002
   3.1384541993904030E-002  -3.7319521651834546E-002
   3.7661450392684835E-002  -3.4950189971186471E-002
   4.3938358791465640E-002  -2.6726164029291843E-002
   5.0215267190246445E-002  -1.4017493446660907E-002
   5.6492175589027249E-002   1.0471940916692997E-003
   6.2769083987808061E-002   1.5934618323519022E-002
   6.9045992386588859E-002   2.8131610461287006E-002
   7.5322900785369670E-002   3.5569844191988748E-002
   8.1599809184150468E-002   3.6978795277600243E-002
   8.7876717582931280E-002   3.2106411161638509E-002
   9.4153625981712077E-002   2.1768600335268357E-002
  0.10043053438049289        7.7172179758307402E-003
  0.10670744277927370       -7.6529905680662791E-003
  0.11298435117805450       -2.1710224115865009E-002
  0.11926125957683531       -3.2035961474388364E-002
  0.12553816797561612       -3.6842885769707415E-002
  0.13181507637439691       -3.5287937469343958E-002
  0.13809198477317772       -2.7625078449485307E-002
  0.14436889317195853       -1.5169291818549853E-002
  0.15064580157073934       -7.5714251614015377E-005
  0.15692270996952015        1.5029923897838495E-002
  0.16319961836830094        2.7506831347136128E-002
  0.16947652676708175        3.5161905940702939E-002
  0.17575343516586256        3.6638461054300291E-002
  0.18203034356464337        3.1661479902235570E-002
  0.18830725196342415        2.1094238217899516E-002
  0.19458416036220497        6.7938769950208243E-003
  0.20086106876098578       -8.7109485602557806E-003
  0.20713797715976659       -2.2665152488974459E-002
  0.21341488555854740       -3.2577070466250128E-002
  0.21969179395732819       -3.6665923453602707E-002
  0.22596870235610900       -3.4186055266562952E-002
  0.23224561075488981       -2.5568117392219536E-002
  0.23852251915367062       -1.2349566959082556E-002
  0.24479942755245140        3.0954055867152153E-003
  0.25107633595123224        1.7979859200954070E-002
  0.25735324435001306        2.9606694660888618E-002
  0.26363015274879381        3.5859209531757551E-002
  0.26990706114757462        3.5589978298742449E-002
  0.27618396954635543        2.8835895942344956E-002
  0.28246087794513625        1.6818232640056687E-002
  0.28873778634391706        1.7255918745189163E-003
  0.29501469474269787       -1.3682353293300540E-002
  0.30129160314147868       -2.6578955639158401E-002
  0.30756851154025949       -3.4590414973486597E-002
  0.31384541993904030       -3.6235353512984736E-002
  0.32012232833782106       -3.1202120300699750E-002
  0.32639923673660187       -2.0411193427997076E-002
  0.33267614513538268       -5.8495850344928088E-003
  0.33895305353416350        9.7934590332068566E-003
  0.34522996193294431        2.3622865136105571E-002
  0.35150687033172512        3.3074486848709610E-002
  0.35778377873050593        3.6392306853868475E-002
  0.36406068712928674        3.2956738642835826E-002
  0.37033759552806755        2.3402104903778545E-002
  0.37661450392684831        9.5006262912998816E-003
  0.38289141232562912       -6.1660350540269785E-003
  0.38916832072440993       -2.0686716869039411E-002
  0.39544522912319074       -3.1362657129780085E-002
  0.40172213752197156       -3.6210054992119260E-002
  0.40799904592075237       -3.4329282285581596E-002
  0.41427595431953318       -2.6071734329423422E-002
  0.42055286271831399       -1.2973298964343112E-002
  0.42682977111709480        2.5327848123644007E-003
  0.43310667951587556        1.7569597629659293E-002
  0.43938358791465637        2.9351629607983969E-002
  0.44566049631343718        3.5701252168489891E-002
  0.45193740471221799        3.5450454075143266E-002
  0.45821431311099881        2.8653647322615151E-002
  0.46449122150977962        1.6573030193098689E-002
  0.47076812990856043        1.4406202162144813E-003
  0.47704503830734124       -1.3957426889452004E-002
  0.48332194670612205       -2.6795987308824498E-002
  0.48959885510490281       -3.4729697645434848E-002
  0.49587576350368362       -3.6319638938720415E-002
  0.50215267190246449       -3.1290435241208760E-002
  0.50842958030124530       -2.0572403735914631E-002
  0.51470648870002611       -6.1234883940054852E-003
  0.52098339709880681        9.4338455493606505E-003
  0.52726030549758762        2.3292270514690638E-002
  0.53353721389636843        3.2967159870515267E-002
  0.53981412229514925        3.6739825873899463E-002
  0.54609103069393006        3.3957505807363446E-002
  0.55236793909271087        2.5138558032088650E-002
  0.55864484749149168        1.1867427764823898E-002
  0.56492175589027249       -3.4980468362811666E-003
  0.57119866428905330       -1.8251419001991974E-002
  0.57747557268783412       -2.9816754349591714E-002
  0.58375248108661493       -3.6196616992911351E-002
  0.59002938948539574       -3.6311116442402737E-002
  0.59630629788417655       -3.0171386718311800E-002
  0.60258320628295736       -1.8861333924406816E-002
  0.60886011468173817       -4.3355361298597003E-003
  0.61513702308051899        1.0927297848038630E-002
  0.62141393147929980        2.4352310512875730E-002
  0.62769083987808061        3.3703030668716362E-002
  0.63396774827686131        3.7448955445513785E-002
  0.64024465667564212        3.5006513799542595E-002
  0.64652156507442293        2.6817123487292691E-002
  0.65279847347320374        1.4254558509315684E-002
  0.65907538187198456       -6.1757850854861937E-004
  0.66535229027076537       -1.5393630791075485E-002
  0.67162919866954618       -2.7718865558261422E-002
  0.67790610706832699       -3.5662782385024690E-002
  0.68418301546710780       -3.8013837452255443E-002
  0.69045992386588861       -3.4451845867686667E-002
  0.69673683226466943       -2.5575730380177603E-002
  0.70301374066345024       -1.2788108308398447E-002
  0.70929064906223105        1.9395045261706159E-003
  0.71556755746101186        1.6379781147413602E-002
  0.72184446585979267        2.8389933799961960E-002
  0.72812137425857348        3.6226830551865020E-002
  0.73439828265735430        3.8791040980256125E-002
  0.74067519105613511        3.5767150002159513E-002
  0.74695209945491581        2.7644900109938680E-002
  0.75322900785369662        1.5624094458925849E-002
  0.75950591625247743        1.4228826276441208E-003
  0.76578282465125824       -1.2978284341902022E-002
  0.77205973305003905       -2.5617642459666270E-002
  0.77833664144881987       -3.4817704300314070E-002
  0.78461354984760068       -3.9399924983027690E-002
  0.79089045824638149       -3.8822336119665908E-002
  0.79716736664516230       -3.3226327728987939E-002
  0.80344427504394311       -2.3391950745794206E-002
  0.80972118344272392       -1.0613307237829031E-002
  0.81599809184150474        3.4847804804886799E-003
  0.82227500024028555        1.7161633467941733E-002
  0.82855190863906636        2.8778004639540732E-002
  0.83482881703784717        3.6988694155659529E-002
  0.84110572543662798        4.0888675736589615E-002
  0.84738263383540879        4.0098454867764942E-002
  0.85365954223418961        3.4782974843152070E-002
  0.85993645063297042        2.5606843747459893E-002
  0.86621335903175112        1.3635937030217532E-002
  0.87249026743053193        2.0077117637395275E-004
  0.87876717582931274       -1.3259985165660329E-002
  0.88504408422809355       -2.5356978471966295E-002
  0.89132099262687436       -3.4891438279460077E-002
  0.89759790102565518       -4.0966536636088527E-002
  0.90387480942443599       -4.3059754595163230E-002
  0.91015171782321680       -4.1052269454598236E-002
  0.91642862622199761       -3.5216311721088751E-002
  0.92270553462077842       -2.6165687557675444E-002
  0.92898244301955923       -1.4777845671940465E-002
  0.93525935141834005       -2.0977854493194857E-003
  0.94153625981712086        1.0765276516858175E-002
  0.94781316821590167        2.2738126733800695E-002
  0.95409007661468248        3.2871827067649267E-002
  0.96036698501346329        4.0411388461809146E-002
  0.96664389341224410        4.4842727176078352E-002
  0.97292080181102492        4.5915359940953054E-002
  0.97919771020980562        4.3641654312514280E-002
  0.98547461860858643        3.8275399709736320E-002
  0.99175152700736724        3.0273881130607798E-002
  0.99802843540614805        2.0248472334078393E-002
   1.0043053438049290        8.9090342179336379E-003
   1.0105822522037098       -2.9928253178875485E-003
   1.0168591606024906       -1.4717198676016870E-002
   1.0231360690012714       -2.5582500493906552E-002
   1.0294129774000522       -3.5002779263610916E-002
   1.0356898857988328       -4.2514314215091525E-002
   1.0419667941976136       -4.7791108962067605E-002
   1.0482437025963944       -5.0649771150661153E-002
   1.0545206109951752       -5.1044959234719654E-002
   1.0607975193939561       -4.9057061306171455E-002
   1.0670744277927369       -4.4874046283157880E-002
   1.0733513361915177       -3.8769509240436907E-002
   1.0796282445902985       -3.1078853066263245E-002
   1.0859051529890793       -2.2175345772276915E-002
   1.0921820613878601       -1.2447504101109315E-002
   1.0984589697866409       -2.2789180248503219E-003
   1.1047358781854217        7.9687185196327913E-003
   1.1110127865842025        1.7968939908399931E-002
   1.1172896949829834        2.7440072358444888E-002
   1.1235666033817642        3.6151146609298593E-002
   1.1298435117805450        4.3924470808970245E-002
   1.1361204201793258        5.0635309906532013E-002
   1.1423973285781066        5.6209198203005462E-002
   1.1486742369768874        6.0617443551088217E-002
   1.1549511453756682        6.3871373252139027E-002
   1.1612280537744490        6.6015832333113478E-002
   1.1675049621732299        6.7122383747232048E-002
   1.1737818705720107        6.7282585898727210E-002
   1.1800587789707915        6.6601643076418388E-002
   1.1863356873695723        6.5192645226919504E-002
   1.1926125957683531        6.3171539403916108E-002
   1.1988895041671339        6.0652909728147852E-002
   1.2051664125659147        5.7746587292032872E-002
   1.2114433209646955        5.4555067487386644E-002
   1.2177202293634763        5.1171678899941522E-002
   1.2239971377622572        4.7679425551805585E-002
   1.2302740461610380        4.4150410315123588E-002
   1.2365509545598188        4.0645749594034247E-002
   1.2428278629585996        3.7215898842479271E-002
   1.2491047713573804        3.3901272873585235E-002
   1.2553816797561612        3.0733060048562494E-002
   1.2616585881549420        2.7734157402167055E-002
   1.2679354965537226        2.4920166804902624E-002
   1.2742124049525034        2.2300403925976271E-002
   1.2804893133512842        1.9878882431857044E-002
   1.2867662217500651        1.7655245747657942E-002
   1.2930431301488459        1.5625627142126047E-002
   1.2993200385476267        1.3783426190754108E-002
   1.3055969469464075        1.2119995521756520E-002
   1.3118738553451883        1.0625236484927457E-002
   1.3181507637439691        9.2881059061977762E-003
   1.3244276721427499        8.0970387134503066E-003
   1.3307045805415307        7.0402929379766487E-003
   1.3369814889403115        6.1062246839676147E-003
   1.3432583973390924        5.2835011417325176E-003
   1.3495353057378732        4.5612598207621039E-003
   1.3558122141366540        3.9292219206297574E-003
   1.3620891225354348        3.3777673105784894E-003
   1.3683660309342156        2.8979779627702480E-003
   1.3746429393329964        2.4816560027848319E-003
   1.3809198477317772        2.1213217987673103E-003
   1.3871967561305580        1.8101967935800676E-003
   1.3934736645293389        1.5421750750725140E-003
   1.3997505729281197        1.3117870359888454E-003
   1.4060274813269005        1.1141578705243485E-003
   1.4123043897256813        9.4496310260430705E-004
   1.4185812981244621        8.0038287576015838E-004
   1.4248582065232429        6.7705645609847961E-004
   1.4311351149220237        5.7203797943047668E-004
   1.4374120233208045        4.8275415860119859E-004
   1.4436889317195853        4.0696443667862951E-004
   1.4499658401183662        3.4272389414170644E-004
   1.4562427485171470        2.8834906992522943E-004
   1.4625196569159278        2.4238674830023024E-004
   1.4687965653147086        2.0358567475580507E-004
   1.4750734737134894        1.7087110574452483E-004
   1.4813503821122702        1.4332204986273382E-004
   1.4876272905110510        1.2015103294872640E-004
   1.4939041989098316        1.0068619953283897E-004
   1.5001811073086124        8.4355558823131190E-005
   1.5064580157073932        7.0673179994993241E-005
   1.5127349241061741        5.9227149285623611E-005
   1.5190118325049549        4.9669107241875152E-005
   1.5252887409037357        4.1705198224939326E-005
   1.5315656493025165        3.5088274554131275E-005
   1.5378425577012973        2.9611213684184298E-005
   1.5441194661000781        2.5101218598416518E-005
   1.5503963744988589        2.1414987710431200E-005
   1.5566732828976397        1.8434652244529671E-005
   1.5629501912964205        1.6064394227476555E-005
   1.5692270996952014        1.4227669093118746E-005
   1.5755040080939822        1.2864970792470957E-005
   1.5817809164927630        1.1932087009529456E-005
   1.5880578248915438        1.1398802760974404E-005
   1.5943347332903246        1.1248020771945643E-005
   1.6006116416891054        1.1475283001809988E-005
   1.6068885500878862        1.2088683084551574E-005
   1.6131654584866670        1.3109169767945601E-005
   1.6194423668854478        1.4571250867108210E-005
   1.6257192752842287        1.6524119032335346E-005
   1.6319961836830095        1.9033230737039764E-005
   1.6382730920817903        2.2182382509269165E-005
   1.6445500004805711        2.6076339960809784E-005
   1.6508269088793519        3.0844089291235591E-005
   1.6571038172781327        3.6642794544520373E-005
   1.6633807256769135        4.3662560072311204E-005
   1.6696576340756943        5.2132113766157744E-005
   1.6759345424744752        6.2325545112764969E-005
   1.6822114508732560        7.4570250814156403E-005
   1.6884883592720368        8.9256261290988697E-005
   1.6947652676708176        1.0684714204506903E-004
   1.7010421760695984        1.2789268541778275E-004
   1.7073190844683792        1.5304362919407581E-004
   1.7135959928671600        1.8306865852045891E-004
   1.7198729012659408        2.1887396530509984E-004
   1.7261498096647214        2.6152565303658154E-004
   1.7324267180635022        3.1227528330387308E-004
   1.7387036264622830        3.7258885997325524E-004
   1.7449805348610639        4.4417953601452140E-004
   1.7512574432598447        5.2904430154333002E-004
   1.7575343516586255        6.2950486172692291E-004
   1.7638112600574063        7.4825280883934026E-004
   1.7700881684561871        8.8839908486979902E-004
   1.7763650768549679        1.0535276207454133E-003
   1.7826419852537487        1.2477528303424226E-003
   1.7889188936525295        1.4757803752206758E-003
   1.7951958020513104        1.7429702961295067E-003
   1.8014727104500912        2.0554012049185562E-003
   1.8077496188488720        2.4199337455514907E-003
   1.8140265272476528        2.8442709458929571E-003
   1.8203034356464336        3.3370123972836854E-003
   1.8265803440452144        3.9076983992585067E-003
   1.8328572524439952        4.5668393076217983E-003
   1.8391341608427760        5.3259243148364183E-003
   1.8454110692415568        6.1974028083094943E-003
   1.8516879776403377        7.1946302976272037E-003
   1.8579648860391185        8.3317697458544417E-003
   1.8642417944378993        9.6236380073538227E-003
   1.8705187028366801        1.1085486086237821E-002
   1.8767956112354609        1.2732701138126912E-002
   1.8830725196342417        1.4580417737658252E-002
   1.8893494280330225        1.6643026001813846E-002
   1.8956263364318033        1.8933564990669439E-002
   1.9019032448305841        2.1462991469008517E-002
   1.9081801532293650        2.4239317054224233E-002
   1.9144570616281458        2.7266610922904250E-002
   1.9207339700269266        3.0543871399281362E-002
   1.9270108784257074        3.4063777152070908E-002
   1.9332877868244882        3.7811343803688578E-002
   1.9395646952232690        4.1762543163778761E-002
   1.9458416036220498        4.5882940437596581E-002
   1.9521185120208304        5.0126402933978666E-002
   1.9583954204196112        5.4433959854368594E-002
   1.9646723288183920        5.8732911056996358E-002
   1.9709492372171729        6.2936297062063301E-002
   1.9772261456159537        6.6942854711150773E-002
   1.9835030540147345        7.0637590557710475E-002
   1.9897799624135153        7.3893105540208670E-002
   1.9960568708122961        7.6571797549243509E-002
   2.0023337792110771        7.8529051069183703E-002
   2.0086106876098579        7.9617493119596261E-002
   2.0148875960086388        7.9692350629780057E-002
   2.0211645044074196        7.8617885143444699E-002
   2.0274414128062004        7.6274806316896412E-002
   2.0337183212049812        7.2568477240919110E-002
   2.0399952296037620        6.7437624945337990E-002
   2.0462721380025428        6.0863163122027907E-002
   2.0525490464013236        5.2876627689024520E-002
   2.0588259548001044        4.3567627890593430E-002
   2.0651028631988853        3.3089636574800491E-002
   2.0713797715976656        2.1663394920592050E-002
   2.0776566799964464        9.5772016961135076E-003
   2.0839335883952272       -2.8165926628993406E-003
   2.0902104967940081       -1.5109450654548913E-002
   2.0964874051927889       -2.6849244749158434E-002
   2.1027643135915697       -3.7557694648041436E-002
   2.1090412219903505       -4.6752413904834353E-002
   2.1153181303891313       -5.3972935301439498E-002
   2.1215950387879121       -5.8809645325035138E-002
   2.1278719471866929       -6.0934109013039181E-002
   2.1341488555854737       -6.0128845522796848E-002
   2.1404257639842545       -5.6314268456474539E-002
   2.1467026723830354       -4.9570283350174965E-002
   2.1529795807818162       -4.0149987841016706E-002
   2.1592564891805970       -2.8483092333817517E-002
   2.1655333975793778       -1.5167103162662123E-002
   2.1718103059781586       -9.4500045768344343E-004
   2.1780872143769394        1.3330911271260796E-002
   2.1843641227757202        2.6748140514970306E-002
   2.1906410311745010        3.8393990256476773E-002
   2.1969179395732819        4.7422895991113954E-002
   2.2031948479720627        5.3126380913618355E-002
   2.2094717563708435        5.4999878503968556E-002
   2.2157486647696243        5.2800057870375873E-002
   2.2220255731684051        4.6586209744634795E-002
   2.2283024815671859        3.6739820681022599E-002
   2.2345793899659667        2.3957737365943404E-002
   2.2408562983647475        9.2162890336788296E-003
   2.2471332067635283       -6.2937025267686885E-003
   2.2534101151623092       -2.1258124378277583E-002
   2.2596870235610900       -3.4350971398244300E-002
   2.2659639319598708       -4.4357010148803458E-002
   2.2722408403586516       -5.0294421760055608E-002
   2.2785177487574324       -5.1524718333623896E-002
   2.2847946571562132       -4.7837053325186354E-002
   2.2910715655549940       -3.9495337681253906E-002
   2.2973484739537748       -2.7239411397951718E-002
   2.3036253823525557       -1.2235739177713889E-002
   2.3099022907513365        4.0216120480784873E-003
   2.3161791991501173        1.9853096748075411E-002
   2.3224561075488981        3.3566530919460255E-002
   2.3287330159476789        4.3643331869600309E-002
   2.3350099243464597        4.8917485327460881E-002
   2.3412868327452405        4.8725423853787558E-002
   2.3475637411440213        4.3006494128857133E-002
   2.3538406495428021        3.2337946532114768E-002
   2.3601175579415830        1.7895162106968156E-002
   2.3663944663403638        1.3365239395466135E-003
   2.3726713747391446       -1.5378016857089973E-002
   2.3789482831379254       -3.0216246910665212E-002
   2.3852251915367062       -4.1324631093429487E-002
   2.3915020999354870       -4.7269678396221801E-002
   2.3977790083342678       -4.7237371091550753E-002
   2.4040559167330486       -4.1161509214957794E-002
   2.4103328251318294       -2.9759374319114934E-002
   2.4166097335306103       -1.4464337245143680E-002
   2.4228866419293911        2.7413566183444181E-003
   2.4291635503281719        1.9576161308791664E-002
   2.4354404587269527        3.3760883923424551E-002
   2.4417173671257335        4.3332753285390539E-002
   2.4479942755245143        4.6927970447778772E-002
   2.4542711839232951        4.3990711913609058E-002
   2.4605480923220759        3.4874829230348708E-002
   2.4668250007208568        2.0818381198578140E-002
   2.4731019091196376        3.7889418771003807E-003
   2.4793788175184184       -1.3783177945155644E-002
   2.4856557259171992       -2.9348920934461314E-002
   2.4919326343159800       -4.0613378237231129E-002
   2.4982095427147608       -4.5882538860594090E-002
   2.5044864511135416       -4.4330266670682870E-002
   2.5107633595123224       -3.6141742059986888E-002
   2.5170402679111032       -2.2506840063330230E-002
   2.5233171763098841       -5.4591932776334607E-003
   2.5295940847086644        1.2419286961958476E-002
   2.5358709931074452        2.8386660414780985E-002
   2.5421479015062260        3.9963902917894471E-002
   2.5484248099050069        4.5326791919817588E-002
   2.5547017183037877        4.3603595410501780E-002
   2.5609786267025685        3.5028391641644445E-002
   2.5672555351013493        2.0921491175619859E-002
   2.5735324435001301        3.4955583450647977E-003
   2.5798093518989109       -1.4485630886233126E-002
   2.5860862602976917       -3.0143968500945178E-002
   2.5923631686964725       -4.0950353931447449E-002
   2.5986400770952534       -4.5139361388606088E-002
   2.6049169854940342       -4.2006083334041565E-002
   2.6111938938928150       -3.2033810382610148E-002
   2.6174708022915958       -1.6828125057764334E-002
   2.6237477106903766        1.1352661964058655E-003
   2.6300246190891574        1.8910309433323971E-002
   2.6363015274879382        3.3563764614783144E-002
   2.6425784358867190        4.2662238109869868E-002
   2.6488553442854998        4.4681468334691297E-002
   2.6551322526842807        3.9267983410550454E-002
   2.6614091610830615        2.7307104377753348E-002
   2.6676860694818423        1.0783400993134237E-002
   2.6739629778806231       -7.5452422845540537E-003
   2.6802398862794039       -2.4606804609082850E-002
   2.6865167946781847       -3.7531044987249129E-002
   2.6927937030769655       -4.4135083051784749E-002
   2.6990706114757463       -4.3295811609341796E-002
   2.7053475198745272       -3.5144827008008535E-002
   2.7116244282733080       -2.1051339710539289E-002
   2.7179013366720888       -3.3945419122756101E-003
   2.7241782450708696        1.4837003828807680E-002
   2.7304551534696504        3.0551476472576153E-002
   2.7367320618684312        4.1079420191239453E-002
   2.7430089702672120        4.4629077111484540E-002
   2.7492858786659928        4.0593267095806920E-002
   2.7555627870647736        2.9654822058526407E-002
   2.7618396954635545        1.3671989494311001E-002
   2.7681166038623353       -4.6370530437270865E-003
   2.7743935122611161       -2.2156901048046285E-002
   2.7806704206598969       -3.5905819600715927E-002
   2.7869473290586777       -4.3544031240838638E-002
   2.7932242374574585       -4.3772435765502465E-002
   2.7995011458562393       -3.6553604018754779E-002
   2.8057780542550201       -2.3117392839914805E-002
   2.8120549626538009       -5.7504639034199074E-003
   2.8183318710525818        1.2594009496003002E-002
   2.8246087794513626        2.8799491547565819E-002
   2.8308856878501434        4.0116044688002887E-002
   2.8371625962489242        4.4626764186893438E-002
   2.8434395046477050        4.1571512584299634E-002
   2.8497164130464858        3.1473405167069049E-002
   2.8559933214452666        1.6047293169483671E-002
   2.8622702298440474       -2.0933704312158679E-003
   2.8685471382428283       -1.9880768246225620E-002
   2.8748240466416091       -3.4312207678125796E-002
   2.8811009550403899       -4.2956700682192858E-002
   2.8873778634391707       -4.4363170511484376E-002
   2.8936547718379515       -3.8301943472144266E-002
   2.8999316802367323       -2.5799709606861520E-002
   2.9062085886355131       -8.9631517877940183E-003
   2.9124854970342939        9.3780081151531997E-003
   2.9187624054330747        2.6147694961174382E-002
   2.9250393138318556        3.8539390268992654E-002
   2.9313162222306364        4.4484739078342911E-002
   2.9375931306294172        4.2996817661335528E-002
   2.9438700390281980        3.4331468926511323E-002
   2.9501469474269788        1.9940808032942490E-002
   2.9564238558257596        2.2277539703031220E-003
   2.9627007642245404       -1.5856555087561924E-002
   2.9689776726233212       -3.1304806916646256E-002
   2.9752545810221021       -4.1552971208452021E-002
   2.9815314894208829       -4.4904401289807397E-002
   2.9878083978196632       -4.0808773286432648E-002
   2.9940853062184440       -2.9950406567766215E-002
   3.0003622146172249       -1.4132181777694378E-002
   3.0066391230160057        4.0249735886823488E-003
   3.0129160314147865        2.1516789880420956E-002
   3.0191929398135673        3.5452455948484424E-002
   3.0254698482123481        4.3531513165087597E-002
   3.0317467566111289        4.4422425217583529E-002
   3.0380236650099097        3.7980823328708731E-002
   3.0443005734086905        2.5271929007870911E-002
   3.0505774818074713        8.3938716562520724E-003
   3.0568543902062522       -9.8687321426038747E-003
   3.0631312986050330       -2.6503811355524407E-002
   3.0694082070038138       -3.8767997874746538E-002
   3.0756851154025946       -4.4638425512422419E-002
   3.0819620238013754       -4.3146009663257621E-002
   3.0882389322001562       -3.4535476586563876E-002
   3.0945158405989370       -2.0225777445154660E-002
   3.1007927489977178       -2.5772067547570072E-003
   3.1070696573964987        1.5496770323695624E-002
   3.1133465657952795        3.1009452266765106E-002
   3.1196234741940603        4.1393871092153429E-002
   3.1259003825928411        4.4927707928454907E-002
   3.1321772909916219        4.1019962303117392E-002
   3.1384541993904027        3.0311621672567728E-002
   3.1447311077891835        1.4572952229013208E-002
   3.1510080161879643       -3.5865725896270847E-003
   3.1572849245867451       -2.1148716793831884E-002
   3.1635618329855260       -3.5186863219223742E-002
   3.1698387413843068       -4.3353831063883810E-002
   3.1761156497830876       -4.4275997759004836E-002
   3.1823925581818684       -3.7787402712537728E-002
   3.1886694665806492       -2.4963492225511905E-002
   3.1949463749794300       -7.9471611470318809E-003
   3.2012232833782108        1.0405618710853560E-002
   3.2075001917769916        2.7002763300193782E-002
   3.2137771001757724        3.9036550963104530E-002
   3.2200540085745533        4.4460241189374076E-002
   3.2263309169733341        4.2339781820465168E-002
   3.2326078253721149        3.3019645030251767E-002
   3.2388847337708957        1.8072567133433057E-002
   3.2451616421696765        3.9327818875539755E-005
   3.2514385505684573       -1.7999385695540701E-002
   3.2577154589672381       -3.2947659093739881E-002
   3.2639923673660189       -4.2226613338546791E-002
   3.2702692757647998       -4.4222681852801288E-002
   3.2765461841635806       -3.8573471333764292E-002
   3.2828230925623614       -2.6239705462394267E-002
   3.2891000009611422       -9.3480946552819185E-003
   3.2953769093599230        9.1703895544993849E-003
   3.3016538177587038        2.6086273663717963E-002
   3.3079307261574846        3.8434670763771904E-002
   3.3142076345562654        4.4037593065460859E-002
   3.3204845429550462        4.1893044090306156E-002
   3.3267614513538271        3.2360533840240964E-002
   3.3330383597526079        1.7107611199643383E-002
   3.3393152681513887       -1.1761167706988587E-003
   3.3455921765501695       -1.9249525849112620E-002
   3.3518690849489503       -3.3893452739563547E-002
   3.3581459933477311       -4.2485832655858376E-002
   3.3644229017465119       -4.3475406996989117E-002
   3.3706998101452927       -3.6667636042813131E-002
   3.3769767185440736       -2.3269064335716891E-002
   3.3832536269428544       -5.6792915692718644E-003
   3.3895305353416352        1.2934699739006081E-002
   3.3958074437404160        2.9207078818238922E-002
   3.4020843521391968        4.0182745696713047E-002
   3.4083612605379776        4.3857291096462504E-002
   3.4146381689367584        3.9547976262729573E-002
   3.4209150773355392        2.8026101038371887E-002
   3.4271919857343200        1.1384116679322310E-002
   3.4334688941331009       -7.3406418293698187E-003
   3.4397458025318817       -2.4718585233134461E-002
   3.4460227109306620       -3.7556512533724516E-002
   3.4522996193294428       -4.3486785377412275E-002
   3.4585765277282237       -4.1407705726564506E-002
   3.4648534361270045       -3.1692353678645153E-002
   3.4711303445257853       -1.6125457229918913E-002
   3.4774072529245661        2.4218227689887439E-003
   3.4836841613233469        2.0520350356523616E-002
   3.4899610697221277        3.4817484842936626E-002
   3.4962379781209085        4.2659852098975458E-002
   3.5025148865196893        4.2588160307235882E-002
   3.5087917949184702        3.4611111904545133E-002
   3.5150687033172510        2.0206414518926710E-002
   3.5213456117160318        2.0478675968877841E-003
   3.5276225201148126       -1.6491121744195064E-002
   3.5338994285135934       -3.1965160795322696E-002
   3.5401763369123742       -4.1498407769832504E-002
   3.5464532453111550       -4.3320038651100054E-002
   3.5527301537099358       -3.7093494444968234E-002
   3.5590070621087166       -2.3978058985482022E-002
   3.5652839705074975       -6.4115652939251066E-003
   3.5715608789062783        1.2344685667689037E-002
   3.5778377873050591        2.8813269867127133E-002
   3.5841146957038399        3.9946499340171984E-002
   3.5903916041026207        4.3690297936112794E-002
   3.5966685125014015        3.9361490069879268E-002
   3.6029454209001823        2.7769304953913058E-002
   3.6092223292989631        1.1060016527845563E-002
   3.6154992376977440       -7.6846777306939663E-003
   3.6217761460965248       -2.5019420332991576E-002
   3.6280530544953056       -3.7770098096092698E-002
   3.6343299628940864       -4.3614245660994436E-002
   3.6406068712928672       -4.1500640945314020E-002
   3.6468837796916480       -3.1832678418846419E-002
   3.6531606880904288       -1.6384518647867524E-002
   3.6594375964892096        2.0315177202842728E-003
   3.6657145048879904        2.0082565572071644E-002
   3.6719914132867713        3.4521295411667173E-002
   3.6782683216855521        4.2769386255933989E-002
   3.6845452300843329        4.3373345700754941E-002
   3.6908221384831137        3.6252670026261799E-002
   3.6970990468818945        2.2699360135634873E-002
   3.7033759552806753        5.1333162080427833E-003
   3.7096528636794561       -1.3338294456065403E-002
   3.7159297720782369       -2.9475776570477109E-002
   3.7222066804770177       -4.0475549086705087E-002
   3.7284835888757986       -4.4452533925704391E-002
   3.7347604972745794       -4.0753907865920980E-002
   3.7410374056733602       -3.0053575294314336E-002
   3.7473143140721410       -1.4216324922515561E-002
   3.7535912224709218        4.0391517211204831E-003
   3.7598681308697026        2.1615439011244426E-002
   3.7661450392684834        3.5565143062934276E-002
   3.7724219476672642        4.3582219702206833E-002
   3.7786988560660451        4.4374321255791521E-002
   3.7849757644648259        3.7857489190234156E-002
   3.7912526728636067        2.5146368388317086E-002
   3.7975295812623875        8.3481142133714978E-003
   3.8038064896611683       -9.7997343374630064E-003
   3.8100833980599491       -2.6383155190246033E-002
   3.8163603064587299       -3.8780751262481379E-002
   3.8226372148575107       -4.5072284790386614E-002
   3.8289141232562915       -4.4323887630829860E-002
   3.8351910316550724       -3.6709664115538353E-002
   3.8414679400538532       -2.3457128570681395E-002
   3.8477448484526340       -6.6321431973478282E-003
   3.8540217568514148        1.1196780748451629E-002
   3.8602986652501956        2.7358348326573891E-002
   3.8665755736489764        3.9479144113558136E-002
   3.8728524820477572        4.5824995397560554E-002
   3.8791293904465380        4.5535150271458380E-002
   3.8854062988453189        3.8720030281124786E-002
   3.8916832072440997        2.6415105324051343E-002
   3.8979601156428805        1.0404863292387562E-002
   3.9042370240416608       -7.0512518095372954E-003
   3.9105139324404417       -2.3547045380426915E-002
   3.9167908408392225       -3.6863189011925507E-002
   3.9230677492380033       -4.5259954530503584E-002
   3.9293446576367841       -4.7691532992584135E-002
   3.9356215660355649       -4.3917708294794917E-002
   3.9418984744343457       -3.4504234376631727E-002
   3.9481753828331265       -2.0718756448606275E-002
   3.9544522912319073       -4.3424021204697041E-003
   3.9607291996306881        1.2573349587081478E-002
   3.9670061080294690        2.7970144578946612E-002
   3.9732830164282498        4.0032316728242229E-002
   3.9795599248270306        4.7392782221734576E-002
   3.9858368332258114        4.9273368435524295E-002
   3.9921137416245922        4.5547539054598879E-002
   3.9983906500233730        3.6723874546212260E-002
   4.0046675584221543        2.3858243201407153E-002
   4.0109444668209351        8.4102580650481720E-003
   4.0172213752197159       -7.9353623800480031E-003
   4.0234982836184967       -2.3459832336312422E-002
   4.0297751920172775       -3.6591805622785169E-002
   4.0360521004160583       -4.6060606531766003E-002
   4.0423290088148391       -5.1007392915094173E-002
   4.0486059172136200       -5.1046392273085203E-002
   4.0548828256124008       -4.6274456930709369E-002
   4.0611597340111816       -3.7232759312427914E-002
   4.0674366424099624       -2.4828947533263868E-002
   4.0737135508087432       -1.0231157719723582E-002
   4.0799904592075240        5.2532054496771206E-003
   4.0862673676063048        2.0301000373407214E-002
   4.0925442760050856        3.3687561528895224E-002
   4.0988211844038664        4.4382231407868136E-002
   4.1050980928026473        5.1618724587888722E-002
   4.1113750012014281        5.4936942592673801E-002
   4.1176519096002089        5.4195852298072111E-002
   4.1239288179989897        4.9559648672596580E-002
   4.1302057263977705        4.1461453731616062E-002
   4.1364826347965504        3.0550155849348469E-002
   4.1427595431953312        1.7626648800472620E-002
   4.1490364515941121        3.5757403487273790E-003
   4.1553133599928929       -1.0700529458742931E-002
   4.1615902683916737       -2.4343352808230335E-002
   4.1678671767904545       -3.6587779586491988E-002
   4.1741440851892353       -4.6801174355920398E-002
   4.1804209935880161       -5.4508445554496576E-002
   4.1866979019867969       -5.9404132351103270E-002
   4.1929748103855777       -6.1352381090957052E-002
   4.1992517187843585       -6.0376549844070752E-002
   4.2055286271831394       -5.6640633583222973E-002
   4.2118055355819202       -5.0424913268947505E-002
   4.2180824439807010       -4.2098227084380803E-002
   4.2243593523794818       -3.2089087421677584E-002
   4.2306362607782626       -2.0857566548180703E-002
   4.2369131691770434       -8.8694936792485767E-003
   4.2431900775758242        3.4259094445150155E-003
   4.2494669859746050        1.5614241156838035E-002
   4.2557438943733858        2.7329649868737340E-002
   4.2620208027721667        3.8264081271838814E-002
   4.2682977111709475        4.8172308706317092E-002
   4.2745746195697283        5.6873209435758375E-002
   4.2808515279685091        6.4247878132893496E-002
   4.2871284363672899        7.0235235021913311E-002
   4.2934053447660707        7.4825798817019909E-002
   4.2996822531648515        7.8054264505756726E-002
   4.3059591615636323        7.9991464407753274E-002
   4.3122360699624132        8.0736208578617019E-002
   4.3185129783611940        8.0407407289748517E-002
   4.3247898867599748        7.9136782154449914E-002
   4.3310667951587556        7.7062380003304329E-002
   4.3373437035575364        7.4323019491311398E-002
   4.3436206119563172        7.1053727746508283E-002
   4.3498975203550980        6.7382164705123218E-002
   4.3561744287538788        6.3425986527674449E-002
   4.3624513371526596        5.9291066231875120E-002
   4.3687282455514405        5.5070467785898747E-002
   4.3750051539502213        5.0844061528315880E-002
   4.3812820623490021        4.6678682157257477E-002
   4.3875589707477829        4.2628714186853579E-002
   4.3938358791465637        3.8736964692986091E-002
   4.4001127875453445        3.5035722084478790E-002
   4.4063896959441253        3.1547922438986686E-002
   4.4126666043429061        2.8288358340578256E-002
   4.4189435127416870        2.5264879043852592E-002
   4.4252204211404678        2.2479542931947843E-002
   4.4314973295392486        1.9929694386431374E-002
   4.4377742379380294        1.7608946525684656E-002
   4.4440511463368102        1.5508059214314878E-002
   4.4503280547355910        1.3615708026098735E-002
   4.4566049631343718        1.1919144818257640E-002
   4.4628818715331526        1.0404754204954847E-002
   4.4691587799319334        9.0585128273712717E-003
   4.4754356883307143        7.8663599563614500E-003
   4.4817125967294951        6.8144889060021453E-003
   4.4879895051282759        5.8895690518327888E-003
   4.4942664135270567        5.0789081524286227E-003
   4.5005433219258375        4.3705642242983121E-003
   4.5068202303246183        3.7534155774593928E-003
   4.5130971387233991        3.2171968166422992E-003
   4.5193740471221799        2.7525077620423380E-003
   4.5256509555209607        2.3508013554523663E-003
   4.5319278639197416        2.0043557666087580E-003
   4.5382047723185224        1.7062350937055398E-003
   4.5444816807173032        1.4502423112979941E-003
   4.5507585891160840        1.2308674216973019E-003
   4.5570354975148648        1.0432331322185154E-003
   4.5633124059136456        8.8303997039183987E-004
   4.5695893143124264        7.4651233231433920E-004
   4.5758662227112072        6.3034649034672920E-004
   4.5821431311099881        5.3166127345210265E-004
   4.5884200395087689        4.4795188884605083E-004
   4.5946969479075497        3.7704716158377250E-004
   4.6009738563063305        3.1707031328699988E-004
   4.6072507647051113        2.6640328635027484E-004
   4.6135276731038921        2.2365453012095782E-004
   4.6198045815026729        1.8763010479146461E-004
   4.6260814899014537        1.5730791392826299E-004
   4.6323583983002345        1.3181485154354006E-004
   4.6386353066990154        1.1040663379443939E-004
   4.6449122150977962        9.2450082399263069E-005
   4.6511891234965770        7.7407628325450113E-005
   4.6574660318953578        6.4823813648018534E-005
   4.6637429402941386        5.4313580219603686E-005
   4.6700198486929194        4.5552149033797117E-005
   4.6762967570917002        3.8266309011146250E-005
   4.6825736654904810        3.2226951081254347E-005
   4.6888505738892619        2.7242699313158411E-005
   4.6951274822880427        2.3154507624733916E-005
   4.7014043906868235        1.9831105869193197E-005
   4.7076812990856043        1.7165194459022692E-005
   4.7139582074843851        1.5070300632835840E-005
   4.7202351158831659        1.3478223125220237E-005
   4.7265120242819467        1.2337003540573666E-005
   4.7327889326807275        1.1609372649197719E-005
   4.7390658410795083        1.1271636881063374E-005
   4.7453427494782892        1.1312979984564390E-005
   4.7516196578770700        1.1735162536464850E-005
   4.7578965662758508        1.2552611873099476E-005
   4.7641734746746316        1.3792906036748839E-005
   4.7704503830734124        1.5497665232230437E-005
   4.7767272914721932        1.7723875688586710E-005
   4.7830041998709740        2.0545681073151463E-005
   4.7892811082697548        2.4056689115660844E-005
   4.7955580166685357        2.8372852350413423E-005
   4.8018349250673165        3.3635996097829578E-005
   4.8081118334660973        4.0018079529843203E-005
   4.8143887418648781        4.7726291955043993E-005
   4.8206656502636589        5.7009100842320404E-005
   4.8269425586624397        6.8163386481488554E-005
   4.8332194670612205        8.1542813894088979E-005
   4.8394963754600013        9.7567612438403657E-005
   4.8457732838587821        1.1673594945637650E-004
   4.8520501922575630        1.3963710388388166E-004
   4.8583271006563438        1.6696665935256576E-004
   4.8646040090551246        1.9954395229954415E-004
   4.8708809174539054        2.3833201741640852E-004
   4.8771578258526862        2.8446027937509814E-004
   4.8834347342514670        3.3925023245830177E-004
   4.8897116426502478        4.0424433768883100E-004
   4.8959885510490286        4.8123833403278043E-004
   4.9022654594478094        5.7231710272056201E-004
   4.9085423678465903        6.7989411712926094E-004
   4.9148192762453711        8.0675444253576738E-004
   4.9210961846441519        9.5610110775789776E-004
   4.9273730930429327        1.1316044791864367E-003
   4.9336500014417135        1.3374540211659530E-003
   4.9399269098404943        1.5784115333480051E-003
   4.9462038182392751        1.8598645793279124E-003
   4.9524807266380559        2.1878783830974148E-003
   4.9587576350368368        2.5692439312111188E-003
   4.9650345434356176        3.0115194101660572E-003
   4.9713114518343984        3.5230613886474433E-003
   4.9775883602331792        4.1130413702999500E-003
   4.9838652686319600        4.7914424538378188E-003
   4.9901421770307408        5.5690299171195848E-003
   4.9964190854295216        6.4572885549174352E-003
   5.0026959938283024        7.4683186602973314E-003
   5.0089729022270832        8.6146816209134169E-003
   5.0152498106258641        9.9091853767980086E-003
   5.0215267190246449        1.1364599439294982E-002
   5.0278036274234257        1.2993289056774727E-002
   5.0340805358222065        1.4806758413523311E-002
   5.0403574442209873        1.6815093831655942E-002
   5.0466343526197681        1.9026299750179831E-002
   5.0529112610185480        2.1445523307350091E-002
   5.0591881694173289        2.4074167440069232E-002
   5.0654650778161097        2.6908898281358028E-002
   5.0717419862148905        2.9940560519712393E-002
   5.0780188946136713        3.3153034310001731E-002
   5.0842958030124521        3.6522087278676833E-002
   5.0905727114112329        4.0014261019676901E-002
   5.0968496198100137        4.3585848007001431E-002
   5.1031265282087945        4.7182033790218660E-002
   5.1094034366075753        5.0736292084690750E-002
   5.1156803450063562        5.4170131893475540E-002
   5.1219572534051370        5.7393304059627559E-002
   5.1282341618039178        6.0304578796863080E-002
   5.1345110702026986        6.2793203601286221E-002
   5.1407879786014794        6.4741141075440656E-002
   5.1470648870002602        6.6026166581804449E-002
   5.1533417953990410        6.6525874960243814E-002
   5.1596187037978218        6.6122602493892624E-002
   5.1658956121966026        6.4709214560592115E-002
   5.1721725205953835        6.2195641284816368E-002
   5.1784494289941643        5.8515964731951538E-002
   5.1847263373929451        5.3635774713656229E-002
   5.1910032457917259        4.7559420814813611E-002
   5.1972801541905067        4.0336702057887266E-002
   5.2035570625892875        3.2068460687093715E-002
   5.2098339709880683        2.2910492139032346E-002
   5.2161108793868491        1.3075159639944829E-002
   5.2223877877856300        2.8301194080142334E-003
   5.2286646961844108       -7.5063691504431177E-003
   5.2349416045831916       -1.7573946893201461E-002
   5.2412185129819724       -2.6982680677266554E-002
   5.2474954213807532       -3.5329567221655221E-002
   5.2537723297795340       -4.2218661411497313E-002
   5.2600492381783148       -4.7284122913632903E-002
   5.2663261465770956       -5.0215101337818244E-002
   5.2726030549758764       -5.0781012970636627E-002
   5.2788799633746573       -4.8855437164747134E-002
   5.2851568717734381       -4.4436618400800619E-002
   5.2914337801722189       -3.7662443049761296E-002
   5.2977106885709997       -2.8817808003924805E-002
   5.3039875969697805       -1.8332544430115519E-002
   5.3102645053685613       -6.7685241625866756E-003
   5.3165414137673421        5.2047391755438580E-003
   5.3228183221661229        1.6845797988969746E-002
   5.3290952305649038        2.7387053944191837E-002
   5.3353721389636846        3.6088266704807657E-002
   5.3416490473624654        4.2294341402956091E-002
   5.3479259557612462        4.5492988898253303E-002
   5.3542028641600270        4.5367159540371918E-002
   5.3604797725588078        4.1836849018431939E-002
   5.3667566809575886        3.5085070964899101E-002
   5.3730335893563694        2.5563557065762268E-002
   5.3793104977551502        1.3975101808284974E-002
   5.3855874061539311        1.2313711182335913E-003
   5.3918643145527119       -1.1612675393931291E-002
   5.3981412229514927       -2.3444030469378443E-002
   5.4044181313502735       -3.3190283418314072E-002
   5.4106950397490543       -3.9923155148050012E-002
   5.4169719481478351       -4.2956807394789992E-002
   5.4232488565466159       -4.1930117012667641E-002
   5.4295257649453967       -3.6862554246988970E-002
   5.4358026733441775       -2.8175029551469818E-002
   5.4420795817429584       -1.6670041494388679E-002
   5.4483564901417392       -3.4694633147756594E-003
   5.4546333985405200        1.0086984869243571E-002
   5.4609103069393008        2.2574609341692451E-002
   5.4671872153380816        3.2635452921850008E-002
   5.4734641237368624        3.9132804528766288E-002
   5.4797410321356432        4.1290537925829061E-002
   5.4860179405344240        3.8799425017679141E-002
   5.4922948489332049        3.1874970895996960E-002
   5.4985717573319857        2.1255963671239962E-002
   5.5048486657307665        8.1394660615424965E-003
   5.5111255741295473       -5.9442653793934002E-003
   5.5174024825283281       -1.9305380587525980E-002
   5.5236793909271089       -3.0297700515446328E-002
   5.5299562993258897       -3.7527344108398884E-002
   5.5362332077246705       -4.0039779360173174E-002
   5.5425101161234513       -3.7459190374492989E-002
   5.5487870245222322       -3.0058576471235932E-002
   5.5550639329210130       -1.8746928414989254E-002
   5.5613408413197938       -4.9703400216470931E-003
   5.5676177497185746        9.4642782068406050E-003
   5.5738946581173554        2.2622724551323227E-002
   5.5801715665161362        3.2704657454748036E-002
   5.5864484749149170        3.8296919322599786E-002
   5.5927253833136978        3.8582525072210334E-002
   5.5990022917124787        3.3473079029922165E-002
   5.6052792001112595        2.3641750487394569E-002
   5.6115561085100403        1.0447383202350035E-002
   5.6178330169088211       -4.2439743724995600E-003
   5.6241099253076019       -1.8318130606674071E-002
   5.6303868337063827       -2.9717140548191398E-002
   5.6366637421051635       -3.6745141322521609E-002
   5.6429406505039443       -3.8329436680036015E-002
   5.6492175589027251       -3.4195380760677109E-002
   5.6554944673015060       -2.4925088746367390E-002
   5.6617713757002868       -1.1886774310215091E-002
   5.6680482840990676        2.9588047974065572E-003
   5.6743251924978484        1.7348725907591504E-002
   5.6806021008966292        2.9062715222154274E-002
   5.6868790092954100        3.6269758779261273E-002
   5.6931559176941908        3.7821668867645417E-002
   5.6994328260929716        3.3445345020649796E-002
   5.7057097344917524        2.3800156420786169E-002
   5.7119866428905333        1.0387604033357313E-002
   5.7182635512893141       -4.6759767471511180E-003
   5.7245404596880949       -1.8990240105642008E-002
   5.7308173680868757       -3.0253820180345174E-002
   5.7370942764856565       -3.6638121190813687E-002
   5.7433711848844373       -3.7090421475510907E-002
   5.7496480932832181       -3.1514938037278423E-002
   5.7559250016819989       -2.0799515063902187E-002
   5.7622019100807798       -6.6805676912438539E-003
   5.7684788184795606        8.5342225976186917E-003
   5.7747557268783414        2.2341713633543141E-002
   5.7810326352771222        3.2456426636724718E-002
   5.7873095436759030        3.7192359971367869E-002
   5.7935864520746838        3.5748938247598748E-002
   5.7998633604734646        2.8351677351503887E-002
   5.8061402688722454        1.6221980972808182E-002
   5.8124171772710262        1.3791025795522739E-003
   5.8186940856698071       -1.3694124328913690E-002
   5.8249709940685879       -2.6466586353965888E-002
   5.8312479024673687       -3.4785541856411445E-002
   5.8375248108661495       -3.7242227119365041E-002
   5.8438017192649303       -3.3413698424379940E-002
   5.8500786276637111       -2.3938757257035665E-002
   5.8563555360624919       -1.0413834961048375E-002
   5.8626324444612727        4.8745605878873551E-003
   5.8689093528600536        1.9336100455218802E-002
   5.8751862612588344        3.0516209603027193E-002
   5.8814631696576152        3.6514053482568816E-002
   5.8877400780563960        3.6307353735138027E-002
   5.8940169864551768        2.9928130583049262E-002
   5.9002938948539576        1.8458855660145764E-002
   5.9065708032527384        3.8492402022368586E-003
   5.9128477116515192       -1.1415320783393589E-002
   5.9191246200503000       -2.4737104894915748E-002
   5.9254015284490809       -3.3848849564362037E-002
   5.9316784368478617       -3.7200217897925901E-002
   5.9379553452466425       -3.4221841759455147E-002
   5.9442322536454233       -2.5421855381761605E-002
   5.9505091620442041       -1.2298574338951230E-002
   5.9567860704429849        2.9155165860925429E-003
   5.9630629788417657        1.7634460843946570E-002
   5.9693398872405457        2.9359009725000874E-002
   5.9756167956393265        3.6101124901110115E-002
   5.9818937040381073        3.6720580750215857E-002
   5.9881706124368881        3.1116702162106578E-002
   5.9944475208356689        2.0243173037231443E-002
   6.0007244292344497        5.9440774820756614E-003
   6.0070013376332305       -9.3603009975616967E-003
   6.0132782460320113       -2.3084067588052540E-002
   6.0195551544307921       -3.2912808432961384E-002
   6.0258320628295730       -3.7193222168189238E-002
   6.0321089712283538       -3.5209782687736689E-002
   6.0383858796271346       -2.7302382174074401E-002
   6.0446627880259154       -1.4805977955340627E-002
   6.0509396964246962        1.7667378742396294E-004
   6.0572166048234770        1.5130155021688683E-002
   6.0634935132222578        2.7549167333680090E-002
   6.0697704216210386        3.5357809618887577E-002
   6.0760473300198194        3.7255271639301944E-002
   6.0823242384186003        3.2930625516661954E-002
   6.0886011468173811        2.3111611639221263E-002
   6.0948780552161619        9.4401919325806868E-003
   6.1011549636149427       -5.8035051103270344E-003
   6.1074318720137235       -2.0082191812774906E-002
   6.1137087804125043       -3.1023622569348486E-002
   6.1199856888112851       -3.6813809887176245E-002
   6.1262625972100659       -3.6496302479093773E-002
   6.1325395056088468       -3.0128470340494058E-002
   6.1388164140076276       -1.8769594777983914E-002
   6.1450933224064084       -4.3034187828374241E-003
   6.1513702308051892        1.0874931391212513E-002
   6.1576471392039700        2.4255558555941609E-002
   6.1639240476027508        3.3628333158569022E-002
   6.1702009560015316        3.7447067052474879E-002
   6.1764778644003124        3.5083553426292304E-002
   6.1827547727990932        2.6929979133830852E-002
   6.1890316811978741        1.4333212685864573E-002
   6.1953085895966549       -6.2791815102880935E-004
   6.2015854979954357       -1.5485533576389036E-002
   6.2078624063942165       -2.7789339866612365E-002
   6.2141393147929973       -3.5510180146633923E-002
   6.2204162231917781       -3.7374246504900115E-002
   6.2266931315905589       -3.3073090043717078E-002
   6.2329700399893397       -2.3314909283313576E-002
   6.2392469483881206       -9.7085820979778831E-003
   6.2455238567869014        5.5006963654538601E-003
   6.2518007651856822        1.9800956318885163E-002
   6.2580776735844630        3.0827628475633927E-002
   6.2643545819832438        3.6754325302387786E-002
   6.2706314903820246        3.6595828943762974E-002
   6.2769083987808054        3.0373069574248443E-002
   6.2831853071795862        1.9112352400423440E-002
