   6.2769083987808056E-003  -2.3010201287060714E-007
   1.2553816797561611E-002  -2.5265860834835884E-007
   1.8830725196342418E-002  -2.6501173536222153E-007
   2.5107633595123222E-002  -2.6659896779183216E-007
   3.1384541993904030E-002  -2.5728748443168989E-007
   3.7661450392684835E-002  -2.3738795451061671E-007
   4.3938358791465640E-002  -2.0765120554212434E-007
   5.0215267190246445E-002  -1.6924710052380181E-007
   5.6492175589027249E-002  -1.2372567682101265E-007
   6.2769083987808061E-002  -7.2961348472886364E-008
   6.9045992386588859E-002  -1.9081673659547469E-008
   7.5322900785369670E-002   3.5617045799307284E-008
   8.1599809184150468E-002   8.8764395820178168E-008
   8.7876717582931280E-002   1.3801712712599043E-007
   9.4153625981712077E-002   1.8116299335495807E-007
  0.10043053438049289        2.1622267176720545E-007
  0.10670744277927370        2.4154510435619320E-007
  0.11298435117805450        2.5589158097742627E-007
  0.11926125957683531        2.5850412195603345E-007
  0.12553816797561612        2.4915416489090231E-007
  0.13181507637439691        2.2816825173707245E-007
  0.13809198477317772        1.9642831457838238E-007
  0.14436889317195853        1.5534526353492083E-007
  0.15064580157073934        1.0680582199884118E-007
  0.15692270996952015        5.3093915398751634E-008
  0.16319961836830094       -3.2107132397686801E-009
  0.16947652676708175       -5.9352621011901809E-008
  0.17575343516586256       -1.1253426855491549E-007
  0.18203034356464337       -1.6005681026036505E-007
  0.18830725196342415       -1.9946103537634122E-007
  0.19458416036220497       -2.2866097208398828E-007
  0.20086106876098578       -2.4606267202692048E-007
  0.20713797715976659       -2.5066104183755662E-007
  0.21341488555854740       -2.4210844569699272E-007
  0.21969179395732819       -2.2075002177548255E-007
  0.22596870235610900       -1.8762230518084374E-007
  0.23224561075488981       -1.4441364947476751E-007
  0.23852251915367062       -9.3387103020267544E-008
  0.24479942755245140       -3.7268598958817955E-008
  0.25107633595123224        2.0894472593945452E-008
  0.25735324435001306        7.7897270180791797E-008
  0.26363015274879381        1.3055532678122970E-007
  0.26990706114757462        1.7588625044017610E-007
  0.27618396954635543        2.1128465007636696E-007
  0.28246087794513625        2.3467962597748655E-007
  0.28873778634391706        2.4466478543901994E-007
  0.29501469474269787        2.4059207105211350E-007
  0.30129160314147868        2.2262259105381094E-007
  0.30756851154025949        1.9173011665928056E-007
  0.31384541993904030        1.4965572313700303E-007
  0.32012232833782106        9.8815112859255194E-008
  0.32639923673660187        4.2163196820297611E-008
  0.33267614513538268       -1.6976596347221044E-008
  0.33895305353416350       -7.5108375408836212E-008
  0.34522996193294431       -1.2877337984104600E-007
  0.35150687033172512       -1.7476015161812336E-007
  0.35778377873050593       -2.1030199110697552E-007
  0.36406068712928674       -2.3324896656310643E-007
  0.37033759552806755       -2.4220314248120508E-007
  0.37661450392684831       -2.3660800824259500E-007
  0.38289141232562912       -2.1678598856594822E-007
  0.38916832072440993       -1.8392128581434023E-007
  0.39544522912319074       -1.3998883710633034E-007
  0.40172213752197156       -8.7633749321662037E-008
  0.40799904592075237       -3.0008819321875815E-008
  0.41427595431953318        2.9419456477646154E-008
  0.42055286271831399        8.7083936875759944E-008
  0.42682977111709480        1.3953525996208109E-007
  0.43310667951587556        1.8365167452231640E-007
  0.43938358791465637        2.1682695690557972E-007
  0.44566049631343718        2.3712466190708569E-007
  0.45193740471221799        2.4338927794587834E-007
  0.45821431311099881        2.3530782686765143E-007
  0.46449122150977962        2.1341874828472753E-007
  0.47076812990856043        1.7906845010820734E-007
  0.47704503830734124        1.3431925642191336E-007
  0.48332194670612205        8.1815593002242667E-008
  0.48959885510490281        2.4617758363779165E-008
  0.49587576350368362       -3.3985515804398528E-008
  0.50215267190246449       -9.0673495802510424E-008
  0.50842958030124530       -1.4228644817842306E-007
  0.51470648870002611       -1.8600346161195034E-007
  0.52098339709880681       -2.1949472162785432E-007
  0.52726030549758762       -2.4103993198247352E-007
  0.53353721389636843       -2.4960704182654866E-007
  0.53981412229514925       -2.4488820016993254E-007
  0.54609103069393006       -2.2729266436469998E-007
  0.55236793909271087       -1.9789921168435809E-007
  0.55864484749149168       -1.5837297236809695E-007
  0.56492175589027249       -1.1085351944782887E-007
  0.57119866428905330       -5.7822376444221030E-008
  0.57747557268783412       -1.9588580374404314E-009
  0.58375248108661493        5.4006751367320594E-008
  0.59002938948539574        1.0743412503189325E-007
  0.59630629788417655        1.5590037623808122E-007
  0.60258320628295736        1.9730789271409313E-007
  0.60886011468173817        2.2996799480656567E-007
  0.61513702308051899        2.5265765551355428E-007
  0.62141393147929980        2.6464835019243390E-007
  0.62769083987808061        2.6570777095278112E-007
  0.63396774827686131        2.5607665515568449E-007
  0.64024465667564212        2.3642416247528208E-007
  0.64652156507442293        2.0778613492792514E-007
  0.65279847347320374        1.7149107680946939E-007
  0.65907538187198456        1.2907890533483129E-007
  0.66535229027076537        8.2217352357441611E-008
  0.67162919866954618        3.2620521386181195E-008
  0.67790610706832699       -1.8026537778671818E-008
  0.68418301546710780       -6.8134137584073224E-008
  0.69045992386588861       -1.1626290831293399E-007
  0.69673683226466943       -1.6116602810364867E-007
  0.70301374066345024       -2.0181821399518416E-007
  0.70929064906223105       -2.3743169772278520E-007
  0.71556755746101186       -2.6746004574735029E-007
  0.72184446585979267       -2.9159114829246980E-007
  0.72812137425857348       -3.0973117933129131E-007
  0.73439828265735430       -3.2198150390405428E-007
  0.74067519105613511       -3.2861060618561769E-007
  0.74695209945491581       -3.3002302960541110E-007
  0.75322900785369662       -3.2672718656450804E-007
  0.75950591625247743       -3.1930364759091734E-007
  0.76578282465125824       -3.0837525820314303E-007
  0.77205973305003905       -2.9458010180535006E-007
  0.77833664144881987       -2.7854805052703050E-007
  0.78461354984760068       -2.6088131106227220E-007
  0.79089045824638149       -2.4213915731090655E-007
  0.79716736664516230       -2.2282676295771410E-007
  0.80344427504394311       -2.0338791263256589E-007
  0.80972118344272392       -1.8420119674266149E-007
  0.81599809184150474       -1.6557923424497321E-007
  0.82227500024028555       -1.4777038912297414E-007
  0.82855190863906636       -1.3096246176665310E-007
  0.83482881703784717       -1.1528781935178395E-007
  0.84110572543662798       -1.0082950123488603E-007
  0.84738263383540879       -8.7627850386145798E-008
  0.85365954223418961       -7.5687327304360170E-008
  0.85993645063297042       -6.4983188273790179E-008
  0.86621335903175112       -5.5467811928104535E-008
  0.87249026743053193       -4.7076500657825445E-008
  0.87876717582931274       -3.9732651716496727E-008
  0.88504408422809355       -3.3352234873527001E-008
  0.89132099262687436       -2.7847565020071292E-008
  0.89759790102565518       -2.3130374629962513E-008
  0.90387480942443599       -1.9114248233150647E-008
  0.91015171782321680       -1.5716460388207430E-008
  0.91642862622199761       -1.2859297327605747E-008
  0.92270553462077842       -1.0470923390483312E-008
  0.92898244301955923       -8.4858773748462131E-009
  0.93525935141834005       -6.8452590895988102E-009
  0.94153625981712086       -5.4966818441371836E-009
  0.94781316821590167       -4.3940378459810611E-009
  0.95409007661468248       -3.4971443897988372E-009
  0.96036698501346329       -2.7712956139763033E-009
  0.96664389341224410       -2.1867738845132048E-009
  0.97292080181102492       -1.7183352933030955E-009
  0.97919771020980562       -1.3447012683695577E-009
  0.98547461860858643       -1.0480626295096928E-009
  0.99175152700736724       -8.1362110428032742E-010
  0.99802843540614805       -6.2915620963952130E-010
   1.0043053438049290       -4.8464718696413742E-010
   1.0105822522037098       -3.7192089152110349E-010
   1.0168591606024906       -2.8435572531606604E-010
   1.0231360690012714       -2.1661346451670493E-010
   1.0294129774000522       -1.6441779527055838E-010
   1.0356898857988328       -1.2435894119270085E-010
   1.0419667941976136       -9.3734727036880188E-011
   1.0482437025963944       -7.0410814765008823E-011
   1.0545206109951752       -5.2714122023003634E-011
   1.0607975193939561       -3.9335121863265473E-011
   1.0670744277927369       -2.9257511493083309E-011
   1.0733513361915177       -2.1692386417179513E-011
   1.0796282445902985       -1.6033859640123087E-011
   1.0859051529890793       -1.1814753278937922E-011
   1.0921820613878601       -8.6799998355731923E-012
   1.0984589697866409       -6.3577300087538741E-012
   1.1047358781854217       -4.6438396955082190E-012
   1.1110127865842025       -3.3816020373494350E-012
   1.1172896949829834       -2.4559542986501813E-012
   1.1235666033817642       -1.7776863565936519E-012
   1.1298435117805450       -1.2838194448604378E-012
   1.1361204201793258       -9.2416478349238900E-013
   1.1423973285781066       -6.6390920865052357E-013
   1.1486742369768874       -4.7515831538148619E-013
   1.1549511453756682       -3.4000522285495937E-013
   1.1612280537744490       -2.4209720583955797E-013
   1.1675049621732299       -1.7259554154870414E-013
   1.1737818705720107       -1.2206823389804146E-013
   1.1800587789707915       -8.6582382137850523E-014
   1.1863356873695723       -6.0244965695181325E-014
   1.1926125957683531       -4.2438414507051329E-014
   1.1988895041671339       -2.8975141238882705E-014
   1.2051664125659147       -1.9998081413700837E-014
   1.2114433209646955       -1.3094316283341684E-014
   1.2177202293634763       -9.3826648806086236E-015
   1.2239971377622572       -5.7079714781955352E-015
   1.2302740461610380       -4.3929170423626094E-015
   1.2365509545598188       -2.7675485820006759E-015
   1.2428278629585996       -2.3002065791199324E-015
   1.2491047713573804       -1.4472726714325442E-015
   1.2553816797561612       -1.9069574019981371E-015
   1.2616585881549420       -1.3027263306380682E-015
   1.2679354965537226       -1.8579590893971230E-015
   1.2742124049525034       -1.4655595201794404E-015
   1.2804893133512842       -2.0184187487477685E-015
   1.2867662217500651       -1.2377774292515408E-015
   1.2930431301488459       -1.4608172762808250E-015
   1.2993200385476267       -4.2183083961708084E-016
   1.3055969469464075       -4.0065856337263295E-016
   1.3118738553451883        6.9384346488578538E-016
   1.3181507637439691        4.1771974022631518E-016
   1.3244276721427499        9.6981341332092381E-016
   1.3307045805415307       -5.4965904396305389E-017
   1.3369814889403115        6.2584731285601736E-016
   1.3432583973390924       -3.5305055769587218E-016
   1.3495353057378732        2.4383820704466590E-016
   1.3558122141366540       -5.2603016436215819E-016
   1.3620891225354348       -2.2289232020811722E-017
   1.3683660309342156       -5.9947695146131196E-016
   1.3746429393329964        8.2344198117647823E-017
   1.3809198477317772       -7.5212213547632338E-016
   1.3871967561305580        5.3410000045895350E-017
   1.3934736645293389       -6.2724150900217175E-016
   1.3997505729281197       -4.1189816144440963E-017
   1.4060274813269005       -5.9887219549415017E-016
   1.4123043897256813        3.8145644783011022E-016
   1.4185812981244621       -2.8618617307752558E-016
   1.4248582065232429        4.5413749053507565E-016
   1.4311351149220237       -4.1890026835678825E-016
   1.4374120233208045        8.2414162415225035E-016
   1.4436889317195853        5.2494477799279050E-016
   1.4499658401183662        1.6472803295040944E-015
   1.4562427485171470        1.0587941073226420E-015
   1.4625196569159278        2.1028690962362736E-015
   1.4687965653147086        1.0917916009765355E-015
   1.4750734737134894        1.7905155686557559E-015
   1.4813503821122702        7.5045721217540018E-016
   1.4876272905110510        1.6475076361822909E-015
   1.4939041989098316        7.1206035504056827E-016
   1.5001811073086124        1.6686814221698450E-015
   1.5064580157073932        5.0551970001961930E-016
   1.5127349241061741        1.3177662495638889E-015
   1.5190118325049549        5.1019118706477981E-016
   1.5252887409037357        1.5657205396540808E-015
   1.5315656493025165        7.3910960350470061E-016
   1.5378425577012973        1.9757216519161780E-015
   1.5441194661000781        6.5041210228778051E-016
   1.5503963744988589        1.4980059661194981E-015
   1.5566732828976397        2.8162440734639697E-016
   1.5629501912964205        1.3846078591226047E-015
   1.5692270996952014       -1.8293607135321918E-016
   1.5755040080939822        1.0514599534223791E-015
   1.5817809164927630       -1.4859168787380806E-016
   1.5880578248915438        9.6342794989778880E-016
   1.5943347332903246       -5.3187992444392277E-016
   1.6006116416891054        3.8484165367246568E-016
   1.6068885500878862       -1.6709622942116404E-015
   1.6131654584866670       -7.6784056386241265E-016
   1.6194423668854478       -2.2902566231918110E-015
   1.6257192752842287       -1.0049958847912038E-015
   1.6319961836830095       -2.3671815649853931E-015
   1.6382730920817903       -5.2380942812392609E-016
   1.6445500004805711       -1.5776927434932533E-015
   1.6508269088793519        1.0284178247859428E-015
   1.6571038172781327       -1.9289083499940176E-016
   1.6633807256769135        1.1759530874595515E-015
   1.6696576340756943       -4.6546621431401537E-016
   1.6759345424744752        1.2491847605750664E-015
   1.6822114508732560       -4.9913483036191716E-016
   1.6884883592720368        1.2889273790598240E-015
   1.6947652676708176       -7.2676382928521994E-016
   1.7010421760695984        6.5038592471810681E-016
   1.7073190844683792       -1.4557530852625933E-015
   1.7135959928671600        4.2622902553383480E-016
   1.7198729012659408       -9.8317364329015532E-016
   1.7261498096647214        1.4249952967648843E-015
   1.7324267180635022       -1.2164568568110310E-016
   1.7387036264622830        3.3490346462523402E-015
   1.7449805348610639        2.9948448886130373E-015
   1.7512574432598447        8.0108880942598834E-015
   1.7575343516586255        9.2324888732694676E-015
   1.7638112600574063        1.6580064598379829E-014
   1.7700881684561871        2.1353870231199407E-014
   1.7763650768549679        3.4487950270360426E-014
   1.7826419852537487        4.8037658096999948E-014
   1.7889188936525295        7.4576798203087537E-014
   1.7951958020513104        1.0717509802579873E-013
   1.8014727104500912        1.6164392444050521E-013
   1.8077496188488720        2.3516468744144770E-013
   1.8140265272476528        3.5153502317703675E-013
   1.8203034356464336        5.1651598338483412E-013
   1.8265803440452144        7.6762724679197029E-013
   1.8328572524439952        1.1296869003638242E-012
   1.8391341608427760        1.6702458109958533E-012
   1.8454110692415568        2.4565342238617258E-012
   1.8516879776403377        3.6187124591555935E-012
   1.8579648860391185        5.3147084473792022E-012
   1.8642417944378993        7.8073779897188351E-012
   1.8705187028366801        1.1445338091181633E-011
   1.8767956112354609        1.6770599558430896E-011
   1.8830725196342417        2.4532144453550835E-011
   1.8893494280330225        3.5851778546106724E-011
   1.8956263364318033        5.2312897995902571E-011
   1.9019032448305841        7.6239596951514169E-011
   1.9081801532293650        1.1093830906803847E-010
   1.9144570616281458        1.6120342229991376E-010
   1.9207339700269266        2.3386903408225462E-010
   1.9270108784257074        3.3876389725056670E-010
   1.9332877868244882        4.8988189701152130E-010
   1.9395646952232690        7.0721624972593046E-010
   1.9458416036220498        1.0191527829274246E-009
   1.9521185120208304        1.4660172733137117E-009
   1.9583954204196112        2.1048375932220126E-009
   1.9646723288183920        3.0161922895513697E-009
   1.9709492372171729        4.3135208994764262E-009
   1.9772261456159537        6.1562450819457262E-009
   1.9835030540147345        8.7676823931238271E-009
   1.9897799624135153        1.2459948197600450E-008
   1.9960568708122961        1.7667913719779143E-008
   2.0023337792110771        2.4995918982037258E-008
   2.0086106876098579        3.5281224085685557E-008
   2.0148875960086388        4.9680499859933036E-008
   2.0211645044074196        6.9786671349629127E-008
   2.0274414128062004        9.7786822326874716E-008
   2.0337183212049812        1.3667412836180169E-007
   2.0399952296037620        1.9053187302119831E-007
   2.0462721380025428        2.6491184791310627E-007
   2.0525490464013236        3.6733717346480332E-007
   2.0588259548001044        5.0796689834583417E-007
   2.0651028631988853        7.0047142668082402E-007
   2.0713797715976656        9.6317976473305833E-007
   2.0776566799964464        1.3205769980285752E-006
   2.0839335883952272        1.8052489505405627E-006
   2.0902104967940081        2.4603963526417953E-006
   2.0964874051927889        3.3430683458230709E-006
   2.1027643135915697        4.5283009590086127E-006
   2.1090412219903505        6.1143850707716653E-006
   2.1153181303891313        8.2295367977381826E-006
   2.1215950387879121        1.1040295292042394E-005
   2.1278719471866929        1.4762035120777948E-005
   2.1341488555854737        1.9672045380063277E-005
   2.1404257639842545        2.6125701706343193E-005
   2.1467026723830354        3.4576331090294452E-005
   2.1529795807818162        4.5599448043931967E-005
   2.1592564891805970        5.9922111947891319E-005
   2.1655333975793778        7.8458222722149724E-005
   2.1718103059781586        1.0235061892845320E-004
   2.1780872143769394        1.3302086986376476E-004
   2.1843641227757202        1.7222763959378760E-004
   2.1906410311745010        2.2213444395536170E-004
   2.1969179395732819        2.8538749410402718E-004
   2.2031948479720627        3.6520411727093005E-004
   2.2094717563708435        4.6547193460091572E-004
   2.2157486647696243        5.9085855188877837E-004
   2.2220255731684051        7.4693094645195146E-004
   2.2283024815671859        9.4028301126719137E-004
   2.2345793899659667        1.1786688127212021E-003
   2.2408562983647475        1.4711380427644149E-003
   2.2471332067635283        1.8281688764426609E-003
   2.2534101151623092        2.2617920194157371E-003
   2.2596870235610900        2.7856981420079268E-003
   2.2659639319598708        3.4153192282775301E-003
   2.2722408403586516        4.1678726379799419E-003
   2.2785177487574324        5.0623550190296331E-003
   2.2847946571562132        6.1194712896032472E-003
   2.2910715655549940        7.3614819286639856E-003
   2.2973484739537748        8.8119517905861783E-003
   2.3036253823525557        1.0495383483320785E-002
   2.3099022907513365        1.2436718702631987E-002
   2.3161791991501173        1.4660692547224338E-002
   2.3224561075488981        1.7191028723782455E-002
   2.3287330159476789        2.0049467924741507E-002
   2.3350099243464597        2.3254627624403754E-002
   2.3412868327452405        2.6820699245114914E-002
   2.3475637411440213        3.0755998051592934E-002
   2.3538406495428021        3.5061392204075434E-002
   2.3601175579415830        3.9728649851768133E-002
   2.3663944663403638        4.4738756668706740E-002
   2.3726713747391446        5.0060270208082076E-002
   2.3789482831379254        5.5647791246772875E-002
   2.3852251915367062        6.1440644937937772E-002
   2.3915020999354870        6.7361875164499263E-002
   2.3977790083342678        7.3317662736160222E-002
   2.4040559167330486        7.9197280941874157E-002
   2.4103328251318294        8.4873699120040738E-002
   2.4166097335306103        9.0204935450994228E-002
   2.4228866419293911        9.5036243005794149E-002
   2.4291635503281719        9.9203187904750745E-002
   2.4354404587269527       0.10253564475754114     
   2.4417173671257335       0.10486269313121049     
   2.4479942755245143       0.10601835019130224     
   2.4542711839232951       0.10584801927266695     
   2.4605480923220759       0.10421546211210833     
   2.4668250007208568       0.10101004902072346     
   2.4731019091196376        9.6154031660260555E-002
   2.4793788175184184        8.9609524117405776E-002
   2.4856557259171992        8.1384833785595787E-002
   2.4919326343159800        7.1539762537284085E-002
   2.4982095427147608        6.0189494139719309E-002
   2.5044864511135416        4.7506700262300500E-002
   2.5107633595123224        3.3721535698415302E-002
   2.5170402679111032        1.9119255348880475E-002
   2.5233171763098841        4.0352702253368391E-003
   2.5295940847086644       -1.1152434158827110E-002
   2.5358709931074452       -2.6033469839866083E-002
   2.5421479015062260       -4.0177624926598508E-002
   2.5484248099050069       -5.3149521449242197E-002
   2.5547017183037877       -6.4524883283444093E-002
   2.5609786267025685       -7.3907812508256523E-002
   2.5672555351013493       -8.0948358633141079E-002
   2.5735324435001301       -8.5359578547686513E-002
   2.5798093518989109       -8.6933233704093296E-002
   2.5860862602976917       -8.5553261706875189E-002
   2.5923631686964725       -8.1206196765558639E-002
   2.5986400770952534       -7.3987799747653737E-002
   2.6049169854940342       -6.4105293142715195E-002
   2.6111938938928150       -5.1874775612944402E-002
   2.6174708022915958       -3.7713607971211240E-002
   2.6237477106903766       -2.2127808003559124E-002
   2.6300246190891574       -5.6947524585609730E-003
   2.6363015274879382        1.0958250752473619E-002
   2.6425784358867190        2.7178694945854051E-002
   2.6488553442854998        4.2315869228997327E-002
   2.6551322526842807        5.5748913469526262E-002
   2.6614091610830615        6.6914621213220421E-002
   2.6676860694818423        7.5333631009325511E-002
   2.6739629778806231        8.0633671075514002E-002
   2.6802398862794039        8.2568619725878159E-002
   2.6865167946781847        8.1032311962486114E-002
   2.6927937030769655        7.6066254166411273E-002
   2.6990706114757463        6.7860693025059843E-002
   2.7053475198745272        5.6748807364737058E-002
   2.7116244282733080        4.3194135410877486E-002
   2.7179013366720888        2.7771696520454334E-002
   2.7241782450708696        1.1143596362220535E-002
   2.7304551534696504       -5.9698007607981171E-003
   2.7367320618684312       -2.2821806183109992E-002
   2.7430089702672120       -3.8672945163554677E-002
   2.7492858786659928       -5.2824497058891424E-002
   2.7555627870647736       -6.4650418605211063E-002
   2.7618396954635545       -7.3626099305294970E-002
   2.7681166038623353       -7.9352546755692907E-002
   2.7743935122611161       -8.1574821832618508E-002
   2.7806704206598969       -8.0193826885476036E-002
   2.7869473290586777       -7.5270879258920592E-002
   2.7932242374574585       -6.7024859508757001E-002
   2.7995011458562393       -5.5822089825589422E-002
   2.8057780542550201       -4.2159452163934720E-002
   2.8120549626538009       -2.6641580143818112E-002
   2.8183318710525818       -9.9532529358275536E-003
   2.8246087794513626        7.1716592266839133E-003
   2.8308856878501434        2.3983209870887316E-002
   2.8371625962489242        3.9748796046853857E-002
   2.8434395046477050        5.3785436958825421E-002
   2.8497164130464858        6.5489450008439906E-002
   2.8559933214452666        7.4362215830323930E-002
   2.8622702298440474        8.0030935437098980E-002
   2.8685471382428283        8.2263540013646469E-002
   2.8748240466416091        8.0977202870533671E-002
   2.8811009550403899        7.6240208271093360E-002
   2.8873778634391707        6.8267237962250843E-002
   2.8936547718379515        5.7408428615676993E-002
   2.8999316802367323        4.4132818901461555E-002
   2.9062085886355131        2.9007032385401841E-002
   2.9124854970342939        1.2670223254620690E-002
   2.9187624054330747       -4.1935599805403134E-003
   2.9250393138318556       -2.0884365201983061E-002
   2.9313162222306364       -3.6715437866695247E-002
   2.9375931306294172       -5.1041226070261840E-002
   2.9438700390281980       -6.3283169580853629E-002
   2.9501469474269788       -7.2952282252646772E-002
   2.9564238558257596       -7.9667701579544295E-002
   2.9627007642245404       -8.3170569284821777E-002
   2.9689776726233212       -8.3332814019291893E-002
   2.9752545810221021       -8.0160621298482712E-002
   2.9815314894208829       -7.3792592455725434E-002
   2.9878083978196632       -6.4492802254813783E-002
   2.9940853062184440       -5.2639126118062513E-002
   3.0003622146172249       -3.8707368439151006E-002
   3.0066391230160057       -2.3251870985011292E-002
   3.0129160314147865       -6.8833918445845178E-003
   3.0191929398135673        9.7548758059423733E-003
   3.0254698482123481        2.6012230091326475E-002
   3.0317467566111289        4.1255404090640775E-002
   3.0380236650099097        5.4892618102338031E-002
   3.0443005734086905        6.6395880994582213E-002
   3.0505774818074713        7.5320757546071149E-002
   3.0568543902062522        8.1322918782286452E-002
   3.0631312986050330        8.4170912326276298E-002
   3.0694082070038138        8.3754725235013081E-002
   3.0756851154025946        8.0089858387957027E-002
   3.0819620238013754        7.3316784467110041E-002
   3.0882389322001562        6.3695816626754373E-002
   3.0945158405989370        5.1597567476712777E-002
   3.1007927489977178        3.7489324131035728E-002
   3.1070696573964987        2.1917800620223468E-002
   3.1133465657952795        5.4888507997853993E-003
   3.1196234741940603       -1.1155170609472402E-002
   3.1259003825928411       -2.7359626189656316E-002
   3.1321772909916219       -4.2482558106072196E-002
   3.1384541993904027       -5.5919520380686073E-002
   3.1447311077891835       -6.7127394390639722E-002
   3.1510080161879643       -7.5646314078151741E-002
   3.1572849245867451       -8.1118884272874614E-002
   3.1635618329855260       -8.3305961481713806E-002
   3.1698387413843068       -8.2098289486853632E-002
   3.1761156497830876       -7.7523383310689253E-002
   3.1823925581818684       -6.9747209785923456E-002
   3.1886694665806492       -5.9070385352317220E-002
   3.1949463749794300       -4.5918807989828822E-002
   3.2012232833782108       -3.0828854785215840E-002
   3.2075001917769916       -1.4427503592188353E-002
   3.2137771001757724        2.5920325503341010E-003
   3.2200540085745533        1.9498345174976728E-002
   3.2263309169733341        3.5552523722939031E-002
   3.2326078253721149        5.0040301981583678E-002
   3.2388847337708957        6.2304316390897015E-002
   3.2451616421696765        7.1775043713581205E-002
   3.2514385505684573        7.7998953366204382E-002
   3.2577154589672381        8.0662443851575269E-002
   3.2639923673660189        7.9610238239065878E-002
   3.2702692757647998        7.4857092001119702E-002
   3.2765461841635806        6.6591915764684026E-002
   3.2828230925623614        5.5173729367980297E-002
   3.2891000009611422        4.1119231692488892E-002
   3.2953769093599230        2.5082178367192141E-002
   3.3016538177587038        7.8251883084534922E-003
   3.3079307261574846       -9.8149714702408051E-003
   3.3142076345562654       -2.6967168936170072E-002
   3.3204845429550462       -4.2768948657651663E-002
   3.3267614513538271       -5.6410740318313821E-002
   3.3330383597526079       -6.7178956323453512E-002
   3.3393152681513887       -7.4495628694639895E-002
   3.3455921765501695       -7.7952288888681970E-002
   3.3518690849489503       -7.7335983548231263E-002
   3.3581459933477311       -7.2645643502735877E-002
   3.3644229017465119       -6.4097472755632739E-002
   3.3706998101452927       -5.2118580989222285E-002
   3.3769767185440736       -3.7328720989641746E-002
   3.3832536269428544       -2.0510677746217065E-002
   3.3895305353416352       -2.5705493303668247E-003
   3.3958074437404160        1.5510182035314631E-002
   3.4020843521391968        3.2728311144336789E-002
   3.4083612605379776        4.8115367707548387E-002
   3.4146381689367584        6.0793635872347644E-002
   3.4209150773355392        7.0028387962832922E-002
   3.4271919857343200        7.5273078433133550E-002
   3.4334688941331009        7.6204548622068977E-002
   3.4397458025318817        7.2745800130027918E-002
   3.4460227109306620        6.5074581474000234E-002
   3.4522996193294428        5.3616862276277086E-002
   3.4585765277282237        3.9025192792728897E-002
   3.4648534361270045        2.2142906031424697E-002
   3.4711303445257853        3.9560515513353059E-003
   3.4774072529245661       -1.4464210462777544E-002
   3.4836841613233469       -3.2025340165508231E-002
   3.4899610697221277       -4.7679379610270502E-002
   3.4962379781209085       -6.0487017354025535E-002
   3.5025148865196893       -6.9675664928945530E-002
   3.5087917949184702       -7.4687759513488383E-002
   3.5150687033172510       -7.5216087194818010E-002
   3.5213456117160318       -7.1223748993479150E-002
   3.5276225201148126       -6.2947373004288987E-002
   3.5338994285135934       -5.0883261879131489E-002
   3.5401763369123742       -3.5757284273571686E-002
   3.5464532453111550       -1.8480391443249162E-002
   3.5527301537099358       -9.2590883838586987E-005
   3.5590070621087166        1.8301029956013237E-002
   3.5652839705074975        3.5598119049386194E-002
   3.5715608789062783        5.0766365544581818E-002
   3.5778377873050591        6.2906005272825277E-002
   3.5841146957038399        7.1303584064830006E-002
   3.5903916041026207        7.5473649605913060E-002
   3.5966685125014015        7.5185873732685274E-002
   3.6029454209001823        7.0476095772161920E-002
   3.6092223292989631        6.1640852163987479E-002
   3.6154992376977440        4.9216041483642663E-002
   3.6217761460965248        3.3941391146864217E-002
   3.6280530544953056        1.6713273065780489E-002
   3.6343299628940864       -1.4708976208567300E-003
   3.6406068712928672       -1.9572996163054839E-002
   3.6468837796916480       -3.6575379561982771E-002
   3.6531606880904288       -5.1539135743931749E-002
   3.6594375964892096       -6.3655915304675098E-002
   3.6657145048879904       -7.2290412654365893E-002
   3.6719914132867713       -7.7011276975086598E-002
   3.6782683216855521       -7.7609057692438574E-002
   3.6845452300843329       -7.4100658181470977E-002
   3.6908221384831137       -6.6720661639414078E-002
   3.6970990468818945       -5.5900713234280815E-002
   3.7033759552806753       -4.2238810058892788E-002
   3.7096528636794561       -2.6460860080719913E-002
   3.7159297720782369       -9.3771971924505749E-003
   3.7222066804770177        8.1631300483616161E-003
   3.7284835888757986        2.5317537138001243E-002
   3.7347604972745794        4.1292020609348397E-002
   3.7410374056733602        5.5378055515918241E-002
   3.7473143140721410        6.6982592485110501E-002
   3.7535912224709218        7.5650015047167368E-002
   3.7598681308697026        8.1075483077257315E-002
   3.7661450392684834        8.3109637767476582E-002
   3.7724219476672642        8.1755143396461727E-002
   3.7786988560660451        7.7155963973479652E-002
   3.7849757644648259        6.9580599301938717E-002
   3.7912526728636067        5.9400724469939395E-002
   3.7975295812623875        4.7066786839422871E-002
   3.8038064896611683        3.3082120570139428E-002
   3.8100833980599491        1.7977052036450052E-002
   3.8163603064587299        2.2843065733311818E-003
   3.8226372148575107       -1.3483193020734866E-002
   3.8289141232562915       -2.8851302072584507E-002
   3.8351910316550724       -4.3399842093470475E-002
   3.8414679400538532       -5.6773709302506928E-002
   3.8477448484526340       -6.8689863075815066E-002
   3.8540217568514148       -7.8940369223752055E-002
   3.8602986652501956       -8.7391840182213409E-002
   3.8665755736489764       -9.3981766318242982E-002
   3.8728524820477572       -9.8712335045060301E-002
   3.8791293904465380      -0.10164237424101098     
   3.8854062988453189      -0.10287805741680145     
   3.8916832072440997      -0.10256297470061056     
   3.8979601156428805      -0.10086811258344233     
   3.9042370240416608       -9.7982204707932105E-002
   3.9105139324404417       -9.4102823746466543E-002
   3.9167908408392225       -8.9428487870575404E-002
   3.9230677492380033       -8.4151960781321325E-002
   3.9293446576367841       -7.8454836744621115E-002
   3.9356215660355649       -7.2503425279631079E-002
   3.9418984744343457       -6.6445886401574186E-002
   3.9481753828331265       -6.0410517778552976E-002
   3.9544522912319073       -5.4505059853497143E-002
   3.9607291996306881       -4.8816863138152145E-002
   3.9670061080294690       -4.3413752042770704E-002
   3.9732830164282498       -3.8345419940343080E-002
   3.9795599248270306       -3.3645198583701526E-002
   3.9858368332258114       -2.9332059420557208E-002
   3.9921137416245922       -2.5412722744635987E-002
   3.9983906500233730       -2.1883771207007855E-002
   4.0046675584221543       -1.8733685407656991E-002
   4.0109444668209351       -1.5944739902837488E-002
   4.0172213752197159       -1.3494717004347527E-002
   4.0234982836184967       -1.1358412631729113E-002
   4.0297751920172775       -9.5089223441969344E-003
   4.0360521004160583       -7.9187072766260178E-003
   4.0423290088148391       -6.5604507999240036E-003
   4.0486059172136200       -5.4077220086179694E-003
   4.0548828256124008       -4.4354655887747967E-003
   4.0611597340111816       -3.6203401061903943E-003
   4.0674366424099624       -2.9409276650108384E-003
   4.0737135508087432       -2.3778375892701794E-003
   4.0799904592075240       -1.9137255312582230E-003
   4.0862673676063048       -1.5332475479724491E-003
   4.0925442760050856       -1.2229664225354049E-003
   4.0988211844038664       -9.7122507584057832E-004
   4.1050980928026473       -7.6799945267522326E-004
   4.1113750012014281       -6.0474091641812984E-004
   4.1176519096002089       -4.7421601348049815E-004
   4.1239288179989897       -3.7034953952732160E-004
   4.1302057263977705       -2.8807516704294815E-004
   4.1364826347965504       -2.2319649530195586E-004
   4.1427595431953312       -1.7226023958960606E-004
   4.1490364515941121       -1.3244237659096420E-004
   4.1553133599928929       -1.0144737269939170E-004
   4.1615902683916737       -7.7420120575676790E-005
   4.1678671767904545       -5.8869859468657338E-005
   4.1741440851892353       -4.4605134774303965E-005
   4.1804209935880161       -3.3678729120768561E-005
   4.1866979019867969       -2.5341453450259766E-005
   4.1929748103855777       -1.9003696165562769E-005
   4.1992517187843585       -1.4203679910467345E-005
   4.2055286271831394       -1.0581450239259935E-005
   4.2118055355819202       -7.8577119379208542E-006
   4.2180824439807010       -5.8167244399496188E-006
   4.2243593523794818       -4.2925669258786793E-006
   4.2306362607782626       -3.1581767197170083E-006
   4.2369131691770434       -2.3166530326061737E-006
   4.2431900775758242       -1.6943967037488663E-006
   4.2494669859746050       -1.2357282556823625E-006
   4.2557438943733858       -8.9868765075636988E-007
   4.2620208027721667       -6.5177332076324206E-007
   4.2682977111709475       -4.7142261019139558E-007
   4.2745746195697283       -3.4007465422697650E-007
   4.2808515279685091       -2.4468766965744947E-007
   4.2871284363672899       -1.7560943366507529E-007
   4.2934053447660707       -1.2572030661862529E-007
   4.2996822531648515       -8.9786047960909757E-008
   4.3059591615636323       -6.3970832140419822E-008
   4.3122360699624132       -4.5472513475988557E-008
   4.3185129783611940       -3.2250289690686465E-008
   4.3247898867599748       -2.2822344687440682E-008
   4.3310667951587556       -1.6115832126662315E-008
   4.3373437035575364       -1.1356268067195920E-008
   4.3436206119563172       -7.9860621610008804E-009
   4.3498975203550980       -5.6049135028691456E-009
   4.3561744287538788       -3.9261570106864930E-009
   4.3624513371526596       -2.7450783420518362E-009
   4.3687282455514405       -1.9158095847764643E-009
   4.3750051539502213       -1.3347107218191957E-009
   4.3812820623490021       -9.2827910640003769E-010
   4.3875589707477829       -6.4454728965177789E-010
   4.3938358791465637       -4.4681786231695538E-010
   4.4001127875453445       -3.0927066656318614E-010
   4.4063896959441253       -2.1373903765622997E-010
   4.4126666043429061       -1.4750610192647641E-010
   4.4189435127416870       -1.0164993609697294E-010
   4.4252204211404678       -6.9957672082939652E-011
   4.4314973295392486       -4.8078514952154277E-011
   4.4377742379380294       -3.3003919277087614E-011
   4.4440511463368102       -2.2623915311502541E-011
   4.4503280547355910       -1.5493581508716919E-011
   4.4566049631343718       -1.0594491665971535E-011
   4.4628818715331526       -7.2404858025750504E-012
   4.4691587799319334       -4.9392979749953736E-012
   4.4754356883307143       -3.3694164274395470E-012
   4.4817125967294951       -2.2927710177172890E-012
   4.4879895051282759       -1.5620719297491072E-012
   4.4942664135270567       -1.0600387017358727E-012
   4.5005433219258375       -7.2222456893308292E-013
   4.5068202303246183       -4.8841672075582148E-013
   4.5130971387233991       -3.3357148452109463E-013
   4.5193740471221799       -2.2513679614931707E-013
   4.5256509555209607       -1.5462186256732860E-013
   4.5319278639197416       -1.0306439306505244E-013
   4.5382047723185224       -7.1127637926395407E-014
   4.5444816807173032       -4.5786775031983299E-014
   4.5507585891160840       -3.2396215579392927E-014
   4.5570354975148648       -2.0135076605114453E-014
   4.5633124059136456       -1.5131608014139668E-014
   4.5695893143124264       -8.7821243238442683E-015
   4.5758662227112072       -7.7592658275146601E-015
   4.5821431311099881       -3.8646170806974554E-015
   4.5884200395087689       -4.4808178891120965E-015
   4.5946969479075497       -1.5118531649759186E-015
   4.6009738563063305       -2.7094060515028217E-015
   4.6072507647051113       -3.8936173720078561E-016
   4.6135276731038921       -1.8383153634432196E-015
   4.6198045815026729        2.3417665890163613E-016
   4.6260814899014537       -1.2437349310221161E-015
   4.6323583983002345        1.1021313357774206E-015
   4.6386353066990154        7.5553978512518245E-017
   4.6449122150977962        1.7130932523488051E-015
   4.6511891234965770        3.1060899681049870E-016
   4.6574660318953578        1.9203477839625905E-015
   4.6637429402941386        1.9361054592741792E-016
   4.6700198486929194        1.7497936671490891E-015
   4.6762967570917002        9.4485533335176925E-018
   4.6825736654904810        1.1880760537343177E-015
   4.6888505738892619       -2.5386473341928928E-016
   4.6951274822880427        1.1134123340447246E-015
   4.7014043906868235       -5.8951658415536790E-016
   4.7076812990856043        8.0649845527991809E-016
   4.7139582074843851       -1.0778230831628988E-015
   4.7202351158831659       -2.5598151551922351E-016
   4.7265120242819467       -1.7287814545779411E-015
   4.7327889326807275       -7.5779724798978047E-016
   4.7390658410795083       -2.3874183840914140E-015
   4.7453427494782892       -1.2153054500318207E-015
   4.7516196578770700       -2.4507540403459805E-015
   4.7578965662758508       -1.0518450594159134E-015
   4.7641734746746316       -2.0240172943413372E-015
   4.7704503830734124       -3.4993515915861004E-016
   4.7767272914721932       -1.2457041171602180E-015
   4.7830041998709740        6.0379364609724126E-016
   4.7892811082697548       -1.2665173667156912E-016
   4.7955580166685357        1.5112006247636556E-015
   4.8018349250673165        3.2178338390437560E-016
   4.8081118334660973        1.1568335510968220E-015
   4.8143887418648781       -2.9566842561791753E-016
   4.8206656502636589        6.4177903376720666E-016
   4.8269425586624397       -1.6586294928844486E-016
   4.8332194670612205        1.4517542660887324E-015
   4.8394963754600013        8.5412424773190892E-016
   4.8457732838587821        2.2832917396431992E-015
   4.8520501922575630        1.4715017228537101E-015
   4.8583271006563438        2.4009458679137540E-015
   4.8646040090551246        1.6174602716862912E-015
   4.8708809174539054        3.1124644222216099E-015
   4.8771578258526862        2.6321522309992690E-015
   4.8834347342514670        3.3884673566505969E-015
   4.8897116426502478        1.8114419359944422E-015
   4.8959885510490286        2.5625835923283349E-015
   4.9022654594478094        1.6474260625911430E-015
   4.9085423678465903        2.4006091570013893E-015
   4.9148192762453711        1.5207094293282478E-015
   4.9210961846441519        2.6864000440802730E-015
   4.9273730930429327        1.9730430156835082E-015
   4.9336500014417135        2.6099756482544905E-015
   4.9399269098404943        1.2240748734880444E-015
   4.9462038182392751        1.8111582347002087E-015
   4.9524807266380559        8.7841257713519772E-016
   4.9587576350368368        1.3252368879398980E-015
   4.9650345434356176        2.9165182136703736E-016
   4.9713114518343984        1.3232735610391507E-015
   4.9775883602331792        4.9633379342175244E-016
   4.9838652686319600        1.2131740326387273E-015
   4.9901421770307408        4.3529638606676216E-016
   4.9964190854295216        1.1591115661024336E-015
   5.0026959938283024        4.2535151723724643E-016
   5.0089729022270832        1.1675685454602262E-015
   5.0152498106258641        5.5835921164443026E-016
   5.0215267190246449        1.6388032313571923E-015
   5.0278036274234257        9.5129829263172538E-016
   5.0340805358222065        1.8236909685312125E-015
   5.0403574442209873        1.0459783257513577E-015
   5.0466343526197681        1.7651522710350110E-015
   5.0529112610185480        6.8356656767841352E-016
   5.0591881694173289        1.2088444442077992E-015
   5.0654650778161097        2.7455429916268362E-016
   5.0717419862148905        1.2617077930372207E-015
   5.0780188946136713        1.1434587005059206E-015
   5.0842958030124521        2.8699947151375539E-015
   5.0905727114112329        3.5318933930102984E-015
   5.0968496198100137        5.9996206233321518E-015
   5.1031265282087945        7.7037821385282494E-015
   5.1094034366075753        1.1980205337708028E-014
   5.1156803450063562        1.6085937922336401E-014
   5.1219572534051370        2.3657303363595599E-014
   5.1282341618039178        3.2792236441059415E-014
   5.1345110702026986        4.6969837676312515E-014
   5.1407879786014794        6.5976842846388165E-014
   5.1470648870002602        9.4298279630639061E-014
   5.1533417953990410        1.3239382382819354E-013
   5.1596187037978218        1.8761160899751833E-013
   5.1658956121966026        2.6330359193755565E-013
   5.1721725205953835        3.7003665669131923E-013
   5.1784494289941643        5.1618196854692277E-013
   5.1847263373929451        7.2005734026746294E-013
   5.1910032457917259        1.0001309230472635E-012
   5.1972801541905067        1.3859498132684103E-012
   5.2035570625892875        1.9131591560216796E-012
   5.2098339709880683        2.6347241470706387E-012
   5.2161108793868491        3.6167888914100114E-012
   5.2223877877856300        4.9522615522317969E-012
   5.2286646961844108        6.7593468515206654E-012
   5.2349416045831916        9.1994753794870780E-012
   5.2412185129819724        1.2480286819349940E-011
   5.2474954213807532        1.6879676549124213E-011
   5.2537723297795340        2.2755877772299482E-011
   5.2600492381783148        3.0579972652954135E-011
   5.2663261465770956        4.0956921350649894E-011
   5.2726030549758764        5.4673943156591389E-011
   5.2788799633746573        7.2735684113391045E-011
   5.2851568717734381        9.6432676281186534E-011
   5.2914337801722189        1.2740120221775869E-010
   5.2977106885709997        1.6771954804212240E-010
   5.3039875969697805        2.2000116894200090E-010
   5.3102645053685613        2.8752793313128541E-010
   5.3165414137673421        3.7438837019124691E-010
   5.3228183221661229        4.8565890677568302E-010
   5.3290952305649038        6.2759786949612780E-010
   5.3353721389636846        8.0788703808480891E-010
   5.3416490473624654        1.0358889189714536E-009
   5.3479259557612462        1.3229561379447024E-009
   5.3542028641600270        1.6827599179621623E-009
   5.3604797725588078        2.1316640727134157E-009
   5.3667566809575886        2.6891146384565815E-009
   5.3730335893563694        3.3780674168007104E-009
   5.3793104977551502        4.2254120138601114E-009
   5.3855874061539311        5.2624118176219944E-009
   5.3918643145527119        6.5251116735688586E-009
   5.3981412229514927        8.0547212373519548E-009
   5.4044181313502735        9.8979110323630578E-009
   5.4106950397490543        1.2107029134613715E-008
   5.4169719481478351        1.4740158764199387E-008
   5.4232488565466159        1.7861008963921287E-008
   5.4295257649453967        2.1538554004758279E-008
   5.4358026733441775        2.5846401615343457E-008
   5.4420795817429584        3.0861799599850900E-008
   5.4483564901417392        3.6664264853947451E-008
   5.4546333985405200        4.3333744551652310E-008
   5.4609103069393008        5.0948302075158919E-008
   5.4671872153380816        5.9581263606712889E-008
   5.4734641237368624        6.9297837488404048E-008
   5.4797410321356432        8.0151185275020451E-008
   5.4860179405344240        9.2178007501036339E-008
   5.4922948489332049        1.0539367763032273E-007
   5.4985717573319857        1.1978706297994557E-007
   5.5048486657307665        1.3531514340939448E-007
   5.5111255741295473        1.5189765497134495E-007
   5.5174024825283281        1.6941195467331485E-007
   5.5236793909271089        1.8768842329769918E-007
   5.5299562993258897        2.0650668830348541E-007
   5.5362332077246705        2.2559303972205777E-007
   5.5425101161234513        2.4461937380443315E-007
   5.5487870245222322        2.6320405206009086E-007
   5.5550639329210130        2.8091499543598343E-007
   5.5613408413197938        2.9727533602919685E-007
   5.5676177497185746        3.1177183371788919E-007
   5.5738946581173554        3.2386622353684044E-007
   5.5801715665161362        3.3300948494355582E-007
   5.5864484749149170        3.3865892637926373E-007
   5.5927253833136978        3.4029777559940151E-007
   5.5990022917124787        3.3745679871931423E-007
   5.6052792001112595        3.2973719711924623E-007
   5.6115561085100403        3.1683401696039562E-007
   5.6178330169088211        2.9855913546752273E-007
   5.6241099253076019        2.7486276359987692E-007
   5.6303868337063827        2.4585224541268550E-007
   5.6366637421051635        2.1180695153836283E-007
   5.6429406505039443        1.7318802561352932E-007
   5.6492175589027251        1.3064188096942781E-007
   5.6554944673015060        8.4996456757308906E-008
   5.6617713757002868        3.7249530191300150E-008
   5.6680482840990676       -1.1451369805122508E-008
   5.6743251924978484       -5.9837470053475446E-008
   5.6806021008966292       -1.0655534204515297E-007
   5.6868790092954100       -1.5021073339551129E-007
   5.6931559176941908       -1.8941837737787543E-007
   5.6994328260929716       -2.2285604460940510E-007
   5.7057097344917524       -2.4932073156994202E-007
   5.7119866428905333       -2.6778451827286066E-007
   5.7182635512893141       -2.7744744876965802E-007
   5.7245404596880949       -2.7778464179787930E-007
   5.7308173680868757       -2.6858492647042030E-007
   5.7370942764856565       -2.4997844858138584E-007
   5.7433711848844373       -2.2245110280885708E-007
   5.7496480932832181       -1.8684409474041212E-007
   5.7559250016819989       -1.4433762569509585E-007
   5.7622019100807798       -9.6418399649160891E-008
   5.7684788184795606       -4.4831504511833351E-008
   5.7747557268783414        8.4819706429215765E-009
   5.7810326352771222        6.1459330980487714E-008
   5.7873095436759030        1.1199968014587378E-007
   5.7935864520746838        1.5805269731234505E-007
   5.7998633604734646        1.9770875547940826E-007
   5.8061402688722454        2.2928604178520838E-007
   5.8124171772710262        2.5141035755210272E-007
   5.8186940856698071        2.6308341945179675E-007
   5.8249709940685879        2.6373595432529749E-007
   5.8312479024673687        2.5326248750633195E-007
   5.8375248108661495        2.3203559178227122E-007
   5.8438017192649303        2.0089830894075053E-007
   5.8500786276637111        1.6113456218114799E-007
   5.8563555360624919        1.1441846885235862E-007
   5.8626324444612727        6.2744576415395923E-008
   5.8689093528600536        8.3420223818536691E-009
   5.8751862612588344       -4.6423464877858541E-008
   5.8814631696576152       -9.9155188821629381E-008
   5.8877400780563960       -1.4753369553021272E-007
   5.8940169864551768       -1.8942239251347077E-007
   5.9002938948539576       -2.2296544429796285E-007
   5.9065708032527384       -2.4667319130887650E-007
   5.9128477116515192       -2.5949091035855722E-007
   5.9191246200503000       -2.6084757853817161E-007
   5.9254015284490809       -2.5068226579296798E-007
   5.9316784368478617       -2.2944690906257492E-007
   5.9379553452466425       -1.9808537021894042E-007
   5.9442322536454233       -1.5798986637923210E-007
   5.9505091620442041       -1.1093692601024884E-007
   5.9567860704429849       -5.9006047530429122E-008
   5.9630629788417657       -4.4850558156936847E-009
   5.9693398872405457        5.0233247124286454E-008
   5.9756167956393265        1.0275824511315869E-007
   5.9818937040381073        1.5080746097262378E-007
   5.9881706124368881        1.9230646930233084E-007
   5.9944475208356689        2.2547827962685119E-007
   6.0007244292344497        2.4891833315070428E-007
   6.0070013376332305        2.6165197140155822E-007
   6.0132782460320113        2.6317215843490222E-007
   6.0195551544307921        2.5345615990210802E-007
   6.0258320628295730        2.3296090122318058E-007
   6.0321089712283538        2.0259765996088694E-007
   6.0383858796271346        1.6368768393264724E-007
   6.0446627880259154        1.1790108039210781E-007
   6.0509396964246962        6.7182020690600883E-008
   6.0572166048234770        1.3663763307621169E-008
   6.0634935132222578       -4.0422646691499014E-008
   6.0697704216210386       -9.2842029287186935E-008
   6.0760473300198194       -1.4144710753012325E-007
   6.0823242384186003       -1.8426519967311085E-007
   6.0886011468173811       -2.1957614588181376E-007
   6.0948780552161619       -2.4597856461965867E-007
   6.1011549636149427       -2.6244206692410912E-007
   6.1074318720137235       -2.6834373078769105E-007
   6.1137087804125043       -2.6348778785874715E-007
   6.1199856888112851       -2.4810819411938011E-007
   6.1262625972100659       -2.2285442286895825E-007
   6.1325395056088468       -1.8876143844949186E-007
   6.1388164140076276       -1.4720527817953245E-007
   6.1450933224064084       -9.9846211834482874E-008
   6.1513702308051892       -4.8561837444774968E-008
   6.1576471392039700        4.6272043031951187E-009
   6.1639240476027508        5.7636029899490055E-008
   6.1702009560015316        1.0839584912223828E-007
   6.1764778644003124        1.5493289263133906E-007
   6.1827547727990932        1.9544306814792352E-007
   6.1890316811978741        2.2835972092461887E-007
   6.1953085895966549        2.5241211604157801E-007
   6.2015854979954357        2.6667266033647077E-007
   6.2078624063942165        2.7059124948234473E-007
   6.2141393147929973        2.6401561796501689E-007
   6.2204162231917781        2.4719702093845732E-007
   6.2266931315905589        2.2078109738299249E-007
   6.2329700399893397        1.8578423712065897E-007
   6.2392469483881206        1.4355627873677289E-007
   6.2455238567869014        9.5730789796276537E-008
   6.2518007651856822        4.4164624557209412E-008
   6.2580776735844630       -9.1312064182575690E-009
   6.2643545819832438       -6.2066993907882415E-008
   6.2706314903820246       -1.1255354296040093E-007
   6.2769083987808054       -1.5858237031671743E-007
   6.2831853071795862       -1.9830407260215842E-007
