   6.2769083987808056E-003  -3.4179488331690579E-002
   1.2553816797561611E-002  -4.1494423195720720E-002
   1.8830725196342418E-002  -3.4126311849392729E-002
   2.5107633595123222E-002  -1.4675180225531805E-002
   3.1384541993904030E-002   9.9747803767987666E-003
   3.7661450392684835E-002   3.1086691427769198E-002
   4.3938358791465640E-002   4.1166314958836048E-002
   5.0215267190246445E-002   3.6625577541595351E-002
   5.6492175589027249E-002   1.9066868009451912E-002
   6.2769083987808061E-002  -5.2739318932489105E-003
   6.9045992386588859E-002  -2.7735334114533852E-002
   7.5322900785369670E-002  -4.0310069154476907E-002
   8.1599809184150468E-002  -3.8502948558243502E-002
   8.7876717582931280E-002  -2.2945889829745617E-002
   9.4153625981712077E-002   8.1287271797888345E-004
  0.10043053438049289        2.4279109357627199E-002
  0.10670744277927370        3.9046001637942966E-002
  0.11298435117805450        3.9808896464569539E-002
  0.11926125957683531        2.6279458808666261E-002
  0.12553816797561612        3.3055634250540333E-003
  0.13181507637439691       -2.0856062451060354E-002
  0.13809198477317772       -3.7502668994370811E-002
  0.14436889317195853       -4.0622470688529692E-002
  0.15064580157073934       -2.9074340254804824E-002
  0.15692270996952015       -7.0169003629031359E-003
  0.16319961836830094        1.7578370125618397E-002
  0.16947652676708175        3.5802400074369592E-002
  0.17575343516586256        4.1037208388165776E-002
  0.18203034356464337        3.1367403052215213E-002
  0.18830725196342415        1.0292813941375691E-002
  0.19458416036220497       -1.4527079004810090E-002
  0.20086106876098578       -3.4050658147433757E-002
  0.20713797715976659       -4.1148744516446643E-002
  0.21341488555854740       -3.3215416616385406E-002
  0.21969179395732819       -1.3136114493623809E-002
  0.22596870235610900        1.1750776988440233E-002
  0.23224561075488981        3.2329304988206652E-002
  0.23852251915367062        4.1045260739961495E-002
  0.24479942755245140        3.4685954188849726E-002
  0.25107633595123224        1.5574921468139014E-002
  0.25735324435001306       -9.2666443751254109E-003
  0.26363015274879381       -3.0693011415712575E-002
  0.26990706114757462       -4.0800786407204262E-002
  0.27618396954635543       -3.5849885244556130E-002
  0.28246087794513625       -1.7656652250098367E-002
  0.28873778634391706        7.0633402222159665E-003
  0.29501469474269787        2.9168487092742876E-002
  0.30129160314147868        4.0471391797533146E-002
  0.30756851154025949        3.6775998171012306E-002
  0.31384541993904030        1.9442843791836178E-002
  0.32012232833782106       -5.1044840910511617E-003
  0.32639923673660187       -2.7755456279727361E-002
  0.33267614513538268       -4.0093687176276621E-002
  0.33895305353416350       -3.7527771594484352E-002
  0.34522996193294431       -2.1005354840028783E-002
  0.35150687033172512        3.3318388903828783E-003
  0.35778377873050593        2.6428359231372097E-002
  0.36406068712928674        3.9684707110902939E-002
  0.37033759552806755        3.8161669834426350E-002
  0.37661450392684831        2.2423730288707963E-002
  0.38289141232562912       -1.6679982064862380E-003
  0.38916832072440993       -2.5138160646887862E-002
  0.39544522912319074       -3.9241978010016165E-002
  0.40172213752197156       -3.8724895890585330E-002
  0.40799904592075237       -2.3780775373641226E-002
  0.41427595431953318        2.1780601282461133E-005
  0.42055286271831399        2.3816622998518448E-002
  0.42682977111709480        3.8744689494826574E-002
  0.43310667951587556        3.9252827942318769E-002
  0.43938358791465637        2.5157475836787613E-002
  0.44566049631343718        1.7065431896071139E-003
  0.45193740471221799       -2.2379561155390994E-002
  0.45821431311099881       -3.8154170842947401E-002
  0.46449122150977962       -3.9767358750387984E-002
  0.47076812990856043       -2.6630699875316619E-002
  0.47704503830734124       -3.6239006962060587E-003
  0.48332194670612205        2.0726171808395248E-002
  0.48959885510490281        3.7411016410332211E-002
  0.49587576350368362        4.0272661016317227E-002
  0.50215267190246449        2.8269279059412240E-002
  0.50842958030124530        5.8427420906447813E-003
  0.51470648870002611       -1.8737103823058519E-002
  0.52098339709880681       -3.6429485842123653E-002
  0.52726030549758762       -4.0747440217255564E-002
  0.53353721389636843       -3.0126875418374260E-002
  0.53981412229514925       -8.4775828293762404E-003
  0.54609103069393006        1.6272093481906502E-002
  0.55236793909271087        3.5089077453041143E-002
  0.55864484749149168        4.1132442125333679E-002
  0.56492175589027249        3.2229175370067378E-002
  0.57119866428905330        1.1636328836402601E-002
  0.57747557268783412       -1.3170641742979040E-002
  0.58375248108661493       -3.3225202384398259E-002
  0.59002938948539574       -4.1312108269530509E-002
  0.59630629788417655       -3.4551030523498914E-002
  0.60258320628295736       -1.5400135938347556E-002
  0.60886011468173817        9.2619273330680589E-003
  0.61513702308051899        3.0624322412064336E-002
  0.62141393147929980        4.1095663105033826E-002
  0.62769083987808061        3.6989550956531864E-002
  0.63396774827686131        1.9797731394750530E-002
  0.64024465667564212       -4.3800457907249681E-003
  0.64652156507442293       -2.7022487074390002E-002
  0.65279847347320374       -4.0197622925837659E-002
  0.65907538187198456       -3.9330941284709667E-002
  0.66535229027076537       -2.4767917014059997E-002
  0.67162919866954618       -1.6062164975191033E-003
  0.67790610706832699        2.2116119152880181E-002
  0.68418301546710780        3.8222954102376153E-002
  0.69045992386588861        4.1210946375011555E-002
  0.69673683226466943        3.0104644597723485E-002
  0.70301374066345024        8.7390702021742372E-003
  0.70929064906223105       -1.5597363472928517E-002
  0.71556755746101186       -3.4668472694974882E-002
  0.72184446585979267       -4.2076190213612585E-002
  0.72812137425857348       -3.5384483407139691E-002
  0.73439828265735430       -1.6883743988539753E-002
  0.74067519105613511        7.2308627754810737E-003
  0.74695209945491581        2.8960799993987076E-002
  0.75322900785369662        4.1163542620593963E-002
  0.75950591625247743        3.9883400330316961E-002
  0.76578282465125824        2.5598661556652618E-002
  0.77205973305003905        3.0039775117531855E-003
  0.77833664144881987       -2.0567157329868576E-002
  0.78461354984760068       -3.7538865597616648E-002
  0.79089045824638149       -4.2519891429701376E-002
  0.79716736664516230       -3.3986182474446444E-002
  0.80344427504394311       -1.4703908212851788E-002
  0.80972118344272392        9.2083157798437763E-003
  0.81599809184150474        3.0248208007177136E-002
  0.82227500024028555        4.1887799756328170E-002
  0.82855190863906636        4.0578305517762148E-002
  0.83482881703784717        2.6792846881955015E-002
  0.84110572543662798        4.8138059755694932E-003
  0.84738263383540879       -1.8635005477315426E-002
  0.85365954223418961       -3.6463695726874107E-002
  0.85993645063297042       -4.3353307918449498E-002
  0.86621335903175112       -3.7312703700855404E-002
  0.87249026743053193       -2.0209242117918958E-002
  0.87876717582931274        2.8527182082390802E-003
  0.88504408422809355        2.5087638933954829E-002
  0.89132099262687436        4.0035786249553160E-002
  0.89759790102565518        4.3425127426733046E-002
  0.90387480942443599        3.4356325593275491E-002
  0.91015171782321680        1.5493496746781563E-002
  0.91642862622199761       -7.7611385184614872E-003
  0.92270553462077842       -2.8842306943317807E-002
  0.92898244301955923       -4.1880007317761037E-002
  0.93525935141834005       -4.3314348864270207E-002
  0.94153625981712086       -3.2828895585960409E-002
  0.94781316821590167       -1.3369800336980904E-002
  0.95409007661468248        9.7228234537469812E-003
  0.96036698501346329        3.0205374884250846E-002
  0.96664389341224410        4.2621074232946414E-002
  0.97292080181102492        4.3732640602511190E-002
  0.97919771020980562        3.3327710320484850E-002
  0.98547461860858643        1.4208277035912811E-002
  0.99175152700736724       -8.6033878645798475E-003
  0.99802843540614805       -2.9208353258059160E-002
   1.0043053438049290       -4.2359272680984494E-002
   1.0105822522037098       -4.4777447770166241E-002
   1.0168591606024906       -3.5934012500301780E-002
   1.0231360690012714       -1.8119659471906791E-002
   1.0294129774000522        4.1875323103890928E-003
   1.0356898857988328        2.5473601224999365E-002
   1.0419667941976136        4.0557993880929732E-002
   1.0482437025963944        4.5839956961952998E-002
   1.0545206109951752        4.0126666090698121E-002
   1.0607975193939561        2.4861449348727402E-002
   1.0670744277927369        3.7212612378439676E-003
   1.0733513361915177       -1.8297518892733934E-002
   1.0796282445902985       -3.6071960452096243E-002
   1.0859051529890793       -4.5537456529560330E-002
   1.0921820613878601       -4.4593166331206524E-002
   1.0984589697866409       -3.3532958077260318E-002
   1.1047358781854217       -1.4923144124380222E-002
   1.1110127865842025        7.0240261741614700E-003
   1.1172896949829834        2.7422355794350390E-002
   1.1235666033817642        4.1801672821326540E-002
   1.1298435117805450        4.7073123307503704E-002
   1.1361204201793258        4.2165486515055958E-002
   1.1423973285781066        2.8208496900066642E-002
   1.1486742369768874        8.2415717039714485E-003
   1.1549511453756682       -1.3472211868871703E-002
   1.1612280537744490       -3.2367852320959095E-002
   1.1675049621732299       -4.4535041958751714E-002
   1.1737818705720107       -4.7510792862499832E-002
   1.1800587789707915       -4.0751823347695199E-002
   1.1863356873695723       -2.5702606945293287E-002
   1.1926125957683531       -5.4603115919491102E-003
   1.1988895041671339        1.5881511961430304E-002
   1.2051664125659147        3.4068423759016142E-002
   1.2114433209646955        4.5528562558194360E-002
   1.2177202293634763        4.8058682392406606E-002
   1.2239971377622572        4.1224944177921753E-002
   1.2302740461610380        2.6410977822239286E-002
   1.2365509545598188        6.5160029859985119E-003
   1.2428278629585996       -1.4627869207277443E-002
   1.2491047713573804       -3.2999886235021723E-002
   1.2553816797561612       -4.5151552141051689E-002
   1.2616585881549420       -4.8841663741391331E-002
   1.2679354965537226       -4.3431574987110068E-002
   1.2742124049525034       -2.9975037972077016E-002
   1.2804893133512842       -1.0995158322490236E-002
   1.2867662217500651        1.0001862248507666E-002
   1.2930431301488459        2.9180651158424425E-002
   1.2993200385476267        4.3075777310139479E-002
   1.3055969469464075        4.9209504216027079E-002
   1.3118738553451883        4.6520158052297499E-002
   1.3181507637439691        3.5529971481904739E-002
   1.3244276721427499        1.8229303240956295E-002
   1.3307045805415307       -2.2954837676993573E-003
   1.3369814889403115       -2.2419289401349112E-002
   1.3432583973390924       -3.8619361198274006E-002
   1.3495353057378732       -4.8087169735878788E-002
   1.3558122141366540       -4.9206097456261325E-002
   1.3620891225354348       -4.1815691620999018E-002
   1.3683660309342156       -2.7221667050866722E-002
   1.3746429393329964       -7.9550761248842767E-003
   1.3809198477317772        1.2673528925844687E-002
   1.3871967561305580        3.1145573983078666E-002
   1.3934736645293389        4.4332858935763289E-002
   1.3997505729281197        5.0021776577076502E-002
   1.4060274813269005        4.7276772752999623E-002
   1.4123043897256813        3.6584995563336449E-002
   1.4185812981244621        1.9761555027696595E-002
   1.4248582065232429       -3.6514947889756087E-004
   1.4311351149220237       -2.0432620198533868E-002
   1.4374120233208045       -3.7106447921079554E-002
   1.4436889317195853       -4.7631728948784285E-002
   1.4499658401183662       -5.0283244072754682E-002
   1.4562427485171470       -4.4641897732199072E-002
   1.4625196569159278       -3.1654337883946851E-002
   1.4687965653147086       -1.3468577642926733E-002
   1.4750734737134894        6.9250879695083832E-003
   1.4813503821122702        2.6187406716019376E-002
   1.4876272905110510        4.1176313357763630E-002
   1.4939041989098316        4.9456912808637593E-002
   1.5001811073086124        4.9693160273214881E-002
   1.5064580157073932        4.1859024517250404E-002
   1.5127349241061741        2.7236573654778891E-002
   1.5190118325049549        8.2029467789184133E-003
   1.5252887409037357       -1.2157986300401168E-002
   1.5315656493025165       -3.0555692775908219E-002
   1.5378425577012973       -4.4023808319457715E-002
   1.5441194661000781       -5.0396443380862438E-002
   1.5503963744988589       -4.8653965544209282E-002
   1.5566732828976397       -3.9083571886467425E-002
   1.5629501912964205       -2.3229826903221288E-002
   1.5692270996952014       -3.6439599393968732E-003
   1.5755040080939822        1.6527255091374028E-002
   1.5817809164927630        3.4046834439916171E-002
   1.5880578248915438        4.6106170071527161E-002
   1.5943347332903246        5.0774054932883721E-002
   1.6006116416891054        4.7304687627812973E-002
   1.6068885500878862        3.6255847799610365E-002
   1.6131654584866670        1.9398735683708288E-002
   1.6194423668854478       -5.6588067746074239E-004
   1.6257192752842287       -2.0439808567289049E-002
   1.6319961836830095       -3.7038942312075017E-002
   1.6382730920817903       -4.7702638822652736E-002
   1.6445500004805711       -5.0719779949026399E-002
   1.6508269088793519       -4.5603528683811533E-002
   1.6571038172781327       -3.3170753834472565E-002
   1.6633807256769135       -1.5413081879564326E-002
   1.6696576340756943        4.8203397613605023E-003
   1.6759345424744752        2.4278240724923239E-002
   1.6822114508732560        3.9828456900226045E-002
   1.6884883592720368        4.8961844745393328E-002
   1.6947652676708176        5.0198079612081031E-002
   1.7010421760695984        4.3327756033429754E-002
   1.7073190844683792        2.9450982746000155E-002
   1.7135959928671600        1.0804991677884073E-002
   1.7198729012659408       -9.5929196948347784E-003
   1.7261498096647214       -2.8430885132584831E-002
   1.7324267180635022       -4.2638974652214445E-002
   1.7387036264622830       -4.9890271485579202E-002
   1.7449805348610639       -4.8984879869975878E-002
   1.7512574432598447       -4.0053246140039793E-002
   1.7575343516586255       -2.4543732316772614E-002
   1.7638112600574063       -4.9940427914290887E-003
   1.7700881684561871        1.5378616194206586E-002
   1.7763650768549679        3.3203583081971806E-002
   1.7826419852537487        4.5513857826869522E-002
   1.7889188936525295        5.0242652748464491E-002
   1.7951958020513104        4.6576171052628949E-002
   1.8014727104500912        3.5101727099747945E-002
   1.8077496188488720        1.7723195878438468E-002
   1.8140265272476528       -2.6459543144782779E-003
   1.8203034356464336       -2.2564329828794503E-002
   1.8265803440452144       -3.8640859942589111E-002
   1.8328572524439952       -4.8113441634632478E-002
   1.8391341608427760       -4.9329476993415208E-002
   1.8454110692415568       -4.2044109626995972E-002
   1.8516879776403377       -2.7481029384001286E-002
   1.8579648860391185       -8.1400890810200688E-003
   1.8642417944378993        1.2620704558184313E-002
   1.8705187028366801        3.1161301518907888E-002
   1.8767956112354609        4.4196724579112452E-002
   1.8830725196342417        4.9384461252730494E-002
   1.8893494280330225        4.5756738973516224E-002
   1.8956263364318033        3.3916457751392078E-002
   1.9019032448305841        1.5955093148846012E-002
   1.9081801532293650       -4.9005594295820848E-003
   1.9144570616281458       -2.4856636554590018E-002
   1.9207339700269266       -4.0238126586041985E-002
   1.9270108784257074       -4.8169963581031788E-002
   1.9332877868244882       -4.7127051198270715E-002
   1.9395646952232690       -3.7246432644196859E-002
   1.9458416036220498       -2.0335009906961795E-002
   1.9521185120208304        4.3915520611992673E-004
   1.9583954204196112        2.1124234211345305E-002
   1.9646723288183920        3.7729394242977679E-002
   1.9709492372171729        4.6998780130975082E-002
   1.9772261456159537        4.7064686188740774E-002
   1.9835030540147345        3.7846819475634591E-002
   1.9897799624135153        2.1108755531796437E-002
   1.9960568708122961        1.4706449781793821E-004
   2.0023337792110771       -2.0838526375065478E-002
   2.0086106876098579       -3.7578422795974210E-002
   2.0148875960086388       -4.6607130482217395E-002
   2.0211645044074196       -4.5998823637069648E-002
   2.0274414128062004       -3.5805559428530961E-002
   2.0337183212049812       -1.8093917478562031E-002
   2.0399952296037620        3.4441139931336543E-003
   2.0462721380025428        2.4240285826078997E-002
   2.0525490464013236        3.9812574701630563E-002
   2.0588259548001044        4.6740540126626817E-002
   2.0651028631988853        4.3440202240624490E-002
   2.0713797715976656        3.0558756575777873E-002
   2.0776566799964464        1.0885289974311941E-002
   2.0839335883952272       -1.1222569220080799E-002
   2.0902104967940081       -3.0786197557221451E-002
   2.0964874051927889       -4.3326613061067304E-002
   2.1027643135915697       -4.5907001805805966E-002
   2.1090412219903505       -3.7851511128547774E-002
   2.1153181303891313       -2.0958405913645117E-002
   2.1215950387879121        8.6367026132584234E-004
   2.1278719471866929        2.2473398747089163E-002
   2.1341488555854737        3.8698678541333673E-002
   2.1404257639842545        4.5584872166273299E-002
   2.1467026723830354        4.1386548843270615E-002
   2.1529795807818162        2.7048288119055120E-002
   2.1592564891805970        6.0347197630132837E-003
   2.1655333975793778       -1.6473745550597361E-002
   2.1718103059781586       -3.4842066168054818E-002
   2.1780872143769394       -4.4396406382799347E-002
   2.1843641227757202       -4.2638436100192544E-002
   2.1906410311745010       -2.9937151201266679E-002
   2.1969179395732819       -9.4983029903421886E-003
   2.2031948479720627        1.3408233721350292E-002
   2.2094717563708435        3.2787598456758042E-002
   2.2157486647696243        4.3491190924371773E-002
   2.2220255731684051        4.2608264077902740E-002
   2.2283024815671859        3.0296203363018970E-002
   2.2345793899659667        9.8036278554913606E-003
   2.2408562983647475       -1.3349188233623740E-002
   2.2471332067635283       -3.2837138246103688E-002
   2.2534101151623092       -4.3260744370386212E-002
   2.2596870235610900       -4.1666660625472078E-002
   2.2659639319598708       -2.8423894041207796E-002
   2.2722408403586516       -7.1860393745948646E-003
   2.2785177487574324        1.6080485262166429E-002
   2.2847946571562132        3.4754891700522136E-002
   2.2910715655549940        4.3451635514378008E-002
   2.2973484739537748        3.9600624068721620E-002
   2.3036253823525557        2.4247094651652357E-002
   2.3099022907513365        1.8119159207258585E-003
   2.3161791991501173       -2.1148991774243110E-002
   2.3224561075488981       -3.7848071990678675E-002
   2.3287330159476789       -4.3283629979946461E-002
   2.3350099243464597       -3.5768690990483347E-002
   2.3412868327452405       -1.7495206108422780E-002
   2.3475637411440213        6.0652786839770594E-003
   2.3538406495428021        2.7774104010386585E-002
   2.3601175579415830        4.0984047868145350E-002
   2.3663944663403638        4.1592641826898473E-002
   2.3726713747391446        2.9350587607730825E-002
   2.3789482831379254        7.9979400639590328E-003
   2.3852251915367062       -1.5844693494847475E-002
   2.3915020999354870       -3.4712291021377538E-002
   2.3977790083342678       -4.2637875712963721E-002
   2.4040559167330486       -3.7064483617879826E-002
   2.4103328251318294       -1.9706198250907435E-002
   2.4166097335306103        3.9422183402034036E-003
   2.4228866419293911        2.6319989648683439E-002
   2.4291635503281719        4.0212151293660667E-002
   2.4354404587269527        4.1090660153048096E-002
   2.4417173671257335        2.8620080440510811E-002
   2.4479942755245143        6.8176634532276124E-003
   2.4542711839232951       -1.7212115131727768E-002
   2.4605480923220759       -3.5579476492166404E-002
   2.4668250007208568       -4.2205798336160255E-002
   2.4731019091196376       -3.4857688057515393E-002
   2.4793788175184184       -1.5930413094347323E-002
   2.4856557259171992        8.3035833737125225E-003
   2.4919326343159800        2.9755568426222467E-002
   2.4982095427147608        4.1219275508752609E-002
   2.5044864511135416        3.8806906022391285E-002
   2.5107633595123224        2.3293357663414296E-002
   2.5170402679111032       -1.0469450761186854E-004
   2.5233171763098841       -2.3463156099279323E-002
   2.5295940847086644       -3.8828165950879574E-002
   2.5358709931074452       -4.0933660628940903E-002
   2.5421479015062260       -2.9026638597700466E-002
   2.5484248099050069       -7.1602455822045667E-003
   2.5547017183037877        1.7166078636465652E-002
   2.5609786267025685        3.5569819266437368E-002
   2.5672555351013493        4.1678343536766360E-002
   2.5735324435001301        3.3350963506120053E-002
   2.5798093518989109        1.3449513311780920E-002
   2.5860862602976917       -1.1126799350933771E-002
   2.5923631686964725       -3.1823128235578431E-002
   2.5986400770952534       -4.1408006153115698E-002
   2.6049169854940342       -3.6511141771547934E-002
   2.6111938938928150       -1.8824929765186772E-002
   2.6174708022915958        5.4645468498391685E-003
   2.6237477106903766        2.7831427439006632E-002
   2.6300246190891574        4.0401846897963237E-002
   2.6363015274879382        3.8733285379417032E-002
   2.6425784358867190        2.3397095879904999E-002
   2.6488553442854998       -2.0422483398639888E-004
   2.6551322526842807       -2.3731599343012947E-002
   2.6614091610830615       -3.8853932106219895E-002
   2.6676860694818423       -4.0202878266339545E-002
   2.6739629778806231       -2.7287505883679175E-002
   2.6802398862794039       -4.6824232127753275E-003
   2.6865167946781847        1.9585713652299091E-002
   2.6927937030769655        3.6886264613690767E-002
   2.6990706114757463        4.1056754718034230E-002
   2.7053475198745272        3.0603902629606765E-002
   2.7116244282733080        9.2448492191744593E-003
   2.7179013366720888       -1.5409923546797398E-002
   2.7241782450708696       -3.4566708130003787E-002
   2.7304551534696504       -4.1386639659820271E-002
   2.7367320618684312       -3.3430704944081284E-002
   2.7430089702672120       -1.3535845237810373E-002
   2.7492858786659928        1.1194028289766490E-002
   2.7555627870647736        3.1923963982085739E-002
   2.7618396954635545        4.1245339853886336E-002
   2.7681166038623353        3.5825402015087965E-002
   2.7743935122611161        1.7600353123558801E-002
   2.7806704206598969       -6.9158137425214981E-003
   2.7869473290586777       -2.8960041733246344E-002
   2.7932242374574585       -4.0653415374360465E-002
   2.7995011458562393       -3.7817758655234186E-002
   2.8057780542550201       -2.1468135699342004E-002
   2.8120549626538009        2.5519159159417258E-003
   2.8183318710525818        2.5660731254608431E-002
   2.8246087794513626        3.9605718731095148E-002
   2.8308856878501434        3.9410327911611184E-002
   2.8371625962489242        2.5148186312526872E-002
   2.8434395046477050        1.9124531041605315E-003
   2.8497164130464858       -2.2005977665348883E-002
   2.8559933214452666       -3.8078493432775355E-002
   2.8622702298440474       -4.0579337096806702E-002
   2.8685471382428283       -2.8622683433941649E-002
   2.8748240466416091       -6.4723530043916313E-003
   2.8811009550403899        1.7982592921915085E-002
   2.8873778634391707        3.6039844267332165E-002
   2.8936547718379515        4.1280155571745268E-002
   2.8999316802367323        3.1846334891946472E-002
   2.9062085886355131        1.1096860679312827E-002
   2.9124854970342939       -1.3594204259802647E-002
   2.9187624054330747       -3.3460519199711491E-002
   2.9250393138318556       -4.1455747871522300E-002
   2.9313162222306364       -3.4749916160358538E-002
   2.9375931306294172       -1.5726525089234202E-002
   2.9438700390281980        8.8691870899962159E-003
   2.9501469474269788        3.0324821191924065E-002
   2.9564238558257596        4.1047157712571017E-002
   2.9627007642245404        3.7246969178179171E-002
   2.9689776726233212        2.0274027326286286E-002
   2.9752545810221021       -3.8664547008780831E-003
   2.9815314894208829       -2.6641231361504893E-002
   2.9878083978196632       -4.0005774184090646E-002
   2.9940853062184440       -3.9243929313181755E-002
   3.0003622146172249       -2.4628989801722911E-002
   3.0066391230160057       -1.3224318423756605E-003
   3.0129160314147865        2.2451071304151984E-002
   3.0191929398135673        3.8306460340434466E-002
   3.0254698482123481        4.0654522457153716E-002
   3.0317467566111289        2.8670022547392607E-002
   3.0380236650099097        6.5796709952222745E-003
   3.0443005734086905       -1.7829755584225497E-002
   3.0505774818074713       -3.5956266746163569E-002
   3.0568543902062522       -4.1413193055119542E-002
   3.0631312986050330       -3.2278378138369285E-002
   3.0694082070038138       -1.1770602363510305E-002
   3.0756851154025946        1.2884457202390369E-002
   3.0819620238013754        3.2999346206557520E-002
   3.0882389322001562        4.1485139666645646E-002
   3.0945158405989370        3.5349585909401890E-002
   3.1007927489977178        1.6753158903926899E-002
   3.1070696573964987       -7.7498342421273613E-003
   3.1133465657952795       -2.9519256383981361E-002
   3.1196234741940603       -4.0874577155136101E-002
   3.1259003825928411       -3.7805196695937709E-002
   3.1321772909916219       -2.1389490503863021E-002
   3.1384541993904027        2.5801441887608268E-003
   3.1447311077891835        2.5637305208366122E-002
   3.1510080161879643        3.9629890089730460E-002
   3.1572849245867451        3.9603220162743161E-002
   3.1635618329855260        2.5558562931912717E-002
   3.1698387413843068        2.4617674308985110E-003
   3.1761156497830876       -2.1506508125998625E-002
   3.1823925581818684       -3.7844917347430861E-002
   3.1886694665806492       -4.0747712746367112E-002
   3.1949463749794300       -2.9173134752099265E-002
   3.2012232833782108       -7.2253728002673618E-003
   3.2075001917769916        1.7292707951999570E-002
   3.2137771001757724        3.5648847374648657E-002
   3.2200540085745533        4.1291938543705692E-002
   3.2263309169733341        3.2196014638012728E-002
   3.2326078253721149        1.1597105807874255E-002
   3.2388847337708957       -1.3148317885810567E-002
   3.2451616421696765       -3.3184317518665102E-002
   3.2514385505684573       -4.1324593351633701E-002
   3.2577154589672381       -3.4636038570826359E-002
   3.2639923673660189       -1.5505941532263383E-002
   3.2702692757647998        9.1990797182721264E-003
   3.2765461841635806        3.0590264370392140E-002
   3.2828230925623614        4.0953644670831825E-002
   3.2891000009611422        3.6537536951512628E-002
   3.2953769093599230        1.8921363028516859E-002
   3.3016538177587038       -5.5374046409126954E-003
   3.3079307261574846       -2.7989037207432080E-002
   3.3142076345562654       -4.0291461945936122E-002
   3.3204845429550462       -3.7968111010865627E-002
   3.3267614513538271       -2.1847349667581561E-002
   3.3330383597526079        2.2207177582022676E-003
   3.3393152681513887        2.5478065871630314E-002
   3.3455921765501695        3.9442798906083237E-002
   3.3518690849489503        3.9006875755298889E-002
   3.3581459933477311        2.4314492368815509E-002
   3.3644229017465119        7.2668600740504027E-004
   3.3706998101452927       -2.3125589705252286E-002
   3.3769767185440736       -3.8496256895865777E-002
   3.3832536269428544       -3.9734730427872698E-002
   3.3895305353416352       -2.6372247969952509E-002
   3.3958074437404160       -3.3101176104678794E-003
   3.4020843521391968        2.0969272987067345E-002
   3.4083612605379776        3.7518883546434748E-002
   3.4146381689367584        4.0226949406354122E-002
   3.4209150773355392        2.8081920380217781E-002
   3.4271919857343200        5.5599042448586768E-003
   3.4334688941331009       -1.9017254248592269E-002
   3.4397458025318817       -3.6553743125307812E-002
   3.4460227109306620       -4.0548373772910047E-002
   3.4522996193294428       -2.9511166134701367E-002
   3.4585765277282237       -7.5269081930059859E-003
   3.4648534361270045        1.7250423917409104E-002
   3.4711303445257853        3.5619599742654114E-002
   3.4774072529245661        4.0750918539603186E-002
   3.4836841613233469        3.0730325717729247E-002
   3.4899610697221277        9.2789014960963940E-003
   3.4962379781209085       -1.5624944615664915E-002
   3.5025148865196893       -3.4711715445631439E-002
   3.5087917949184702       -4.0872602527354057E-002
   3.5150687033172510       -3.1810152500669264E-002
   3.5213456117160318       -1.0897788258724703E-002
   3.5276225201148126        1.4074613946171148E-002
   3.5338994285135934        3.3802885684445595E-002
   3.5401763369123742        4.0936497522217147E-002
   3.5464532453111550        3.2818396771262012E-002
   3.5527301537099358        1.2474474147208160E-002
   3.5590070621087166       -1.2515983648196647E-002
   3.5652839705074975       -3.2846349944862706E-002
   3.5715608789062783       -4.0949993109940269E-002
   3.5778377873050591       -3.3815730413688301E-002
   3.5841146957038399       -1.4103398282093157E-002
   3.5903916041026207        1.0852797987173608E-002
   3.5966685125014015        3.1777659718867424E-002
   3.6029454209001823        4.0904052367853570E-002
   3.6092223292989631        3.4853557856791319E-002
   3.6154992376977440        1.5880532222720647E-002
   3.6217761460965248       -8.9764181148648224E-003
   3.6280530544953056       -3.0512864584043512E-002
   3.6343299628940864       -4.0769490520689004E-002
   3.6406068712928672       -3.5969696343000505E-002
   3.6468837796916480       -1.7900356948547087E-002
   3.6531606880904288        6.7657976884361809E-003
   3.6594375964892096        2.8944656111836289E-002
   3.6657145048879904        4.0490017684451277E-002
   3.6719914132867713        3.7180544553971816E-002
   3.6782683216855521        2.0250213849827951E-002
   3.6845452300843329       -4.0881953313640822E-003
   3.6908221384831137       -2.6936860317255746E-002
   3.6970990468818945       -3.9971400049887022E-002
   3.7033759552806753       -3.8467892089195703E-002
   3.7096528636794561       -2.2999014137431412E-002
   3.7159297720782369        8.0424752850928984E-004
   3.7222066804770177        2.4320200122218652E-002
   3.7284835888757986        3.9067282445851642E-002
   3.7347604972745794        3.9757545099926475E-002
   3.7410374056733602        2.6174743896192957E-002
   3.7473143140721410        3.2161777379383009E-003
   3.7535912224709218       -2.0895090816738321E-002
   3.7598681308697026       -3.7566848067236203E-002
   3.7661450392684834       -4.0895391796972852E-002
   3.7724219476672642       -2.9736942541473060E-002
   3.7786988560660451       -8.0724949409136226E-003
   3.7849757644648259        1.6439035695840945E-002
   3.7912526728636067        3.5184153991534267E-002
   3.7975295812623875        4.1620184082323500E-002
   3.8038064896611683        3.3539964454338954E-002
   3.8100833980599491        1.3798216358650559E-002
   3.8163603064587299       -1.0728110358006353E-002
   3.8226372148575107       -3.1556509949049814E-002
   3.8289141232562915       -4.1535689007819836E-002
   3.8351910316550724       -3.7284082758085473E-002
   3.8414679400538532       -2.0304063683086085E-002
   3.8477448484526340        3.5840177891757830E-003
   3.8540217568514148        2.6264284511537041E-002
   3.8602986652501956        4.0092097539281599E-002
   3.8665755736489764        4.0458305751109452E-002
   3.8728524820477572        2.7294756845995957E-002
   3.8791293904465380        5.0399439497741923E-003
   3.8854062988453189       -1.8891441948768017E-002
   3.8916832072440997       -3.6596326800689291E-002
   3.8979601156428805       -4.2287737785107284E-002
   3.9042370240416608       -3.4159235938334302E-002
   3.9105139324404417       -1.4917689803404990E-002
   3.9167908408392225        9.1576893777941346E-003
   3.9230677492380033        3.0291095305860612E-002
   3.9293446576367841        4.1725945888325178E-002
   3.9356215660355649        3.9865321363245755E-002
   3.9418984744343457        2.5365406076687025E-002
   3.9481753828331265        2.8625110751641604E-003
   3.9544522912319073       -2.0545102712555149E-002
   3.9607291996306881       -3.7552706773967395E-002
   3.9670061080294690       -4.2920199838865358E-002
   3.9732830164282498       -3.5055532180412435E-002
   3.9795599248270306       -1.6442173298333657E-002
   3.9858368332258114        7.1878425302232974E-003
   3.9921137416245922        2.8648270535317853E-002
   3.9983906500233730        4.1490246399431781E-002
   4.0046675584221543        4.1921165121794862E-002
   4.0109444668209351        2.9886039762117744E-002
   4.0172213752197159        9.0156342278800029E-003
   4.0234982836184967       -1.4508915370986017E-002
   4.0297751920172775       -3.3809094770446094E-002
   4.0360521004160583       -4.3318040682438136E-002
   4.0423290088148391       -4.0359922251526043E-002
   4.0486059172136200       -2.5859911052680453E-002
   4.0548828256124008       -4.0103859631282967E-003
   4.0611597340111816        1.8977928099181515E-002
   4.0674366424099624        3.6658325957696462E-002
   4.0737135508087432        4.4148301072434906E-002
   4.0799904592075240        3.9447659338943480E-002
   4.0862673676063048        2.3928051404664846E-002
   4.0925442760050856        1.8886489011248557E-003
   4.0988211844038664       -2.0668951860263452E-002
   4.1050980928026473       -3.7689121809846501E-002
   4.1113750012014281       -4.4678064391479463E-002
   4.1176519096002089       -3.9859398559670842E-002
   4.1239288179989897       -2.4581589530553425E-002
   4.1302057263977705       -2.8978387182208862E-003
   4.1364826347965504        1.9542322970992742E-002
   4.1427595431953312        3.6979017312072940E-002
   4.1490364515941121        4.5011926954251512E-002
   4.1553133599928929        4.1682084259285969E-002
   4.1615902683916737        2.7907981269503539E-002
   4.1678671767904545        7.1915047626327647E-003
   4.1741440851892353       -1.5305824328719894E-002
   4.1804209935880161       -3.4065421197881134E-002
   4.1866979019867969       -4.4561115329473031E-002
   4.1929748103855777       -4.4327515472200728E-002
   4.1992517187843585       -3.3501899270981524E-002
   4.2055286271831394       -1.4731079424890502E-002
   4.2118055355819202        7.5101615521848721E-003
   4.2180824439807010        2.8006684923864055E-002
   4.2243593523794818        4.2028351765535356E-002
   4.2306362607782626        4.6405576194873663E-002
   4.2369131691770434        4.0215250274595153E-002
   4.2431900775758242        2.4936850206800681E-002
   4.2494669859746050        4.0643334861204588E-003
   4.2557438943733858       -1.7718419319844133E-002
   4.2620208027721667       -3.5599287770067739E-002
   4.2682977111709475       -4.5694648291586405E-002
   4.2745746195697283       -4.5871477375800281E-002
   4.2808515279685091       -3.6166522570499578E-002
   4.2871284363672899       -1.8728394144024042E-002
   4.2934053447660707        2.6867502174433094E-003
   4.2996822531648515        2.3542574129360547E-002
   4.3059591615636323        3.9487754915936819E-002
   4.3122360699624132        4.7253657020092175E-002
   4.3185129783611940        4.5302377007681145E-002
   4.3247898867599748        3.4102238136732362E-002
   4.3310667951587556        1.5988778450477630E-002
   4.3373437035575364       -5.3455647924524324E-003
   4.3436206119563172       -2.5617746342344004E-002
   4.3498975203550980       -4.0815446944612220E-002
   4.3561744287538788       -4.7980815170833385E-002
   4.3624513371526596       -4.5766482634486877E-002
   4.3687282455514405       -3.4664103269151328E-002
   4.3750051539502213       -1.6872699988930949E-002
   4.3812820623490021        4.1558979041807107E-003
   4.3875589707477829        2.4397680624484958E-002
   4.3938358791465637        4.0027656803720328E-002
   4.4001127875453445        4.8134404185273351E-002
   4.4063896959441253        4.7246800369996289E-002
   4.4126666043429061        3.7581250220608653E-002
   4.4189435127416870        2.0972293000729274E-002
   4.4252204211404678        5.0850529748401293E-004
   4.4314973295392486       -2.0051727097049714E-002
   4.4377742379380294       -3.6972845538323341E-002
   4.4440511463368102       -4.7215709481461358E-002
   4.4503280547355910       -4.8972212359765080E-002
   4.4566049631343718       -4.1969439584148845E-002
   4.4628818715331526       -2.7495386589821470E-002
   4.4691587799319334       -8.1486047519393010E-003
   4.4754356883307143        1.2637668494006153E-002
   4.4817125967294951        3.1208547223704579E-002
   4.4879895051282759        4.4328056983345611E-002
   4.4942664135270567        4.9735799301798972E-002
   4.5005433219258375        4.6525650062227523E-002
   4.5068202303246183        3.5285271468646691E-002
   4.5130971387233991        1.7977489608881500E-002
   4.5193740471221799       -2.4111448780466259E-003
   4.5256509555209607       -2.2390524264085176E-002
   4.5319278639197416       -3.8564820476170186E-002
   4.5382047723185224       -4.8205897004702944E-002
   4.5444816807173032       -4.9706465943818619E-002
   4.5507585891160840       -4.2839195888566516E-002
   4.5570354975148648       -2.8781717067846303E-002
   4.5633124059136456       -9.9070655395367881E-003
   4.5695893143124264        1.0622095339047245E-002
   4.5758662227112072        2.9385476387280413E-002
   4.5821431311099881        4.3273845554805235E-002
   4.5884200395087689        5.0000328020961195E-002
   4.5946969479075497        4.8471156052603666E-002
   4.6009738563063305        3.8956924522440317E-002
   4.6072507647051113        2.3038771530195051E-002
   4.6135276731038921        3.3408491798178055E-003
   4.6198045815026729       -1.6905034831302186E-002
   4.6260814899014537       -3.4390138942628136E-002
   4.6323583983002345       -4.6267879709690707E-002
   4.6386353066990154       -5.0613962003323285E-002
   4.6449122150977962       -4.6733900687389571E-002
   4.6511891234965770       -3.5269607819928134E-002
   4.6574660318953578       -1.8089478932592128E-002
   4.6637429402941386        2.0187027310069783E-003
   4.6700198486929194        2.1801288927416836E-002
   4.6762967570917002        3.8064930063631083E-002
   4.6825736654904810        4.8190535209457708E-002
   4.6888505738892619        5.0552733377510296E-002
   4.6951274822880427        4.4778169220236280E-002
   4.7014043906868235        3.1802086140088413E-002
   4.7076812990856043        1.3715042911731519E-002
   4.7139582074843851       -6.5748963012075981E-003
   4.7202351158831659       -2.5809872398767180E-002
   4.7265120242819467       -4.0904743866997190E-002
   4.7327889326807275       -4.9440831564528019E-002
   4.7390658410795083       -5.0052179641490259E-002
   4.7453427494782892       -4.2642979882865570E-002
   4.7516196578770700       -2.8401826090357383E-002
   4.7578965662758508       -9.6108378501353203E-003
   4.7641734746746316        1.0719702913028453E-002
   4.7704503830734124        2.9332869972191294E-002
   4.7767272914721932        4.3246016220891081E-002
   4.7830041998709740        5.0228102158948677E-002
   4.7892811082697548        4.9157321992832848E-002
   4.7955580166685357        4.0201871743026640E-002
   4.8018349250673165        2.4794736001128269E-002
   4.8081118334660973        5.4060750336956545E-003
   4.8143887418648781       -1.4850979024152219E-002
   4.8206656502636589       -3.2718650378560227E-002
   4.8269425586624397       -4.5317653475307369E-002
   4.8332194670612205       -5.0611482233057392E-002
   4.8394963754600013       -4.7737153637790332E-002
   4.8457732838587821       -3.7148608394513158E-002
   4.8520501922575630       -2.0548606518878066E-002
   4.8583271006563438       -6.1869148759022079E-004
   4.8646040090551246        1.9410693681027911E-002
   4.8708809174539054        3.6281763975437205E-002
   4.8771578258526862        4.7239015822264502E-002
   4.8834347342514670        5.0481136351504440E-002
   4.8897116426502478        4.5461037271671105E-002
   4.8959885510490286        3.2983600452746564E-002
   4.9022654594478094        1.5082969589368630E-002
   4.9085423678465903       -5.3030871218505953E-003
   4.9148192762453711       -2.4810794432669619E-002
   4.9210961846441519       -4.0203345404011603E-002
   4.9273730930429327       -4.8909012547633773E-002
   4.9336500014417135       -4.9455115156932718E-002
   4.9399269098404943       -4.1724218990378655E-002
   4.9462038182392751       -2.6987087629827950E-002
   4.9524807266380559       -7.7032060104522595E-003
   4.9587576350368368        1.2881636498574909E-002
   4.9650345434356176        3.1276538432352251E-002
   4.9713114518343984        4.4336493470458163E-002
   4.9775883602331792        4.9803781392159893E-002
   4.9838652686319600        4.6706367873715945E-002
   4.9901421770307408        3.5542029846517352E-002
   4.9964190854295216        1.8211836986027675E-002
   5.0026959938283024       -2.2911528151268838E-003
   5.0089729022270832       -2.2389560681387245E-002
   5.0152498106258641       -3.8541712666557947E-002
   5.0215267190246449       -4.7867860837283061E-002
   5.0278036274234257       -4.8672097047293521E-002
   5.0340805358222065       -4.0764437082223041E-002
   5.0403574442209873       -2.5520035202068261E-002
   5.0466343526197681       -5.6574806535907218E-003
   5.0529112610185480        1.5231840705826191E-002
   5.0591881694173289        3.3325024734597947E-002
   5.0654650778161097        4.5267244977753120E-002
   5.0717419862148905        4.8802412354384241E-002
   5.0780188946136713        4.3215535578256803E-002
   5.0842958030124521        2.9497819349642476E-002
   5.0905727114112329        1.0193930463300844E-002
   5.0968496198100137       -1.1050639288690748E-002
   5.1031265282087945       -3.0166123938195302E-002
   5.1094034366075753       -4.3436521402481984E-002
   5.1156803450063562       -4.8231550995764018E-002
   5.1219572534051370       -4.3547327709363232E-002
   5.1282341618039178       -3.0241665178926843E-002
   5.1345110702026986       -1.0905415400433993E-002
   5.1407879786014794        1.0618437352033206E-002
   5.1470648870002602        2.9984350961874216E-002
   5.1533417953990410        4.3220042167275784E-002
   5.1596187037978218        4.7553251397008361E-002
   5.1658956121966026        4.2015820040303457E-002
   5.1721725205953835        2.7689578984564506E-002
   5.1784494289941643        7.5275336703600889E-003
   5.1847263373929451       -1.4228978478018434E-002
   5.1910032457917259       -3.2928632965545192E-002
   5.1972801541905067       -4.4505974517447693E-002
   5.2035570625892875       -4.6382189917115499E-002
   5.2098339709880683       -3.8068490663865744E-002
   5.2161108793868491       -2.1325749371143850E-002
   5.2223877877856300        1.7382432168208084E-004
   5.2286646961844108        2.1627295089328407E-002
   5.2349416045831916        3.8164548017295075E-002
   5.2412185129819724        4.5962321439560964E-002
   5.2474954213807532        4.3152885200717396E-002
   5.2537723297795340        3.0306714958315179E-002
   5.2600492381783148        1.0357932670503998E-002
   5.2663261465770956       -1.2032765619491971E-002
   5.2726030549758764       -3.1548380508970318E-002
   5.2788799633746573       -4.3478651989043854E-002
   5.2851568717734381       -4.4876611230886231E-002
   5.2914337801722189       -3.5320836491256391E-002
   5.2977106885709997       -1.7079171914657777E-002
   5.3039875969697805        5.3908794741694228E-003
   5.3102645053685613        2.6506151793814114E-002
   5.3165414137673421        4.0939434303060615E-002
   5.3228183221661229        4.4979030733183004E-002
   5.3290952305649038        3.7516177151563947E-002
   5.3353721389636846        2.0390325529169306E-002
   5.3416490473624654       -2.0224475514025405E-003
   5.3479259557612462       -2.3898643667980418E-002
   5.3542028641600270       -3.9471504216458585E-002
   5.3604797725588078       -4.4564664728515710E-002
   5.3667566809575886       -3.7744559963527373E-002
   5.3730335893563694       -2.0765899251035669E-002
   5.3793104977551502        1.8368229043066063E-003
   5.3855874061539311        2.3930451575842334E-002
   5.3918643145527119        3.9438207277251627E-002
   5.3981412229514927        4.4025082355840968E-002
   5.4044181313502735        3.6342836807391039E-002
   5.4106950397490543        1.8468633524027299E-002
   5.4169719481478351       -4.6144256303309733E-003
   5.4232488565466159       -2.6378588192059366E-002
   5.4295257649453967       -4.0591196326503154E-002
   5.4358026733441775       -4.3116520474220738E-002
   5.4420795817429584       -3.3154303045366040E-002
   5.4483564901417392       -1.3534751424045850E-002
   5.4546333985405200        1.0046211445107867E-002
   5.4609103069393008        3.0657416254764130E-002
   5.4671872153380816        4.2169081680575350E-002
   5.4734641237368624        4.1097561074645649E-002
   5.4797410321356432        2.7696860067833784E-002
   5.4860179405344240        5.9446275781081491E-003
   5.4922948489332049       -1.7604382286235041E-002
   5.4985717573319857       -3.5777820547709685E-002
   5.5048486657307665       -4.2977328346635341E-002
   5.5111255741295473       -3.6930402261924025E-002
   5.5174024825283281       -1.9446206923692595E-002
   5.5236793909271089        4.0866530786354957E-003
   5.5299562993258897        2.6334689823165943E-002
   5.5362332077246705        4.0298951911276346E-002
   5.5425101161234513        4.1532542845448370E-002
   5.5487870245222322        2.9588607605973847E-002
   5.5550639329210130        8.2175350900814872E-003
   5.5613408413197938       -1.5778768190856725E-002
   5.5676177497185746       -3.4696111821437149E-002
   5.5738946581173554       -4.2406501020722548E-002
   5.5801715665161362       -3.6366600542953785E-002
   5.5864484749149170       -1.8490224621257507E-002
   5.5927253833136978        5.4246211305182812E-003
   5.5990022917124787        2.7554552770005732E-002
   5.6052792001112595        4.0606485434707178E-002
   5.6115561085100403        4.0236017606870629E-002
   5.6178330169088211        2.6521284609541233E-002
   5.6241099253076019        3.9831615038336656E-003
   5.6303868337063827       -1.9880500681242381E-002
   5.6366637421051635       -3.7079468227455933E-002
   5.6429406505039443       -4.1813982071196493E-002
   5.6492175589027251       -3.2452008542765268E-002
   5.6554944673015060       -1.2119326923564941E-002
   5.6617713757002868        1.2319370853494101E-002
   5.6680482840990676        3.2564744164654380E-002
   5.6743251924978484        4.1703031570316351E-002
   5.6806021008966292        3.6582651101049961E-002
   5.6868790092954100        1.8924447063618913E-002
   5.6931559176941908       -5.2334220736633364E-003
   5.6994328260929716       -2.7585303259784599E-002
   5.7057097344917524       -4.0411411102209603E-002
   5.7119866428905333       -3.9254549577183238E-002
   5.7182635512893141       -2.4487846773771738E-002
   5.7245404596880949       -1.2153570974736665E-003
   5.7308173680868757        2.2477373772144999E-002
   5.7370942764856565        3.8327929526096871E-002
   5.7433711848844373        4.0784883420570725E-002
   5.7496480932832181        2.8966571433519547E-002
   5.7559250016819989        6.9941779631059577E-003
   5.7622019100807798       -1.7431998923709672E-002
   5.7684788184795606       -3.5725653135287513E-002
   5.7747557268783414       -4.1436303758060081E-002
   5.7810326352771222       -3.2534332228954924E-002
   5.7873095436759030       -1.2145519088089541E-002
   5.7935864520746838        1.2535380736891777E-002
   5.7998633604734646        3.2778114673765318E-002
   5.8061402688722454        4.1406622354454720E-002
   5.8124171772710262        3.5350177926181794E-002
   5.8186940856698071        1.6745912666158529E-002
   5.8249709940685879       -7.8067320939075148E-003
   5.8312479024673687       -2.9582432405641578E-002
   5.8375248108661495       -4.0831191635323158E-002
   5.8438017192649303       -3.7541224029445631E-002
   5.8500786276637111       -2.0876314250124369E-002
   5.8563555360624919        3.2299199008772889E-003
   5.8626324444612727        2.6183452140586747E-002
   5.8689093528600536        3.9793756722458169E-002
   5.8751862612588344        3.9199218092484917E-002
   5.8814631696576152        2.4607628928056048E-002
   5.8877400780563960        1.2269742957363217E-003
   5.8940169864551768       -2.2591709121605769E-002
   5.9002938948539576       -3.8337379214209343E-002
   5.9065708032527384       -4.0381744993341254E-002
   5.9128477116515192       -2.7992864336167163E-002
   5.9191246200503000       -5.5982561441168281E-003
   5.9254015284490809        1.8797428558526879E-002
   5.9316784368478617        3.6474376608806224E-002
   5.9379553452466425        4.1115208366278973E-002
   5.9442322536454233        3.1062801631570793E-002
   5.9505091620442041        9.9110583612321106E-003
   5.9567860704429849       -1.4781689794250610E-002
   5.9630629788417657       -3.4195199909291901E-002
   5.9693398872405457       -4.1398498951963271E-002
   5.9756167956393265       -3.3823332839270304E-002
   5.9818937040381073       -1.4177322801822163E-002
   5.9881706124368881        1.0526970970102181E-002
   5.9944475208356689        3.1477633669201380E-002
   6.0007244292344497        4.1207236709827247E-002
   6.0070013376332305        3.6252805323263401E-002
   6.0132782460320113        1.8384834871124404E-002
   6.0195551544307921       -6.0295767491928684E-003
   6.0258320628295730       -2.8298820503773414E-002
   6.0321089712283538       -4.0501987771459635E-002
   6.0383858796271346       -3.8304460880114605E-002
   6.0446627880259154       -2.2493608735956822E-002
   6.0509396964246962        1.3080496036340218E-003
   6.0572166048234770        2.4646021056020501E-002
   6.0634935132222578        3.9238263259704288E-002
   6.0697704216210386        3.9912682719928629E-002
   6.0760473300198194        2.6436417294108543E-002
   6.0823242384186003        3.5913861864526522E-003
   6.0886011468173811       -2.0526422008286763E-002
   6.0948780552161619       -3.7377666246731368E-002
   6.1011549636149427       -4.1001960041680371E-002
   6.1074318720137235       -3.0122649815961175E-002
   6.1137087804125043       -8.5921812127048320E-003
   6.1199856888112851        1.5975660846437260E-002
   6.1262625972100659        3.4899799769612286E-002
   6.1325395056088468        4.1498547302290210E-002
   6.1388164140076276        3.3446096001636144E-002
   6.1450933224064084        1.3588888668005370E-002
   6.1513702308051892       -1.1063376982823576E-002
   6.1576471392039700       -3.1813508435117814E-002
   6.1639240476027508       -4.1344669337818760E-002
   6.1702009560015316       -3.6298618732847329E-002
   6.1764778644003124       -1.8456747334415314E-002
   6.1827547727990932        5.8905019783959687E-003
   6.1890316811978741        2.8162050214406369E-002
   6.1953085895966549        4.0510077332116132E-002
   6.2015854979954357        3.8584303416184094E-002
   6.2078624063942165        2.3063687757657766E-002
   6.2141393147929973       -5.8320923268910941E-004
   6.2204162231917781       -2.4024523275944940E-002
   6.2266931315905589       -3.8999903395802879E-002
   6.2329700399893397       -4.0230775581380898E-002
   6.2392469483881206       -2.7281321504570244E-002
   6.2455238567869014       -4.7142387855137113E-003
   6.2518007651856822        1.9514828230354306E-002
   6.2580776735844630        3.6860147170847082E-002
   6.2643545819832438        4.1199607547975477E-002
   6.2706314903820246        3.0997104886549238E-002
   6.2769083987808054        9.8496512808636371E-003
   6.2831853071795862       -1.4776693736199721E-002
