   6.2769083987808056E-003   4.4088363897146148E-002
   1.2553816797561611E-002   4.7290955705333496E-002
   1.8830725196342418E-002   5.0683675413647100E-002
   2.5107633595123222E-002   5.4267827902751836E-002
   3.1384541993904030E-002   5.8042832041610960E-002
   3.7661450392684835E-002   6.2005929948453831E-002
   4.3938358791465640E-002   6.6151882558767555E-002
   5.0215267190246445E-002   7.0472655333507592E-002
   5.6492175589027249E-002   7.4957099156738705E-002
   6.2769083987808061E-002   7.9590632429648533E-002
   6.9045992386588859E-002   8.4354931554569010E-002
   7.5322900785369670E-002   8.9227638086855215E-002
   8.1599809184150468E-002   9.4182091980575561E-002
   8.7876717582931280E-002   9.9187101387975513E-002
   9.4153625981712077E-002  0.10420676044663171     
  0.10043053438049289       0.10920032727631658     
  0.10670744277927370       0.11412217500898139     
  0.11298435117805450       0.11892182898741571     
  0.11926125957683531       0.12354410326013311     
  0.12553816797561612       0.12792934908704495     
  0.13181507637439691       0.13201382730790454     
  0.13809198477317772       0.13573021505179084     
  0.14436889317195853       0.13900825533716979     
  0.15064580157073934       0.14177555560331859     
  0.15692270996952015       0.14395853809351469     
  0.16319961836830094       0.14548354131194402     
  0.16947652676708175       0.14627806748078301     
  0.17575343516586256       0.14627216616698102     
  0.18203034356464337       0.14539993898164008     
  0.18830725196342415       0.14360114533968490     
  0.19458416036220497       0.14082288509150170     
  0.20086106876098578       0.13702132502690487     
  0.20713797715976659       0.13216342961309213     
  0.21341488555854740       0.12622865282142978     
  0.21969179395732819       0.11921054381454575     
  0.22596870235610900       0.11111821588330806     
  0.23224561075488981       0.10197762588402808     
  0.23852251915367062        9.1832610764198755E-002
  0.24479942755245140        8.0745628777502243E-002
  0.25107633595123224        6.8798155882840259E-002
  0.25735324435001306        5.6090692685376684E-002
  0.26363015274879381        4.2742344208728238E-002
  0.26990706114757462        2.8889943720170674E-002
  0.27618396954635543        1.4686702711353677E-002
  0.28246087794513625        3.0038170626190596E-004
  0.28873778634391706       -1.4089009397362648E-002
  0.29501469474269787       -2.8291957714733019E-002
  0.30129160314147868       -4.2112601094037069E-002
  0.30756851154025949       -5.5352234153806280E-002
  0.31384541993904030       -6.7813096491959435E-002
  0.32012232833782106       -7.9302359090243996E-002
  0.32639923673660187       -8.9636212820227795E-002
  0.33267614513538268       -9.8643953460705605E-002
  0.33895305353416350      -0.10617195092919395     
  0.34522996193294431      -0.11208738754788029     
  0.35150687033172512      -0.11628165064344946     
  0.35778377873050593      -0.11867326988469008     
  0.36406068712928674      -0.11921029146786247     
  0.37033759552806755      -0.11787198394718329     
  0.37661450392684831      -0.11466982047929782     
  0.38289141232562912      -0.10964770524259991     
  0.38916832072440993      -0.10288142421116304     
  0.39544522912319074       -9.4477323105703087E-002
  0.40172213752197156       -8.4570239140910358E-002
  0.40799904592075237       -7.3320736662338654E-002
  0.41427595431953318       -6.0911718687762961E-002
  0.42055286271831399       -4.7544506173321961E-002
  0.42682977111709480       -3.3434493518847877E-002
  0.43310667951587556       -1.8806501907877231E-002
  0.43938358791465637       -3.8899609249571708E-003
  0.44566049631343718        1.1085946766237836E-002
  0.45193740471221799        2.5897043251416303E-002
  0.45821431311099881        4.0328686265958924E-002
  0.46449122150977962        5.4179953112430179E-002
  0.47076812990856043        6.7267370944216365E-002
  0.47704503830734124        7.9428103522325114E-002
  0.48332194670612205        9.0522524080430447E-002
  0.48959885510490281       0.10043612525395761     
  0.49587576350368362       0.10908073949395390     
  0.50215267190246449       0.11639506582208956     
  0.50842958030124530       0.12234452069932028     
  0.51470648870002611       0.12692045087526768     
  0.52098339709880681       0.13013876432094704     
  0.52726030549758762       0.13203805024426435     
  0.53353721389636843       0.13267727059423995     
  0.53981412229514925       0.13213310042619864     
  0.54609103069393006       0.13049699320225017     
  0.55236793909271087       0.12787209477144157     
  0.55864484749149168       0.12437011720145948     
  0.56492175589027249       0.12010826543151949     
  0.57119866428905330       0.11520630003141812     
  0.57747557268783412       0.10978380713134805     
  0.58375248108661493       0.10395773353460692     
  0.59002938948539574        9.7840230705605394E-002
  0.59630629788417655        9.1536837166393312E-002
  0.60258320628295736        8.5145014843606551E-002
  0.60886011468173817        7.8753042028782208E-002
  0.61513702308051899        7.2439253914639387E-002
  0.62141393147929980        6.6271611734085287E-002
  0.62769083987808061        6.0307573330743290E-002
  0.63396774827686131        5.4594231820568009E-002
  0.64024465667564212        4.9168684704463166E-002
  0.64652156507442293        4.4058593423163810E-002
  0.65279847347320374        3.9282892635971345E-002
  0.65907538187198456        3.4852609361409749E-002
  0.66535229027076537        3.0771754203890746E-002
  0.67162919866954618        2.7038250035096745E-002
  0.67790610706832699        2.3644867355333752E-002
  0.68418301546710780        2.0580139944964815E-002
  0.69045992386588861        1.7829239020110913E-002
  0.69673683226466943        1.5374788774866355E-002
  0.70301374066345024        1.3197610706872110E-002
  0.70929064906223105        1.1277388155931054E-002
  0.71556755746101186        9.5932450956119492E-003
  0.72184446585979267        8.1242380875183352E-003
  0.72812137425857348        6.8497658679090821E-003
  0.73439828265735430        5.7499004447592742E-003
  0.74067519105613511        4.8056444866516803E-003
  0.74695209945491581        3.9991212800442990E-003
  0.75322900785369662        3.3137044372268721E-003
  0.75950591625247743        2.7340950918739240E-003
  0.76578282465125824        2.2463544532893404E-003
  0.77205973305003905        1.8378994582100073E-003
  0.77833664144881987        1.4974688591479826E-003
  0.78461354984760068        1.2150665354982953E-003
  0.79089045824638149        9.8188812234007708E-004
  0.79716736664516230        7.9023630895483506E-004
  0.80344427504394311        6.3342937600369294E-004
  0.80972118344272392        5.0570677963912114E-004
  0.81599809184150474        4.0213485484279351E-004
  0.82227500024028555        3.1851504081486501E-004
  0.82855190863906636        2.5129642094649834E-004
  0.83482881703784717        1.9749384453208489E-004
  0.84110572543662798        1.5461244218592358E-004
  0.84738263383540879        1.2057897641701156E-004
  0.85365954223418961        9.3680164055533939E-005
  0.85993645063297042        7.2507875791206160E-005
  0.86621335903175112        5.5910939730409345E-005
  0.87249026743053193        4.2953154677234325E-005
  0.87876717582931274        3.2877035415954780E-005
  0.88504408422809355        2.5072768951106016E-005
  0.89132099262687436        1.9051839719712893E-005
  0.89759790102565518        1.4424792525926858E-005
  0.90387480942443599        1.0882620396969009E-005
  0.91015171782321680        8.1812940390208167E-006
  0.91642862622199761        6.1289862604572841E-006
  0.92270553462077842        4.5755897517959743E-006
  0.92898244301955923        3.4041688148392446E-006
  0.93525935141834005        2.5240306481998139E-006
  0.94153625981712086        1.8651413742799403E-006
  0.94781316821590167        1.3736519637902021E-006
  0.95409007661468248        1.0083326540030889E-006
  0.96036698501346329        7.3774728851748383E-007
  0.96664389341224410        5.3802528466393460E-007
  0.97292080181102492        3.9111440341596650E-007
  0.97919771020980562        2.8341696891884725E-007
  0.98547461860858643        2.0473112834966129E-007
  0.99175152700736724        1.4743242150825668E-007
  0.99802843540614805        1.0584456965013142E-007
   1.0043053438049290        7.5757552650142824E-008
   1.0105822522037098        5.4060590055513155E-008
   1.0168591606024906        3.8463481599328713E-008
   1.0231360690012714        2.7286353224895821E-008
   1.0294129774000522        1.9301322116727177E-008
   1.0356898857988328        1.3614130780917624E-008
   1.0419667941976136        9.5756786523066446E-009
   1.0482437025963944        6.7165057412099391E-009
   1.0545206109951752        4.6981454827782346E-009
   1.0607975193939561        3.2774592597643342E-009
   1.0670744277927369        2.2802894277039116E-009
   1.0733513361915177        1.5823597527525455E-009
   1.0796282445902985        1.0952029226607250E-009
   1.0859051529890793        7.5610604632630444E-010
   1.0921820613878601        5.2068618909672329E-010
   1.0984589697866409        3.5769024598822987E-010
   1.1047358781854217        2.4511600152661630E-010
   1.1110127865842025        1.6757770535838990E-010
   1.1172896949829834        1.1429208050784513E-010
   1.1235666033817642        7.7777926873918844E-011
   1.1298435117805450        5.2803605746771311E-011
   1.1361204201793258        3.5775294340108753E-011
   1.1423973285781066        2.4179426732603242E-011
   1.1486742369768874        1.6312729327316559E-011
   1.1549511453756682        1.0976450953434625E-011
   1.1612280537744490        7.3762558810818478E-012
   1.1675049621732299        4.9416674528523135E-012
   1.1737818705720107        3.3098826453200584E-012
   1.1800587789707915        2.2071898314760393E-012
   1.1863356873695723        1.4743148131890582E-012
   1.1926125957683531        9.7755329101685075E-013
   1.1988895041671339        6.5181626267917094E-013
   1.2051664125659147        4.2956364779526542E-013
   1.2114433209646955        2.8726735923311751E-013
   1.2177202293634763        1.8713746637414861E-013
   1.2239971377622572        1.2635848017847669E-013
   1.2302740461610380        8.1198437601836557E-014
   1.2365509545598188        5.6084842416777795E-014
   1.2428278629585996        3.3791641575310883E-014
   1.2491047713573804        2.4722679203696966E-014
   1.2553816797561612        1.3992466376295110E-014
   1.2616585881549420        1.1681378592737302E-014
   1.2679354965537226        5.2185632101143978E-015
   1.2742124049525034        5.4985088423552410E-015
   1.2804893133512842        1.4873333030703057E-015
   1.2867662217500651        3.1079226642073515E-015
   1.2930431301488459       -3.4703597345069705E-016
   1.2993200385476267        1.6878565333279103E-015
   1.3055969469464075       -7.6076580826687013E-016
   1.3118738553451883        2.0929867531223059E-015
   1.3181507637439691       -8.9180646061932487E-017
   1.3244276721427499        1.7602056942744423E-015
   1.3307045805415307       -1.2968921594145051E-015
   1.3369814889403115        8.4638695006889585E-016
   1.3432583973390924       -1.2059331452673446E-015
   1.3495353057378732        7.3555177939406447E-016
   1.3558122141366540       -1.2223851659535299E-015
   1.3620891225354348        5.8373786155889179E-016
   1.3683660309342156       -1.6948735177781954E-015
   1.3746429393329964        2.3297865499090634E-016
   1.3809198477317772       -1.6078556963315176E-015
   1.3871967561305580        4.1155367807070742E-016
   1.3934736645293389       -1.5553689165019928E-015
   1.3997505729281197        4.7770814825897054E-017
   1.4060274813269005       -1.6309027279449953E-015
   1.4123043897256813        4.7645077373595802E-016
   1.4185812981244621       -1.0655569266700119E-015
   1.4248582065232429        9.2308956578600430E-016
   1.4311351149220237       -1.0300472617640578E-015
   1.4374120233208045        3.0749448033879296E-016
   1.4436889317195853       -1.0126037863101678E-015
   1.4499658401183662        7.7821645945747521E-016
   1.4562427485171470       -8.0983515810946313E-016
   1.4625196569159278        7.3298967798281617E-016
   1.4687965653147086       -6.8487716015070154E-016
   1.4750734737134894        9.8605466037495926E-016
   1.4813503821122702       -4.7996781842944202E-016
   1.4876272905110510        5.2068889474050557E-016
   1.4939041989098316       -1.2054736582240323E-015
   1.5001811073086124       -1.2004424358422295E-016
   1.5064580157073932       -1.4876754075867836E-015
   1.5127349241061741        5.9780858282480875E-016
   1.5190118325049549       -3.2162773006602694E-016
   1.5252887409037357        9.8068835749594571E-016
   1.5315656493025165       -6.4867856641567044E-016
   1.5378425577012973        6.5244886989856825E-016
   1.5441194661000781       -6.0002708415535809E-016
   1.5503963744988589        9.2648506691390267E-016
   1.5566732828976397       -4.4329902075167410E-016
   1.5629501912964205        1.2101199445024351E-015
   1.5692270996952014        1.6017952881351085E-016
   1.5755040080939822        1.4910574039376693E-015
   1.5817809164927630       -4.4730446201479017E-016
   1.5880578248915438       -4.3679203666113613E-017
   1.5943347332903246       -1.2392616801119662E-015
   1.6006116416891054        7.5955000437323057E-017
   1.6068885500878862       -8.9746749398422052E-016
   1.6131654584866670        1.7157469944334236E-016
   1.6194423668854478       -9.5546641663794304E-016
   1.6257192752842287       -1.3978169339926925E-016
   1.6319961836830095       -1.2935133134343124E-015
   1.6382730920817903       -8.1039000805742937E-017
   1.6445500004805711       -7.5320525654718060E-016
   1.6508269088793519        3.9934419482380390E-016
   1.6571038172781327       -2.8087276346189603E-016
   1.6633807256769135        5.8629229314933694E-016
   1.6696576340756943       -5.3976027069662164E-016
   1.6759345424744752        3.7997850457846960E-016
   1.6822114508732560       -7.6606163130983113E-016
   1.6884883592720368        3.4813046773592928E-016
   1.6947652676708176       -6.7111871944899089E-016
   1.7010421760695984        5.2402748239084612E-016
   1.7073190844683792       -3.2187981390409279E-016
   1.7135959928671600        5.6332761191447555E-016
   1.7198729012659408       -3.5092709261452968E-016
   1.7261498096647214        2.8143232624683873E-016
   1.7324267180635022       -6.5477516627884612E-016
   1.7387036264622830        4.4902309690527242E-016
   1.7449805348610639        3.0077745342451362E-016
   1.7512574432598447        1.1224521116736468E-015
   1.7575343516586255       -3.1573485955756265E-016
   1.7638112600574063        3.4605423697337441E-017
   1.7700881684561871       -6.5692246271254791E-016
   1.7763650768549679        3.2322705866472676E-016
   1.7826419852537487       -7.0401340913409534E-016
   1.7889188936525295       -4.3342918285768312E-016
   1.7951958020513104       -1.1440155461588556E-015
   1.8014727104500912       -1.3204915824180772E-016
   1.8077496188488720       -8.1034089735932155E-016
   1.8140265272476528        1.1321424068912931E-016
   1.8203034356464336       -7.2027654417581526E-016
   1.8265803440452144        8.6432358503014628E-017
   1.8328572524439952       -5.5640937263364923E-016
   1.8391341608427760       -1.3012964315215059E-016
   1.8454110692415568       -5.8372682545430529E-016
   1.8516879776403377        7.7874781740590258E-016
   1.8579648860391185        5.5234638984001926E-016
   1.8642417944378993        7.8952688056042158E-016
   1.8705187028366801       -3.6235776356640647E-016
   1.8767956112354609        3.8205990193876191E-016
   1.8830725196342417        8.0825446990214225E-017
   1.8893494280330225        7.3123433541053885E-016
   1.8956263364318033        1.1424194290604890E-016
   1.9019032448305841        4.7341998216673872E-016
   1.9081801532293650       -1.8541752094785446E-016
   1.9144570616281458        7.6559869451945818E-016
   1.9207339700269266       -3.1846521503814921E-016
   1.9270108784257074        8.2948329525402940E-017
   1.9332877868244882       -8.3906656357518889E-016
   1.9395646952232690        3.7976921477873753E-017
   1.9458416036220498       -3.3169769077719273E-016
   1.9521185120208304        8.8083517058795185E-016
   1.9583954204196112        3.4550745814976070E-016
   1.9646723288183920        6.7403924910508891E-016
   1.9709492372171729       -3.6800139919880309E-016
   1.9772261456159537        2.6303605568030768E-016
   1.9835030540147345        1.1298080803818218E-016
   1.9897799624135153        1.2410807617905674E-015
   1.9960568708122961        7.1979513259918750E-016
   2.0023337792110771        9.1462360854634866E-016
   2.0086106876098579       -1.0276750270959792E-016
   2.0148875960086388        2.7424043043737389E-016
   2.0211645044074196       -8.8113414495233882E-017
   2.0274414128062004        6.8908180219010765E-016
   2.0337183212049812        1.1525833317061551E-016
   2.0399952296037620        2.0926978689810148E-016
   2.0462721380025428       -6.4110878897835107E-016
   2.0525490464013236       -1.2253034484413526E-016
   2.0588259548001044       -7.4451359782704012E-016
   2.0651028631988853        3.3697848515321205E-017
   2.0713797715976656       -1.9256603157925912E-016
   2.0776566799964464        1.2659080274364265E-016
   2.0839335883952272       -5.8339718091837263E-016
   2.0902104967940081       -1.5286089062387372E-016
   2.0964874051927889       -2.9578191068482583E-016
   2.1027643135915697        4.3720134896974750E-016
   2.1090412219903505       -8.1386722803921804E-017
   2.1153181303891313       -1.6807659087410402E-016
   2.1215950387879121       -9.4965401250901395E-016
   2.1278719471866929       -3.9803006483002480E-016
   2.1341488555854737       -3.2172452326659176E-016
   2.1404257639842545        3.4594557517856423E-016
   2.1467026723830354       -7.0050919671981318E-016
   2.1529795807818162       -9.6079067912826241E-016
   2.1592564891805970       -1.2736457441324018E-015
   2.1655333975793778       -5.2680272993357486E-016
   2.1718103059781586       -1.0261789589293263E-015
   2.1780872143769394       -5.0793258956385210E-016
   2.1843641227757202       -4.9544590767663122E-016
   2.1906410311745010        1.9188019654682236E-016
   2.1969179395732819       -2.2853820640492488E-016
   2.2031948479720627        6.8024979815650069E-017
   2.2094717563708435        6.0950202734141152E-016
   2.2157486647696243        1.9225106104926062E-015
   2.2220255731684051        2.4509487603723451E-015
   2.2283024815671859        3.8803947310936782E-015
   2.2345793899659667        4.2374034871060148E-015
   2.2408562983647475        5.9815572044182875E-015
   2.2471332067635283        8.0605069704412299E-015
   2.2534101151623092        1.2146877396991126E-014
   2.2596870235610900        1.6100411469396268E-014
   2.2659639319598708        2.1494949130480545E-014
   2.2722408403586516        2.8320081171654382E-014
   2.2785177487574324        3.8373260186894437E-014
   2.2847946571562132        5.0703372077860767E-014
   2.2910715655549940        6.7473081971700128E-014
   2.2973484739537748        8.8394347920875070E-014
   2.3036253823525557        1.1638311973945941E-013
   2.3099022907513365        1.5196816816748853E-013
   2.3161791991501173        1.9874058041224325E-013
   2.3224561075488981        2.5728561867448983E-013
   2.3287330159476789        3.3309944238815006E-013
   2.3350099243464597        4.2879407208811145E-013
   2.3412868327452405        5.5089046150903526E-013
   2.3475637411440213        7.0442432074175793E-013
   2.3538406495428021        8.9894700567682261E-013
   2.3601175579415830        1.1424007313820870E-012
   2.3663944663403638        1.4467187134682567E-012
   2.3726713747391446        1.8250838393900454E-012
   2.3789482831379254        2.2949705597345096E-012
   2.3852251915367062        2.8756081263477214E-012
   2.3915020999354870        3.5918311636564505E-012
   2.3977790083342678        4.4693678164281352E-012
   2.4040559167330486        5.5420528797013822E-012
   2.4103328251318294        6.8472113422370209E-012
   2.4166097335306103        8.4306626884053317E-012
   2.4228866419293911        1.0343490317653889E-011
   2.4291635503281719        1.2646771526136302E-011
   2.4354404587269527        1.5407260789619469E-011
   2.4417173671257335        1.8703393676753128E-011
   2.4479942755245143        2.2623900553631701E-011
   2.4542711839232951        2.7269884055120609E-011
   2.4605480923220759        3.2754522803645078E-011
   2.4668250007208568        3.9204946518442302E-011
   2.4731019091196376        4.6760306161190719E-011
   2.4793788175184184        5.5576717560647285E-011
   2.4856557259171992        6.5824529890941564E-011
   2.4919326343159800        7.7691683332285730E-011
   2.4982095427147608        9.1380018669130511E-011
   2.5044864511135416        1.0711041780985125E-010
   2.5107633595123224        1.2511655415469062E-010
   2.5170402679111032        1.4564935744687455E-010
   2.5233171763098841        1.6897268884271115E-010
   2.5295940847086644        1.9536599850241117E-010
   2.5358709931074452        2.2511863497109700E-010
   2.5421479015062260        2.5853118224963955E-010
   2.5484248099050069        2.9591027015486209E-010
   2.5547017183037877        3.3756783605993319E-010
   2.5609786267025685        3.8381626183877991E-010
   2.5672555351013493        4.3496788279155927E-010
   2.5735324435001301        4.9132745596793546E-010
   2.5798093518989109        5.5319354466799194E-010
   2.5860862602976917        6.2084775250000191E-010
   2.5923631686964725        6.9455472390270935E-010
   2.5986400770952534        7.7455561990752192E-010
   2.6049169854940342        8.6106745918591341E-010
   2.6111938938928150        9.5427573017416406E-010
   2.6174708022915958        1.0543325378099396E-009
   2.6237477106903766        1.1613506386293821E-009
   2.6300246190891574        1.2754052689836838E-009
   2.6363015274879382        1.3965260641767873E-009
   2.6425784358867190        1.5247014381283518E-009
   2.6488553442854998        1.6598726389690548E-009
   2.6551322526842807        1.8019368816156668E-009
   2.6614091610830615        1.9507429321933983E-009
   2.6676860694818423        2.1060966801451025E-009
   2.6739629778806231        2.2677596322872320E-009
   2.6802398862794039        2.4354559725641820E-009
   2.6865167946781847        2.6088712894205174E-009
   2.6927937030769655        2.7876598188630360E-009
   2.6990706114757463        2.9714489509038985E-009
   2.7053475198745272        3.1598464894193766E-009
   2.7116244282733080        3.3524451066269873E-009
   2.7179013366720888        3.5488313474205635E-009
   2.7241782450708696        3.7485915341794295E-009
   2.7304551534696504        3.9513231107457409E-009
   2.7367320618684312        4.1566396247975750E-009
   2.7430089702672120        4.3641828709394789E-009
   2.7492858786659928        4.5736274847284613E-009
   2.7555627870647736        4.7846937149107969E-009
   2.7618396954635545        4.9971528583543686E-009
   2.7681166038623353        5.2108395812969952E-009
   2.7743935122611161        5.4256572213999044E-009
   2.7806704206598969        5.6415890434589757E-009
   2.7869473290586777        5.8587015309834756E-009
   2.7932242374574585        6.0771561844324267E-009
   2.7995011458562393        6.2972147546504051E-009
   2.8057780542550201        6.5192481920716104E-009
   2.8120549626538009        6.7437400342422744E-009
   2.8183318710525818        6.9712929537522905E-009
   2.8246087794513626        7.2026309682629269E-009
   2.8308856878501434        7.4386065439540359E-009
   2.8371625962489242        7.6802028376013030E-009
   2.8434395046477050        7.9285384491137574E-009
   2.8497164130464858        8.1848708448302349E-009
   2.8559933214452666        8.4506029540478520E-009
   2.8622702298440474        8.7272861353925764E-009
   2.8685471382428283        9.0166285285076595E-009
   2.8748240466416091        9.3204986197270468E-009
   2.8811009550403899        9.6409360557662334E-009
   2.8873778634391707        9.9801570486753433E-009
   2.8936547718379515        1.0340567576613918E-008
   2.8999316802367323        1.0724771784465851E-008
   2.9062085886355131        1.1135588255430537E-008
   2.9124854970342939        1.1576060422715342E-008
   2.9187624054330747        1.2049475428671175E-008
   2.9250393138318556        1.2559379818832041E-008
   2.9313162222306364        1.3109601516617526E-008
   2.9375931306294172        1.3704270422647050E-008
   2.9438700390281980        1.4347842035041599E-008
   2.9501469474269788        1.5045121159309413E-008
   2.9564238558257596        1.5801289618698653E-008
   2.9627007642245404        1.6621933909892467E-008
   2.9689776726233212        1.7513075892326840E-008
   2.9752545810221021        1.8481202714824908E-008
   2.9815314894208829        1.9533299392728860E-008
   2.9878083978196632        2.0676882919784775E-008
   2.9940853062184440        2.1920043738667824E-008
   3.0003622146172249        2.3271483979395096E-008
   3.0066391230160057        2.4740560701768446E-008
   3.0129160314147865        2.6337323095174078E-008
   3.0191929398135673        2.8072553807964591E-008
   3.0254698482123481        2.9957804081913479E-008
   3.0317467566111289        3.2005431053841281E-008
   3.0380236650099097        3.4228624863050004E-008
   3.0443005734086905        3.6641435200944664E-008
   3.0505774818074713        3.9258788616045289E-008
   3.0568543902062522        4.2096497383805986E-008
   3.0631312986050330        4.5171253028253227E-008
   3.0694082070038138        4.8500610156179376E-008
   3.0756851154025946        5.2102950054734611E-008
   3.0819620238013754        5.5997426126450821E-008
   3.0882389322001562        6.0203879840966470E-008
   3.0945158405989370        6.4742732404995033E-008
   3.1007927489977178        6.9634838763868270E-008
   3.1070696573964987        7.4901305927042328E-008
   3.1133465657952795        8.0563262573599001E-008
   3.1196234741940603        8.6641581570433681E-008
   3.1259003825928411        9.3156541794807815E-008
   3.1321772909916219        1.0012742948452735E-007
   3.1384541993904027        1.0757206749031999E-007
   3.1447311077891835        1.1550626743332638E-007
   3.1510080161879643        1.2394320022533821E-007
   3.1572849245867451        1.3289270759341926E-007
   3.1635618329855260        1.4236060781193163E-007
   3.1698387413843068        1.5234797949250470E-007
   3.1761156497830876        1.6285039224870523E-007
   3.1823925581818684        1.7385709968843525E-007
   3.1886694665806492        1.8535019608454418E-007
   3.1949463749794300        1.9730375695043510E-007
   3.2012232833782108        2.0968297000929839E-007
   3.2075001917769916        2.2244328452042808E-007
   3.2137771001757724        2.3552958802165292E-007
   3.2200540085745533        2.4887544406066252E-007
   3.2263309169733341        2.6240241480018000E-007
   3.2326078253721149        2.7601949706816935E-007
   3.2388847337708957        2.8962270515770328E-007
   3.2451616421696765        3.0309483483666871E-007
   3.2514385505684573        3.1630544035213582E-007
   3.2577154589672381        3.2911106999503642E-007
   3.2639923673660189        3.4135578183135191E-007
   3.2702692757647998        3.5287198257765185E-007
   3.2765461841635806        3.6348161700090501E-007
   3.2828230925623614        3.7299773586709467E-007
   3.2891000009611422        3.8122645766911700E-007
   3.2953769093599230        3.8796934401441518E-007
   3.3016538177587038        3.9302618290858216E-007
   3.3079307261574846        3.9619818158963613E-007
   3.3142076345562654        3.9729153727573288E-007
   3.3204845429550462        3.9612136606963565E-007
   3.3267614513538271        3.9251592882448580E-007
   3.3330383597526079        3.8632110676437976E-007
   3.3393152681513887        3.7740503806220784E-007
   3.3455921765501695        3.6566282442957359E-007
   3.3518690849489503        3.5102118893087470E-007
   3.3581459933477311        3.3344297030228454E-007
   3.3644229017465119        3.1293131148878373E-007
   3.3706998101452927        2.8953340918318967E-007
   3.3769767185440736        2.6334367301626590E-007
   3.3832536269428544        2.3450615685581796E-007
   3.3895305353416352        2.0321611619697384E-007
   3.3958074437404160        1.6972057246010525E-007
   3.4020843521391968        1.3431776173412020E-007
   3.4083612605379776        9.7355385223697280E-008
   3.4146381689367584        5.9227591132628582E-008
   3.4209150773355392        2.0370659587982335E-008
   3.4271919857343200       -1.8742606430721281E-008
   3.4334688941331009       -5.7609737930957425E-008
   3.4397458025318817       -9.5706623954874860E-008
   3.4460227109306620       -1.3249656981054337E-007
   3.4522996193294428       -1.6744022271726031E-007
   3.4585765277282237       -2.0000615255181861E-007
   3.4648534361270045       -2.2968184539571240E-007
   3.4711303445257853       -2.5598483148783295E-007
   3.4774072529245661       -2.7847365442247669E-007
   3.4836841613233469       -2.9675837023463827E-007
   3.4899610697221277       -3.1051026282937924E-007
   3.4962379781209085       -3.1947047017106222E-007
   3.5025148865196893       -3.2345723012103214E-007
   3.5087917949184702       -3.2237144525645203E-007
   3.5150687033172510       -3.1620034487651596E-007
   3.5213456117160318       -3.0501913385219852E-007
   3.5276225201148126       -2.8899055788743679E-007
   3.5338994285135934       -2.6836235795548803E-007
   3.5401763369123742       -2.4346265747862607E-007
   3.5464532453111550       -2.1469338317939357E-007
   3.5527301537099358       -1.8252188775619842E-007
   3.5590070621087166       -1.4747099596850292E-007
   3.5652839705074975       -1.1010774929011815E-007
   3.5715608789062783       -7.1031161524176676E-008
   3.5778377873050591       -3.0859327784334172E-008
   3.5841146957038399        9.7837482911338937E-009
   3.5903916041026207        5.0281244957657949E-008
   3.5966685125014015        9.0036170593513267E-008
   3.6029454209001823        1.2848322899465375E-007
   3.6092223292989631        1.6509959421577457E-007
   3.6154992376977440        1.9941432274410120E-007
   3.6217761460965248        2.3101619098259587E-007
   3.6280530544953056        2.5955979154920209E-007
   3.6343299628940864        2.8476978648196703E-007
   3.6406068712928672        3.0644327559501344E-007
   3.6468837796916480        3.2445029947893773E-007
   3.6531606880904288        3.3873255259690344E-007
   3.6594375964892096        3.4930043654408900E-007
   3.6657145048879904        3.5622862321485270E-007
   3.6719914132867713        3.5965034296471160E-007
   3.6782683216855521        3.5975061878742432E-007
   3.6845452300843329        3.5675864064513938E-007
   3.6908221384831137        3.5093955087975669E-007
   3.6970990468818945        3.4258598231986948E-007
   3.7033759552806753        3.3200961443499620E-007
   3.7096528636794561        3.1953298973686148E-007
   3.7159297720782369        3.0548180059108158E-007
   3.7222066804770177        2.9017782173249515E-007
   3.7284835888757986        2.7393262894455759E-007
   3.7347604972745794        2.5704219814132386E-007
   3.7410374056733602        2.3978244983921519E-007
   3.7473143140721410        2.2240576078165994E-007
   3.7535912224709218        2.0513843552347759E-007
   3.7598681308697026        1.8817909992510828E-007
   3.7661450392684834        1.7169795143863012E-007
   3.7724219476672642        1.5583678377472895E-007
   3.7786988560660451        1.4070968866635365E-007
   3.7849757644648259        1.2640433035863217E-007
   3.7912526728636067        1.1298368080079239E-007
   3.7975295812623875        1.0048810716545088E-007
   3.8038064896611683        8.8937705450262479E-008
   3.8100833980599491        7.8334781575848301E-008
   3.8163603064587299        6.8666390085674762E-008
   3.8226372148575107        5.9906855266696528E-008
   3.8289141232562915        5.2020206574280819E-008
   3.8351910316550724        4.4962474195639453E-008
   3.8414679400538532        3.8683811895237493E-008
   3.8477448484526340        3.3130411013695538E-008
   3.8540217568514148        2.8246189509862199E-008
   3.8602986652501956        2.3974243769146142E-008
   3.8665755736489764        2.0258069348351690E-008
   3.8728524820477572        1.7042565808926837E-008
   3.8791293904465380        1.4274833972369342E-008
   3.8854062988453189        1.1904779428088047E-008
   3.8916832072440997        9.8855446079459586E-009
   3.8979601156428805        8.1737872243693076E-009
   3.9042370240416608        6.7298262139905017E-009
   3.9105139324404417        5.5176761773581818E-009
   3.9167908408392225        4.5049947668571596E-009
   3.9230677492380033        3.6629565487561338E-009
   3.9293446576367841        2.9660756673900314E-009
   3.9356215660355649        2.3919882879164927E-009
   3.9418984744343457        1.9212131286153612E-009
   3.9481753828331265        1.5368974366188408E-009
   3.9544522912319073        1.2245599764805314E-009
   3.9607291996306881        9.7183852069379448E-010
   3.9670061080294690        7.6824545698164167E-010
   3.9732830164282498        6.0493705370558073E-010
   3.9795599248270306        4.7450165185717472E-010
   3.9858368332258114        3.7076187947788837E-010
   3.9921137416245922        2.8859946563724109E-010
   3.9983906500233730        2.2379529556412616E-010
   4.0046675584221543        1.7289137737802611E-010
   4.0109444668209351        1.3306889266639642E-010
   4.0172213752197159        1.0204064931918360E-010
   4.0234982836184967        7.7961007870645116E-011
   4.0297751920172775        5.9346722489994952E-011
   4.0360521004160583        4.5013852580953206E-011
   4.0423290088148391        3.4020591148148740E-011
   4.0486059172136200        2.5621257406279083E-011
   4.0548828256124008        1.9228210583059463E-011
   4.0611597340111816        1.4379697198716940E-011
   4.0674366424099624        1.0716329482637550E-011
   4.0737135508087432        7.9587105821216943E-012
   4.0799904592075240        5.8910584098079335E-012
   4.0862673676063048        4.3462480747484487E-012
   4.0925442760050856        3.1960018424616409E-012
   4.0988211844038664        2.3420823470366757E-012
   4.1050980928026473        1.7105969368512701E-012
   4.1113750012014281        1.2453558457217905E-012
   4.1176519096002089        9.0375008284365433E-013
   4.1239288179989897        6.5353036025080741E-013
   4.1302057263977705        4.7167329661860020E-013
   4.1364826347965504        3.3964805473024193E-013
   4.1427595431953312        2.4347230182125919E-013
   4.1490364515941121        1.7340408219788242E-013
   4.1553133599928929        1.2326893713154999E-013
   4.1615902683916737        8.7822926190372005E-014
   4.1678671767904545        6.2740541719181948E-014
   4.1741440851892353        4.4092730777586725E-014
   4.1804209935880161        3.1060861991701403E-014
   4.1866979019867969        2.1749520138849674E-014
   4.1929748103855777        1.5424324347304978E-014
   4.1992517187843585        1.0699518000275138E-014
   4.2055286271831394        7.4449669765568238E-015
   4.2118055355819202        5.0493446231994748E-015
   4.2180824439807010        3.2843606037326329E-015
   4.2243593523794818        2.2277691648729339E-015
   4.2306362607782626        1.5808997468874019E-015
   4.2369131691770434        1.2941484803122984E-015
   4.2431900775758242        1.1550734111664273E-015
   4.2494669859746050        6.7339532629545664E-016
   4.2557438943733858        7.5052351496029227E-017
   4.2620208027721667        2.7083283746569282E-017
   4.2682977111709475        1.8595290457226627E-016
   4.2745746195697283        3.0595778431679631E-016
   4.2808515279685091        7.2073877389127363E-016
   4.2871284363672899        5.6634470633806310E-016
   4.2934053447660707        2.7955437189947883E-017
   4.2996822531648515       -2.6147016824890614E-016
   4.3059591615636323       -2.1544753542859408E-017
   4.3122360699624132        2.0745836690937069E-016
   4.3185129783611940        7.9056714288613229E-016
   4.3247898867599748        6.4260199958297289E-016
   4.3310667951587556        3.5525329198202742E-016
   4.3373437035575364       -1.0373807136361543E-016
   4.3436206119563172        1.0169412483066896E-016
   4.3498975203550980       -1.8212096815497475E-017
   4.3561744287538788        4.5777583027643508E-016
   4.3624513371526596        4.0030728620926784E-016
   4.3687282455514405        2.4018495057792323E-016
   4.3750051539502213        4.8610140810816274E-017
   4.3812820623490021        1.8103090694740367E-016
   4.3875589707477829        5.3869270147603329E-017
   4.3938358791465637        3.3514072694508332E-017
   4.4001127875453445        1.0772090270643024E-016
   4.4063896959441253        1.7933755256851052E-016
   4.4126666043429061       -1.8890759676067343E-017
   4.4189435127416870        4.1664658696636676E-016
   4.4252204211404678        2.3613550493693999E-016
   4.4314973295392486       -4.2873736372743446E-016
   4.4377742379380294       -5.0718832714886003E-016
   4.4440511463368102        1.1450872637659915E-016
   4.4503280547355910        4.3019306482991945E-016
   4.4566049631343718        2.6854340191979123E-016
   4.4628818715331526        3.6356231214621631E-016
   4.4691587799319334        3.8987304619924410E-016
   4.4754356883307143        1.0973851022524933E-016
   4.4817125967294951       -2.5292044188920521E-017
   4.4879895051282759       -3.2352630163354933E-016
   4.4942664135270567        3.5344737353500477E-017
   4.5005433219258375        1.1661892437558830E-016
   4.5068202303246183        1.4307621965948014E-016
   4.5130971387233991       -4.4910120994512360E-016
   4.5193740471221799       -4.4495791219031610E-016
   4.5256509555209607       -2.2146370851202648E-017
   4.5319278639197416        3.9105621966387463E-016
   4.5382047723185224        1.4754539820730555E-016
   4.5444816807173032       -6.9879718045544564E-017
   4.5507585891160840       -1.2024091383223775E-016
   4.5570354975148648        1.6270392629385982E-016
   4.5633124059136456        2.3344701740372034E-016
   4.5695893143124264        2.2627187588374123E-016
   4.5758662227112072       -2.0032737711297056E-016
   4.5821431311099881       -2.2846524403255322E-016
   4.5884200395087689       -3.9058779885960720E-016
   4.5946969479075497        1.9711410039813239E-017
   4.6009738563063305        3.4927064358422831E-016
   4.6072507647051113        2.1200416323236104E-016
   4.6135276731038921       -2.7615785081442210E-017
   4.6198045815026729        1.1359678842648430E-016
   4.6260814899014537        1.2451118062704730E-016
   4.6323583983002345        1.0155921379568250E-016
   4.6386353066990154       -1.2606821434089766E-016
   4.6449122150977962        5.3312469351310627E-017
   4.6511891234965770        2.2978140430368205E-016
   4.6574660318953578        6.2400466053098763E-016
   4.6637429402941386        3.0541439081348556E-016
   4.6700198486929194        8.2911044986968224E-017
   4.6762967570917002       -3.5707210050663302E-016
   4.6825736654904810       -3.1642746802663601E-016
   4.6888505738892619       -5.3611853328109338E-016
   4.6951274822880427       -8.7214889265826875E-017
   4.7014043906868235       -3.8704227264112491E-017
   4.7076812990856043       -1.4986878904605341E-016
   4.7139582074843851       -6.1042651873270815E-016
   4.7202351158831659       -3.1701284092254155E-016
   4.7265120242819467       -2.2368624882018612E-016
   4.7327889326807275       -7.1246175487254160E-017
   4.7390658410795083       -5.0952983893243951E-017
   4.7453427494782892        4.4298838927485935E-016
   4.7516196578770700        4.4416068055416648E-016
   4.7578965662758508        3.7044784293075506E-016
   4.7641734746746316       -9.5853770043514634E-018
   4.7704503830734124       -2.2583628675375811E-016
   4.7767272914721932       -4.7086222404544864E-016
   4.7830041998709740       -7.2129862950335522E-017
   4.7892811082697548        1.5754079682803649E-016
   4.7955580166685357        3.1997783827948778E-016
   4.8018349250673165       -5.8933859588856393E-018
   4.8081118334660973        6.4509954933916969E-017
   4.8143887418648781       -4.5223801900651488E-016
   4.8206656502636589       -3.1950236340513085E-016
   4.8269425586624397       -2.2232902153252953E-016
   4.8332194670612205        1.2715378441292805E-016
   4.8394963754600013       -3.7066075206172294E-016
   4.8457732838587821       -6.9053780883502045E-017
   4.8520501922575630       -8.5069441603977194E-017
   4.8583271006563438        8.7001843227813817E-017
   4.8646040090551246       -4.4371216465275040E-016
   4.8708809174539054       -3.2291199379666447E-016
   4.8771578258526862       -4.9459240969850326E-016
   4.8834347342514670        3.1086420088224302E-016
   4.8897116426502478        2.3064156803524316E-016
   4.8959885510490286        4.2408955489007010E-017
   4.9022654594478094       -9.7137885052588054E-017
   4.9085423678465903        9.8539425493662178E-017
   4.9148192762453711        4.4524954726245620E-018
   4.9210961846441519        1.2473271722580049E-016
   4.9273730930429327        3.6166186651495146E-017
   4.9336500014417135        2.0301865035671022E-016
   4.9399269098404943        2.6085318955107317E-016
   4.9462038182392751        3.6852080101952756E-016
   4.9524807266380559       -1.4061642264888385E-016
   4.9587576350368368        1.6573033015446407E-016
   4.9650345434356176       -4.5739125807395971E-017
   4.9713114518343984       -3.8655723620800580E-016
   4.9775883602331792       -2.6596513390412385E-016
   4.9838652686319600       -1.9026299376735308E-017
   4.9901421770307408       -8.1227499993571964E-017
   4.9964190854295216        3.7155635106627009E-016
   5.0026959938283024        1.6282930974364511E-017
   5.0089729022270832        1.7843080619637331E-016
   5.0152498106258641       -1.6192832779837220E-017
   5.0215267190246449        9.3196581855730435E-017
   5.0278036274234257       -3.2759528733534392E-016
   5.0340805358222065       -2.7408283460269158E-016
   5.0403574442209873        3.7552809399102043E-017
   5.0466343526197681        3.8669391577840856E-016
   5.0529112610185480       -2.0933212977102543E-016
   5.0591881694173289       -1.9305687963888334E-016
   5.0654650778161097       -3.4777602970732257E-016
   5.0717419862148905        2.2398215284635742E-016
   5.0780188946136713        2.2439928032537790E-016
   5.0842958030124521        6.3691302473299580E-016
   5.0905727114112329        7.2988135929367415E-016
   5.0968496198100137        1.0802418482049399E-015
   5.1031265282087945        5.1415569728916355E-016
   5.1094034366075753        5.3380167291052204E-016
   5.1156803450063562        2.6886616269937539E-016
   5.1219572534051370        9.1016331976385762E-016
   5.1282341618039178        1.0559567165401489E-015
   5.1345110702026986        1.9387646014937838E-015
   5.1407879786014794        2.5190576332346650E-015
   5.1470648870002602        3.6023544887186838E-015
   5.1533417953990410        5.0521309561917623E-015
   5.1596187037978218        8.2749549006734648E-015
   5.1658956121966026        1.2353759597054557E-014
   5.1721725205953835        1.9365180180126524E-014
   5.1784494289941643        2.8130383757038013E-014
   5.1847263373929451        4.1465425960788017E-014
   5.1910032457917259        6.0292584605506700E-014
   5.1972801541905067        8.8713784472068094E-014
   5.2035570625892875        1.3001185254746898E-013
   5.2098339709880683        1.9104892800610136E-013
   5.2161108793868491        2.7911273272117906E-013
   5.2223877877856300        4.0806941903954150E-013
   5.2286646961844108        5.9364625041917626E-013
   5.2349416045831916        8.6207255221364421E-013
   5.2412185129819724        1.2480811886108181E-012
   5.2474954213807532        1.8030021482265271E-012
   5.2537723297795340        2.5974533650940250E-012
   5.2600492381783148        3.7320058968550448E-012
   5.2663261465770956        5.3462337455853460E-012
   5.2726030549758764        7.6389387627450343E-012
   5.2788799633746573        1.0883505154903877E-011
   5.2851568717734381        1.5464064420140977E-011
   5.2914337801722189        2.1909619972108810E-011
   5.2977106885709997        3.0954714378719946E-011
   5.3039875969697805        4.3607562539059207E-011
   5.3102645053685613        6.1253904771726140E-011
   5.3165414137673421        8.5785498853591295E-011
   5.3228183221661229        1.1978590552918687E-010
   5.3290952305649038        1.6675855591505403E-010
   5.3353721389636846        2.3144749097820404E-010
   5.3416490473624654        3.2024762884770157E-010
   5.3479259557612462        4.4175377529784868E-010
   5.3542028641600270        6.0746545212004547E-010
   5.3604797725588078        8.3272163593527393E-010
   5.3667566809575886        1.1379003518605725E-009
   5.3730335893563694        1.5499774794115127E-009
   5.3793104977551502        2.1045200193973342E-009
   5.3855874061539311        2.8482517229072906E-009
   5.3918643145527119        3.8423042851525141E-009
   5.3981412229514927        5.1663598739073977E-009
   5.4044181313502735        6.9238628894253245E-009
   5.4106950397490543        9.2485851047300527E-009
   5.4169719481478351        1.2312817299559806E-008
   5.4232488565466159        1.6337578114052081E-008
   5.4295257649453967        2.1605241923483737E-008
   5.4358026733441775        2.8475103140501142E-008
   5.4420795817429584        3.7402427487490914E-008
   5.4483564901417392        4.8961699620102734E-008
   5.4546333985405200        6.3874788269941691E-008
   5.4609103069393008        8.3044921995236149E-008
   5.4671872153380816        1.0759741406711951E-007
   5.4734641237368624        1.3892823179463734E-007
   5.4797410321356432        1.7876154571570879E-007
   5.4860179405344240        2.2921755016201029E-007
   5.4922948489332049        2.9289186308792504E-007
   5.4985717573319857        3.7294793474153101E-007
   5.5048486657307665        4.7322385565589637E-007
   5.5111255741295473        5.9835502318295887E-007
   5.5174024825283281        7.5391401505009195E-007
   5.5236793909271089        9.4656897417499761E-007
   5.5299562993258897        1.1842615875898735E-006
   5.5362332077246705        1.4764055632719974E-006
   5.5425101161234513        1.8341061476753452E-006
   5.5487870245222322        2.2704008711443765E-006
   5.5550639329210130        2.8005211776958797E-006
   5.5613408413197938        3.4421740692782310E-006
   5.5676177497185746        4.2158421850276162E-006
   5.5738946581173554        5.1451000512930162E-006
   5.5801715665161362        6.2569433977115322E-006
   5.5864484749149170        7.5821276378435254E-006
   5.5927253833136978        9.1555107367796589E-006
   5.5990022917124787        1.1016394266251673E-005
   5.6052792001112595        1.3208853090161671E-005
   5.6115561085100403        1.5782044467815259E-005
   5.6178330169088211        1.8790487678589004E-005
   5.6241099253076019        2.2294303525172227E-005
   5.6303868337063827        2.6359402022883628E-005
   5.6366637421051635        3.1057606030644001E-005
   5.6429406505039443        3.6466698163670837E-005
   5.6492175589027251        4.2670378357289085E-005
   5.6554944673015060        4.9758119747461703E-005
   5.6617713757002868        5.7824911353821891E-005
   5.6680482840990676        6.6970877266959208E-005
   5.6743251924978484        7.7300763818762683E-005
   5.6806021008966292        8.8923288465029345E-005
   5.6868790092954100        1.0195034691725096E-004
   5.6931559176941908        1.1649607835831166E-004
   5.6994328260929716        1.3267579232686147E-004
   5.7057097344917524        1.5060476503734726E-004
   5.7119866428905333        1.7039691735589151E-004
   5.7182635512893141        1.9216339141878659E-004
   5.7245404596880949        2.1601104757022830E-004
   5.7308173680868757        2.4204090820213473E-004
   5.7370942764856565        2.7034657939764860E-004
   5.7433711848844373        3.0101268577590500E-004
   5.7496480932832181        3.3411335711174759E-004
   5.7559250016819989        3.6971080901163393E-004
   5.7622019100807798        4.0785406083195110E-004
   5.7684788184795606        4.4857783594318297E-004
   5.7747557268783414        4.9190165396280805E-004
   5.7810326352771222        5.3782905756912501E-004
   5.7873095436759030        5.8634702844837839E-004
   5.7935864520746838        6.3742565663290620E-004
   5.7998633604734646        6.9101808821360857E-004
   5.8061402688722454        7.4706076892780144E-004
   5.8124171772710262        8.0547399559691764E-004
   5.8186940856698071        8.6616278219631875E-004
   5.8249709940685879        9.2901804115001329E-004
   5.8312479024673687        9.9391807472169139E-004
   5.8375248108661495        1.0607303652980132E-003
   5.8438017192649303        1.1293136478649477E-003
   5.8500786276637111        1.1995202426369142E-003
   5.8563555360624919        1.2711986212948030E-003
   5.8626324444612727        1.3441961762671872E-003
   5.8689093528600536        1.4183621595991276E-003
   5.8751862612588344        1.4935507557145248E-003
   5.8814631696576152        1.5696242515637379E-003
   5.8877400780563960        1.6464562674328449E-003
   5.8940169864551768        1.7239350131939334E-003
   5.9002938948539576        1.8019665365832879E-003
   5.9065708032527384        1.8804779339721453E-003
   5.9128477116515192        1.9594204976192057E-003
   5.9191246200503000        2.0387727796016587E-003
   5.9254015284490809        2.1185435571921271E-003
   5.9316784368478617        2.1987746930817033E-003
   5.9379553452466425        2.2795438886203771E-003
   5.9442322536454233        2.3609673286749564E-003
   5.9505091620442041        2.4432020719643366E-003
   5.9567860704429849        2.5264479617332306E-003
   5.9630629788417657        2.6109492957515309E-003
   5.9693398872405457        2.6969964015696574E-003
   5.9756167956393265        2.7849271595333782E-003
   5.9818937040381073        2.8751285215878062E-003
   5.9881706124368881        2.9680380743857238E-003
   5.9944475208356689        3.0641457006656621E-003
   6.0007244292344497        3.1639953936312194E-003
   6.0070013376332305        3.2681872812812935E-003
   6.0132782460320113        3.3773799175464887E-003
   6.0195551544307921        3.4922928968557283E-003
   6.0258320628295730        3.6137098475142789E-003
   6.0321089712283538        3.7424818569424573E-003
   6.0383858796271346        3.8795313792824608E-003
   6.0446627880259154        4.0258566716232999E-003
   6.0509396964246962        4.1825368011544559E-003
   6.0572166048234770        4.3507372591141480E-003
   6.0634935132222578        4.5317162117992169E-003
   6.0697704216210386        4.7268314097867149E-003
   6.0760473300198194        4.9375477686019170E-003
   6.0823242384186003        5.1654456212625616E-003
   6.0886011468173811        5.4122296319733055E-003
   6.0948780552161619        5.6797383421896969E-003
   6.1011549636149427        5.9699543041739425E-003
   6.1074318720137235        6.2850147328151109E-003
   6.1137087804125043        6.6272225777629541E-003
   6.1199856888112851        6.9990579736433339E-003
   6.1262625972100659        7.4031907106269276E-003
   6.1325395056088468        7.8424942667414763E-003
   6.1388164140076276        8.3200604695302088E-003
   6.1450933224064084        8.8392143573454342E-003
   6.1513702308051892        9.4035290586998565E-003
   6.1576471392039700        1.0016840442564233E-002
   6.1639240476027508        1.0683261255800151E-002
   6.1702009560015316        1.1407194393316911E-002
   6.1764778644003124        1.2193344883779182E-002
   6.1827547727990932        1.3046730089363856E-002
   6.1890316811978741        1.3972687532310010E-002
   6.1953085895966549        1.4976879657416918E-002
   6.2015854979954357        1.6065294730443488E-002
   6.2078624063942165        1.7244242947372649E-002
   6.2141393147929973        1.8520346697079620E-002
   6.2204162231917781        1.9900523774463125E-002
   6.2266931315905589        2.1391962188382022E-002
   6.2329700399893397        2.3002085048370025E-002
   6.2392469483881206        2.4738503848496123E-002
   6.2455238567869014        2.6608958304392749E-002
   6.2518007651856822        2.8621240734763704E-002
   6.2580776735844630        3.0783102839130893E-002
   6.2643545819832438        3.3102142579706680E-002
   6.2706314903820246        3.5585668806153756E-002
   6.2769083987808054        3.8240541150233412E-002
   6.2831853071795862        4.1072982845098562E-002
