   6.2769083987808056E-003  -5.9676588781072759E-003
   1.2553816797561611E-002   1.7619974776258176E-002
   1.8830725196342418E-002   3.8427263308075083E-002
   2.5107633595123222E-002   5.3162984972049770E-002
   3.1384541993904030E-002   5.9485990528396107E-002
   3.7661450392684835E-002   5.6380177845900943E-002
   4.3938358791465640E-002   4.4322297598318093E-002
   5.0215267190246445E-002   2.5214223364363148E-002
   5.6492175589027249E-002   2.0882509932425774E-003
   6.2769083987808061E-002  -2.1369925572114885E-002
   6.9045992386588859E-002  -4.1406393230040583E-002
   7.5322900785369670E-002  -5.4800012951061003E-002
   8.1599809184150468E-002  -5.9383154659860875E-002
   8.7876717582931280E-002  -5.4397669217584349E-002
   9.4153625981712077E-002  -4.0626900858808893E-002
  0.10043053438049289       -2.0279797368822055E-002
  0.10670744277927370        3.3571027924033593E-003
  0.11298435117805450        2.6446163228727441E-002
  0.11926125957683531        4.5220148997109556E-002
  0.12553816797561612        5.6598484293086705E-002
  0.13181507637439691        5.8697316777569619E-002
  0.13809198477317772        5.1148268757500705E-002
  0.14436889317195853        3.5170883337926860E-002
  0.15064580157073934        1.3383546344247125E-002
  0.15692270996952015       -1.0619282527114315E-002
  0.16319961836830094       -3.2856436130590215E-002
  0.16947652676708175       -4.9620067725170351E-002
  0.17575343516586256       -5.8097032678582836E-002
  0.18203034356464337       -5.6847007386022906E-002
  0.18830725196342415       -4.6055100687690052E-002
  0.19458416036220497       -2.7513388073974087E-002
  0.20086106876098578       -4.3308860081060063E-003
  0.20713797715976659        1.9582482590923451E-002
  0.21341488555854740        4.0173221378751824E-002
  0.21969179395732819        5.3932744298989137E-002
  0.22596870235610900        5.8499807586117607E-002
  0.23224561075488981        5.3072626552603121E-002
  0.23852251915367062        3.8557541035933264E-002
  0.24479942755245140        1.7425407391278871E-002
  0.25107633595123224       -6.7030188822621919E-003
  0.25735324435001306       -2.9674182923951742E-002
  0.26363015274879381       -4.7516646543633592E-002
  0.26990706114757462       -5.7130676220448172E-002
  0.27618396954635543       -5.6832118192293543E-002
  0.28246087794513625       -4.6654082106676882E-002
  0.28873778634391706       -2.8351177737449555E-002
  0.29501469474269787       -5.1026123456008763E-003
  0.30129160314147868        1.9036591702388968E-002
  0.30756851154025949        3.9842027803716595E-002
  0.31384541993904030        5.3660880309291753E-002
  0.32012232833782106        5.8056949700291863E-002
  0.32639923673660187        5.2244953379922444E-002
  0.33267614513538268        3.7235664127957570E-002
  0.33895305353416350        1.5664163218656983E-002
  0.34522996193294431       -8.6703390735765710E-003
  0.35150687033172512       -3.1473049821518211E-002
  0.35778377873050593       -4.8712718047226850E-002
  0.36406068712928674       -5.7336637299741165E-002
  0.37033759552806755       -5.5813957403684673E-002
  0.37661450392684831       -4.4409848111675594E-002
  0.38289141232562912       -2.5140842079307835E-002
  0.38916832072440993       -1.4185873285883879E-003
  0.39544522912319074        2.2554964699759667E-002
  0.40172213752197156        4.2533300909090140E-002
  0.40799904592075237        5.4979049594576980E-002
  0.41427595431953318        5.7691223228817499E-002
  0.42055286271831399        5.0194283388654302E-002
  0.42682977111709480        3.3820061212137917E-002
  0.43310667951587556        1.1468619807899864E-002
  0.43938358791465637       -1.2908461045678029E-002
  0.44566049631343718       -3.5009516623661294E-002
  0.45193740471221799       -5.0943572832783467E-002
  0.45821431311099881       -5.7915204814851941E-002
  0.46449122150977962       -5.4712575152396359E-002
  0.47076812990856043       -4.1913580667858601E-002
  0.47704503830734124       -2.1775724259700553E-002
  0.48332194670612205        2.1683563073811988E-003
  0.48959885510490281        2.5735957761113235E-002
  0.49587576350368362        4.4828112062043735E-002
  0.50215267190246449        5.6142421623045516E-002
  0.50842958030124530        5.7740558071334366E-002
  0.51470648870002611        4.9373214725816829E-002
  0.52098339709880681        3.2509110825799020E-002
  0.52726030549758762        1.0067055247167609E-002
  0.53353721389636843       -1.4098310364846564E-002
  0.53981412229514925       -3.5864694631498807E-002
  0.54609103069393006       -5.1547016507962728E-002
  0.55236793909271087       -5.8517721324093858E-002
  0.55864484749149168       -5.5638403302847195E-002
  0.56492175589027249       -4.3433123319969735E-002
  0.57119866428905330       -2.3979349200760381E-002
  0.57747557268783412       -5.4082680086126598E-004
  0.58375248108661493        2.2990456830162487E-002
  0.59002938948539574        4.2745847284490657E-002
  0.59630629788417655        5.5514878612921773E-002
  0.60258320628295736        5.9259142071946234E-002
  0.60886011468173817        5.3424035678753090E-002
  0.61513702308051899        3.9003009868993854E-002
  0.62141393147929980        1.8350825931685546E-002
  0.62769083987808061       -5.2167884084760308E-003
  0.63396774827686131       -2.7966541025944043E-002
  0.64024465667564212       -4.6343106253954922E-002
  0.64652156507442293       -5.7520961683660186E-002
  0.65279847347320374       -5.9827342346700486E-002
  0.65907538187198456       -5.2974801649503675E-002
  0.66535229027076537       -3.8074139803834159E-002
  0.67162919866954618       -1.7433754684253833E-002
  0.67790610706832699        5.8159324705055549E-003
  0.68418301546710780        2.8209364417409396E-002
  0.69045992386588861        4.6466541561427016E-002
  0.69673683226466943        5.7968661929355486E-002
  0.70301374066345024        6.1120468625356417E-002
  0.70929064906223105        5.5551289193827388E-002
  0.71556755746101186        4.2132902123104977E-002
  0.72184446585979267        2.2820164700945979E-002
  0.72812137425857348        3.4554873543726674E-004
  0.73439828265735430       -2.2182227210434873E-002
  0.74067519105613511       -4.1714700601519432E-002
  0.74695209945491581       -5.5673299557439375E-002
  0.75322900785369662       -6.2277673571736233E-002
  0.75950591625247743       -6.0752882801875421E-002
  0.76578282465125824       -5.1394618188196309E-002
  0.77205973305003905       -3.5492037398339060E-002
  0.77833664144881987       -1.5126690636805953E-002
  0.78461354984760068        7.1190627161404150E-003
  0.79089045824638149        2.8501437648037860E-002
  0.79716736664516230        4.6456736564638758E-002
  0.80344427504394311        5.8902503321529333E-002
  0.80972118344272392        6.4464153891503104E-002
  0.81599809184150474        6.2604809682464652E-002
  0.82227500024028555        5.3649643674295026E-002
  0.82855190863906636        3.8709441584570493E-002
  0.83482881703784717        1.9519630450098885E-002
  0.84110572543662798       -1.7804926749975883E-003
  0.84738263383540879       -2.2898889041466471E-002
  0.85365954223418961       -4.1642030979137240E-002
  0.85993645063297042       -5.6138829267796446E-002
  0.86621335903175112       -6.5015403041485689E-002
  0.87249026743053193       -6.7506328942724611E-002
  0.87876717582931274       -6.3496249466592436E-002
  0.88504408422809355       -5.3493709865579879E-002
  0.89132099262687436       -3.8545966758655272E-002
  0.89759790102565518       -2.0108668200858808E-002
  0.90387480942443599        1.1261122732485495E-004
  0.91015171782321680        2.0331063226002075E-002
  0.91642862622199761        3.8840659444141612E-002
  0.92270553462077842        5.4157161722262613E-002
  0.92898244301955923        6.5127475707365851E-002
  0.93525935141834005        7.1000924968130028E-002
  0.94153625981712086        7.1460305998027232E-002
  0.94781316821590167        6.6614487498809827E-002
  0.95409007661468248        5.6957514549418303E-002
  0.96036698501346329        4.3301467785244831E-002
  0.96664389341224410        2.6691631282334850E-002
  0.97292080181102492        8.3128723324928620E-003
  0.97919771020980562       -1.0604348929043350E-002
  0.98547461860858643       -2.8871062866088624E-002
  0.99175152700736724       -4.5414275539982389E-002
  0.99802843540614805       -5.9334980975001075E-002
   1.0043053438049290       -6.9947674313676669E-002
   1.0105822522037098       -7.6801055412472091E-002
   1.0168591606024906       -7.9681072308122589E-002
   1.0231360690012714       -7.8598580584553504E-002
   1.0294129774000522       -7.3764654345152531E-002
   1.0356898857988328       -6.5556981760762800E-002
   1.0419667941976136       -5.4480847629842087E-002
   1.0482437025963944       -4.1128002569535006E-002
   1.0545206109951752       -2.6136310541493821E-002
   1.0607975193939561       -1.0152524155658068E-002
   1.0670744277927369        6.2000726066784280E-003
   1.0733513361915177        2.2348034053932962E-002
   1.0796282445902985        3.7787592604776057E-002
   1.0859051529890793        5.2097930403187970E-002
   1.0921820613878601        6.4948254227247787E-002
   1.0984589697866409        7.6099350758109155E-002
   1.1047358781854217        8.5400500658278103E-002
   1.1110127865842025        9.2782735052962806E-002
   1.1172896949829834        9.8249440082393114E-002
   1.1235666033817642       0.10186527049772615     
   1.1298435117805450       0.10374423913432296     
   1.1361204201793258       0.10403772248264535     
   1.1423973285781066       0.10292297873811526     
   1.1486742369768874       0.10059262667763597     
   1.1549511453756682        9.7245391638350415E-002
   1.1612280537744490        9.3078296289611201E-002
   1.1675049621732299        8.8280363476414742E-002
   1.1737818705720107        8.3027808754446569E-002
   1.1800587789707915        7.7480631723481116E-002
   1.1863356873695723        7.1780467126949937E-002
   1.1926125957683531        6.6049526719410584E-002
   1.1988895041671339        6.0390448738609846E-002
   1.2051664125659147        5.4886870173321348E-002
   1.2114433209646955        4.9604545357262324E-002
   1.2177202293634763        4.4592849314179214E-002
   1.2239971377622572        3.9886524106532595E-002
   1.2302740461610380        3.5507547948743057E-002
   1.2365509545598188        3.1467035615973200E-002
   1.2428278629585996        2.7767106283057487E-002
   1.2491047713573804        2.4402642029618574E-002
   1.2553816797561612        2.1362886862871761E-002
   1.2616585881549420        1.8632865946958437E-002
   1.2679354965537226        1.6194617638946539E-002
   1.2742124049525034        1.4028240164494325E-002
   1.2804893133512842        1.2112761313259720E-002
   1.2867662217500651        1.0426844237425074E-002
   1.2930431301488459        8.9493452081963083E-003
   1.2993200385476267        7.6597407118818997E-003
   1.3055969469464075        6.5384415858382268E-003
   1.3118738553451883        5.5670115070434170E-003
   1.3181507637439691        4.7283061068608299E-003
   1.3244276721427499        4.0065476468284502E-003
   1.3307045805415307        3.3873485810285535E-003
   1.3369814889403115        2.8576956868797288E-003
   1.3432583973390924        2.4059047635835345E-003
   1.3495353057378732        2.0215543272761346E-003
   1.3558122141366540        1.6954052430870274E-003
   1.3620891225354348        1.4193119200760554E-003
   1.3683660309342156        1.1861295082796156E-003
   1.3746429393329964        9.8962053410411757E-004
   1.3809198477317772        8.2436353743449377E-004
   1.3871967561305580        6.8566556534507828E-004
   1.3934736645293389        5.6947978005433689E-004
   1.3997505729281197        4.7232897486112498E-004
   1.4060274813269005        3.9123541193288833E-004
   1.4123043897256813        3.2365710762672647E-004
   1.4185812981244621        2.6743047478739709E-004
   1.4248582065232429        2.2071912391853551E-004
   1.4311351149220237        1.8196848535787966E-004
   1.4374120233208045        1.4986584073105409E-004
   1.4436889317195853        1.2330531373975440E-004
   1.4499658401183662        1.0135736360681261E-004
   1.4562427485171470        8.3242325035496809E-005
   1.4625196569159278        6.8307559127187185E-005
   1.4687965653147086        5.6007799901085433E-005
   1.4750734737134894        4.5888314065542777E-005
   1.4813503821122702        3.7570519842297668E-005
   1.4876272905110510        3.0739746968082838E-005
   1.4939041989098316        2.5134849186905588E-005
   1.5001811073086124        2.0539415137045475E-005
   1.5064580157073932        1.6774350104009882E-005
   1.5127349241061741        1.3691631551828288E-005
   1.5190118325049549        1.1169063721075241E-005
   1.5252887409037357        9.1058820573042110E-006
   1.5315656493025165        7.4190760734589154E-006
   1.5378425577012973        6.0403198579009211E-006
   1.5441194661000781        4.9134130415916521E-006
   1.5503963744988589        3.9921513210889296E-006
   1.5566732828976397        3.2385555856054485E-006
   1.5629501912964205        2.6214013548085049E-006
   1.5692270996952014        2.1149972176808519E-006
   1.5755040080939822        1.6981706869408040E-006
   1.5817809164927630        1.3534244982642325E-006
   1.5880578248915438        1.0662336048549417E-006
   1.5943347332903246        8.2445628229909413E-007
   1.6006116416891054        6.1783887138469665E-007
   1.6068885500878862        4.3759458488591943E-007
   1.6131654584866670        2.7604092500293131E-007
   1.6194423668854478        1.2628082789125722E-007
   1.6257192752842287       -1.8084176832140336E-008
   1.6319961836830095       -1.6322078809218448E-007
   1.6382730920817903       -3.1532047519675487E-007
   1.6445500004805711       -4.8085645561013619E-007
   1.6508269088793519       -6.6685035093109135E-007
   1.6571038172781327       -8.8115935482111646E-007
   1.6633807256769135       -1.1327940014665620E-006
   1.6696576340756943       -1.4322788083209546E-006
   1.6759345424744752       -1.7920680770187519E-006
   1.6822114508732560       -2.2270319564408259E-006
   1.6884883592720368       -2.7550286822214266E-006
   1.6947652676708176       -3.3975824602242064E-006
   1.7010421760695984       -4.1806881545086726E-006
   1.7073190844683792       -5.1357683212764391E-006
   1.7135959928671600       -6.3008107794468684E-006
   1.7198729012659408       -7.7217202042638357E-006
   1.7261498096647214       -9.4539208563925486E-006
   1.7324267180635022       -1.1564253733649525E-005
   1.7387036264622830       -1.4133215945961967E-005
   1.7449805348610639       -1.7257596935911977E-005
   1.7512574432598447       -2.1053571182138787E-005
   1.7575343516586255       -2.5660313749358269E-005
   1.7638112600574063       -3.1244208289205071E-005
   1.7700881684561871       -3.8003722383251824E-005
   1.7763650768549679       -4.6175028759927238E-005
   1.7826419852537487       -5.6038452336518246E-005
   1.7889188936525295       -6.7925819764702813E-005
   1.7951958020513104       -8.2228782881198277E-005
   1.8014727104500912       -9.9408174755431664E-005
   1.8077496188488720       -1.2000443910603236E-004
   1.8140265272476528       -1.4464914497793084E-004
   1.8203034356464336       -1.7407756038853684E-004
   1.8265803440452144       -2.0914220477821237E-004
   1.8328572524439952       -2.5082723183063462E-004
   1.8391341608427760       -3.0026340453586357E-004
   1.8454110692415568       -3.5874331462852421E-004
   1.8516879776403377       -4.2773636142405237E-004
   1.8579648860391185       -5.0890284291037864E-004
   1.8642417944378993       -6.0410631786900356E-004
   1.8705187028366801       -7.1542317675142076E-004
   1.8767956112354609       -8.4514810574714725E-004
   1.8830725196342417       -9.9579385351392254E-004
   1.8893494280330225       -1.1700834111255498E-003
   1.8956263364318033       -1.3709324138914255E-003
   1.9019032448305841       -1.6014192702335317E-003
   1.9081801532293650       -1.8647402576426756E-003
   1.9144570616281458       -2.1641465988912569E-003
   1.9207339700269266       -2.5028604244612773E-003
   1.9270108784257074       -2.8839665015723040E-003
   1.9332877868244882       -3.3102772505779103E-003
   1.9395646952232690       -3.7841707909089112E-003
   1.9458416036220498       -4.3074015143713716E-003
   1.9521185120208304       -4.8808824177265491E-003
   1.9583954204196112       -5.5044407870933742E-003
   1.9646723288183920       -6.1765510308694387E-003
   1.9709492372171729       -6.8940508672172161E-003
   1.9772261456159537       -7.6518499237908204E-003
   1.9835030540147345       -8.4426429968149155E-003
   1.9897799624135153       -9.2566436590216603E-003
   1.9960568708122961       -1.0081357430096801E-002
   2.0023337792110771       -1.0901417109870134E-002
   2.0086106876098579       -1.1698505830231919E-002
   2.0148875960086388       -1.2451395551445794E-002
   2.0211645044074196       -1.3136129698138143E-002
   2.0274414128062004       -1.3726377943915740E-002
   2.0337183212049812       -1.4193988340419243E-002
   2.0399952296037620       -1.4509756594948180E-002
   2.0462721380025428       -1.4644423948728726E-002
   2.0525490464013236       -1.4569903537592388E-002
   2.0588259548001044       -1.4260720263827641E-002
   2.0651028631988853       -1.3695631267037527E-002
   2.0713797715976656       -1.2859373577492412E-002
   2.0776566799964464       -1.1744463376532285E-002
   2.0839335883952272       -1.0352948807305792E-002
   2.0902104967940081       -8.6979972375797292E-003
   2.0964874051927889       -6.8051804294370364E-003
   2.1027643135915697       -4.7133096832329855E-003
   2.1090412219903505       -2.4746703050235381E-003
   2.1153181303891313       -1.5451331524390252E-004
   2.1215950387879121        2.1703155135423999E-003
   2.1278719471866929        4.4136921316290266E-003
   2.1341488555854737        6.4835062838248672E-003
   2.1404257639842545        8.2858914740085547E-003
   2.1467026723830354        9.7302747176593908E-003
   2.1529795807818162        1.0735039187961978E-002
   2.1592564891805970        1.1233501827986821E-002
   2.1655333975793778        1.1179822662324703E-002
   2.1718103059781586        1.0554392263066507E-002
   2.1780872143769394        9.3681987712058261E-003
   2.1843641227757202        7.6656661122516878E-003
   2.1906410311745010        5.5254894186555232E-003
   2.1969179395732819        3.0590785196019745E-003
   2.2031948479720627        4.0635818727481366E-004
   2.2094717563708435       -2.2711379050862146E-003
   2.2157486647696243       -4.7997123701549894E-003
   2.2220255731684051       -7.0050641160981078E-003
   2.2283024815671859       -8.7252758023909360E-003
   2.2345793899659667       -9.8242987050170608E-003
   2.2408562983647475       -1.0204812190918820E-002
   2.2471332067635283       -9.8192221105110524E-003
   2.2534101151623092       -8.6775563816164185E-003
   2.2596870235610900       -6.8511369814647288E-003
   2.2659639319598708       -4.4711648765005567E-003
   2.2722408403586516       -1.7217434324959060E-003
   2.2785177487574324        1.1726344675308292E-003
   2.2847946571562132        3.9645377190037539E-003
   2.2910715655549940        6.4047958897148986E-003
   2.2973484739537748        8.2657094077362055E-003
   2.3036253823525557        9.3641087132559069E-003
   2.3099022907513365        9.5818576984265536E-003
   2.3161791991501173        8.8813944484949364E-003
   2.3224561075488981        7.3141757790878212E-003
   2.3287330159476789        5.0204476590971926E-003
   2.3350099243464597        2.2195731391708696E-003
   2.3412868327452405       -8.0885182520675685E-004
   2.3475637411440213       -3.7517746456795609E-003
   2.3538406495428021       -6.2949782296801695E-003
   2.3601175579415830       -8.1576272028774325E-003
   2.3663944663403638       -9.1252253869555204E-003
   2.3726713747391446       -9.0769764568979731E-003
   2.3789482831379254       -8.0038608380607838E-003
   2.3852251915367062       -6.0145636072272343E-003
   2.3915020999354870       -3.3276586145517327E-003
   2.3977790083342678       -2.5005386657359920E-004
   2.4040559167330486        2.8565464652109979E-003
   2.4103328251318294        5.6177277066386871E-003
   2.4166097335306103        7.6921876378661840E-003
   2.4228866419293911        8.8156361023076536E-003
   2.4291635503281719        8.8369527955545011E-003
   2.4354404587269527        7.7414063235441482E-003
   2.4417173671257335        5.6571225169453855E-003
   2.4479942755245143        2.8430103382385240E-003
   2.4542711839232951       -3.4122324659557960E-004
   2.4605480923220759       -3.4798252859669586E-003
   2.4668250007208568       -6.1551228481232546E-003
   2.4731019091196376       -8.0039986491609819E-003
   2.4793788175184184       -8.7689644566070393E-003
   2.4856557259171992       -8.3364231879716356E-003
   2.4919326343159800       -6.7561493449365163E-003
   2.4982095427147608       -4.2384144788546515E-003
   2.5044864511135416       -1.1282458680626757E-003
   2.5107633595123224        2.1403836504030882E-003
   2.5170402679111032        5.1045619983286928E-003
   2.5233171763098841        7.3384076858174349E-003
   2.5295940847086644        8.5155262888690891E-003
   2.5358709931074452        8.4586014708330753E-003
   2.5421479015062260        7.1683178225309526E-003
   2.5484248099050069        4.8266229325705182E-003
   2.5547017183037877        1.7730358175377047E-003
   2.5609786267025685       -1.5432338077457930E-003
   2.5672555351013493       -4.6287928973348606E-003
   2.5735324435001301       -7.0197054159821673E-003
   2.5798093518989109       -8.3522074137127589E-003
   2.5860862602976917       -8.4195457195255664E-003
   2.5923631686964725       -7.2058190827293186E-003
   2.5986400770952534       -4.8910296245523663E-003
   2.6049169854940342       -1.8259055099383028E-003
   2.6111938938928150        1.5202272436774370E-003
   2.6174708022915958        4.6309097831007378E-003
   2.6237477106903766        7.0224936460197979E-003
   2.6300246190891574        8.3201083556238876E-003
   2.6363015274879382        8.3175603164816151E-003
   2.6425784358867190        7.0113872456308143E-003
   2.6488553442854998        4.6032429754627726E-003
   2.6551322526842807        1.4697607275609083E-003
   2.6614091610830615       -1.8957464137015253E-003
   2.6676860694818423       -4.9607855959876599E-003
   2.6739629778806231       -7.2381914163136274E-003
   2.6802398862794039       -8.3641429768526072E-003
   2.6865167946781847       -8.1570653378068674E-003
   2.6927937030769655       -6.6477308980314037E-003
   2.6990706114757463       -4.0754358988671514E-003
   2.7053475198745272       -8.5058002202303886E-004
   2.7116244282733080        2.5105612995156260E-003
   2.7179013366720888        5.4685096396880992E-003
   2.7241782450708696        7.5474176050195785E-003
   2.7304551534696504        8.4120070062158846E-003
   2.7367320618684312        7.9220755366738674E-003
   2.7430089702672120        6.1556204795270020E-003
   2.7492858786659928        3.3966992788091515E-003
   2.7555627870647736        8.9879620153558793E-005
   2.7618396954635545       -3.2314140128169126E-003
   2.7681166038623353       -6.0310729558237155E-003
   2.7743935122611161       -7.8570187028489651E-003
   2.7806704206598969       -8.4143706986667174E-003
   2.7869473290586777       -7.6131727382011977E-003
   2.7932242374574585       -5.5829225025692741E-003
   2.7995011458562393       -2.6515550215493438E-003
   2.8057780542550201        7.0768337258114776E-004
   2.8120549626538009        3.9528164689627589E-003
   2.8183318710525818        6.5607238346146787E-003
   2.8246087794513626        8.1115241240482805E-003
   2.8308856878501434        8.3561125320902492E-003
   2.8371625962489242        7.2559856003797715E-003
   2.8434395046477050        4.9890135788691397E-003
   2.8497164130464858        1.9203516950627869E-003
   2.8559933214452666       -1.4566871051891362E-003
   2.8622702298440474       -4.6001571376464477E-003
   2.8685471382428283       -7.0065298006946912E-003
   2.8748240466416091       -8.2912587465667851E-003
   2.8811009550403899       -8.2499755006294508E-003
   2.8873778634391707       -6.8906158217068416E-003
   2.8936547718379515       -4.4314927669235164E-003
   2.8999316802367323       -1.2658083937882605E-003
   2.9062085886355131        2.1015511172039801E-003
   2.9124854970342939        5.1347159985343669E-003
   2.9187624054330747        7.3520964581175715E-003
   2.9250393138318556        8.4026438110749672E-003
   2.9313162222306364        8.1210688698996388E-003
   2.9375931306294172        6.5533963465043308E-003
   2.9438700390281980        3.9489864994391747E-003
   2.9501469474269788        7.2047705076004132E-004
   2.9564238558257596       -2.6218549364206032E-003
   2.9627007642245404       -5.5508307597056210E-003
   2.9689776726233212       -7.6054260492973390E-003
   2.9752545810221021       -8.4630862663548478E-003
   2.9815314894208829       -7.9900128489891614E-003
   2.9878083978196632       -6.2616517834827310E-003
   2.9940853062184440       -3.5503185655782516E-003
   3.0003622146172249       -2.8204122479928484E-004
   3.0066391230160057        3.0305053016133400E-003
   3.0129160314147865        5.8684081785008854E-003
   3.0191929398135673        7.7876759258835625E-003
   3.0254698482123481        8.4884937077060914E-003
   3.0317467566111289        7.8618230666798114E-003
   3.0380236650099097        6.0061549619511330E-003
   3.0443005734086905        3.2118841062748569E-003
   3.0505774818074713       -8.4194281728889567E-005
   3.0568543902062522       -3.3671352247962223E-003
   3.0631312986050330       -6.1241994376978028E-003
   3.0694082070038138       -7.9248118270898137E-003
   3.0756851154025946       -8.4876981926395468E-003
   3.0819620238013754       -7.7247718436280694E-003
   3.0882389322001562       -5.7549480031881799E-003
   3.0945158405989370       -2.8857232969818031E-003
   3.1007927489977178        4.3464689979067736E-004
   3.1070696573964987        3.6869775988993057E-003
   3.1133465657952795        6.3621667835543532E-003
   3.1196234741940603        8.0408065761350383E-003
   3.1259003825928411        8.4589878942935345E-003
   3.1321772909916219        7.5499941818107487E-003
   3.1384541993904027        5.4552859643318208E-003
   3.1447311077891835        2.5029261676739064E-003
   3.1510080161879643       -8.4334055252622457E-004
   3.1572849245867451       -4.0565440337366754E-003
   3.1635618329855260       -6.6292567490403402E-003
   3.1698387413843068       -8.1537516526310489E-003
   3.1761156497830876       -8.3869178519335973E-003
   3.1823925581818684       -7.2895749231401442E-003
   3.1886694665806492       -5.0337543464549200E-003
   3.1949463749794300       -1.9765061603854469E-003
   3.2012232833782108        1.3959272634701447E-003
   3.2075001917769916        4.5449788675102718E-003
   3.2137771001757724        6.9656192945302606E-003
   3.2200540085745533        8.2675773231225876E-003
   3.2263309169733341        8.2388436799337005E-003
   3.2326078253721149        6.8810480794523456E-003
   3.2388847337708957        4.4106798540099563E-003
   3.2451616421696765        1.2255487354233903E-003
   3.2514385505684573       -2.1584998310613204E-003
   3.2577154589672381       -5.1906961362325910E-003
   3.2639923673660189       -7.3749861151632063E-003
   3.2702692757647998       -8.3516295102691856E-003
   3.2765461841635806       -7.9572752035871781E-003
   3.2828230925623614       -6.2533555563468735E-003
   3.2891000009611422       -3.5177005679291624E-003
   3.2953769093599230       -2.0027071572189232E-004
   3.3016538177587038        3.1501284951341402E-003
   3.3079307261574846        5.9763493809754983E-003
   3.3142076345562654        7.8057567551287508E-003
   3.3204845429550462        8.3299325928106339E-003
   3.3267614513538271        7.4576826484165385E-003
   3.3330383597526079        5.3320700706050595E-003
   3.3393152681513887        2.3081230079568756E-003
   3.3455921765501695       -1.1055333311818676E-003
   3.3518690849489503       -4.3316920674531783E-003
   3.3581459933477311       -6.8221116273091539E-003
   3.3644229017465119       -8.1511158955170533E-003
   3.3706998101452927       -8.0891879868154604E-003
   3.3769767185440736       -6.6436859761162806E-003
   3.3832536269428544       -4.0592738902613980E-003
   3.3895305353416352       -7.7750412945356087E-004
   3.3958074437404160        2.6379522034813206E-003
   3.4020843521391968        5.5978783251737548E-003
   3.4083612605379776        7.5893721706484073E-003
   3.4146381689367584        8.2653309276413886E-003
   3.4209150773355392        7.5058236389104653E-003
   3.4271919857343200        5.4403345913185183E-003
   3.4334688941331009        2.4265878863623013E-003
   3.4397458025318817       -1.0107546620548953E-003
   3.4460227109306620       -4.2711234727188015E-003
   3.4522996193294428       -6.7830379596817451E-003
   3.4585765277282237       -8.1046722066032868E-003
   3.4648534361270045       -8.0021902046914072E-003
   3.4711303445257853       -6.4918238102216622E-003
   3.4774072529245661       -3.8379804606268981E-003
   3.4836841613233469       -5.0742372361733913E-004
   3.4899610697221277        2.9126066563635454E-003
   3.4962379781209085        5.8179822557859256E-003
   3.5025148865196893        7.6946593092011087E-003
   3.5087917949184702        8.2100023726742535E-003
   3.5150687033172510        7.2721224519826932E-003
   3.5213456117160318        5.0465471788201273E-003
   3.5276225201148126        1.9271386500871795E-003
   3.5338994285135934       -1.5336447852521457E-003
   3.5401763369123742       -4.7227574664501235E-003
   3.5464532453111550       -7.0753828549307051E-003
   3.5527301537099358       -8.1751492354018417E-003
   3.5590070621087166       -7.8278790884238805E-003
   3.5652839705074975       -6.0957584204178218E-003
   3.5715608789062783       -3.2859126364209309E-003
   3.5778377873050591        1.0446153172202306E-004
   3.5841146957038399        3.4765081109642041E-003
   3.5903916041026207        6.2358249691806542E-003
   3.5966685125014015        7.8973596505384474E-003
   3.6029454209001823        8.1704974119016921E-003
   3.6092223292989631        7.0093974600133153E-003
   3.6154992376977440        4.6199162555915045E-003
   3.6217761460965248        1.4222247361336344E-003
   3.6280530544953056       -2.0239263033464284E-003
   3.6343299628940864       -5.1178141171760909E-003
   3.6406068712928672       -7.3226910339980033E-003
   3.6468837796916480       -8.2586355577679571E-003
   3.6531606880904288       -7.7672369787039038E-003
   3.6594375964892096       -5.9371987865598783E-003
   3.6657145048879904       -3.0869315500776455E-003
   3.6719914132867713        2.9224605602667854E-004
   3.6782683216855521        3.6219073223688288E-003
   3.6845452300843329        6.3361007507410838E-003
   3.6908221384831137        7.9774155769879312E-003
   3.6970990468818945        8.2731902959893126E-003
   3.7033759552806753        7.1792782372481594E-003
   3.7096528636794561        4.8845987425466487E-003
   3.7159297720782369        1.7765163243943201E-003
   3.7222066804770177       -1.6262963157029169E-003
   3.7284835888757986       -4.7615650053435413E-003
   3.7347604972745794       -7.1166307002958245E-003
   3.7410374056733602       -8.3116289025940478E-003
   3.7473143140721410       -8.1592085095773311E-003
   3.7535912224709218       -6.6916447684036299E-003
   3.7598681308697026       -4.1518341797550165E-003
   3.7661450392684834       -9.5065730510235922E-004
   3.7724219476672642        2.4014460828023733E-003
   3.7786988560660451        5.3769760839000192E-003
   3.7849757644648259        7.5144148472369573E-003
   3.7912526728636067        8.4887108116371724E-003
   3.7975295812623875        8.1586018309574605E-003
   3.8038064896611683        6.5842347419192400E-003
   3.8100833980599491        4.0134350426537678E-003
   3.8163603064587299        8.3989360698491684E-004
   3.8226372148575107       -2.4593036517623085E-003
   3.8289141232562915       -5.3965767506728088E-003
   3.8351910316550724       -7.5458674531594270E-003
   3.8414679400538532       -8.6031388770656195E-003
   3.8477448484526340       -8.4269714816646319E-003
   3.8540217568514148       -7.0542305916309759E-003
   3.8602986652501956       -4.6896846056951507E-003
   3.8665755736489764       -1.6722855638132102E-003
   3.8728524820477572        1.5759841590435176E-003
   3.8791293904465380        4.6106655889369304E-003
   3.8854062988453189        7.0259030753652930E-003
   3.8916832072440997        8.5076469349279690E-003
   3.8979601156428805        8.8721880263372480E-003
   3.9042370240416608        8.0856689477820879E-003
   3.9105139324404417        6.2630670911279539E-003
   3.9167908408392225        3.6479814121398199E-003
   3.9230677492380033        5.7699055071973706E-004
   3.9293446576367841       -2.5659095841749965E-003
   3.9356215660355649       -5.3984058861891943E-003
   3.9418984744343457       -7.5861498365907241E-003
   3.9481753828331265       -8.8807049808355618E-003
   3.9544522912319073       -9.1451095222149486E-003
   3.9607291996306881       -8.3648447169379133E-003
   3.9670061080294690       -6.6439453913199973E-003
   3.9732830164282498       -4.1877841747705400E-003
   3.9795599248270306       -1.2754992077574460E-003
   3.9858368332258114        1.7740217741807303E-003
   3.9921137416245922        4.6382999792141579E-003
   3.9983906500233730        7.0254171574909976E-003
   4.0046675584221543        8.7026223463079651E-003
   4.0109444668209351        9.5168029313361258E-003
   4.0172213752197159        9.4053627906154399E-003
   4.0234982836184967        8.3972188791121959E-003
   4.0297751920172775        6.6046951575996259E-003
   4.0360521004160583        4.2079542479804303E-003
   4.0423290088148391        1.4341962064888367E-003
   4.0486059172136200       -1.4658630012630174E-003
   4.0548828256124008       -4.2417314387464969E-003
   4.0611597340111816       -6.6648602925795577E-003
   4.0674366424099624       -8.5465557273616179E-003
   4.0737135508087432       -9.7508669534670696E-003
   4.0799904592075240       -1.0201846350595803E-002
   4.0862673676063048       -9.8851649837550654E-003
   4.0925442760050856       -8.8445752059244150E-003
   4.0988211844038664       -7.1741036961942770E-003
   4.1050980928026473       -5.0071135077170469E-003
   4.1113750012014281       -2.5034895290545946E-003
   4.1176519096002089        1.6381060685932572E-004
   4.1239288179989897        2.8217170204435241E-003
   4.1302057263977705        5.3085936230095705E-003
   4.1364826347965504        7.4836889004560809E-003
   4.1427595431953312        9.2340738810502317E-003
   4.1490364515941121        1.0478905136654474E-002
   4.1553133599928929        1.1171077705125024E-002
   4.1615902683916737        1.1296517264876472E-002
   4.1678671767904545        1.0871494928730683E-002
   4.1741440851892353        9.9384297152175661E-003
   4.1804209935880161        8.5606760322096461E-003
   4.1866979019867969        6.8167829311658098E-003
   4.1929748103855777        4.7946673199398791E-003
   4.1992517187843585        2.5860746785268101E-003
   4.2055286271831394        2.8161798924638946E-004
   4.2118055355819202       -2.0334025671105123E-003
   4.2180824439807010       -4.2822823261239847E-003
   4.2243593523794818       -6.3992575951816923E-003
   4.2306362607782626       -8.3309392754356698E-003
   4.2369131691770434       -1.0036910909961042E-002
   4.2431900775758242       -1.1489603296121746E-002
   4.2494669859746050       -1.2673579349160935E-002
   4.2557438943733858       -1.3584371659862508E-002
   4.2620208027721667       -1.4227013280213098E-002
   4.2682977111709475       -1.4614392114680706E-002
   4.2745746195697283       -1.4765543346353239E-002
   4.2808515279685091       -1.4703974890896110E-002
   4.2871284363672899       -1.4456099960267732E-002
   4.2934053447660707       -1.4049830083983812E-002
   4.2996822531648515       -1.3513362628221920E-002
   4.3059591615636323       -1.2874179837992723E-002
   4.3122360699624132       -1.2158262209240595E-002
   4.3185129783611940       -1.1389507784494046E-002
   4.3247898867599748       -1.0589340716747579E-002
   4.3310667951587556       -9.7764869500491618E-003
   4.3373437035575364       -8.9668917831928659E-003
   4.3436206119563172       -8.1737530171092400E-003
   4.3498975203550980       -7.4076439107921459E-003
   4.3561744287538788       -6.6767018683317981E-003
   4.3624513371526596       -5.9868612851264498E-003
   4.3687282455514405       -5.3421119144516386E-003
   4.3750051539502213       -4.7447675704381737E-003
   4.3812820623490021       -4.1957346016595230E-003
   4.3875589707477829       -3.6947704190762065E-003
   4.3938358791465637       -3.2407222111794994E-003
   4.4001127875453445       -2.8317412547056511E-003
   4.4063896959441253       -2.4654710276584150E-003
   4.4126666043429061       -2.1392087478450303E-003
   4.4189435127416870       -1.8500411149651173E-003
   4.4252204211404678       -1.5949558046722042E-003
   4.4314973295392486       -1.3709308003801318E-003
   4.4377742379380294       -1.1750039385487411E-003
   4.4440511463368102       -1.0043251754640488E-003
   4.4503280547355910       -8.5619406898330161E-004
   4.4566049631343718       -7.2808486764464715E-004
   4.4628818715331526       -6.1766142445255213E-004
   4.4691587799319334       -5.2278394372786590E-004
   4.4754356883307143       -4.4150933447028180E-004
   4.4817125967294951       -3.7208670830577887E-004
   4.4879895051282759       -3.1294932666935029E-004
   4.4942664135270567       -2.6270408579528223E-004
   4.5005433219258375       -2.2011942754884356E-004
   4.5068202303246183       -1.8411238785199352E-004
   4.5130971387233991       -1.5373533800823786E-004
   4.5193740471221799       -1.2816284236476477E-004
   4.5256509555209607       -1.0667894280650689E-004
   4.5319278639197416       -8.8665089122891879E-005
   4.5382047723185224       -7.3588858386825068E-005
   4.5444816807173032       -6.0993547839522950E-005
   4.5507585891160840       -5.0488677948622136E-005
   4.5570354975148648       -4.1741406296808737E-005
   4.5633124059136456       -3.4468831253054064E-005
   4.5695893143124264       -2.8431147450309008E-005
   4.5758662227112072       -2.3425598419528689E-005
   4.5821431311099881       -1.9281165004518055E-005
   4.5884200395087689       -1.5853924559729424E-005
   4.5946969479075497       -1.3023016177112908E-005
   4.6009738563063305       -1.0687148137266727E-005
   4.6072507647051113       -8.7615873121541454E-006
   4.6135276731038921       -7.1755734503725213E-006
   4.6198045815026729       -5.8701062107935862E-006
   4.6260814899014537       -4.7960567820939426E-006
   4.6323583983002345       -3.9125611425007526E-006
   4.6386353066990154       -3.1856558980505888E-006
   4.6449122150977962       -2.5871225284522370E-006
   4.6511891234965770       -2.0935092211480066E-006
   4.6574660318953578       -1.6853037448545180E-006
   4.6637429402941386       -1.3462334604319239E-006
   4.6700198486929194       -1.0626721254764186E-006
   4.6762967570917002       -8.2313504946461016E-007
   4.6825736654904810       -6.1784700289002386E-007
   4.6888505738892619       -4.3836846839361084E-007
   4.6951274822880427       -2.7726802153012173E-007
   4.7014043906868235       -1.2782911311104365E-007
   4.7076812990856043        1.6218860866546482E-008
   4.7139582074843851        1.6095550242908174E-007
   4.7202351158831659        3.1251963915362447E-007
   4.7265120242819467        4.7736493509086868E-007
   4.7327889326807275        6.6253039875268709E-007
   4.7390658410795083        8.7593686014667576E-007
   4.7453427494782892        1.1267208352932342E-006
   4.7516196578770700        1.4256196129795504E-006
   4.7578965662758508        1.7854224331850486E-006
   4.7641734746746316        2.2215061045189359E-006
   4.7704503830734124        2.7524755434179669E-006
   4.7767272914721932        3.4009345910395481E-006
   4.7830041998709740        4.1944160547624271E-006
   4.7892811082697548        5.1665066582326772E-006
   4.7955580166685357        6.3582081149940829E-006
   4.8018349250673165        7.8195847346833391E-006
   4.8081118334660973        9.6117561091814742E-006
   4.8143887418648781        1.1809305823644236E-005
   4.8206656502636589        1.4503188668621502E-005
   4.8269425586624397        1.7804235346248082E-005
   4.8332194670612205        2.1847369484775254E-005
   4.8394963754600013        2.6796673393254260E-005
   4.8457732838587821        3.2851460022693225E-005
   4.8520501922575630        4.0253536213808865E-005
   4.8583271006563438        4.9295869301329212E-005
   4.8646040090551246        6.0332903298984031E-005
   4.8708809174539054        7.3792803981616255E-005
   4.8771578258526862        9.0191952575777688E-005
   4.8834347342514670        1.1015204589530981E-004
   4.8897116426502478        1.3442020539302963E-004
   4.8959885510490286        1.6389253735586617E-004
   4.9022654594478094        1.9964162589885783E-004
   4.9085423678465903        2.4294846302293105E-004
   4.9148192762453711        2.9533936111708533E-004
   4.9210961846441519        3.5862840661318344E-004
   4.9273730930429327        4.3496601124986699E-004
   4.9336500014417135        5.2689408442048869E-004
   4.9399269098404943        6.3740829285632958E-004
   4.9462038182392751        7.7002776229048004E-004
   4.9524807266380559        9.2887241846426733E-004
   4.9587576350368368        1.1187479241484097E-003
   4.9650345434356176        1.3452378538872654E-003
   4.9713114518343984        1.6148023122232115E-003
   4.9775883602331792        1.9348816559598965E-003
   4.9838652686319600        2.3140032707069597E-003
   4.9901421770307408        2.7618884956845577E-003
   4.9964190854295216        3.2895557249462441E-003
   5.0026959938283024        3.9094144737770037E-003
   5.0089729022270832        4.6353437183603054E-003
   5.0152498106258641        5.4827461639854044E-003
   5.0215267190246449        6.4685682063822629E-003
   5.0278036274234257        7.6112733512226447E-003
   5.0340805358222065        8.9307546906707315E-003
   5.0403574442209873        1.0448169934574630E-002
   5.0466343526197681        1.2185680404826541E-002
   5.0529112610185480        1.4166073727719514E-002
   5.0591881694173289        1.6412248617664257E-002
   5.0654650778161097        1.8946539810443076E-002
   5.0717419862148905        2.1789862233538765E-002
   5.0780188946136713        2.4960663725962381E-002
   5.0842958030124521        2.8473688201627292E-002
   5.0905727114112329        3.2338540516289926E-002
   5.0968496198100137        3.6558055837545608E-002
   5.1031265282087945        4.1126492687415778E-002
   5.1094034366075753        4.6027584404869051E-002
   5.1156803450063562        5.1232502559621730E-002
   5.1219572534051370        5.6697807079981823E-002
   5.1282341618039178        6.2363481433862195E-002
   5.1345110702026986        6.8151175860977922E-002
   5.1407879786014794        7.3962806284359542E-002
   5.1470648870002602        7.9679679130651659E-002
   5.1533417953990410        8.5162330723596802E-002
   5.1596187037978218        9.0251281341104828E-002
   5.1658956121966026        9.4768905458652158E-002
   5.1721725205953835        9.8522607764270270E-002
   5.1784494289941643       0.10130946600449556     
   5.1847263373929451       0.10292245356178305     
   5.1910032457917259       0.10315828461461933     
   5.1972801541905067       0.10182683155017369     
   5.2035570625892875        9.8761948423811710E-002
   5.2098339709880683        9.3833398133126411E-002
   5.2161108793868491        8.6959429636667543E-002
   5.2223877877856300        7.8119392847225952E-002
   5.2286646961844108        6.7365623709490077E-002
   5.2349416045831916        5.4833694263331581E-002
   5.2412185129819724        4.0750018612015944E-002
   5.2474954213807532        2.5435753670774393E-002
   5.2537723297795340        9.3059519168347902E-003
   5.2600492381783148       -7.1369699267039600E-003
   5.2663261465770956       -2.3316174446777412E-002
   5.2726030549758764       -3.8600171164425726E-002
   5.2788799633746573       -5.2329393837067417E-002
   5.2851568717734381       -6.3849047876654061E-002
   5.2914337801722189       -7.2547087463501678E-002
   5.2977106885709997       -7.7895541930730991E-002
   5.3039875969697805       -7.9492781685857342E-002
   5.3102645053685613       -7.7103756753290772E-002
   5.3165414137673421       -7.0694825463264152E-002
   5.3228183221661229       -6.0459589089929829E-002
   5.3290952305649038       -4.6832228069171568E-002
   5.3353721389636846       -3.0485251500226823E-002
   5.3416490473624654       -1.2309356258556420E-002
   5.3479259557612462        6.6257539155668626E-003
   5.3542028641600270        2.5129253899876112E-002
   5.3604797725588078        4.1963718140658260E-002
   5.3667566809575886        5.5932353361296441E-002
   5.3730335893563694        6.5973212023472533E-002
   5.3793104977551502        7.1253094226787925E-002
   5.3855874061539311        7.1252742766594476E-002
   5.3918643145527119        6.5834495540834523E-002
   5.3981412229514927        5.5283950829313894E-002
   5.4044181313502735        4.0318531565474776E-002
   5.4106950397490543        2.2058123611210716E-002
   5.4169719481478351        1.9561212772108744E-003
   5.4232488565466159       -1.8306967294511166E-002
   5.4295257649453967       -3.6961041517669192E-002
   5.4358026733441775       -5.2304665163996455E-002
   5.4420795817429584       -6.2870184265157086E-002
   5.4483564901417392       -6.7579421213036187E-002
   5.4546333985405200       -6.5872755391850862E-002
   5.4609103069393008       -5.7795336836229491E-002
   5.4671872153380816       -4.4027110315604592E-002
   5.4734641237368624       -2.5848179442814992E-002
   5.4797410321356432       -5.0374862282116127E-003
   5.4860179405344240        1.6289758415592135E-002
   5.4922948489332049        3.5892777241346978E-002
   5.4985717573319857        5.1643980454518360E-002
   5.5048486657307665        6.1770408858003868E-002
   5.5111255741295473        6.5069791157041243E-002
   5.5174024825283281        6.1073650170894722E-002
   5.5236793909271089        5.0133936079870017E-002
   5.5299562993258897        3.3417114294129177E-002
   5.5362332077246705        1.2799885019719124E-002
   5.5425101161234513       -9.3273015855349899E-003
   5.5487870245222322       -3.0330473891997792E-002
   5.5550639329210130       -4.7646677369301060E-002
   5.5613408413197938       -5.9105372282873714E-002
   5.5676177497185746       -6.3215569869837715E-002
   5.5738946581173554       -5.9379186732535276E-002
   5.5801715665161362       -4.7998231990887485E-002
   5.5864484749149170       -3.0455604397867601E-002
   5.5927253833136978       -8.9651829161998004E-003
   5.5990022917124787        1.3695409257996803E-002
   5.6052792001112595        3.4538887815328781E-002
   5.6115561085100403        5.0764785624395702E-002
   5.6178330169088211        6.0145359104013349E-002
   5.6241099253076019        6.1346509566359231E-002
   5.6303868337063827        5.4135632862878744E-002
   5.6366637421051635        3.9442023267875027E-002
   5.6429406505039443        1.9255015640924654E-002
   5.6492175589027251       -3.6320884126521363E-003
   5.6554944673015060       -2.6001326575372585E-002
   5.6617713757002868       -4.4662075974356945E-002
   5.6680482840990676       -5.6912208615414246E-002
   5.6743251924978484       -6.0940775495489728E-002
   5.6806021008966292       -5.6110539880457631E-002
   5.6868790092954100       -4.3074285409575412E-002
   5.6931559176941908       -2.3702176122529388E-002
   5.6994328260929716       -8.2530491963349524E-004
   5.7057097344917524        2.2171191729062026E-002
   5.7119866428905333        4.1847855235337607E-002
   5.7182635512893141        5.5229653192878564E-002
   5.7245404596880949        6.0264644753015580E-002
   5.7308173680868757        5.6150356415008887E-002
   5.7370942764856565        4.3474159231363670E-002
   5.7433711848844373        2.4141527155296182E-002
   5.7496480932832181        1.0986602361175611E-003
   5.7559250016819989       -2.2111475635510323E-002
   5.7622019100807798       -4.1893345848814670E-002
   5.7684788184795606       -5.5159483162662171E-002
   5.7747557268783414       -5.9819274172536734E-002
   5.7810326352771222       -5.5117186002999093E-002
   5.7873095436759030       -4.1764241721556815E-002
   5.7935864520746838       -2.1838636462140265E-002
   5.7998633604734646        1.5319821063100936E-003
   5.8061402688722454        2.4658724123625343E-002
   5.8124171772710262        4.3874100442716259E-002
   5.8186940856698071        5.6116690178540672E-002
   5.8249709940685879        5.9423836855781849E-002
   5.8312479024673687        5.3252067010399987E-002
   5.8375248108661495        3.8571894089597637E-002
   5.8438017192649303        1.7719689610596639E-002
   5.8500786276637111       -5.9714195984142378E-003
   5.8563555360624919       -2.8703549735839606E-002
   5.8626324444612727       -4.6823890147616024E-002
   5.8689093528600536       -5.7413985831642707E-002
   5.8751862612588344       -5.8762768029562491E-002
   5.8814631696576152       -5.0645989600532598E-002
   5.8877400780563960       -3.4365863874230781E-002
   5.8940169864551768       -1.2543586259058685E-002
   5.9002938948539576        1.1302318435023172E-002
   5.9065708032527384        3.3323851485464240E-002
   5.9128477116515192        4.9965615004785517E-002
   5.9191246200503000        5.8540106584073090E-002
   5.9254015284490809        5.7662727234406713E-002
   5.9316784368478617        4.7475786913768248E-002
   5.9379553452466425        2.9625146632442451E-002
   5.9442322536454233        6.9934156773364684E-003
   5.9505091620442041       -1.6766779815246800E-002
   5.9567860704429849       -3.7823500272804421E-002
   5.9630629788417657       -5.2784232152537608E-002
   5.9693398872405457       -5.9242450204729451E-002
   5.9756167956393265       -5.6163817824411634E-002
   5.9818937040381073       -4.4050131870045299E-002
   5.9881706124368881       -2.4855317528329587E-002
   5.9944475208356689       -1.6679450719181560E-003
   6.0007244292344497        2.1787665642653435E-002
   6.0070013376332305        4.1750732391288181E-002
   6.0132782460320113        5.5026965978751320E-002
   6.0195551544307921        5.9498444502584666E-002
   6.0258320628295730        5.4459179205559399E-002
   6.0321089712283538        4.0723581597645164E-002
   6.0383858796271346        2.0491712241861467E-002
   6.0446627880259154       -3.0058545158896787E-003
   6.0509396964246962       -2.6025727192492552E-002
   6.0572166048234770       -4.4908652281645714E-002
   6.0634935132222578       -5.6660414156027093E-002
   6.0697704216210386       -5.9424595819136429E-002
   6.0760473300198194       -5.2772916998991434E-002
   6.0823242384186003       -3.7768267711462467E-002
   6.0886011468173811       -1.6791791495604596E-002
   6.0948780552161619        6.8373427766347545E-003
   6.1011549636149427        2.9388388250410753E-002
   6.1074318720137235        4.7308021446900821E-002
   6.1137087804125043        5.7778979847630155E-002
   6.1199856888112851        5.9160801666005867E-002
   6.1262625972100659        5.1244173288372323E-002
   6.1325395056088468        3.5279966057793342E-002
   6.1388164140076276        1.3779451008784976E-002
   6.1450933224064084       -9.8820853573907876E-003
   6.1513702308051892       -3.1995609061862461E-002
   6.1576471392039700       -4.9099223633369389E-002
   6.1639240476027508       -5.8518907438818359E-002
   6.1702009560015316       -5.8784969768139975E-002
   6.1764778644003124       -4.9859738667186120E-002
   6.1827547727990932       -3.3141545114924682E-002
   6.1890316811978741       -1.1244909063621874E-002
   6.1953085895966549        1.2408438334540632E-002
   6.2015854979954357        3.4123800974510621E-002
   6.2078624063942165        5.0509834248539380E-002
   6.2141393147929973        5.9007332430480321E-002
   6.2204162231917781        5.8288343071221195E-002
   6.2266931315905589        4.8463603699239986E-002
   6.2329700399893397        3.1066004747860552E-002
   6.2392469483881206        8.8124840620172201E-003
   6.2455238567869014       -1.4818887057240838E-002
   6.2518007651856822       -3.6131146368504868E-002
   6.2580776735844630       -5.1785877542843743E-002
   6.2643545819832438       -5.9326015302106724E-002
   6.2706314903820246       -5.7562382286509131E-002
   6.2769083987808054       -4.6763184794999031E-002
   6.2831853071795862       -2.8616076130432825E-002
