   6.2769083987808056E-003   2.8115168650725083E-005
   1.2553816797561611E-002  -2.0708308875567890E-005
   1.8830725196342418E-002  -6.7631737781679056E-005
   2.5107633595123222E-002  -1.0833786679172809E-004
   3.1384541993904030E-002  -1.3905826912883246E-004
   3.7661450392684835E-002  -1.5692450267849737E-004
   4.3938358791465640E-002  -1.6024082116150286E-004
   5.0215267190246445E-002  -1.4865221677581739E-004
   5.6492175589027249E-002  -1.2319059305017062E-004
   6.2769083987808061E-002  -8.6192683041849254E-005
   6.9045992386588859E-002  -4.1095019413968140E-005
   7.5322900785369670E-002   7.8772100183202355E-006
   8.1599809184150468E-002   5.6100290822577021E-005
   8.7876717582931280E-002   9.8985894982795829E-005
   9.4153625981712077E-002   1.3241857012910856E-004
  0.10043053438049289        1.5315523132596601E-004
  0.10670744277927370        1.5914762452241696E-004
  0.11298435117805450        1.4975508730541632E-004
  0.11926125957683531        1.2582463873707508E-004
  0.12553816797561612        8.9627677825376720E-005
  0.13181507637439691        4.4656266937606297E-005
  0.13809198477317772       -4.7041623353084607E-006
  0.14436889317195853       -5.3596178565781580E-005
  0.15064580157073934       -9.7166129360241361E-005
  0.15692270996952015       -1.3104811754025415E-004
  0.16319961836830094       -1.5180783604211597E-004
  0.16947652676708175       -1.5730060845944529E-004
  0.17575343516586256       -1.4690539788935299E-004
  0.18203034356464337       -1.2160812065330055E-004
  0.18830725196342415       -8.3922305036416157E-005
  0.19458416036220497       -3.7651565445697490E-005
  0.20086106876098578        1.2485132468883082E-005
  0.20713797715976659        6.1329578226693735E-005
  0.21341488555854740        1.0381437139388554E-004
  0.21969179395732819        1.3549255234619571E-004
  0.22596870235610900        1.5301103803289128E-004
  0.23224561075488981        1.5447660012875080E-004
  0.23852251915367062        1.3967326714075195E-004
  0.24479942755245140        1.1010491416831394E-004
  0.25107633595123224        6.8854969369987087E-005
  0.25735324435001306        2.0274738906263957E-005
  0.26363015274879381       -3.0469273165593589E-005
  0.26990706114757462       -7.7942605608097287E-005
  0.27618396954635543       -1.1702680883972423E-004
  0.28246087794513625       -1.4347701657804008E-004
  0.28873778634391706       -1.5439157416013500E-004
  0.29501469474269787       -1.4854065270005927E-004
  0.30129160314147868       -1.2651538905285488E-004
  0.30756851154025949       -9.0678351565312467E-005
  0.31384541993904030       -4.4917975064923379E-005
  0.32012232833782106        5.7683889956641404E-006
  0.32639923673660187        5.5818511291829418E-005
  0.33267614513538268        9.9717125663857257E-005
  0.33895305353416350        1.3260777844984698E-004
  0.34522996193294431        1.5083598107881231E-004
  0.35150687033172512        1.5236189510066194E-004
  0.35778377873050593        1.3699489484787422E-004
  0.36406068712928674        1.0642212084734613E-004
  0.37033759552806755        6.4026358768529547E-005
  0.37661450392684831        1.4512643673103844E-005
  0.38289141232562912       -3.6615035739666774E-005
  0.38916832072440993       -8.3668227994911049E-005
  0.39544522912319074       -1.2141033719101992E-004
  0.40172213752197156       -1.4564270259823353E-004
  0.40799904592075237       -1.5367399095399888E-004
  0.41427595431953318       -1.4461975532059022E-004
  0.42055286271831399       -1.1949845745558529E-004
  0.42682977111709480       -8.1113561577512907E-005
  0.43310667951587556       -3.3735756515170022E-005
  0.43938358791465637        1.7377907751170320E-005
  0.44566049631343718        6.6572817193843070E-005
  0.45193740471221799        1.0842648182122304E-004
  0.45821431311099881        1.3834798737464611E-004
  0.46449122150977962        1.5308020230605726E-004
  0.47076812990856043        1.5104948018356332E-004
  0.47704503830734124        1.3252551172311720E-004
  0.48332194670612205        9.9575893083435894E-005
  0.48959885510490281        5.5823289441472076E-005
  0.49587576350368362        6.0350709878134878E-006
  0.50215267190246449       -4.4406520157210444E-005
  0.50842958030124530       -9.0093250394276920E-005
  0.51470648870002611       -1.2617312841928474E-004
  0.52098339709880681       -1.4886253410622158E-004
  0.52726030549758762       -1.5583406163475420E-004
  0.53353721389636843       -1.4644095181708724E-004
  0.53981412229514925       -1.2175792313535045E-004
  0.54609103069393006       -8.4438796333784308E-005
  0.55236793909271087       -3.8411218381046613E-005
  0.55864484749149168        1.1554339150193448E-005
  0.56492175589027249        6.0351993524512137E-005
  0.57119866428905330        1.0306866117368885E-004
  0.57747557268783412        1.3547742035197280E-004
  0.58375248108661493        1.5444631859157281E-004
  0.59002938948539574        1.5822387145844087E-004
  0.59630629788417655        1.4657701539157278E-004
  0.60258320628295736        1.2077359683253545E-004
  0.60886011468173817        8.3417751992005495E-005
  0.61513702308051899        3.8161030893059435E-005
  0.62141393147929980       -1.0676574809372603E-005
  0.62769083987808061       -5.8534406386851327E-005
  0.63396774827686131       -1.0104392170393257E-004
  0.64024465667564212       -1.3442476604541456E-004
  0.64652156507442293       -1.5580850930819133E-004
  0.65279847347320374       -1.6346363799087723E-004
  0.65907538187198456       -1.5690653793362555E-004
  0.66535229027076537       -1.3689501652800861E-004
  0.67162919866954618       -1.0531216037672837E-004
  0.67790610706832699       -6.4957941891222930E-005
  0.68418301546710780       -1.9273174704893954E-005
  0.69045992386588861        2.7975308870820273E-005
  0.69673683226466943        7.3018169364899110E-005
  0.70301374066345024        1.1238734095621813E-004
  0.70929064906223105        1.4317577611370358E-004
  0.71556755746101186        1.6323476053483542E-004
  0.72184446585979267        1.7129741055907572E-004
  0.72812137425857348        1.6702436087871883E-004
  0.73439828265735430        1.5097460507281310E-004
  0.74067519105613511        1.2451039778475304E-004
  0.74695209945491581        8.9649660418262336E-005
  0.75322900785369662        4.8882210815054985E-005
  0.75950591625247743        4.9673081877105031E-006
  0.76578282465125824       -3.9270422939982117E-005
  0.77205973305003905       -8.1131411147602719E-005
  0.77833664144881987       -1.1820543269864674E-004
  0.78461354984760068       -1.4850077998894716E-004
  0.79089045824638149       -1.7053303644066922E-004
  0.79716736664516230       -1.8337184768489514E-004
  0.80344427504394311       -1.8664736771843195E-004
  0.80972118344272392       -1.8052076452693941E-004
  0.81599809184150474       -1.6562515978189965E-004
  0.82227500024028555       -1.4298460097359221E-004
  0.82855190863906636       -1.1391914238761706E-004
  0.83482881703784717       -7.9943923506245939E-005
  0.84110572543662798       -4.2669400155716215E-005
  0.84738263383540879       -3.7087502646019126E-006
  0.85365954223418961        3.5402905835875341E-005
  0.85993645063297042        7.3274315048052903E-005
  0.86621335903175112        1.0870723520540305E-004
  0.87249026743053193        1.4072854829102165E-004
  0.87876717582931274        1.6860610842314521E-004
  0.88504408422809355        1.9184996921149384E-004
  0.89132099262687436        2.1020123678754343E-004
  0.89759790102565518        2.2361116178093633E-004
  0.90387480942443599        2.3221323742654733E-004
  0.91015171782321680        2.3629099023983751E-004
  0.91642862622199761        2.3624391368095112E-004
  0.92270553462077842        2.3255365218143709E-004
  0.92898244301955923        2.2575213473394299E-004
  0.93525935141834005        2.1639292465439102E-004
  0.94153625981712086        2.0502662882370440E-004
  0.94781316821590167        1.9218082116192586E-004
  0.95409007661468248        1.7834459949229612E-004
  0.96036698501346329        1.6395762199671764E-004
  0.96664389341224410        1.4940326337564323E-004
  0.97292080181102492        1.3500538931249294E-004
  0.97919771020980562        1.2102816588536861E-004
  0.98547461860858643        1.0767828923080461E-004
  0.99175152700736724        9.5109031003285781E-005
  0.99802843540614805        8.3425536204729471E-005
   1.0043053438049290        7.2690872739122463E-005
   1.0105822522037098        6.2932407162857927E-005
   1.0168591606024906        5.4148161804567043E-005
   1.0231360690012714        4.6312888097917567E-005
   1.0294129774000522        3.9383665908560849E-005
   1.0356898857988328        3.3304905111442425E-005
   1.0419667941976136        2.8012682692231450E-005
   1.0482437025963944        2.3438394756555645E-005
   1.0545206109951752        1.9511738884334966E-005
   1.0607975193939561        1.6163068303882164E-005
   1.0670744277927369        1.3325177229407445E-005
   1.0733513361915177        1.0934586095500678E-005
   1.0796282445902985        8.9323999489037668E-006
   1.0859051529890793        7.2648130660228852E-006
   1.0921820613878601        5.8833293583866308E-006
   1.0984589697866409        4.7447618858606723E-006
   1.1047358781854217        3.8110676502798580E-006
   1.1110127865842025        3.0490656685858678E-006
   1.1172896949829834        2.4300785593102407E-006
   1.1235666033817642        1.9295300240753270E-006
   1.1298435117805450        1.5265238655953708E-006
   1.1361204201793258        1.2034237735666451E-006
   1.1423973285781066        9.4544804498496388E-007
   1.1486742369768874        7.4028873943149028E-007
   1.1549511453756682        5.7776142460905124E-007
   1.1612280537744490        4.4948859536783435E-007
   1.1675049621732299        3.4861794018043559E-007
   1.1737818705720107        2.6957480103620060E-007
   1.1800587789707915        2.0784732433920507E-007
   1.1863356873695723        1.5980182634191935E-007
   1.1926125957683531        1.2252574834555366E-007
   1.1988895041671339        9.3695133629255534E-008
   1.2051664125659147        7.1463807105950929E-008
   1.2114433209646955        5.4371290391451126E-008
   1.2177202293634763        4.1266927769533702E-008
   1.2239971377622572        3.1247669520325980E-008
   1.2302740461610380        2.3607480309779088E-008
   1.2365509545598188        1.7796330837813386E-008
   1.2428278629585996        1.3387262917325952E-008
   1.2491047713573804        1.0049947749868200E-008
   1.2553816797561612        7.5296783485587878E-009
   1.2616585881549420        5.6306408811117433E-009
   1.2679354965537226        4.2027785938914004E-009
   1.2742124049525034        3.1314000507736250E-009
   1.2804893133512842        2.3291170481875470E-009
   1.2867662217500651        1.7294927675452846E-009
   1.2930431301488459        1.2821761852936558E-009
   1.2993200385476267        9.4907194376139649E-010
   1.3055969469464075        7.0145626354565041E-010
   1.3118738553451883        5.1768920273583045E-010
   1.3181507637439691        3.8153489765243406E-010
   1.3244276721427499        2.8080666861715744E-010
   1.3307045805415307        2.0640726478188047E-010
   1.3369814889403115        1.5152564034793601E-010
   1.3432583973390924        1.1110635316307519E-010
   1.3495353057378732        8.1370165386617224E-011
   1.3558122141366540        5.9529636553525352E-011
   1.3620891225354348        4.3500115850962779E-011
   1.3683660309342156        3.1758340081718956E-011
   1.3746429393329964        2.3158336970925930E-011
   1.3809198477317772        1.6875142927815727E-011
   1.3871967561305580        1.2280858055958710E-011
   1.3934736645293389        8.9341801304954135E-012
   1.3997505729281197        6.4889452960760057E-012
   1.4060274813269005        4.7134832119074928E-012
   1.4123043897256813        3.4162659631693802E-012
   1.4185812981244621        2.4790271301498663E-012
   1.4248582065232429        1.7926643821837892E-012
   1.4311351149220237        1.3002848526052249E-012
   1.4374120233208045        9.3748265997333126E-013
   1.4436889317195853        6.8046172559120502E-013
   1.4499658401183662        4.8847186163020495E-013
   1.4562427485171470        3.5549396644884564E-013
   1.4625196569159278        2.5323955821980318E-013
   1.4687965653147086        1.8558753475092502E-013
   1.4750734737134894        1.3014528737013180E-013
   1.4813503821122702        9.6794028477118491E-014
   1.4876272905110510        6.6205094093052886E-014
   1.4939041989098316        5.0477742444949414E-014
   1.5001811073086124        3.2308356992570043E-014
   1.5064580157073932        2.5597600511039464E-014
   1.5127349241061741        1.3522772231925840E-014
   1.5190118325049549        1.1447120943273011E-014
   1.5252887409037357        2.3738903678854161E-015
   1.5315656493025165        2.3399010080011715E-015
   1.5378425577012973       -6.3460983238458853E-015
   1.5441194661000781       -6.0319880467506646E-015
   1.5503963744988589       -1.5819607483198273E-014
   1.5566732828976397       -1.8363472254148485E-014
   1.5629501912964205       -3.2133460836818524E-014
   1.5692270996952014       -4.0207788183872730E-014
   1.5755040080939822       -6.1520727995605408E-014
   1.5817809164927630       -7.9521920742097351E-014
   1.5880578248915438       -1.1627605724098111E-013
   1.5943347332903246       -1.5556995087118752E-013
   1.6006116416891054       -2.2232473621019428E-013
   1.6068885500878862       -3.0341377241481777E-013
   1.6131654584866670       -4.2886016426177424E-013
   1.6194423668854478       -5.9116187652045566E-013
   1.6257192752842287       -8.2961856904920950E-013
   1.6319961836830095       -1.1492147555328676E-012
   1.6382730920817903       -1.6076228688239678E-012
   1.6445500004805711       -2.2328521400351149E-012
   1.6508269088793519       -3.1178697595053774E-012
   1.6571038172781327       -4.3361226650647093E-012
   1.6633807256769135       -6.0462228033136678E-012
   1.6696576340756943       -8.4123249262627028E-012
   1.6759345424744752       -1.1719824560461505E-011
   1.6822114508732560       -1.6307251453811944E-011
   1.6884883592720368       -2.2703626438172750E-011
   1.6947652676708176       -3.1581940302378650E-011
   1.7010421760695984       -4.3938501541390887E-011
   1.7073190844683792       -6.1091022792141967E-011
   1.7135959928671600       -8.4929997478900277E-011
   1.7198729012659408       -1.1800611111789834E-010
   1.7261498096647214       -1.6391647516036623E-010
   1.7324267180635022       -2.2756595190972744E-010
   1.7387036264622830       -3.1580190691184646E-010
   1.7449805348610639       -4.3800481189351306E-010
   1.7512574432598447       -6.0718691128415058E-010
   1.7575343516586255       -8.4120502833777448E-010
   1.7638112600574063       -1.1647220639358016E-009
   1.7700881684561871       -1.6115824106899833E-009
   1.7763650768549679       -2.2283697407037395E-009
   1.7826419852537487       -3.0789418464528290E-009
   1.7889188936525295       -4.2509299523894488E-009
   1.7951958020513104       -5.8642485388983497E-009
   1.8014727104500912       -8.0829844894682822E-009
   1.8077496188488720       -1.1131171086063341E-008
   1.8140265272476528       -1.5314479857143795E-008
   1.8203034356464336       -2.1049159361592657E-008
   1.8265803440452144       -2.8901411771759393E-008
   1.8328572524439952       -3.9639988138952571E-008
   1.8391341608427760       -5.4307179689446079E-008
   1.8454110692415568       -7.4313516935026863E-008
   1.8516879776403377       -1.0156472887989313E-007
   1.8579648860391185       -1.3863059120591563E-007
   1.8642417944378993       -1.8896989103335852E-007
   1.8705187028366801       -2.5722837210446627E-007
   1.8767956112354609       -3.4963326571084268E-007
   1.8830725196342417       -4.7451316477875253E-007
   1.8893494280330225       -6.4298205789634673E-007
   1.8956263364318033       -8.6983540327372453E-007
   1.9019032448305841       -1.1747211882060045E-006
   1.9081801532293650       -1.5836638471918502E-006
   1.9144570616281458       -2.1310412393247340E-006
   1.9207339700269266       -2.8621382397170816E-006
   1.9270108784257074       -3.8364328598197069E-006
   1.9332877868244882       -5.1318061322767904E-006
   1.9395646952232690       -6.8499158304459005E-006
   1.9458416036220498       -9.1230249525101853E-006
   1.9521185120208304       -1.2122638498463035E-005
   1.9583954204196112       -1.6070372702626015E-005
   1.9646723288183920       -2.1251565741511500E-005
   1.9709492372171729       -2.8032228975020316E-005
   1.9772261456159537       -3.6880041772408638E-005
   1.9835030540147345       -4.8390199264002091E-005
   1.9897799624135153       -6.3317037786922466E-005
   1.9960568708122961       -8.2612471880696709E-005
   2.0023337792110771       -1.0747238307078153E-004
   2.0086106876098579       -1.3939218315103856E-004
   2.0148875960086388       -1.8023283174069135E-004
   2.0211645044074196       -2.3229859047499952E-004
   2.0274414128062004       -2.9842773585836663E-004
   2.0337183212049812       -3.8209729075931346E-004
   2.0399952296037620       -4.8754255437247120E-004
   2.0462721380025428       -6.1989176341653552E-004
   2.0525490464013236       -7.8531558033616267E-004
   2.0588259548001044       -9.9119022138415783E-004
   2.0651028631988853       -1.2462718848512894E-003
   2.0713797715976656       -1.5608786626774508E-003
   2.0776566799964464       -1.9470743054246394E-003
   2.0839335883952272       -2.4188460240327711E-003
   2.0902104967940081       -2.9922659741881096E-003
   2.0964874051927889       -3.6856231865410186E-003
   2.1027643135915697       -4.5195095666565122E-003
   2.1090412219903505       -5.5168402596790251E-003
   2.1153181303891313       -6.7027853273276487E-003
   2.1215950387879121       -8.1045866252666410E-003
   2.1278719471866929       -9.7512312279504632E-003
   2.1341488555854737       -1.1672951043926421E-002
   2.1404257639842545       -1.3900517908671523E-002
   2.1467026723830354       -1.6464304884379631E-002
   2.1529795807818162       -1.9393088306112978E-002
   2.1592564891805970       -2.2712571798384193E-002
   2.1655333975793778       -2.6443623606004697E-002
   2.1718103059781586       -3.0600232524723020E-002
   2.1780872143769394       -3.5187205816265742E-002
   2.1843641227757202       -4.0197654750161689E-002
   2.1906410311745010       -4.5610339640821423E-002
   2.1969179395732819       -5.1386975725985072E-002
   2.2031948479720627       -5.7469632917727324E-002
   2.2094717563708435       -6.3778394606064326E-002
   2.2157486647696243       -7.0209471181555683E-002
   2.2220255731684051       -7.6633989868467076E-002
   2.2283024815671859       -8.2897700674650854E-002
   2.2345793899659667       -8.8821844966706018E-002
   2.2408562983647475       -9.4205424751724151E-002
   2.2471332067635283       -9.8829083290738751E-002
   2.2534101151623092      -0.10246075829366176     
   2.2596870235610900      -0.10486319503983238     
   2.2659639319598708      -0.10580330797594639     
   2.2722408403586516      -0.10506325604422384     
   2.2785177487574324      -0.10245295302614897     
   2.2847946571562132       -9.7823568341673245E-002
   2.2910715655549940       -9.1081406219776243E-002
   2.2973484739537748       -8.2201423848380417E-002
   2.3036253823525557       -7.1239506090346072E-002
   2.3099022907513365       -5.8342502650805213E-002
   2.3161791991501173       -4.3754980185314457E-002
   2.3224561075488981       -2.7821654884632379E-002
   2.3287330159476789       -1.0984564873548546E-002
   2.3350099243464597        6.2257742993969897E-003
   2.3412868327452405        2.3205708766445513E-002
   2.3475637411440213        3.9300386863452878E-002
   2.3538406495428021        5.3831956522758913E-002
   2.3601175579415830        6.6133164601854560E-002
   2.3663944663403638        7.5584964545641745E-002
   2.3726713747391446        8.1656211867614278E-002
   2.3789482831379254        8.3943058393989398E-002
   2.3852251915367062        8.2205296944361225E-002
   2.3915020999354870        7.6396708525665782E-002
   2.3977790083342678        6.6686469870822884E-002
   2.4040559167330486        5.3468925130552451E-002
   2.4103328251318294        3.7359531101014955E-002
   2.4166097335306103        1.9175548842167888E-002
   2.4228866419293911       -9.8949637781712307E-005
   2.4291635503281719       -1.9363014890700948E-002
   2.4354404587269527       -3.7461669615629363E-002
   2.4417173671257335       -5.3258367224802469E-002
   2.4479942755245143       -6.5712580317779545E-002
   2.4542711839232951       -7.3957100310336699E-002
   2.4605480923220759       -7.7369029998404393E-002
   2.4668250007208568       -7.5628314352595219E-002
   2.4731019091196376       -6.8758081446625069E-002
   2.4793788175184184       -5.7142004383408863E-002
   2.4856557259171992       -4.1515349710816954E-002
   2.4919326343159800       -2.2928283652699853E-002
   2.4982095427147608       -2.6822332963984232E-003
   2.5044864511135416        1.7757525755059195E-002
   2.5107633595123224        3.6867567703365876E-002
   2.5170402679111032        5.3182778074379176E-002
   2.5233171763098841        6.5414520862875705E-002
   2.5295940847086644        7.2560611697233726E-002
   2.5358709931074452        7.3997191976992768E-002
   2.5421479015062260        6.9543504713205959E-002
   2.5484248099050069        5.9492381412372737E-002
   2.5547017183037877        4.4601861610407849E-002
   2.5609786267025685        2.6046594842829063E-002
   2.5672555351013493        5.3312536006823140E-003
   2.5735324435001301       -1.5828206698782543E-002
   2.5798093518989109       -3.5646318537341008E-002
   2.5860862602976917       -5.2421160736256328E-002
   2.5923631686964725       -6.4685306994139824E-002
   2.5986400770952534       -7.1340803665348868E-002
   2.6049169854940342       -7.1765161714954367E-002
   2.6111938938928150       -6.5877495005093434E-002
   2.6174708022915958       -5.4157244261412614E-002
   2.6237477106903766       -3.7612125166618375E-002
   2.6300246190891574       -1.7696653831641748E-002
   2.6363015274879382        3.8126121622213903E-003
   2.6425784358867190        2.4974586289563633E-002
   2.6488553442854998        4.3859884055719375E-002
   2.6551322526842807        5.8729518502986182E-002
   2.6614091610830615        6.8199110257754048E-002
   2.6676860694818423        7.1372616087214874E-002
   2.6739629778806231        6.7932143749143803E-002
   2.6802398862794039        5.8174383478246959E-002
   2.6865167946781847        4.2989186832339488E-002
   2.6927937030769655        2.3781383375250351E-002
   2.6990706114757463        2.3424964408821827E-003
   2.7053475198745272       -1.9315961930642056E-002
   2.7116244282733080       -3.9151988361257849E-002
   2.7179013366720888       -5.5287290262526226E-002
   2.7241782450708696       -6.6187409034213551E-002
   2.7304551534696504       -7.0810144357215166E-002
   2.7367320618684312       -6.8707590582511122E-002
   2.7430089702672120       -6.0071519562616242E-002
   2.7492858786659928       -4.5717329061171798E-002
   2.7555627870647736       -2.7007778639743033E-002
   2.7618396954635545       -5.7236549247630915E-003
   2.7681166038623353        1.6106250427409530E-002
   2.7743935122611161        3.6399433498018108E-002
   2.7806704206598969        5.3219407989610078E-002
   2.7869473290586777        6.4961482607017437E-002
   2.7932242374574585        7.0506557096926617E-002
   2.7995011458562393        6.9328048194795266E-002
   2.8057780542550201        6.1541656598677261E-002
   2.8120549626538009        4.7893282889381987E-002
   2.8183318710525818        2.9686455617706702E-002
   2.8246087794513626        8.6565176567993500E-003
   2.8308856878501434       -1.3196067089416430E-002
   2.8371625962489242       -3.3797051923575260E-002
   2.8434395046477050       -5.1195895412196400E-002
   2.8497164130464858       -6.3750459741336654E-002
   2.8559933214452666       -7.0281371671680581E-002
   2.8622702298440474       -7.0181566459579528E-002
   2.8685471382428283       -6.3470958255884571E-002
   2.8748240466416091       -5.0791511463723814E-002
   2.8811009550403899       -3.3343699505632297E-002
   2.8873778634391707       -1.2770877103449292E-002
   2.8936547718379515        8.9970659669633395E-003
   2.8999316802367323        2.9925705390882185E-002
   2.9062085886355131        4.8066451077335599E-002
   2.9124854970342939        6.1737432911930630E-002
   2.9187624054330747        6.9678165083119928E-002
   2.9250393138318556        7.1163905097110514E-002
   2.9313162222306364        6.6069542498348649E-002
   2.9375931306294172        5.4877647456202355E-002
   2.9438700390281980        3.8630520746668437E-002
   2.9501469474269788        1.8831227270787752E-002
   2.9564238558257596       -2.6968038155153373E-003
   2.9627007642245404       -2.3978375982826993E-002
   2.9689776726233212       -4.3067689862103527E-002
   2.9752545810221021       -5.8225504005887281E-002
   2.9815314894208829       -6.8076289405760604E-002
   2.9878083978196632       -7.1731376931245316E-002
   2.9940853062184440       -6.8867295678005855E-002
   3.0003622146172249       -5.9752614501143018E-002
   3.0066391230160057       -4.5221269615233657E-002
   3.0129160314147865       -2.6595155179271999E-002
   3.0191929398135673       -5.5632474128116949E-003
   3.0254698482123481        1.5971663572559230E-002
   3.0317467566111289        3.6064770524388216E-002
   3.0380236650099097        5.2904166686132681E-002
   3.0443005734086905        6.4973298773121288E-002
   3.0505774818074713        7.1186559599236782E-002
   3.0568543902062522        7.0986066326643366E-002
   3.0631312986050330        6.4391142120434577E-002
   3.0694082070038138        5.1996213450859523E-002
   3.0756851154025946        3.4917386164760450E-002
   3.0819620238013754        1.4692476878375646E-002
   3.0882389322001562       -6.8566358420171346E-003
   3.0945158405989370       -2.7787163862317287E-002
   3.1007927489977178       -4.6209635495762624E-002
   3.1070696573964987       -6.0457764086046813E-002
   3.1133465657952795       -6.9238866315290429E-002
   3.1196234741940603       -7.1751389469088989E-002
   3.1259003825928411       -6.7758936193061198E-002
   3.1321772909916219       -5.7613945594477883E-002
   3.1384541993904027       -4.2228583575276542E-002
   3.1447311077891835       -2.2995040901904410E-002
   3.1510080161879643       -1.6619377690968780E-003
   3.1572849245867451        1.9822503900958986E-002
   3.1635618329855260        3.9486804851086452E-002
   3.1698387413843068        5.5516463595842024E-002
   3.1761156497830876        6.6421819041747376E-002
   3.1823925581818684        7.1178087711112281E-002
   3.1886694665806492        6.9324349422318146E-002
   3.1949463749794300        6.1011728241586946E-002
   3.2012232833782108        4.6995461671875370E-002
   3.2075001917769916        2.8570598380443374E-002
   3.2137771001757724        7.4562740371956135E-003
   3.2200540085745533       -1.4361586484180160E-002
   3.2263309169733341       -3.4815166972576375E-002
   3.2326078253721149       -5.1950343564874088E-002
   3.2388847337708957       -6.4114602120790648E-002
   3.2451616421696765       -7.0119193332899385E-002
   3.2514385505684573       -6.9359419004316247E-002
   3.2577154589672381       -6.1880541351495844E-002
   3.2639923673660189       -4.8381730026876617E-002
   3.2702692757647998       -3.0156283053285396E-002
   3.2765461841635806       -8.9725448391910299E-003
   3.2828230925623614        1.3094096790619193E-002
   3.2891000009611422        3.3862620853424071E-002
   3.2953769093599230        5.1261916443301185E-002
   3.3016538177587038        6.3539227021006395E-002
   3.3079307261574846        6.9440378815353962E-002
   3.3142076345562654        6.8342935046050282E-002
   3.3204845429550462        6.0327674565798919E-002
   3.3267614513538271        4.6179690332944480E-002
   3.3330383597526079        2.7317394845080264E-002
   3.3393152681513887        5.6551201859490214E-003
   3.3455921765501695       -1.6587948192231767E-002
   3.3518690849489503       -3.7113813529129999E-002
   3.3581459933477311       -5.3783819720438678E-002
   3.3644229017465119       -6.4844159508918225E-002
   3.3706998101452927       -6.9114672274909819E-002
   3.3769767185440736       -6.6120147470984575E-002
   3.3832536269428544       -5.6148966871113253E-002
   3.3895305353416352       -4.0231342787938808E-002
   3.3958074437404160       -2.0037892279878400E-002
   3.4020843521391968        2.2920657107462976E-003
   3.4083612605379776        2.4375240242472649E-002
   3.4146381689367584        4.3838692187104462E-002
   3.4209150773355392        5.8576556721227441E-002
   3.4271919857343200        6.6981122571900142E-002
   3.4334688941331009        6.8122476720514524E-002
   3.4397458025318817        6.1856107123069833E-002
   3.4460227109306620        4.8845468958669175E-002
   3.4522996193294428        3.0495763738546407E-002
   3.4585765277282237        8.8050454555630119E-003
   3.4648534361270045       -1.3851856939546041E-002
   3.4711303445257853       -3.4983310929326369E-002
   3.4774072529245661       -5.2256160586175715E-002
   3.4836841613233469       -6.3755602534480579E-002
   3.4899610697221277       -6.8200292200359044E-002
   3.4962379781209085       -6.5088045688529314E-002
   3.5025148865196893       -5.4755124250887861E-002
   3.5087917949184702       -3.8341758354210373E-002
   3.5150687033172510       -1.7667213241580396E-002
   3.5213456117160318        4.9719312320519347E-003
   3.5276225201148126        2.7057769444574852E-002
   3.5338994285135934        4.6132506462490154E-002
   3.5401763369123742        6.0073510453275115E-002
   3.5464532453111550        6.7330804908377936E-002
   3.5527301537099358        6.7100082583784845E-002
   3.5590070621087166        5.9411694291416371E-002
   3.5652839705074975        4.5125690343706719E-002
   3.5715608789062783        2.5833744123915838E-002
   3.5778377873050591        3.6794073459859977E-003
   3.5841146957038399       -1.8882603731354385E-002
   3.5903916041026207       -3.9360583381322256E-002
   3.5966685125014015       -5.5502372743943762E-002
   3.6029454209001823       -6.5543170141900711E-002
   3.6092223292989631       -6.8397105435778330E-002
   3.6154992376977440       -6.3771750731177412E-002
   3.6217761460965248       -5.2193708486812811E-002
   3.6280530544953056       -3.4943599633739234E-002
   3.6343299628940864       -1.3908972056456161E-002
   3.6406068712928672        8.6273107944553687E-003
   3.6468837796916480        3.0238773992858407E-002
   3.6531606880904288        4.8618741505126954E-002
   3.6594375964892096        6.1826394676041688E-002
   3.6657145048879904        6.8489023457188228E-002
   3.6719914132867713        6.7939502188301831E-002
   3.6782683216855521        6.0275679028836793E-002
   3.6845452300843329        4.6337259376918301E-002
   3.6908221384831137        2.7604881742847323E-002
   3.6970990468818945        6.0343578262392304E-003
   3.7033759552806753       -1.6154440849441377E-002
   3.7096528636794561       -3.6710433220410184E-002
   3.7159297720782369       -5.3580891950681234E-002
   3.7222066804770177       -6.5114042060669147E-002
   3.7284835888757986       -7.0214832191276735E-002
   3.7347604972745794       -6.8439756385586858E-002
   3.7410374056733602       -6.0023545965590744E-002
   3.7473143140721410       -4.5837881116968293E-002
   3.7535912224709218       -2.7289185783079130E-002
   3.7598681308697026       -6.1683606408276855E-003
   3.7661450392684834        1.5530560641676225E-002
   3.7724219476672642        3.5803699046393432E-002
   3.7786988560660451        5.2823351547929984E-002
   3.7849757644648259        6.5099390377128141E-002
   3.7912526728636067        7.1602139736147971E-002
   3.7975295812623875        7.1837413867704161E-002
   3.8038064896611683        6.5869563816404408E-002
   3.8100833980599491        5.4293559695729667E-002
   3.8163603064587299        3.8161815612522805E-002
   3.8226372148575107        1.8875227426549599E-002
   3.8289141232562915       -1.9495473236743977E-003
   3.8351910316550724       -2.2623321765191624E-002
   3.8414679400538532       -4.1524996779936936E-002
   3.8477448484526340       -5.7227749209342441E-002
   3.8540217568514148       -6.8601241086318668E-002
   3.8602986652501956       -7.4883201331429713E-002
   3.8665755736489764       -7.5716971442085959E-002
   3.8728524820477572       -7.1154829402588882E-002
   3.8791293904465380       -6.1629793490529855E-002
   3.8854062988453189       -4.7900950351106364E-002
   3.8916832072440997       -3.0979003664416589E-002
   3.8979601156428805       -1.2039636042236301E-002
   3.9042370240416608        7.6675684666791246E-003
   3.9105139324404417        2.6907400915787687E-002
   3.9167908408392225        4.4538302477280564E-002
   3.9230677492380033        5.9577850821443061E-002
   3.9293446576367841        7.1251287978729788E-002
   3.9356215660355649        7.9021577320407571E-002
   3.9418984744343457        8.2601032087875184E-002
   3.9481753828331265        8.1945897147142968E-002
   3.9544522912319073        7.7236312235048191E-002
   3.9607291996306881        6.8844798492163281E-002
   3.9670061080294690        5.7296784598918342E-002
   3.9732830164282498        4.3226747448939992E-002
   3.9795599248270306        2.7333330474390752E-002
   3.9858368332258114        1.0336380276060037E-002
   3.9921137416245922       -7.0617240472386341E-003
   3.9983906500233730       -2.4208717947584252E-002
   4.0046675584221543       -4.0528003309889808E-002
   4.0109444668209351       -5.5536657687259121E-002
   4.0172213752197159       -6.8856002412609668E-002
   4.0234982836184967       -8.0215279078385451E-002
   4.0297751920172775       -8.9449312877030548E-002
   4.0360521004160583       -9.6491250800282119E-002
   4.0423290088148391      -0.10136158251613235     
   4.0486059172136200      -0.10415466402248798     
   4.0548828256124008      -0.10502389047898758     
   4.0611597340111816      -0.10416653399147606     
   4.0674366424099624      -0.10180909301737297     
   4.0737135508087432       -9.8193811580288629E-002
   4.0799904592075240       -9.3566834942086327E-002
   4.0862673676063048       -8.8168287145279772E-002
   4.0925442760050856       -8.2224394426216402E-002
   4.0988211844038664       -7.5941643173240175E-002
   4.1050980928026473       -6.9502854793525040E-002
   4.1113750012014281       -6.3064982987524679E-002
   4.1176519096002089       -5.6758389751152882E-002
   4.1239288179989897       -5.0687331819020603E-002
   4.1302057263977705       -4.4931385131703895E-002
   4.1364826347965504       -3.9547546845984015E-002
   4.1427595431953312       -3.4572777942222271E-002
   4.1490364515941121       -3.0026780525807258E-002
   4.1553133599928929       -2.5914838844498363E-002
   4.1615902683916737       -2.2230588906695836E-002
   4.1678671767904545       -1.8958616075839256E-002
   4.1741440851892353       -1.6076811515153361E-002
   4.1804209935880161       -1.3558445809598358E-002
   4.1866979019867969       -1.1373940981948563E-002
   4.1929748103855777       -9.4923403162084016E-003
   4.1992517187843585       -7.8824891162773952E-003
   4.2055286271831394       -6.5139492152510329E-003
   4.2118055355819202       -5.3576760516394041E-003
   4.2180824439807010       -4.3864900197116115E-003
   4.2243593523794818       -3.5753747983607526E-003
   4.2306362607782626       -2.9016344585465282E-003
   4.2369131691770434       -2.3449389184314389E-003
   4.2431900775758242       -1.8872843013740448E-003
   4.2494669859746050       -1.5128913186161510E-003
   4.2557438943733858       -1.2080612342754216E-003
   4.2620208027721667       -9.6100549032911088E-004
   4.2682977111709475       -7.6166181957237672E-004
   4.2745746195697283       -6.0150675258739499E-004
   4.2808515279685091       -4.7337187635249485E-004
   4.2871284363672899       -3.7126904700144459E-004
   4.2934053447660707       -2.9022798395380439E-004
   4.2996822531648515       -2.2614825508051744E-004
   4.3059591615636323       -1.7566656182809153E-004
   4.3122360699624132       -1.3603941138981112E-004
   4.3185129783611940       -1.0504067260566697E-004
   4.3247898867599748       -8.0873115186801107E-005
   4.3310667951587556       -6.2092785412289813E-005
   4.3373437035575364       -4.7544944849272780E-005
   4.3436206119563172       -3.6310258507510743E-005
   4.3498975203550980       -2.7659943808762413E-005
   4.3561744287538788       -2.1018658145873501E-005
   4.3624513371526596       -1.5933997973863916E-005
   4.3687282455514405       -1.2051590607643163E-005
   4.3750051539502213       -9.0948760708666042E-006
   4.3812820623490021       -6.8487918055695435E-006
   4.3875589707477829       -5.1466764832745595E-006
   4.3938358791465637       -3.8598062903013434E-006
   4.4001127875453445       -2.8890761246455842E-006
   4.4063896959441253       -2.1584178471801931E-006
   4.4126666043429061       -1.6096168972915570E-006
   4.4189435127416870       -1.1982476180508753E-006
   4.4252204211404678       -8.9049915807485855E-007
   4.4314973295392486       -6.6070626178363373E-007
   4.4377742379380294       -4.8943575622829256E-007
   4.4440511463368102       -3.6200870259450506E-007
   4.4503280547355910       -2.6736307517133583E-007
   4.4566049631343718       -1.9718111614673490E-007
   4.4628818715331526       -1.4522202946451716E-007
   4.4691587799319334       -1.0681300133010793E-007
   4.4754356883307143       -7.8462263709835572E-008
   4.4817125967294951       -5.7565545507241754E-008
   4.4879895051282759       -4.2184129248194974E-008
   4.4942664135270567       -3.0877283236088914E-008
   4.5005433219258375       -2.2576219990920419E-008
   4.5068202303246183       -1.6489339988783542E-008
   4.5130971387233991       -1.2031311828886794E-008
   4.5193740471221799       -8.7699468494820746E-009
   4.5256509555209607       -6.3866379994775064E-009
   4.5319278639197416       -4.6468038082187405E-009
   4.5382047723185224       -3.3780008241000250E-009
   4.5444816807173032       -2.4535925282953866E-009
   4.5507585891160840       -1.7807348245709168E-009
   4.5570354975148648       -1.2914047358816924E-009
   4.5633124059136456       -9.3585661687659346E-010
   4.5695893143124264       -6.7771881495612428E-010
   4.5758662227112072       -4.9045862915915631E-010
   4.5821431311099881       -3.5470982035941658E-010
   4.5884200395087689       -2.5638146389310688E-010
   4.5946969479075497       -1.8519961920087759E-010
   4.6009738563063305       -1.3371096123364448E-010
   4.6072507647051113       -9.6483181296441647E-011
   4.6135276731038921       -6.9589117792263448E-011
   4.6198045815026729       -5.0164527257063721E-011
   4.6260814899014537       -3.6149552667480489E-011
   4.6323583983002345       -2.6035913422392669E-011
   4.6386353066990154       -1.8748077660380645E-011
   4.6449122150977962       -1.3491715392838609E-011
   4.6511891234965770       -9.7092427325676180E-012
   4.6574660318953578       -6.9821581347143816E-012
   4.6637429402941386       -5.0228361540824859E-012
   4.6700198486929194       -3.6095778133149817E-012
   4.6762967570917002       -2.5963935547920742E-012
   4.6825736654904810       -1.8643625423530527E-012
   4.6888505738892619       -1.3413510285110183E-012
   4.6951274822880427       -9.6193252605156887E-013
   4.7014043906868235       -6.9221477617951883E-013
   4.7076812990856043       -4.9516837290291779E-013
   4.7139582074843851       -3.5638275973673139E-013
   4.7202351158831659       -2.5417269714983834E-013
   4.7265120242819467       -1.8368256787162393E-013
   4.7327889326807275       -1.3022875044000160E-013
   4.7390658410795083       -9.4828835374125955E-014
   4.7453427494782892       -6.6493909094755333E-014
   4.7516196578770700       -4.8695581260107368E-014
   4.7578965662758508       -3.2746378529876477E-014
   4.7641734746746316       -2.3576084391759695E-014
   4.7704503830734124       -1.4370718439083378E-014
   4.7767272914721932       -1.0036624368644243E-014
   4.7830041998709740       -3.7833632008933994E-015
   4.7892811082697548       -1.3138460264608700E-015
   4.7955580166685357        3.9450616465548196E-015
   4.8018349250673165        6.5220060297144327E-015
   4.8081118334660973        1.3108683216568551E-014
   4.8143887418648781        1.8301692809338100E-014
   4.8206656502636589        2.9404582054196765E-014
   4.8269425586624397        4.0701517427878172E-014
   4.8332194670612205        5.9213411157028436E-014
   4.8394963754600013        8.1334022834218073E-014
   4.8457732838587821        1.1494182882341000E-013
   4.8520501922575630        1.5905562016706073E-013
   4.8583271006563438        2.2398317157432231E-013
   4.8646040090551246        3.1071403793915163E-013
   4.8708809174539054        4.3413379457083858E-013
   4.8771578258526862        6.0187588694429549E-013
   4.8834347342514670        8.3729249979069623E-013
   4.8897116426502478        1.1605595703461339E-012
   4.8959885510490286        1.6102345181630274E-012
   4.9022654594478094        2.2291826648922487E-012
   4.9085423678465903        3.0875970635756476E-012
   4.9148192762453711        4.2704289878072437E-012
   4.9210961846441519        5.9048165398129932E-012
   4.9273730930429327        8.1549299781394726E-012
   4.9336500014417135        1.1256362891845565E-011
   4.9399269098404943        1.5521097987537428E-011
   4.9462038182392751        2.1385522558309235E-011
   4.9524807266380559        2.9435616160998576E-011
   4.9587576350368368        4.0479906600261948E-011
   4.9650345434356176        5.5608332367097569E-011
   4.9713114518343984        7.6313179680210960E-011
   4.9775883602331792        1.0460846847432310E-010
   4.9838652686319600        1.4323199449209459E-010
   4.9901421770307408        1.9587677232269585E-010
   4.9964190854295216        2.6753689127010201E-010
   5.0026959938283024        3.6493053858034644E-010
   5.0089729022270832        4.9710042618968404E-010
   5.0152498106258641        6.7617108013249139E-010
   5.0215267190246449        9.1838591912120600E-010
   5.0278036274234257        1.2454352337023097E-009
   5.0340805358222065        1.6862392228101025E-009
   5.0403574442209873        2.2792419878534006E-009
   5.0466343526197681        3.0754395590089628E-009
   5.0529112610185480        4.1422792948615736E-009
   5.0591881694173289        5.5687427272793834E-009
   5.0654650778161097        7.4718643321432530E-009
   5.0717419862148905        1.0005135130590861E-008
   5.0780188946136713        1.3369215692446746E-008
   5.0842958030124521        1.7825613356428032E-008
   5.0905727114112329        2.3713992240701373E-008
   5.0968496198100137        3.1474041110974813E-008
   5.1031265282087945        4.1672896504086537E-008
   5.1094034366075753        5.5039420698350206E-008
   5.1156803450063562        7.2506747839537960E-008
   5.1219572534051370        9.5264850272282855E-008
   5.1282341618039178        1.2482502915116167E-007
   5.1345110702026986        1.6309859266683669E-007
   5.1407879786014794        2.1249211943811977E-007
   5.1470648870002602        2.7602203150681514E-007
   5.1533417953990410        3.5745125670210695E-007
   5.1596187037978218        4.6145093508028130E-007
   5.1658956121966026        5.9378996778479854E-007
   5.1721725205953835        7.6155505586821974E-007
   5.1784494289941643        9.7340329780148064E-007
   5.1847263373929451        1.2398486959315775E-006
   5.1910032457917259        1.5735826199733885E-006
   5.1972801541905067        1.9898266629868878E-006
   5.2035570625892875        2.5067139550431919E-006
   5.2098339709880683        3.1456921334750376E-006
   5.2161108793868491        3.9319373785489530E-006
   5.2223877877856300        4.8947645038610477E-006
   5.2286646961844108        6.0680126781381907E-006
   5.2349416045831916        7.4903803166030913E-006
   5.2412185129819724        9.2056757877223558E-006
   5.2474954213807532        1.1262943339264943E-005
   5.2537723297795340        1.3716415984658356E-005
   5.2600492381783148        1.6625239845168104E-005
   5.2663261465770956        2.0052908007406145E-005
   5.2726030549758764        2.4066337116068943E-005
   5.2788799633746573        2.8734517385823671E-005
   5.2851568717734381        3.4126667874272561E-005
   5.2914337801722189        4.0309834553660224E-005
   5.2977106885709997        4.7345880458238857E-005
   5.3039875969697805        5.5287835931512407E-005
   5.3102645053685613        6.4175604066623953E-005
   5.3165414137673421        7.4031052442222422E-005
   5.3228183221661229        8.4852567822741985E-005
   5.3290952305649038        9.6609205203023027E-005
   5.3353721389636846        1.0923462567355240E-004
   5.3416490473624654        1.2262108684246096E-004
   5.3479259557612462        1.3661382211449177E-004
   5.3542028641600270        1.5100621637123080E-004
   5.3604797725588078        1.6553625009431026E-004
   5.3667566809575886        1.7988473466566197E-004
   5.3730335893563694        1.9367589076675135E-004
   5.3793104977551502        2.0648082088480527E-004
   5.3855874061539311        2.1782438751234603E-004
   5.3918643145527119        2.2719592279028784E-004
   5.3981412229514927        2.3406405684013072E-004
   5.4044181313502735        2.3789575744081332E-004
   5.4106950397490543        2.3817942257172223E-004
   5.4169719481478351        2.3445156578684711E-004
   5.4232488565466159        2.2632628493122922E-004
   5.4295257649453967        2.1352631437860476E-004
   5.4358026733441775        1.9591413423353878E-004
   5.4420795817429584        1.7352130977642705E-004
   5.4483564901417392        1.4657393112827702E-004
   5.4546333985405200        1.1551183442538060E-004
   5.4609103069393008        8.0999237172526032E-005
   5.4671872153380816        4.3924537107775582E-005
   5.4734641237368624        5.3873349850051409E-006
   5.4797410321356432       -3.3328736884684649E-005
   5.4860179405344240       -7.0798063905026787E-005
   5.4922948489332049       -1.0550972853197010E-004
   5.4985717573319857       -1.3593748046533373E-004
   5.5048486657307665       -1.6062046604671521E-004
   5.5111255741295473       -1.7825097176832404E-004
   5.5174024825283281       -1.8776430088949516E-004
   5.5236793909271089       -1.8842495454226779E-004
   5.5299562993258897       -1.7990264499403600E-004
   5.5362332077246705       -1.6233143859693008E-004
   5.5425101161234513       -1.3634560176806036E-004
   5.5487870245222322       -1.0308656774799953E-004
   5.5550639329210130       -6.4176875947501399E-005
   5.5613408413197938       -2.1658929623979062E-005
   5.5676177497185746        2.2101116124989857E-005
   5.5738946581173554        6.4541231169699774E-005
   5.5801715665161362        1.0305712854354076E-004
   5.5864484749149170        1.3517279910443505E-004
   5.5927253833136978        1.5871672514992144E-004
   5.5990022917124787        1.7199077142213105E-004
   5.6052792001112595        1.7391787913779581E-004
   5.6115561085100403        1.6415501820792343E-004
   5.6178330169088211        1.4315939773265613E-004
   5.6241099253076019        1.1219863765652400E-004
   5.6303868337063827        7.3299421608998531E-005
   5.6366637421051635        2.9133850960496093E-005
   5.6429406505039443       -1.7152040746764396E-005
   5.6492175589027251       -6.2157805568053041E-005
   5.6554944673015060       -1.0248135569922888E-004
   5.6617713757002868       -1.3498613620691182E-004
   5.6680482840990676       -1.5706110980626939E-004
   5.6743251924978484       -1.6685098060570153E-004
   5.6806021008966292       -1.6343508862763011E-004
   5.6868790092954100       -1.4693648141945640E-004
   5.6931559176941908       -1.1854769280385247E-004
   5.6994328260929716       -8.0466406559906575E-005
   5.7057097344917524       -3.5741939278370098E-005
   5.7119866428905333        1.1958327032735788E-005
   5.7182635512893141        5.8645562253739571E-005
   5.7245404596880949        1.0034540391593995E-004
   5.7308173680868757        1.3344452529815949E-004
   5.7370942764856565        1.5501677313999171E-004
   5.7433711848844373        1.6309820714134762E-004
   5.7496480932832181        1.5688376779565862E-004
   5.7559250016819989        1.3682450567631838E-004
   5.7622019100807798        1.0461285775050891E-004
   5.7684788184795606        6.3053622405243319E-005
   5.7747557268783414        1.5829122875965547E-005
   5.7810326352771222       -3.2822475648128867E-005
   5.7873095436759030       -7.8487685992554776E-005
   5.7935864520746838       -1.1698251657470167E-004
   5.7998633604734646       -1.4474370599528840E-004
   5.8061402688722454       -1.5916877077409652E-004
   5.8124171772710262       -1.5887126400773748E-004
   5.8186940856698071       -1.4382508054540442E-004
   5.8249709940685879       -1.1538186743701188E-004
   5.8312479024673687       -7.6157648538917945E-005
   5.8375248108661495       -2.9797477635954862E-005
   5.8438017192649303        1.9360974134863565E-005
   5.8500786276637111        6.6693748481590583E-005
   5.8563555360624919        1.0772837793457233E-004
   5.8626324444612727        1.3857103204190389E-004
   5.8689093528600536        1.5628147845410769E-004
   5.8751862612588344        1.5915897357499624E-004
   5.8814631696576152        1.4691058816178353E-004
   5.8877400780563960        1.2068478115022358E-004
   5.8940169864551768        8.2966147467657516E-005
   5.9002938948539576        3.7340876281736888E-005
   5.9065708032527384       -1.1844801682013262E-005
   5.9128477116515192       -5.9900310408506346E-005
   5.9191246200503000       -1.0224033697394440E-004
   5.9254015284490809       -1.3482472618382192E-004
   5.9316784368478617       -1.5454595472013744E-004
   5.9379553452466425       -1.5952661633099379E-004
   5.9442322536454233       -1.4929818713990136E-004
   5.9505091620442041       -1.2484397807376339E-004
   5.9567860704429849       -8.8502475138928650E-005
   5.9630629788417657       -4.3740913472042499E-005
   5.9693398872405457        5.1785267133789298E-006
   5.9756167956393265        5.3607259699891858E-005
   5.9818937040381073        9.6953930991045803E-005
   5.9881706124368881        1.3112043269132811E-004
   5.9944475208356689        1.5288866692386027E-004
   6.0007244292344497        1.6022152304543682E-004
   6.0070013376332305        1.5245008845875740E-004
   6.0132782460320113        1.3033024715017680E-004
   6.0195551544307921        9.5964422094181416E-005
   6.0258320628295730        5.2597054758436458E-005
   6.0321089712283538        4.3042559320393670E-006
   6.0383858796271346       -4.4392202804948919E-005
   6.0446627880259154       -8.8949644069275620E-005
   6.0509396964246962       -1.2522790285630816E-004
   6.0572166048234770       -1.4987195862795771E-004
   6.0634935132222578       -1.6061863793460592E-004
   6.0697704216210386       -1.5649974906928402E-004
   6.0760473300198194       -1.3792395397719989E-004
   6.0823242384186003       -1.0663109733675095E-004
   6.0886011468173811       -6.5524517906677279E-005
   6.0948780552161619       -1.8397973097077411E-005
   6.1011549636149427        3.0416785526425090E-005
   6.1074318720137235        7.6448860904266858E-005
   6.1137087804125043        1.1549676418085979E-004
   6.1199856888112851        1.4400953536238085E-004
   6.1262625972100659        1.5940623428526823E-004
   6.1325395056088468        1.6030554941561106E-004
   6.1388164140076276        1.4664559538959813E-004
   6.1450933224064084        1.1968399163870674E-004
   6.1513702308051892        8.1879104721304714E-005
   6.1576471392039700        3.6663921278868959E-005
   6.1639240476027508       -1.1866526699038517E-005
   6.1702009560015316       -5.9325751893676978E-005
   6.1764778644003124       -1.0143104963077822E-004
   6.1827547727990932       -1.3438805838570023E-004
   6.1890316811978741       -1.5523047450769341E-004
   6.1953085895966549       -1.6208489454050623E-004
   6.2015854979954357       -1.5433749966705144E-004
   6.2078624063942165       -1.3268803429605927E-004
   6.2141393147929973       -9.9086496929026783E-005
   6.2204162231917781       -5.6558290141910385E-005
   6.2266931315905589       -8.9333771951466386E-006
   6.2329700399893397        3.9496575648369768E-005
   6.2392469483881206        8.4362750678647867E-005
   6.2455238567869014        1.2161139551880969E-004
   6.2518007651856822        1.4786892033929382E-004
   6.2580776735844630        1.6074735739748578E-004
   6.2643545819832438        1.5906276913356724E-004
   6.2706314903820246        1.4294670919889110E-004
   6.2769083987808054        1.1384014152046915E-004
   6.2831853071795862        7.4369522115455680E-005
