   6.2769083987808056E-003  -6.0935377612587091E-002
   1.2553816797561611E-002  -5.8406529124604943E-002
   1.8830725196342418E-002  -4.6926306615399330E-002
   2.5107633595123222E-002  -2.8243471084472577E-002
   3.1384541993904030E-002  -5.2190151307240674E-003
   3.7661450392684835E-002   1.8608171512302391E-002
   4.3938358791465640E-002   3.9562855839908415E-002
   5.0215267190246445E-002   5.4399966685888951E-002
   5.6492175589027249E-002   6.0809007792780451E-002
   6.2769083987808061E-002   5.7777855100260553E-002
   6.9045992386588859E-002   4.5758148292182409E-002
   7.5322900785369670E-002   2.6604461888757012E-002
   8.1599809184150468E-002   3.2942000488470390E-003
   8.7876717582931280E-002  -2.0530591202248944E-002
   9.4153625981712077E-002  -4.1129893876932888E-002
  0.10043053438049289       -5.5253253357547237E-002
  0.10670744277927370       -6.0655970133730724E-002
  0.11298435117805450       -5.6461573720749468E-002
  0.11926125957683531       -4.3311225416567213E-002
  0.12553816797561612       -2.3273549591358342E-002
  0.13181507637439691        4.7391863611031550E-004
  0.13809198477317772        2.4143852843709384E-002
  0.14436889317195853        4.3941314741411157E-002
  0.15064580157073934        5.6673654408668200E-002
  0.15692270996952015        6.0269961282073785E-002
  0.16319961836830094        5.4124869867095311E-002
  0.16947652676708175        3.9208566475339782E-002
  0.17575343516586256        1.7921882387211648E-002
  0.18203034356464337       -6.2834179766057107E-003
  0.18830725196342415       -2.9460291795303236E-002
  0.19458416036220497       -4.7809295431390064E-002
  0.20086106876098578       -5.8304129282666872E-002
  0.20713797715976659       -5.9196420472153073E-002
  0.21341488555854740       -5.0314606414581915E-002
  0.21969179395732819       -3.3104586490790754E-002
  0.22596870235610900       -1.0401972008092756E-002
  0.23224561075488981        1.4029569658929493E-002
  0.23852251915367062        3.6119663928608964E-002
  0.24479942755245140        5.2170092005114174E-002
  0.25107633595123224        5.9477752326884972E-002
  0.25735324435001306        5.6796052566603597E-002
  0.26363015274879381        4.4554868976986017E-002
  0.26990706114757462        2.4799034987667088E-002
  0.27618396954635543        8.5263416439402705E-004
  0.28246087794513625       -2.3236790748455111E-002
  0.28873778634391706       -4.3381695842770192E-002
  0.29501469474269787       -5.6150220315209755E-002
  0.30129160314147868       -5.9355153600303918E-002
  0.30756851154025949       -5.2434194717532107E-002
  0.31384541993904030       -3.6554313490595118E-002
  0.32012232833782106       -1.4419903298426524E-002
  0.32639923673660187        1.0184604308528938E-002
  0.33267614513538268        3.3040741335807790E-002
  0.33895305353416350        5.0220316643915248E-002
  0.34522996193294431        5.8763221602366092E-002
  0.35150687033172512        5.7191025654758615E-002
  0.35778377873050593        4.5766394563881499E-002
  0.36406068712928674        2.6452050536350823E-002
  0.37033759552806755        2.5751047004119012E-003
  0.37661450392684831       -2.1745961251180116E-002
  0.38289141232562912       -4.2312732642379475E-002
  0.38916832072440993       -5.5573304018231552E-002
  0.39544522912319074       -5.9237378551559292E-002
  0.40172213752197156       -5.2672894454676274E-002
  0.40799904592075237       -3.7015086839606415E-002
  0.41427595431953318       -1.4969079837426923E-002
  0.42055286271831399        9.6593994403000524E-003
  0.42682977111709480        3.2623212576227807E-002
  0.43310667951587556        4.9968004557685186E-002
  0.43938358791465637        5.8713778405431724E-002
  0.44566049631343718        5.7365879356713376E-002
  0.45193740471221799        4.6167641371777278E-002
  0.45821431311099881        2.7052315056679873E-002
  0.46449122150977962        3.3043426256966065E-003
  0.47076812990856043       -2.1009672864255501E-002
  0.47704503830734124       -4.1740616520597539E-002
  0.48332194670612205       -5.5365799750262769E-002
  0.48959885510490281       -5.9585483132497639E-002
  0.49587576350368362       -5.3705961721887907E-002
  0.50215267190246449       -3.8746039059289805E-002
  0.50842958030124530       -1.7251904248486990E-002
  0.51470648870002611        7.1445550081706676E-003
  0.52098339709880681        3.0345788257187714E-002
  0.52726030549758762        4.8479708623565543E-002
  0.53353721389636843        5.8544443602883925E-002
  0.53981412229514925        5.8899201063178377E-002
  0.54609103069393006        4.9521704046104266E-002
  0.55236793909271087        3.1993446657616678E-002
  0.55864484749149168        9.2203328871658316E-003
  0.56492175589027249       -1.5059903298950598E-002
  0.57119866428905330       -3.6898024129387044E-002
  0.57747557268783412       -5.2776981502201517E-002
  0.58375248108661493       -6.0173516524000562E-002
  0.59002938948539574       -5.7948515013564024E-002
  0.59630629788417655       -4.6507354742424720E-002
  0.60258320628295736       -2.7710417865004888E-002
  0.60886011468173817       -4.5547263741245389E-003
  0.61513702308051899        1.9316425744547342E-002
  0.62141393147929980        4.0193535953240156E-002
  0.62769083987808061        5.4877033753933248E-002
  0.63396774827686131        6.1159868832625801E-002
  0.64024465667564212        5.8144858077336666E-002
  0.64652156507442293        4.6353484617924122E-002
  0.65279847347320374        2.7616681125554453E-002
  0.65907538187198456        4.7718570219987613E-003
  0.66535229027076537       -1.8781185802514613E-002
  0.67162919866954618       -3.9593847043495063E-002
  0.67790610706832699       -5.4673072786270628E-002
  0.68418301546710780       -6.1902737525439927E-002
  0.69045992386588861       -6.0324106376665035E-002
  0.69673683226466943       -5.0240866814853263E-002
  0.70301374066345024       -3.3141380985674117E-002
  0.70929064906223105       -1.1457434816154322E-002
  0.71556755746101186        1.1799012118665016E-002
  0.72184446585979267        3.3464654327436241E-002
  0.72812137425857348        5.0656880664781814E-002
  0.73439828265735430        6.1149909257849591E-002
  0.74067519105613511        6.3647147795552056E-002
  0.74695209945491581        5.7918962567383825E-002
  0.75322900785369662        4.4795068112616472E-002
  0.75950591625247743        2.6020752933630969E-002
  0.76578282465125824        4.0034106822865274E-003
  0.77205973305003905       -1.8511743104454473E-002
  0.77833664144881987       -3.8791554689633932E-002
  0.78461354984760068       -5.4445237254137385E-002
  0.79089045824638149       -6.3695732950796585E-002
  0.79716736664516230       -6.5563065748280178E-002
  0.80344427504394311       -5.9943651572251060E-002
  0.80972118344272392       -4.7583380090881457E-002
  0.81599809184150474       -2.9955129277731418E-002
  0.82227500024028555       -9.0617313933294454E-003
  0.82855190863906636        1.2807730086634730E-002
  0.83482881703784717        3.3337505104024646E-002
  0.84110572543662798        5.0430817004789644E-002
  0.84738263383540879        6.2416017540811802E-002
  0.85365954223418961        6.8194448747680339E-002
  0.85993645063297042        6.7319321824944003E-002
  0.86621335903175112        6.0003338651395961E-002
  0.87249026743053193        4.7060511252344644E-002
  0.87876717582931274        2.9793903796535865E-002
  0.88504408422809355        9.8453247222306858E-003
  0.89132099262687436       -1.0974880089817542E-002
  0.89759790102565518       -3.0859775356587134E-002
  0.90387480942443599       -4.8163218004296973E-002
  0.91015171782321680       -6.1529628401064740E-002
  0.91642862622199761       -6.9987239096054546E-002
  0.92270553462077842       -7.3000369063497342E-002
  0.92898244301955923       -7.0480566255439761E-002
  0.93525935141834005       -6.2760189292548091E-002
  0.94153625981712086       -5.0534880093009368E-002
  0.94781316821590167       -3.4783263075679811E-002
  0.95409007661468248       -1.6673066954703469E-002
  0.96036698501346329        2.5372191864047205E-003
  0.96664389341224410        2.1592915524157041E-002
  0.97292080181102492        3.9327159628147493E-002
  0.97919771020980562        5.4729374170564234E-002
  0.98547461860858643        6.6995159536536203E-002
  0.99175152700736724        7.5556463813033423E-002
  0.99802843540614805        8.0092559542293454E-002
   1.0043053438049290        8.0523717019835531E-002
   1.0105822522037098        7.6990449288141929E-002
   1.0168591606024906        6.9821799696856438E-002
   1.0231360690012714        5.9496370850153836E-002
   1.0294129774000522        4.6599703079953494E-002
   1.0356898857988328        3.1781267722770609E-002
   1.0419667941976136        1.5713819826336732E-002
   1.0482437025963944       -9.4276937413975692E-004
   1.0545206109951752       -1.7571740163861059E-002
   1.0607975193939561       -3.3622911951107871E-002
   1.0670744277927369       -4.8629146945259938E-002
   1.0733513361915177       -6.2216048769075126E-002
   1.0796282445902985       -7.4105506525063189E-002
   1.0859051529890793       -8.4113953935887775E-002
   1.0921820613878601       -9.2146364841594455E-002
   1.0984589697866409       -9.8187062267669517E-002
   1.1047358781854217      -0.10228839494130779     
   1.1110127865842025      -0.10455825107969546     
   1.1172896949829834      -0.10514725321173193     
   1.1235666033817642      -0.10423632718816679     
   1.1298435117805450      -0.10202517852132556     
   1.1361204201793258       -9.8722052117786688E-002
   1.1423973285781066       -9.4535006530232252E-002
   1.1486742369768874       -8.9664807358357787E-002
   1.1549511453756682       -8.4299439870558213E-002
   1.1612280537744490       -7.8610159620397635E-002
   1.1675049621732299       -7.2748941176588450E-002
   1.1737818705720107       -6.6847147289810185E-002
   1.1800587789707915       -6.1015221060446892E-002
   1.1863356873695723       -5.5343198883343256E-002
   1.1926125957683531       -4.9901848672020542E-002
   1.1988895041671339       -4.4744253094639627E-002
   1.2051664125659147       -3.9907678164290458E-002
   1.2114433209646955       -3.5415591333436823E-002
   1.2177202293634763       -3.1279717798492326E-002
   1.2239971377622572       -2.7502048064972435E-002
   1.2302740461610380       -2.4076732070554007E-002
   1.2365509545598188       -2.0991819477099626E-002
   1.2428278629585996       -1.8230826593759693E-002
   1.2491047713573804       -1.5774102313966632E-002
   1.2553816797561612       -1.3599983742834013E-002
   1.2616585881549420       -1.1685750783974481E-002
   1.2679354965537226       -1.0008395062951831E-002
   1.2742124049525034       -8.5452219383374637E-003
   1.2804893133512842       -7.2743058732554263E-003
   1.2867662217500651       -6.1748198503604520E-003
   1.2930431301488459       -5.2272588416251735E-003
   1.2993200385476267       -4.4135761228532040E-003
   1.3055969469464075       -3.7172494974780979E-003
   1.3118738553451883       -3.1232926106030696E-003
   1.3181507637439691       -2.6182245117883250E-003
   1.3244276721427499       -2.1900086782705073E-003
   1.3307045805415307       -1.8279708252549407E-003
   1.3369814889403115       -1.5227031326901723E-003
   1.3432583973390924       -1.2659609701681129E-003
   1.3495353057378732       -1.0505568731940462E-003
   1.3558122141366540       -8.7025536390412483E-004
   1.3620891225354348       -7.1967125418775002E-004
   1.3683660309342156       -5.9417326479036371E-004
   1.3746429393329964       -4.8979415947790050E-004
   1.3809198477317772       -4.0314807748629503E-004
   1.3871967561305580       -3.3135536113951329E-004
   1.3934736645293389       -2.7197487381116998E-004
   1.3997505729281197       -2.2294359412176974E-004
   1.4060274813269005       -1.8252311761868186E-004
   1.4123043897256813       -1.4925260053487205E-004
   1.4185812981244621       -1.2190762194152375E-004
   1.4248582065232429       -9.9464438547321486E-005
   1.4311351149220237       -8.1069087514086045E-005
   1.4374120233208045       -6.6010806044219407E-005
   1.4436889317195853       -5.3699262150934771E-005
   1.4499658401183662       -4.3645129691022929E-005
   1.4562427485171470       -3.5443577256053287E-005
   1.4625196569159278       -2.8760283983268747E-005
   1.4687965653147086       -2.3319633233743820E-005
   1.4750734737134894       -1.8894776553693083E-005
   1.4813503821122702       -1.5299294801179260E-005
   1.4876272905110510       -1.2380219596032784E-005
   1.4939041989098316       -1.0012207262399118E-005
   1.5001811073086124       -8.0926874809029616E-006
   1.5064580157073932       -6.5378320094499344E-006
   1.5127349241061741       -5.2792127978824236E-006
   1.5190118325049549       -4.2610365439005820E-006
   1.5252887409037357       -3.4378613399407175E-006
   1.5315656493025165       -2.7727141741007750E-006
   1.5378425577012973       -2.2355422095063899E-006
   1.5441194661000781       -1.8019401743367260E-006
   1.5503963744988589       -1.4521068226621674E-006
   1.5566732828976397       -1.1699899807564109E-006
   1.5629501912964205       -9.4258760247216317E-007
   1.5692270996952014       -7.5937666410400086E-007
   1.5755040080939822       -6.1184760631975135E-007
   1.5817809164927630       -4.9312486280168944E-007
   1.5880578248915438       -3.9765830753076522E-007
   1.5943347332903246       -3.2097229160494759E-007
   1.6006116416891054       -2.5946238646483961E-007
   1.6068885500878862       -2.1023068025691597E-007
   1.6131654584866670       -1.7095294520851613E-007
   1.6194423668854478       -1.3977142337359552E-007
   1.6257192752842287       -1.1520894397415792E-007
   1.6319961836830095       -9.6100162602507531E-008
   1.6382730920817903       -8.1537247087502891E-008
   1.6445500004805711       -7.0827191528688208E-008
   1.6508269088793519       -6.3459190786267902E-008
   1.6571038172781327       -5.9080223771959946E-008
   1.6633807256769135       -5.7478051813769884E-008
   1.6696576340756943       -5.8570485529281752E-008
   1.6759345424744752       -6.2400691314854278E-008
   1.6822114508732560       -6.9137933604771269E-008
   1.6884883592720368       -7.9083990844067973E-008
   1.6947652676708176       -9.2685098737794639E-008
   1.7010421760695984       -1.1055007936196667E-007
   1.7073190844683792       -1.3347495933126167E-007
   1.7135959928671600       -1.6247517142542837E-007
   1.7198729012659408       -1.9882612194688537E-007
   1.7261498096647214       -2.4411370628718618E-007
   1.7324267180635022       -3.0029612367671138E-007
   1.7387036264622830       -3.6977914667632923E-007
   1.7449805348610639       -4.5550685999528443E-007
   1.7512574432598447       -5.6107071956690814E-007
   1.7575343516586255       -6.9083971218672341E-007
   1.7638112600574063       -8.5011522373696480E-007
   1.7700881684561871       -1.0453142062718383E-006
   1.7763650768549679       -1.2841851145359700E-006
   1.7826419852537487       -1.5760610563577041E-006
   1.7889188936525295       -1.9321553507350145E-006
   1.7951958020513104       -2.3659045555993260E-006
   1.8014727104500912       -2.8933645488397818E-006
   1.8077496188488720       -3.5336648236209104E-006
   1.8140265272476528       -4.3095261856662926E-006
   1.8203034356464336       -5.2478460278985632E-006
   1.8265803440452144       -6.3803545276970148E-006
   1.8328572524439952       -7.7443430461023980E-006
   1.8391341608427760       -9.3834638084925768E-006
   1.8454110692415568       -1.1348596207232598E-005
   1.8516879776403377       -1.3698770798914413E-005
   1.8579648860391185       -1.6502135904756337E-005
   1.8642417944378993       -1.9836944573696588E-005
   1.8705187028366801       -2.3792530264471759E-005
   1.8767956112354609       -2.8470228781605667E-005
   1.8830725196342417       -3.3984190683782436E-005
   1.8893494280330225       -4.0462013410635869E-005
   1.8956263364318033       -4.8045105034318474E-005
   1.9019032448305841       -5.6888672731842572E-005
   1.9081801532293650       -6.7161208811119535E-005
   1.9144570616281458       -7.9043326263244986E-005
   1.9207339700269266       -9.2725776067617766E-005
   1.9270108784257074       -1.0840645942835656E-004
   1.9332877868244882       -1.2628625083713468E-004
   1.9395646952232690       -1.4656351044262892E-004
   1.9458416036220498       -1.6942713609890018E-004
   1.9521185120208304       -1.9504797335859669E-004
   1.9583954204196112       -2.2356846865563475E-004
   1.9646723288183920       -2.5509051784460858E-004
   1.9709492372171729       -2.8966154349051722E-004
   1.9772261456159537       -3.2725894280146177E-004
   1.9835030540147345       -3.6777318275068335E-004
   1.9897799624135153       -4.1098998137188057E-004
   1.9960568708122961       -4.5657220120873547E-004
   2.0023337792110771       -5.0404228872004441E-004
   2.0086106876098579       -5.5276631322925286E-004
   2.0148875960086388       -6.0194087986884122E-004
   2.0211645044074196       -6.5058439620244558E-004
   2.0274414128062004       -6.9753434256163431E-004
   2.0337183212049812       -7.4145230667287761E-004
   2.0399952296037620       -7.8083856738033115E-004
   2.0462721380025428       -8.1405792002469128E-004
   2.0525490464013236       -8.3937819875920755E-004
   2.0588259548001044       -8.5502254126668445E-004
   2.0651028631988853       -8.5923583885517355E-004
   2.0713797715976656       -8.5036500805242630E-004
   2.0776566799964464       -8.2695171239574789E-004
   2.0839335883952272       -7.8783497585835165E-004
   2.0902104967940081       -7.3225980695679302E-004
   2.0964874051927889       -6.5998656337784556E-004
   2.1027643135915697       -5.7139442790804225E-004
   2.1090412219903505       -4.6757115675661606E-004
   2.1153181303891313       -3.5038034817946867E-004
   2.1215950387879121       -2.2249703203631947E-004
   2.1278719471866929       -8.7402535535286867E-005
   2.1341488555854737        5.0669504531658618E-005
   2.1404257639842545        1.8684230972075856E-004
   2.1467026723830354        3.1576387968046643E-004
   2.1529795807818162        4.3183353263445619E-004
   2.1592564891805970        5.2948238323278921E-004
   2.1655333975793778        6.0349787771033566E-004
   2.1718103059781586        6.4937698857320876E-004
   2.1780872143769394        6.6368726838050938E-004
   2.1843641227757202        6.4441021006894530E-004
   2.1906410311745010        5.9123786012122066E-004
   2.1969179395732819        5.0579200080386275E-004
   2.2031948479720627        3.9173603278491856E-004
   2.2094717563708435        2.5475340619299800E-004
   2.2157486647696243        1.0237332259755879E-004
   2.2220255731684051       -5.6365555773767550E-005
   2.2283024815671859       -2.1140985950965558E-004
   2.2345793899659667       -3.5232636034636074E-004
   2.2408562983647475       -4.6904278372867373E-004
   2.2471332067635283       -5.5264522192038066E-004
   2.2534101151623092       -5.9616978178871809E-004
   2.2596870235610900       -5.9531712541179536E-004
   2.2659639319598708       -5.4901531666987774E-004
   2.2722408403586516       -4.5976025555943373E-004
   2.2785177487574324       -3.3367480122653326E-004
   2.2847946571562132       -1.8024751162593525E-004
   2.2910715655549940       -1.1739000882088724E-005
   2.2973484739537748        1.5772359692418239E-004
   2.3036253823525557        3.1330885044925902E-004
   2.3099022907513365        4.4081111224042354E-004
   2.3161791991501173        5.2803109418121099E-004
   2.3224561075488981        5.6607024714892340E-004
   2.3287330159476789        5.5039575336595758E-004
   2.3350099243464597        4.8154188013271480E-004
   2.3412868327452405        3.6533892815919272E-004
   2.3475637411440213        2.1260224583146453E-004
   2.3538406495428021        3.8267878866376625E-005
   2.3601175579415830       -1.3997655746203648E-004
   2.3663944663403638       -3.0345391228423912E-004
   2.3726713747391446       -4.3448375146236450E-004
   2.3789482831379254       -5.1838172994913764E-004
   2.3852251915367062       -5.4524007967089781E-004
   2.3915020999354870       -5.1126298229344890E-004
   2.3977790083342678       -4.1946532945942594E-004
   2.4040559167330486       -2.7960574618979424E-004
   2.4103328251318294       -1.0730955989752817E-004
   2.4166097335306103        7.7564225039171235E-005
   2.4228866419293911        2.5315766635925163E-004
   2.4291635503281719        3.9820727404208832E-004
   2.4354404587269527        4.9468877206804152E-004
   2.4417173671257335        5.3017737482928865E-004
   2.4479942755245143        4.9960197269022667E-004
   2.4542711839232951        4.0613053464605761E-004
   2.4605480923220759        2.6102323418331612E-004
   2.4668250007208568        8.2418967286351680E-005
   2.4731019091196376       -1.0683583760380882E-004
   2.4793788175184184       -2.8206978803153393E-004
   2.4856557259171992       -4.2002215157855920E-004
   2.4919326343159800       -5.0200452207173633E-004
   2.4982095427147608       -5.1654914398929894E-004
   2.5044864511135416       -4.6115409795377375E-004
   2.5107633595123224       -3.4284397618497076E-004
   2.5170402679111032       -1.7741982338821872E-004
   2.5233171763098841        1.2545961579813268E-005
   2.5295940847086644        2.0073069614094435E-004
   2.5358709931074452        3.6070175390017997E-004
   2.5421479015062260        4.6967257620072502E-004
   2.5484248099050069        5.1183340407329127E-004
   2.5547017183037877        4.8075724889813155E-004
   2.5609786267025685        3.8049962468687457E-004
   2.5672555351013493        2.2519090349921645E-004
   2.5735324435001301        3.7138237040401470E-005
   2.5798093518989109       -1.5632188818449962E-004
   2.5860862602976917       -3.2678342799446217E-004
   2.5923631686964725       -4.4896946532605462E-004
   2.5986400770952534       -5.0454307978440997E-004
   2.6049169854940342       -4.8494495765755228E-004
   2.6111938938928150       -3.9280521993227235E-004
   2.6174708022915958       -2.4168397785775405E-004
   2.6237477106903766       -5.4146329646118853E-005
   2.6300246190891574        1.4156516496297564E-004
   2.6363015274879382        3.1577435688243680E-004
   2.6425784358867190        4.4189282501847838E-004
   2.6488553442854998        5.0052387584886588E-004
   2.6551322526842807        4.8250666264459133E-004
   2.6614091610830615        3.9041221309330735E-004
   2.6676860694818423        2.3823746992440969E-004
   2.6739629778806231        4.9322144974306688E-005
   2.6802398862794039       -1.4720726010612493E-004
   2.6865167946781847       -3.2092607011925738E-004
   2.6927937030769655       -4.4483875795482149E-004
   2.6990706114757463       -4.9960528448804128E-004
   2.7053475198745272       -4.7659790269469904E-004
   2.7116244282733080       -3.7929810280258060E-004
   2.7179013366720888       -2.2280150979027405E-004
   2.7241782450708696       -3.1496155720241306E-005
   2.7304551534696504        1.6473062667351937E-004
   2.7367320618684312        3.3516590750582446E-004
   2.7430089702672120        4.5309161223370571E-004
   2.7492858786659928        4.9999086017375337E-004
   2.7555627870647736        4.6847340791445033E-004
   2.7618396954635545        3.6345415807703961E-004
   2.7681166038623353        2.0139441049448850E-004
   2.7743935122611161        7.7223465826949909E-006
   2.7806704206598969       -1.8716185834957681E-004
   2.7869473290586777       -3.5266613102668724E-004
   2.7932242374574585       -4.6281697304356305E-004
   2.7995011458562393       -5.0034082341405748E-004
   2.8057780542550201       -4.5937281104891563E-004
   2.8120549626538009       -3.4636735215579973E-004
   2.8183318710525818       -1.7907020468045811E-004
   2.8246087794513626        1.6281828332145919E-005
   2.8308856878501434        2.0908833106705638E-004
   2.8371625962489242        3.6918713982655207E-004
   2.8434395046477050        4.7157444271673924E-004
   2.8497164130464858        5.0030314622271830E-004
   2.8559933214452666        4.5095212467577010E-004
   2.8622702298440474        3.3128617015801645E-004
   2.8685471382428283        1.6001180608867310E-004
   2.8748240466416091       -3.6167665155954189E-005
   2.8811009550403899       -2.2673029238320840E-004
   2.8873778634391707       -3.8208999626000386E-004
   2.8936547718379515       -4.7818535499389241E-004
   2.8999316802367323       -5.0019134959124244E-004
   2.9062085886355131       -4.4478379549017625E-004
   2.9124854970342939       -3.2061441984385016E-004
   2.9187624054330747       -1.4693371449445335E-004
   2.9250393138318556        4.9414895434567258E-005
   2.9313162222306364        2.3815665004006629E-004
   2.9375931306294172        3.9025556321662882E-004
   2.9438700390281980        4.8237246777915841E-004
   2.9501469474269788        5.0042828560003627E-004
   2.9564238558257596        4.4173186130671373E-004
   2.9627007642245404        3.1535512092914942E-004
   2.9689776726233212        1.4070818639374887E-004
   2.9752545810221021       -5.5458161583476352E-005
   2.9815314894208829       -2.4315741863654151E-004
   2.9878083978196632       -3.9374922101997423E-004
   2.9940853062184440       -4.8429927924635151E-004
   3.0003622146172249       -5.0105619829997404E-004
   3.0066391230160057       -4.4152141631646085E-004
   3.0129160314147865       -3.1480418261575495E-004
   3.0191929398135673       -1.4021435916240988E-004
   3.0254698482123481        5.5687683894863995E-005
   3.0317467566111289        2.4313277466832720E-004
   3.0380236650099097        3.9366197716914460E-004
   3.0443005734086905        4.8443883875270408E-004
   3.0505774818074713        5.0170397798873008E-004
   3.0568543902062522        4.4285204651192618E-004
   3.0631312986050330        3.1681966935059684E-004
   3.0694082070038138        1.4272774903838285E-004
   3.0756851154025946       -5.3015707438302112E-005
   3.0819620238013754       -2.4071459345852681E-004
   3.0882389322001562       -3.9188222775614394E-004
   3.0945158405989370       -4.8355892577894757E-004
   3.1007927489977178       -5.0179769762881779E-004
   3.1070696573964987       -4.4379051214906844E-004
   3.1133465657952795       -3.1831128769146982E-004
   3.1196234741940603       -1.4440457771237091E-004
   3.1259003825928411        5.1486824993670778E-005
   3.1321772909916219        2.3952591661563326E-004
   3.1384541993904027        3.9101496427568222E-004
   3.1447311077891835        4.8277324541542472E-004
   3.1510080161879643        5.0069353793121495E-004
   3.1572849245867451        4.4193213876374292E-004
   3.1635618329855260        3.1539059704639152E-004
   3.1698387413843068        1.4040347524234015E-004
   3.1761156497830876       -5.6181286341451116E-005
   3.1823925581818684       -2.4409550978002462E-004
   3.1886694665806492       -3.9429935572607672E-004
   3.1949463749794300       -4.8347515002638224E-004
   3.2012232833782108       -4.9767175272413930E-004
   3.2075001917769916       -4.3452725455283420E-004
   3.2137771001757724       -3.0371034889638466E-004
   3.2200540085745533       -1.2549222348679141E-004
   3.2263309169733341        7.2349631422296252E-005
   3.2326078253721149        2.5883127555178219E-004
   3.2388847337708957        4.0460638451929028E-004
   3.2451616421696765        4.8659991358145646E-004
   3.2514385505684573        4.9169842613774114E-004
   3.2577154589672381        4.1890175675810351E-004
   3.2639923673660189        2.7957497875642133E-004
   3.2702692757647998        9.5735644705722853E-005
   3.2765461841635806       -1.0337672660237840E-004
   3.2828230925623614       -2.8592335231434273E-004
   3.2891000009611422       -4.2255570240203711E-004
   3.2953769093599230       -4.9115933597272947E-004
   3.3016538177587038       -4.8048177396761764E-004
   3.3079307261574846       -3.9204183265341148E-004
   3.3142076345562654       -2.3998672812292009E-004
   3.3204845429550462       -4.8891868189669472E-005
   3.3267614513538271        1.5016575927050038E-004
   3.3330383597526079        3.2464126242518632E-004
   3.3393152681513887        4.4585095653350623E-004
   3.3455921765501695        4.9372307603447836E-004
   3.3518690849489503        4.6017743099569826E-004
   3.3581459933477311        3.5055571186528965E-004
   3.3644229017465119        1.8283895330240037E-004
   3.3706998101452927       -1.5246495119483257E-005
   3.3769767185440736       -2.1077839114637051E-004
   3.3832536269428544       -3.7110257680270130E-004
   3.3895305353416352       -4.6930552076878687E-004
   3.3958074437404160       -4.8877435951805821E-004
   3.4020843521391968       -4.2606403839001597E-004
   3.4083612605379776       -2.9156678046631516E-004
   3.4146381689367584       -1.0784532500094831E-004
   3.4209150773355392        9.4112744755965458E-005
   3.4271919857343200        2.8010408694257026E-004
   3.4334688941331009        4.1850842009118780E-004
   3.4397458025318817        4.8569149160290428E-004
   3.4460227109306620        4.7008282505282644E-004
   3.4522996193294428        3.7421624603516264E-004
   3.4585765277282237        2.1436454869846878E-004
   3.4648534361270045        1.7811233471897071E-005
   3.4711303445257853       -1.8178867945233112E-004
   3.4774072529245661       -3.5017158510430391E-004
   3.4836841613233469       -4.5836306341989964E-004
   3.4899610697221277       -4.8769019104628869E-004
   3.4962379781209085       -4.3303450764927494E-004
   3.5025148865196893       -3.0375208676634217E-004
   3.5087917949184702       -1.2209013043045779E-004
   3.5150687033172510        8.0634723948551999E-005
   3.5213456117160318        2.6943933502792126E-004
   3.5276225201148126        4.1172282953352152E-004
   3.5338994285135934        4.8291035777719971E-004
   3.5401763369123742        4.7070942248287457E-004
   3.5464532453111550        3.7723726351266117E-004
   3.5527301537099358        2.1864902266554805E-004
   3.5590070621087166        2.2332721173675291E-005
   3.5652839705074975       -1.7783841946727191E-004
   3.5715608789062783       -3.4736785537302687E-004
   3.5778377873050591       -4.5709130268286382E-004
   3.5841146957038399       -4.8819271995923760E-004
   3.5903916041026207       -4.3541530157351896E-004
   3.5966685125014015       -3.0792027751644146E-004
   3.6029454209001823       -1.2765796448296896E-004
   3.6092223292989631        7.4452237981113953E-005
   3.6154992376977440        2.6385921500772747E-004
   3.6217761460965248        4.0830478956658324E-004
   3.6280530544953056        4.8331322154602716E-004
   3.6343299628940864        4.7630885575212953E-004
   3.6406068712928672        3.8867175053587270E-004
   3.6468837796916480        2.3540326998055042E-004
   3.6531606880904288        4.2486817828408605E-005
   3.6594375964892096       -1.5757915804053211E-004
   3.6657145048879904       -3.3129522907612564E-004
   3.6719914132867713       -4.4977677582447827E-004
   3.6782683216855521       -4.9352559974659871E-004
   3.6845452300843329       -4.5557136448095653E-004
   3.6908221384831137       -3.4248643983462047E-004
   3.6970990468818945       -1.7314429238275331E-004
   3.7033759552806753        2.4529445902919404E-005
   3.7096528636794561        2.1823680953659668E-004
   3.7159297720782369        3.7661956325644937E-004
   3.7222066804770177        4.7432143141481326E-004
   3.7284835888757986        4.9598310098321818E-004
   3.7347604972745794        4.3854945312643469E-004
   3.7410374056733602        3.1156020838101861E-004
   3.7473143140721410        1.3543030586947138E-004
   3.7535912224709218       -6.1951553212909527E-005
   3.7598681308697026       -2.4972045727837737E-004
   3.7661450392684834       -3.9888947802024002E-004
   3.7724219476672642       -4.8679104721949533E-004
   3.7786988560660451       -5.0042888966715356E-004
   3.7849757644648259       -4.3825900034651723E-004
   3.7912526728636067       -3.1017976131312452E-004
   3.7975295812623875       -1.3579501280069138E-004
   3.8038064896611683        5.8725626540499256E-005
   3.8100833980599491        2.4466671142642547E-004
   3.8163603064587299        3.9503582640890069E-004
   3.8226372148575107        4.8844189630860020E-004
   3.8289141232562915        5.1203150174378479E-004
   3.8351910316550724        4.6309676957850896E-004
   3.8414679400538532        3.4918099061601119E-004
   3.8477448484526340        1.8673371171014336E-004
   3.8540217568514148       -1.4283795002123492E-006
   3.8602986652501956       -1.8944325105290887E-004
   3.8665755736489764       -3.5200962429338329E-004
   3.8728524820477572       -4.6776848020538172E-004
   3.8791293904465380       -5.2201252895889608E-004
   3.8854062988453189       -5.0839530570729306E-004
   3.8916832072440997       -4.2946721161646301E-004
   3.8979601156428805       -2.9603354798964077E-004
   3.9042370240416608       -1.2548541848694569E-004
   3.9105139324404417        6.0621834137980918E-005
   3.9167908408392225        2.3939008188466075E-004
   3.9230677492380033        3.8942144230836543E-004
   3.9293446576367841        4.9332965197870185E-004
   3.9356215660355649        5.3963446208766174E-004
   3.9418984744343457        5.2385166964481799E-004
   3.9481753828331265        4.4870396397979828E-004
   3.9544522912319073        3.2348933591188820E-004
   3.9607291996306881        1.6274057283133920E-004
   3.9670061080294690       -1.5619036447170061E-005
   3.9732830164282498       -1.9237828839108195E-004
   3.9795599248270306       -3.4914577899446283E-004
   3.9858368332258114       -4.7023192988194406E-004
   3.9921137416245922       -5.4412087001906280E-004
   3.9983906500233730       -5.6440995066353345E-004
   4.0046675584221543       -5.3016378563552457E-004
   4.0109444668209351       -4.4569705623061603E-004
   4.0172213752197159       -3.1985858238306361E-004
   4.0234982836184967       -1.6493303141309701E-004
   4.0297751920172775        4.6968545065895415E-006
   4.0360521004160583        1.7397605387780131E-004
   4.0423290088148391        3.2854756012962784E-004
   4.0486059172136200        4.5594523612330908E-004
   4.0548828256124008        5.4651828317626278E-004
   4.0611597340111816        5.9403226936954770E-004
   4.0674366424099624        5.9592815156173096E-004
   4.0737135508087432        5.5325408786154712E-004
   4.0799904592075240        4.7031225083781874E-004
   4.0862673676063048        3.5408254377133588E-004
   4.0925442760050856        2.1349638156390220E-004
   4.0988211844038664        5.8636763768421045E-005
   4.1050980928026473       -1.0006325888992013E-004
   4.1113750012014281       -2.5256141446023810E-004
   4.1176519096002089       -3.8983767682467473E-004
   4.1239288179989897       -5.0438336517430904E-004
   4.1302057263977705       -5.9053081499734058E-004
   4.1364826347965504       -6.4462135758844015E-004
   4.1427595431953312       -6.6502192605895675E-004
   4.1490364515941121       -6.5201029356373697E-004
   4.1553133599928929       -6.0755544928035702E-004
   4.1615902683916737       -5.3502296807336205E-004
   4.1678671767904545       -4.3883573323724885E-004
   4.1741440851892353       -3.2411851377261888E-004
   4.1804209935880161       -1.9635126708401277E-004
   4.1866979019867969       -6.1051253336493529E-005
   4.1929748103855777        7.6501302091840317E-005
   4.1992517187843585        2.1148466183588407E-004
   4.2055286271831394        3.3969984993761080E-004
   4.2118055355819202        4.5767783404365535E-004
   4.2180824439807010        5.6273322774850879E-004
   4.2243593523794818        6.5297071730623926E-004
   4.2306362607782626        7.2725209822019766E-004
   4.2369131691770434        7.8513264631544205E-004
   4.2431900775758242        8.2677566351621026E-004
   4.2494669859746050        8.5285357729994969E-004
   4.2557438943733858        8.6444308937755798E-004
   4.2620208027721667        8.6292071400978238E-004
   4.2682977111709475        8.4986375408389208E-004
   4.2745746195697283        8.2696044742432953E-004
   4.2808515279685091        7.9593176521216581E-004
   4.2871284363672899        7.5846622271591609E-004
   4.2934053447660707        7.1616810943684673E-004
   4.2996822531648515        6.7051878089667571E-004
   4.3059591615636323        6.2285007973988536E-004
   4.3122360699624132        5.7432855950575730E-004
   4.3185129783611940        5.2594895067279281E-004
   4.3247898867599748        4.7853521103318755E-004
   4.3310667951587556        4.3274751376383083E-004
   4.3373437035575364        3.8909362010133364E-004
   4.3436206119563172        3.4794323372522654E-004
   4.3498975203550980        3.0954411907299677E-004
   4.3561744287538788        2.7403896657702951E-004
   4.3624513371526596        2.4148219058742586E-004
   4.3687282455514405        2.1185603689601260E-004
   4.3750051539502213        1.8508556382582967E-004
   4.3812820623490021        1.6105227068851090E-004
   4.3875589707477829        1.3960618995820877E-004
   4.3938358791465637        1.2057625864466156E-004
   4.4001127875453445        1.0377898640431696E-004
   4.4063896959441253        8.9025528966927628E-005
   4.4126666043429061        7.6127308201918398E-005
   4.4189435127416870        6.4900341336468481E-005
   4.4252204211404678        5.5168448740617335E-005
   4.4314973295392486        4.6765508646984778E-005
   4.4377742379380294        3.9536918933721227E-005
   4.4440511463368102        3.3340413824489076E-005
   4.4503280547355910        2.8046368341652144E-005
   4.4566049631343718        2.3537707102665769E-005
   4.4628818715331526        1.9709517692005333E-005
   4.4691587799319334        1.6468452931800188E-005
   4.4754356883307143        1.3731991692842710E-005
   4.4817125967294951        1.1427614399513583E-005
   4.4879895051282759        9.4919376803921127E-006
   4.4942664135270567        7.8698422365976596E-006
   4.5005433219258375        6.5136194576224544E-006
   4.5068202303246183        5.3821549379775449E-006
   4.5130971387233991        4.4401613119029196E-006
   4.5193740471221799        3.6574679299738627E-006
   4.5256509555209607        3.0083714053625672E-006
   4.5319278639197416        2.4710480345619146E-006
   4.5382047723185224        2.0270272320042376E-006
   4.5444816807173032        1.6607234133776667E-006
   4.5507585891160840        1.3590229738363407E-006
   4.5570354975148648        1.1109221149271927E-006
   4.5633124059136456        9.0721132917524538E-007
   4.5695893143124264        7.4020201307487085E-007
   4.5758662227112072        6.0349089627468107E-007
   4.5821431311099881        4.9175789388053091E-007
   4.5884200395087689        4.0059353376636859E-007
   4.5946969479075497        3.2635214791475902E-007
   4.6009738563063305        2.6602764507318088E-007
   4.6072507647051113        2.1714871878342476E-007
   4.6135276731038921        1.7769100351535807E-007
   4.6198045815026729        1.4600368698241966E-007
   4.6260814899014537        1.2074873011407744E-007
   4.6323583983002345        1.0085078742782089E-007
   4.6386353066990154        8.5456541642902968E-008
   4.6449122150977962        7.3902048851201948E-008
   4.6511891234965770        6.5687297560970628E-008
   4.6574660318953578        6.0457007877287822E-008
   4.6637429402941386        5.7987306263528937E-008
   4.6700198486929194        5.8177697724685403E-008
   4.6762967570917002        6.1048369588257599E-008
   4.6825736654904810        6.6742643185001677E-008
   4.6888505738892619        7.5535031642450351E-008
   4.6951274822880427        8.7845147097508746E-008
   4.7014043906868235        1.0425843110373415E-007
   4.7076812990856043        1.2555448336335248E-007
   4.7139582074843851        1.5274463123800275E-007
   4.7202351158831659        1.8712026865718048E-007
   4.7265120242819467        2.3031452105569947E-007
   4.7327889326807275        2.8437976391905144E-007
   4.7390658410795083        3.5188486413424177E-007
   4.7453427494782892        4.3603630063469148E-007
   4.7516196578770700        5.4082899052910114E-007
   4.7578965662758508        6.7123327275843544E-007
   4.7641734746746316        8.3342674818524936E-007
   4.7704503830734124        1.0350808577886675E-006
   4.7767272914721932        1.2857151327683195E-006
   4.7830041998709740        1.5971340612463796E-006
   4.7892811082697548        1.9839656986589360E-006
   4.7955580166685357        2.4643243783844970E-006
   4.8018349250673165        3.0606256315190164E-006
   4.8081118334660973        3.8005863989874741E-006
   4.8143887418648781        4.7184515656638580E-006
   4.8206656502636589        5.8564952222265512E-006
   4.8269425586624397        7.2668560141686906E-006
   4.8332194670612205        9.0137765838036431E-006
   4.8394963754600013        1.1176332066131680E-005
   4.8457732838587821        1.3851747581221493E-005
   4.8520501922575630        1.7159424796589455E-005
   4.8583271006563438        2.1245818143074404E-005
   4.8646040090551246        2.6290327855209107E-005
   4.8708809174539054        3.2512404249230515E-005
   4.8771578258526862        4.0180091812640957E-005
   4.8834347342514670        4.9620276591571928E-005
   4.8897116426502478        6.1230942698899880E-005
   4.8959885510490286        7.5495786335657810E-005
   4.9022654594478094        9.3001583482222336E-005
   4.9085423678465903        1.1445875029204553E-004
   4.9148192762453711        1.4072559248641628E-004
   4.9210961846441519        1.7283678774868269E-004
   4.9273730930429327        2.1203669172949299E-004
   4.9336500014417135        2.5981809270696720E-004
   4.9399269098404943        3.1796706799233366E-004
   4.9462038182392751        3.8861459721800266E-004
   4.9524807266380559        4.7429556962221237E-004
   4.9587576350368368        5.7801575871270798E-004
   4.9650345434356176        7.0332723283193495E-004
   4.9713114518343984        8.5441249058844566E-004
   4.9775883602331792        1.0361773593478420E-003
   4.9838652686319600        1.2543523298473699E-003
   4.9901421770307408        1.5156015243817217E-003
   4.9964190854295216        1.8276378562975175E-003
   5.0026959938283024        2.1993421430243588E-003
   5.0089729022270832        2.6408829199796942E-003
   5.0152498106258641        3.1638324899263626E-003
   5.0215267190246449        3.7812732607033594E-003
   5.0278036274234257        4.5078867252195251E-003
   5.0340805358222065        5.3600154471096255E-003
   5.0403574442209873        6.3556862449978407E-003
   5.0466343526197681        7.5145803434084084E-003
   5.0529112610185480        8.8579338033734738E-003
   5.0591881694173289        1.0408348973723534E-002
   5.0654650778161097        1.2189495434602717E-002
   5.0717419862148905        1.4225677162265872E-002
   5.0780188946136713        1.6541246632719258E-002
   5.0842958030124521        1.9159852352469180E-002
   5.0905727114112329        2.2103496980676492E-002
   5.0968496198100137        2.5391387889509707E-002
   5.1031265282087945        2.9038570305444697E-002
   5.1094034366075753        3.3054341698901833E-002
   5.1156803450063562        3.7440457720061451E-002
   5.1219572534051370        4.2189154656386570E-002
   5.1282341618039178        4.7281031509415442E-002
   5.1345110702026986        5.2682856030344657E-002
   5.1407879786014794        5.8345383169315403E-002
   5.1470648870002602        6.4201300500825079E-002
   5.1533417953990410        7.0163442190455838E-002
   5.1596187037978218        7.6123439216820035E-002
   5.1658956121966026        8.1950996734023354E-002
   5.1721725205953835        8.7494006910222660E-002
   5.1784494289941643        9.2579714211454084E-002
   5.1847263373929451        9.7017146410615152E-002
   5.1910032457917259       0.10060100502151927     
   5.1972801541905067       0.10311716990309243     
   5.2035570625892875       0.10434991152775128     
   5.2098339709880683       0.10409081884043751     
   5.2161108793868491       0.10214934022292142     
   5.2223877877856300        9.8364701232990445E-002
   5.2286646961844108        9.2618809445598305E-002
   5.2349416045831916        8.4849590701035704E-002
   5.2412185129819724        7.5064032422012289E-002
   5.2474954213807532        6.3350051570575064E-002
   5.2537723297795340        4.9886173345158324E-002
   5.2600492381783148        3.4947921632640426E-002
   5.2663261465770956        1.8909802393203636E-002
   5.2726030549758764        2.2418236940855954E-003
   5.2788799633746573       -1.4500340167952394E-002
   5.2851568717734381       -3.0692156561515076E-002
   5.2914337801722189       -4.5664237436105801E-002
   5.2977106885709997       -5.8733256391204545E-002
   5.3039875969697805       -6.9238902651328288E-002
   5.3102645053685613       -7.6585337868553746E-002
   5.3165414137673421       -8.0284950672203412E-002
   5.3228183221661229       -8.0001578112762373E-002
   5.3290952305649038       -7.5589852223055795E-002
   5.3353721389636846       -6.7127008865080856E-002
   5.3416490473624654       -5.4933438455309160E-002
   5.3479259557612462       -3.9578527891572242E-002
   5.3542028641600270       -2.1868984537651227E-002
   5.3604797725588078       -2.8178620223635411E-003
   5.3667566809575886        1.6406098286845739E-002
   5.3730335893563694        3.4547503155469714E-002
   5.3793104977551502        5.0348534608818843E-002
   5.3855874061539311        6.2643274498702287E-002
   5.3918643145527119        7.0455290013640426E-002
   5.3981412229514927        7.3090280964333218E-002
   5.4044181313502735        7.0214823029273371E-002
   5.4106950397490543        6.1912261420544672E-002
   5.4169719481478351        4.8707755496572608E-002
   5.4232488565466159        3.1556403149682374E-002
   5.4295257649453967        1.1791241090148587E-002
   5.4358026733441775       -8.9684225632745990E-003
   5.4420795817429584       -2.8943753809020822E-002
   5.4483564901417392       -4.6349418953749860E-002
   5.4546333985405200       -5.9560253396864229E-002
   5.4609103069393008       -6.7275966446094418E-002
   5.4671872153380816       -6.8666657441415022E-002
   5.4734641237368624       -6.3482037071642142E-002
   5.4797410321356432       -5.2109336261795411E-002
   5.4860179405344240       -3.5568967006261235E-002
   5.4922948489332049       -1.5442852472782776E-002
   5.4985717573319857        6.2625113204145596E-003
   5.5048486657307665        2.7308474788592801E-002
   5.5111255741295473        4.5454928067888326E-002
   5.5174024825283281        5.8705914691294270E-002
   5.5236793909271089        6.5542868496182377E-002
   5.5299562993258897        6.5117198005136906E-002
   5.5362332077246705        5.7376395090312358E-002
   5.5425101161234513        4.3103794607488859E-002
   5.5487870245222322        2.3861163101071826E-002
   5.5550639329210130        1.8345848831502435E-003
   5.5613408413197938       -2.0403624394060845E-002
   5.5676177497185746       -4.0192556411342263E-002
   5.5738946581173554       -5.5105994815331537E-002
   5.5801715665161362       -6.3261657641854277E-002
   5.5864484749149170       -6.3575766565672515E-002
   5.5927253833136978       -5.5926776271363936E-002
   5.5990022917124787       -4.1201818491305088E-002
   5.6052792001112595       -2.1213488613696031E-002
   5.6115561085100403        1.5085595554254327E-003
   5.6178330169088211        2.4029387187839001E-002
   5.6241099253076019        4.3386640077177303E-002
   5.6303868337063827        5.6986020432510151E-002
   5.6366637421051635        6.2960794116736357E-002
   5.6429406505039443        6.0444006269854481E-002
   5.6492175589027251        4.9711796670516985E-002
   5.6554944673015060        3.2172470383257962E-002
   5.6617713757002868        1.0196812965817386E-002
   5.6680482840990676       -1.3192254422220256E-002
   5.6743251924978484       -3.4731455761652617E-002
   5.6806021008966292       -5.1374735342050795E-002
   5.6868790092954100       -6.0731999701072667E-002
   5.6931559176941908       -6.1424592087531787E-002
   5.6994328260929716       -5.3302882206421827E-002
   5.7057097344917524       -3.7489783845723712E-002
   5.7119866428905333       -1.6238661263328298E-002
   5.7182635512893141        7.3785300036009723E-003
   5.7245404596880949        2.9910982558994405E-002
   5.7308173680868757        4.8034145566548427E-002
   5.7370942764856565        5.9045889386374867E-002
   5.7433711848844373        6.1278614517353079E-002
   5.7496480932832181        5.4362936173358918E-002
   5.7559250016819989        3.9299602495207142E-002
   5.7622019100807798        1.8324679391890444E-002
   5.7684788184795606       -5.4154520212930943E-003
   5.7747557268783414       -2.8332946405752697E-002
   5.7810326352771222       -4.6941524360657731E-002
   5.7873095436759030       -5.8391038437491993E-002
   5.7935864520746838       -6.0910670674918330E-002
   5.7998633604734646       -5.4090625309748411E-002
   5.8061402688722454       -3.8956248015222898E-002
   5.8124171772710262       -1.7820294346922210E-002
   5.8186940856698071        6.0663193810841960E-003
   5.8249709940685879        2.9012982385647482E-002
   5.8312479024673687        4.7460596502649714E-002
   5.8375248108661495        5.8536652734890483E-002
   5.8438017192649303        6.0506853977556230E-002
   5.8500786276637111        5.3051401635504203E-002
   5.8563555360624919        3.7321107856229982E-002
   5.8626324444612727        1.5762950468218569E-002
   5.8689093528600536       -8.2588834761838960E-003
   5.8751862612588344       -3.0987833737151964E-002
   5.8814631696576152       -4.8863561542286674E-002
   5.8877400780563960       -5.9081622632538099E-002
   5.8940169864551768       -6.0035686859093391E-002
   5.9002938948539576       -5.1572047890355410E-002
   5.9065708032527384       -3.5015709323755674E-002
   5.9128477116515192       -1.2963457338370206E-002
   5.9191246200503000        1.1123726492806796E-002
   5.9254015284490809        3.3464702426243151E-002
   5.9316784368478617        5.0552779657189996E-002
   5.9379553452466425        5.9706994040113766E-002
   5.9442322536454233        5.9493063889959237E-002
   5.9505091620442041        4.9947741796670019E-002
   5.9567860704429849        3.2571478356435063E-002
   5.9630629788417657        1.0091017246517760E-002
   5.9693398872405457       -1.3970151349372188E-002
   5.9756167956393265       -3.5845391418696707E-002
   5.9818937040381073       -5.2115214835107046E-002
   5.9881706124368881       -6.0241508538315773E-002
   5.9944475208356689       -5.8962174989168108E-002
   6.0007244292344497       -4.8484983616545685E-002
   6.0070013376332305       -3.0451215155224951E-002
   6.0132782460320113       -7.6758605082999356E-003
   6.0195551544307921        1.6294001959793372E-002
   6.0258320628295730        3.7732929380161720E-002
   6.0321089712283538        5.3316213242279836E-002
   6.0383858796271346        6.0634268144712601E-002
   6.0446627880259154        5.8562894002789988E-002
   6.0509396964246962        4.7432897270512385E-002
   6.0572166048234770        2.8974014037911319E-002
   6.0634935132222578        6.0431325192436694E-003
   6.0697704216210386       -1.7819988126571606E-002
   6.0760473300198194       -3.8940059342428668E-002
   6.0823242384186003       -5.4071891464030117E-002
   6.0886011468173811       -6.0897356808601914E-002
   6.0948780552161619       -5.8377901431593021E-002
   6.1011549636149427       -4.6909478701425249E-002
   6.1074318720137235       -2.8257350152387183E-002
   6.1137087804125043       -5.2819440275318329E-003
   6.1199856888112851        1.8501283538682509E-002
   6.1262625972100659        3.9460078362806392E-002
   6.1325395056088468        5.4399350314791331E-002
   6.1388164140076276        6.1046619029095438E-002
   6.1450933224064084        5.8395550495843822E-002
   6.1513702308051892        4.6856075085340274E-002
   6.1576471392039700        2.8189102192887127E-002
   6.1639240476027508        5.2365123133258275E-003
   6.1702009560015316       -1.8512017548847338E-002
   6.1764778644003124       -3.9449339680314978E-002
   6.1827547727990932       -5.4397884892068475E-002
   6.1890316811978741       -6.1090748453222973E-002
   6.1953085895966549       -5.8514299541498886E-002
   6.2015854979954357       -4.7060830583417826E-002
   6.2078624063942165       -2.8468461954587257E-002
   6.2141393147929973       -5.5575711490754636E-003
   6.2204162231917781        1.8196375140968477E-002
   6.2266931315905589        3.9189112868834163E-002
   6.2329700399893397        5.4233609423583413E-002
   6.2392469483881206        6.1043431795584163E-002
   6.2455238567869014        5.8580401115928556E-002
   6.2518007651856822        4.7213796229936773E-002
   6.2580776735844630        2.8666639477718154E-002
   6.2643545819832438        5.7566185412108771E-003
   6.2706314903820246       -1.8029805613153975E-002
   6.2769083987808054       -3.9066223339305255E-002
   6.2831853071795862       -5.4138305705928674E-002
