   6.2769083987808056E-003   7.4324631701631240E-014
   1.2553816797561611E-002  -7.4619011463104224E-014
   1.8830725196342418E-002   7.6093869591587604E-014
   2.5107633595123222E-002  -7.5967543686398398E-014
   3.1384541993904030E-002   7.7460214881764301E-014
   3.7661450392684835E-002  -7.7536298447005988E-014
   4.3938358791465640E-002   7.8336108610926983E-014
   5.0215267190246445E-002  -7.9976513214283823E-014
   5.6492175589027249E-002   7.9074187867224159E-014
   6.2769083987808061E-002  -8.1411305660656432E-014
   6.9045992386588859E-002   8.1392222600893664E-014
   7.5322900785369670E-002  -8.1985538392140113E-014
   8.1599809184150468E-002   8.4086578581414174E-014
   8.7876717582931280E-002  -8.3164965613068647E-014
   9.4153625981712077E-002   8.5733431252954243E-014
  0.10043053438049289       -8.5376272804139841E-014
  0.10670744277927370        8.6399565832355072E-014
  0.11298435117805450       -8.7889496089341900E-014
  0.11926125957683531        8.8009341842404714E-014
  0.12553816797561612       -8.9026479459553921E-014
  0.13181507637439691        8.9836637377141138E-014
  0.13809198477317772       -9.1310736126209930E-014
  0.14436889317195853        9.1039967577279331E-014
  0.15064580157073934       -9.3188449909811924E-014
  0.15692270996952015        9.3494187700797571E-014
  0.16319961836830094       -9.4852883998349204E-014
  0.16947652676708175        9.5670539109309573E-014
  0.17575343516586256       -9.5871423708037109E-014
  0.18203034356464337        9.8484329254171801E-014
  0.18830725196342415       -9.7930031149526028E-014
  0.19458416036220497        9.9509362176586979E-014
  0.20086106876098578       -1.0111131549198429E-013
  0.20713797715976659        1.0097680174430392E-013
  0.21341488555854740       -1.0277129573256808E-013
  0.21969179395732819        1.0397469614986527E-013
  0.22596870235610900       -1.0443239112398685E-013
  0.23224561075488981        1.0655754100457764E-013
  0.23852251915367062       -1.0633065447451580E-013
  0.24479942755245140        1.0831635833093217E-013
  0.25107633595123224       -1.0938928228084567E-013
  0.25735324435001306        1.1004929606414332E-013
  0.26363015274879381       -1.1168658201243823E-013
  0.26990706114757462        1.1294023130518525E-013
  0.27618396954635543       -1.1376673031747022E-013
  0.28246087794513625        1.1545623310814050E-013
  0.28873778634391706       -1.1637010705038330E-013
  0.29501469474269787        1.1834269297695086E-013
  0.30129160314147868       -1.1877573874215236E-013
  0.30756851154025949        1.2033932448912765E-013
  0.31384541993904030       -1.2225509490887468E-013
  0.32012232833782106        1.2228598711374026E-013
  0.32639923673660187       -1.2473276651435305E-013
  0.33267614513538268        1.2618064445905359E-013
  0.33895305353416350       -1.2693841143086361E-013
  0.34522996193294431        1.2908359537517700E-013
  0.35150687033172512       -1.2953350583326378E-013
  0.35778377873050593        1.3132558181096563E-013
  0.36406068712928674       -1.3368169910952554E-013
  0.37033759552806755        1.3399047387106309E-013
  0.37661450392684831       -1.3636450687489849E-013
  0.38289141232562912        1.3767920132510007E-013
  0.38916832072440993       -1.3888284417385778E-013
  0.39544522912319074        1.4110292806030687E-013
  0.40172213752197156       -1.4273328475912815E-013
  0.40799904592075237        1.4396717991294143E-013
  0.41427595431953318       -1.4608926986949838E-013
  0.42055286271831399        1.4778412129877725E-013
  0.42682977111709480       -1.4878655012399148E-013
  0.43310667951587556        1.5204803928895866E-013
  0.43938358791465637       -1.5220815069961956E-013
  0.44566049631343718        1.5526919031550133E-013
  0.45193740471221799       -1.5639682399949570E-013
  0.45821431311099881        1.5874068972934857E-013
  0.46449122150977962       -1.6034634641270924E-013
  0.47076812990856043        1.6275822012544322E-013
  0.47704503830734124       -1.6470599091882976E-013
  0.48332194670612205        1.6615992874360077E-013
  0.48959885510490281       -1.6908894570196359E-013
  0.49587576350368362        1.7020054397711122E-013
  0.50215267190246449       -1.7351383845513133E-013
  0.50842958030124530        1.7418842831614518E-013
  0.51470648870002611       -1.7777809357532114E-013
  0.52098339709880681        1.7946634982408531E-013
  0.52726030549758762       -1.8233374037995724E-013
  0.53353721389636843        1.8359318131421484E-013
  0.53981412229514925       -1.8724359832078781E-013
  0.54609103069393006        1.8803455407115397E-013
  0.55236793909271087       -1.9257977574895057E-013
  0.55864484749149168        1.9360439751292434E-013
  0.56492175589027249       -1.9651057964389396E-013
  0.57119866428905330        1.9971182970507298E-013
  0.57747557268783412       -2.0106827783666501E-013
  0.58375248108661493        2.0505087275754875E-013
  0.59002938948539574       -2.0705960260056686E-013
  0.59630629788417655        2.1062112156535158E-013
  0.60258320628295736       -2.1190698691902270E-013
  0.60886011468173817        2.1773144937465108E-013
  0.61513702308051899       -2.1543823806864187E-013
  0.62141393147929980        2.2833568594774565E-013
  0.62769083987808061       -2.1382146048213266E-013
  0.63396774827686131        2.4862722601407162E-013
  0.64024465667564212       -1.9398360662228538E-013
  0.64652156507442293        3.0247000643242602E-013
  0.65279847347320374       -1.1590524007025237E-013
  0.65907538187198456        4.6139426497206163E-013
  0.66535229027076537        1.5123231684332983E-013
  0.67162919866954618        9.5873714132475974E-013
  0.67790610706832699        1.0157998270156098E-012
  0.68418301546710780        2.5089112176391499E-012
  0.69045992386588861        3.7285061592480231E-012
  0.69673683226466943        7.2932532395879469E-012
  0.70301374066345024        1.2072833170168525E-011
  0.70929064906223105        2.1836901430613199E-011
  0.71556755746101186        3.7245631271453515E-011
  0.72184446585979267        6.5267438553177363E-011
  0.72812137425857348        1.1176754468575013E-010
  0.73439828265735430        1.9259014381168066E-010
  0.74067519105613511        3.2818224940308154E-010
  0.74695209945491581        5.5868013249279329E-010
  0.75322900785369662        9.4428157328595072E-010
  0.75950591625247743        1.5902740016137470E-009
  0.76578282465125824        2.6624957000318247E-009
  0.77205973305003905        4.4369767406749625E-009
  0.77833664144881987        7.3532687124709018E-009
  0.78461354984760068        1.2123867105347285E-008
  0.79089045824638149        1.9879202406818116E-008
  0.79716736664516230        3.2418485594694863E-008
  0.80344427504394311        5.2569189236879814E-008
  0.80972118344272392        8.4762567892851256E-008
  0.81599809184150474        1.3587840654949839E-007
  0.82227500024028555        2.1654162114192316E-007
  0.82855190863906636        3.4302691005285955E-007
  0.83482881703784717        5.4010108209737240E-007
  0.84110572543662798        8.4515850293853643E-007
  0.84738263383540879        1.3142535316514526E-006
  0.85365954223418961        2.0307495721978628E-006
  0.85993645063297042        3.1176726585027970E-006
  0.86621335903175112        4.7551140761614481E-006
  0.87249026743053193        7.2045697412490428E-006
  0.87876717582931274        1.0842556146455703E-005
  0.88504408422809355        1.6206608472181532E-005
  0.89132099262687436        2.4057443957264882E-005
  0.89759790102565518        3.5462059499859040E-005
  0.90387480942443599        5.1903380681113390E-005
  0.91015171782321680        7.5423154003236148E-005
  0.91642862622199761        1.0880555528949490E-004
  0.92270553462077842        1.5580977550715692E-004
  0.92898244301955923        2.2145999112172315E-004
  0.93525935141834005        3.1240069658842345E-004
  0.94153625981712086        4.3732373121302100E-004
  0.94781316821590167        6.0747068894339337E-004
  0.95409007661468248        8.3720955457735203E-004
  0.96036698501346329        1.1446775360444568E-003
  0.96664389341224410        1.5524722982430603E-003
  0.97292080181102492        2.0883613111891191E-003
  0.97919771020980562        2.7859632452451647E-003
  0.98547461860858643        3.6853369799555867E-003
  0.99175152700736724        4.8333930393776887E-003
  0.99802843540614805        6.2840208298058139E-003
   1.0043053438049290        8.0978043961847136E-003
   1.0105822522037098        1.0341182625828454E-002
   1.0168591606024906        1.3084899907348898E-002
   1.0231360690012714        1.6401594577223410E-002
   1.0294129774000522        2.0362389215489388E-002
   1.0356898857988328        2.5032383479320484E-002
   1.0419667941976136        3.0465010549668634E-002
   1.0482437025963944        3.6695299334005713E-002
   1.0545206109951752        4.3732183340349409E-002
   1.0607975193939561        5.1550146267431651E-002
   1.0670744277927369        6.0080653843186789E-002
   1.0733513361915177        6.9203981716223190E-002
   1.0796282445902985        7.8742207086621510E-002
   1.0859051529890793        8.8454265688965833E-002
   1.0921820613878601        9.8034062451213780E-002
   1.0984589697866409       0.10711264000618727     
   1.1047358781854217       0.11526533050238447     
   1.1110127865842025       0.12202462366132348     
   1.1172896949829834       0.12689916541533180     
   1.1235666033817642       0.12939885599863757     
   1.1298435117805450       0.12906545764419045     
   1.1361204201793258       0.12550748029318018     
   1.1423973285781066       0.11843743771003548     
   1.1486742369768874       0.10770891938998618     
   1.1549511453756682        9.3350383092619491E-002
   1.1612280537744490        7.5592201195245901E-002
   1.1675049621732299        5.4883423859314953E-002
   1.1737818705720107        3.1895102297811201E-002
   1.1800587789707915        7.5076006535365527E-003
   1.1863356873695723       -1.7219724300772191E-002
   1.1926125957683531       -4.1096776186998488E-002
   1.1988895041671339       -6.2867626316901279E-002
   1.2051664125659147       -8.1289079994412067E-002
   1.2114433209646955       -9.5218210106873521E-002
   1.2177202293634763      -0.10370267136184751     
   1.2239971377622572      -0.10606650220585270     
   1.2302740461610380      -0.10198357781194671     
   1.2365509545598188       -9.1531030849468148E-002
   1.2428278629585996       -7.5215886087017556E-002
   1.2491047713573804       -5.3969859508303776E-002
   1.2553816797561612       -2.9109670868410868E-002
   1.2616585881549420       -2.2631363031392292E-003
   1.2679354965537226        2.4735499721035590E-002
   1.2742124049525034        4.9974369258427166E-002
   1.2804893133512842        7.1607432121390438E-002
   1.2867662217500651        8.8000917798829598E-002
   1.2930431301488459        9.7870176356604860E-002
   1.2993200385476267       0.10039455307247806     
   1.3055969469464075        9.5299205971409909E-002
   1.3118738553451883        8.2895196570641760E-002
   1.3181507637439691        6.4072519070169559E-002
   1.3244276721427499        4.0244713976022348E-002
   1.3307045805415307        1.3247976807552705E-002
   1.3369814889403115       -1.4798170006034112E-002
   1.3432583973390924       -4.1657924306151138E-002
   1.3495353057378732       -6.5160461843580972E-002
   1.3558122141366540       -8.3380249158687081E-002
   1.3620891225354348       -9.4800925337709299E-002
   1.3683660309342156       -9.8448312156106096E-002
   1.3746429393329964       -9.3980457149571664E-002
   1.3809198477317772       -8.1726075016776589E-002
   1.3871967561305580       -6.2667027739534018E-002
   1.3934736645293389       -3.8365217356060251E-002
   1.3997505729281197       -1.0839034579774505E-002
   1.4060274813269005        1.7601079619425468E-002
   1.4123043897256813        4.4544845953193239E-002
   1.4185812981244621        6.7686694588270979E-002
   1.4248582065232429        8.5025477056507398E-002
   1.4311351149220237        9.5041773439842894E-002
   1.4374120233208045        9.6836656807856608E-002
   1.4436889317195853        9.0218688943541958E-002
   1.4499658401183662        7.5730141484218944E-002
   1.4562427485171470        5.4608639985304470E-002
   1.4625196569159278        2.8686183403573883E-002
   1.4687965653147086        2.3326880401582746E-004
   1.4750734737134894       -2.8238884355926488E-002
   1.4813503821122702       -5.4200803451680435E-002
   1.4876272905110510       -7.5331990417683459E-002
   1.4939041989098316       -8.9732066718808193E-002
   1.5001811073086124       -9.6096044945491579E-002
   1.5064580157073932       -9.3836926745111710E-002
   1.5127349241061741       -8.3143499501762377E-002
   1.5190118325049549       -6.4967169932709012E-002
   1.5252887409037357       -4.0938342102787795E-002
   1.5315656493025165       -1.3219602709053452E-002
   1.5378425577012973        1.5690897514729834E-002
   1.5441194661000781        4.3187566023886202E-002
   1.5503963744988589        6.6795564821953174E-002
   1.5566732828976397        8.4396586097799250E-002
   1.5629501912964205        9.4420901937020435E-002
   1.5692270996952014        9.5987678569496110E-002
   1.5755040080939822        8.8980381067510064E-002
   1.5817809164927630        7.4048980522320146E-002
   1.5880578248915438        5.2541919934442002E-002
   1.5943347332903246        2.6381050621643653E-002
   1.6006116416891054       -2.1112815962090275E-003
   1.6068885500878862       -3.0418435978162912E-002
   1.6131654584866670       -5.6050751687003207E-002
   1.6194423668854478       -7.6762795288354113E-002
   1.6257192752842287       -9.0747873188983072E-002
   1.6319961836830095       -9.6793249712067764E-002
   1.6382730920817903       -9.4382931757552732E-002
   1.6445500004805711       -8.3739480599477570E-002
   1.6508269088793519       -6.5801563278527681E-002
   1.6571038172781327       -4.2139519635838271E-002
   1.6633807256769135       -1.4816541912194926E-002
   1.6696576340756943        1.3792249997244608E-002
   1.6759345424744752        4.1206961028201101E-002
   1.6822114508732560        6.5058193878055809E-002
   1.6884883592720368        8.3291701860349163E-002
   1.6947652676708176        9.4344672628339135E-002
   1.7010421760695984        9.7278453073692164E-002
   1.7073190844683792        9.1856404658223686E-002
   1.7135959928671600        7.8560454330592777E-002
   1.7198729012659408        5.8545324819821137E-002
   1.7261498096647214        3.3534919942745468E-002
   1.7324267180635022        5.6703959957869173E-003
   1.7387036264622830       -2.2676372267816963E-002
   1.7449805348610639       -4.9107310221868851E-002
   1.7512574432598447       -7.1402624027305114E-002
   1.7575343516586255       -8.7707456498091405E-002
   1.7638112600574063       -9.6684757696047188E-002
   1.7700881684561871       -9.7621654351843515E-002
   1.7763650768549679       -9.0480929198701779E-002
   1.7826419852537487       -7.5894207872760383E-002
   1.7889188936525295       -5.5098659162480884E-002
   1.7951958020513104       -2.9823952882756313E-002
   1.8014727104500912       -2.1404253405259669E-003
   1.8077496188488720        2.5717489592375475E-002
   1.8140265272476528        5.1536760350665602E-002
   1.8203034356464336        7.3304119256418859E-002
   1.8265803440452144        8.9362411884140014E-002
   1.8328572524439952        9.8532549289885529E-002
   1.8391341608427760       0.10019218304360819     
   1.8454110692415568        9.4306371060442359E-002
   1.8516879776403377        8.1409881320442912E-002
   1.8579648860391185        6.2544968705504217E-002
   1.8642417944378993        3.9162080207847665E-002
   1.8705187028366801        1.2993688545784097E-002
   1.8767956112354609       -1.4086877280241892E-002
   1.8830725196342417       -4.0209231382100655E-002
   1.8893494280330225       -6.3640614648888913E-002
   1.8956263364318033       -8.2901336156944561E-002
   1.9019032448305841       -9.6853235307294935E-002
   1.9081801532293650      -0.10475626665324241     
   1.9144570616281458      -0.10629129212759096     
   1.9207339700269266      -0.10155030033088382     
   1.9270108784257074       -9.0997948930721051E-002
   1.9332877868244882       -7.5410261313597474E-002
   1.9395646952232690       -5.5797535506809361E-002
   1.9458416036220498       -3.3318999547305099E-002
   1.9521185120208304       -9.1965146094169104E-003
   1.9583954204196112        1.5366200815639995E-002
   1.9646723288183920        3.9253622228548751E-002
   1.9709492372171729        6.1494077463715727E-002
   1.9772261456159537        8.1298969317423669E-002
   1.9835030540147345        9.8085076951229214E-002
   1.9897799624135153       0.11148081317043634     
   1.9960568708122961       0.12131839266190875     
   2.0023337792110771       0.12761461295174803     
   2.0086106876098579       0.13054335497372843     
   2.0148875960086388       0.13040299867103974     
   2.0211645044074196       0.12758176858488260     
   2.0274414128062004       0.12252363873684656     
   2.0337183212049812       0.11569690081343253     
   2.0399952296037620       0.10756692294453264     
   2.0462721380025428        9.8574051907883958E-002
   2.0525490464013236        8.9117060291199798E-002
   2.0588259548001044        7.9542073305297833E-002
   2.0651028631988853        7.0136548210043934E-002
   2.0713797715976656        6.1127625781448480E-002
   2.0776566799964464        5.2684025851158424E-002
   2.0839335883952272        4.4920604555848495E-002
   2.0902104967940081        3.7904713542410783E-002
   2.0964874051927889        3.1663580371677880E-002
   2.1027643135915697        2.6192045992897393E-002
   2.1090412219903505        2.1460130506216656E-002
   2.1153181303891313        1.7420038190790237E-002
   2.1215950387879121        1.4012344491428096E-002
   2.1278719471866929        1.1171224043170280E-002
   2.1341488555854737        8.8286745110278605E-003
   2.1404257639842545        6.9177648751718116E-003
   2.1467026723830354        5.3749887608082469E-003
   2.1529795807818162        4.1418352104944049E-003
   2.1592564891805970        3.1657041550019740E-003
   2.1655333975793778        2.4003025985482240E-003
   2.1718103059781586        1.8056483830192599E-003
   2.1780872143769394        1.3477923542216208E-003
   2.1843641227757202        9.9835382133046068E-004
   2.1906410311745010        7.3394740472857919E-004
   2.1969179395732819        5.3556229220202869E-004
   2.2031948479720627        3.8793934467192236E-004
   2.2094717563708435        2.7897758615860681E-004
   2.2157486647696243        1.9919027654874497E-004
   2.2220255731684051        1.4122152646196543E-004
   2.2283024815671859        9.9427672059261224E-005
   2.2345793899659667        6.9522599361890430E-005
   2.2408562983647475        4.8283094125641755E-005
   2.2471332067635283        3.3308247056733958E-005
   2.2534101151623092        2.2826151800552669E-005
   2.2596870235610900        1.5540815595525443E-005
   2.2659639319598708        1.0512611645763464E-005
   2.2722408403586516        7.0660693952305675E-006
   2.2785177487574324        4.7196534034094620E-006
   2.2847946571562132        3.1328572855341890E-006
   2.2910715655549940        2.0668208412684738E-006
   2.2973484739537748        1.3552787289761638E-006
   2.3036253823525557        8.8338658411985084E-007
   2.3099022907513365        5.7239978458042962E-007
   2.3161791991501173        3.6872929670418066E-007
   2.3224561075488981        2.3615809330680106E-007
   2.3287330159476789        1.5039036005774342E-007
   2.3350099243464597        9.5231728697779146E-008
   2.3412868327452405        5.9969271537707966E-008
   2.3475637411440213        3.7555436451494125E-008
   2.3538406495428021        2.3392176418991086E-008
   2.3601175579415830        1.4491289346128672E-008
   2.3663944663403638        8.9305916200021747E-009
   2.3726713747391446        5.4740324296517766E-009
   2.3789482831379254        3.3388341454114892E-009
   2.3852251915367062        2.0252717201555734E-009
   2.3915020999354870        1.2231115908621869E-009
   2.3977790083342678        7.3419683288265325E-010
   2.4040559167330486        4.3933098933973775E-010
   2.4103328251318294        2.6084823472486544E-010
   2.4166097335306103        1.5488406479721391E-010
   2.4228866419293911        9.0794403068468434E-011
   2.4291635503281719        5.3697105327410024E-011
   2.4354404587269527        3.0900349423664596E-011
   2.4417173671257335        1.8392203545079627E-011
   2.4479942755245143        1.0209239532357533E-011
   2.4542711839232951        6.3024571054083130E-012
   2.4605480923220759        3.1987315806399094E-012
   2.4668250007208568        2.2347046819780084E-012
   2.4731019091196376        8.6781911719705365E-013
   2.4793788175184184        8.8689297526636122E-013
   2.4856557259171992        1.1112039957754430E-013
   2.4919326343159800        4.4534329963903627E-013
   2.4982095427147608       -1.2824765088680748E-013
   2.5044864511135416        2.9883162248809697E-013
   2.5107633595123224       -1.9898060178659460E-013
   2.5170402679111032        2.4953636215736031E-013
   2.5233171763098841       -2.1673877054181287E-013
   2.5295940847086644        2.2910642895168319E-013
   2.5358709931074452       -2.1825754201775025E-013
   2.5421479015062260        2.1920465349199796E-013
   2.5484248099050069       -2.1389884753883202E-013
   2.5547017183037877        2.1214522293581799E-013
   2.5609786267025685       -2.0902713474198527E-013
   2.5672555351013493        2.0600961042818727E-013
   2.5735324435001301       -2.0298711938954572E-013
   2.5798093518989109        2.0090486066902543E-013
   2.5860862602976917       -1.9776756925648867E-013
   2.5923631686964725        1.9509862171904645E-013
   2.5986400770952534       -1.9257200770615264E-013
   2.6049169854940342        1.9047992257973932E-013
   2.6111938938928150       -1.8762692313394740E-013
   2.6174708022915958        1.8509580726154992E-013
   2.6237477106903766       -1.8307660096867544E-013
   2.6300246190891574        1.8067865966560525E-013
   2.6363015274879382       -1.7817662083953138E-013
   2.6425784358867190        1.7615833634269203E-013
   2.6488553442854998       -1.7387936729585884E-013
   2.6551322526842807        1.7135085291148677E-013
   2.6614091610830615       -1.6942735102016164E-013
   2.6676860694818423        1.6755744827638922E-013
   2.6739629778806231       -1.6533578509288637E-013
   2.6802398862794039        1.6334406860683607E-013
   2.6865167946781847       -1.6100414395478735E-013
   2.6927937030769655        1.5961866850134498E-013
   2.6990706114757463       -1.5732837495128572E-013
   2.7053475198745272        1.5524291013324860E-013
   2.7116244282733080       -1.5389679929759020E-013
   2.7179013366720888        1.5184163864874690E-013
   2.7241782450708696       -1.5014131967273119E-013
   2.7304551534696504        1.4768858753184241E-013
   2.7367320618684312       -1.4687332655178599E-013
   2.7430089702672120        1.4496142026106060E-013
   2.7492858786659928       -1.4295813930966329E-013
   2.7555627870647736        1.4116051125317115E-013
   2.7618396954635545       -1.3998505793691785E-013
   2.7681166038623353        1.3806718958856292E-013
   2.7743935122611161       -1.3647934073526770E-013
   2.7806704206598969        1.3550142152209043E-013
   2.7869473290586777       -1.3330393075465149E-013
   2.7932242374574585        1.3178442629912954E-013
   2.7995011458562393       -1.3043301889466500E-013
   2.8057780542550201        1.2950137564065463E-013
   2.8120549626538009       -1.2717123632577099E-013
   2.8183318710525818        1.2615121568404950E-013
   2.8246087794513626       -1.2496686556013713E-013
   2.8308856878501434        1.2320639412952608E-013
   2.8371625962489242       -1.2201134303957350E-013
   2.8434395046477050        1.2096940987825630E-013
   2.8497164130464858       -1.1936316675907989E-013
   2.8559933214452666        1.1797249297723459E-013
   2.8622702298440474       -1.1706929228535267E-013
   2.8685471382428283        1.1566899258931091E-013
   2.8748240466416091       -1.1410689281344505E-013
   2.8811009550403899        1.1306755565875270E-013
   2.8873778634391707       -1.1226823046174539E-013
   2.8936547718379515        1.1044633025629110E-013
   2.8999316802367323       -1.0950754960781379E-013
   2.9062085886355131        1.0839486469489636E-013
   2.9124854970342939       -1.0736445760795931E-013
   2.9187624054330747        1.0589949540752174E-013
   2.9250393138318556       -1.0496809694150985E-013
   2.9313162222306364        1.0430726164446882E-013
   2.9375931306294172       -1.0271620818412639E-013
   2.9438700390281980        1.0179576579100556E-013
   2.9501469474269788       -1.0065950221269942E-013
   2.9564238558257596        9.9576792154413742E-014
   2.9627007642245404       -9.8716761249345254E-014
   2.9689776726233212        9.7822411538293787E-014
   2.9752545810221021       -9.6814181944777462E-014
   2.9815314894208829        9.5424963403025460E-014
   2.9878083978196632       -9.4856618706532758E-014
   2.9940853062184440        9.3883756298450509E-014
   3.0003622146172249       -9.2662798950903608E-014
   3.0066391230160057        9.2049691484738247E-014
   3.0129160314147865       -9.1128813098010355E-014
   3.0191929398135673        8.9967835494591780E-014
   3.0254698482123481       -8.9159136630294108E-014
   3.0317467566111289        8.8403739309270491E-014
   3.0380236650099097       -8.7731893913962143E-014
   3.0443005734086905        8.6509446777269371E-014
   3.0505774818074713       -8.5972750125927251E-014
   3.0568543902062522        8.4992580485698430E-014
   3.0631312986050330       -8.4332406975295560E-014
   3.0694082070038138        8.3081794537995820E-014
   3.0756851154025946       -8.2695715126131297E-014
   3.0819620238013754        8.1677299857759132E-014
   3.0882389322001562       -8.1012884833340087E-014
   3.0945158405989370        8.0173187017870326E-014
   3.1007927489977178       -7.9665513109053731E-014
   3.1070696573964987        7.8553500170506243E-014
   3.1133465657952795       -7.7841457136567230E-014
   3.1196234741940603        7.7268250977750324E-014
   3.1259003825928411       -7.6416175216861010E-014
   3.1321772909916219        7.6036352211260015E-014
   3.1384541993904027       -7.5126012246987013E-014
   3.1447311077891835        7.4438211119913430E-014
   3.1510080161879643       -7.3446991396706914E-014
   3.1572849245867451        7.3051185923262618E-014
   3.1635618329855260       -7.2366882838606996E-014
   3.1698387413843068        7.1507574604406316E-014
   3.1761156497830876       -7.0967231871824674E-014
   3.1823925581818684        7.0136560453279734E-014
   3.1886694665806492       -6.9822872046948899E-014
   3.1949463749794300        6.8834312832906444E-014
   3.2012232833782108       -6.8136611587314528E-014
   3.2075001917769916        6.7825837540517027E-014
   3.2137771001757724       -6.7147210395696284E-014
   3.2200540085745533        6.6634028816622924E-014
   3.2263309169733341       -6.5842130554607582E-014
   3.2326078253721149        6.5471028589113551E-014
   3.2388847337708957       -6.4737296020256009E-014
   3.2451616421696765        6.4127657753612062E-014
   3.2514385505684573       -6.3639838414472238E-014
   3.2577154589672381        6.2961172858840347E-014
   3.2639923673660189       -6.2474504998937752E-014
   3.2702692757647998        6.1719653006296089E-014
   3.2765461841635806       -6.1233211499077526E-014
   3.2828230925623614        6.0805318020226677E-014
   3.2891000009611422       -6.0012824463365925E-014
   3.2953769093599230        5.9526188067427329E-014
   3.3016538177587038       -5.9470854334357517E-014
   3.3079307261574846        5.8399541022003385E-014
   3.3142076345562654       -5.7942931522416142E-014
   3.3204845429550462        5.7550773418199208E-014
   3.3267614513538271       -5.7101709587934025E-014
   3.3330383597526079        5.6739801588337907E-014
   3.3393152681513887       -5.6084502422257555E-014
   3.3455921765501695        5.5605024867455839E-014
   3.3518690849489503       -5.5035412225767274E-014
   3.3581459933477311        5.4305479962993807E-014
   3.3644229017465119       -5.4514205713930213E-014
   3.3706998101452927        5.3264423444551882E-014
   3.3769767185440736       -5.3068691293127854E-014
   3.3832536269428544        5.2836794537812683E-014
   3.3895305353416352       -5.2321318217795377E-014
   3.3958074437404160        5.1583993807954918E-014
   3.4020843521391968       -5.1095273932801329E-014
   3.4083612605379776        5.1048282069765824E-014
   3.4146381689367584       -5.0487872982676203E-014
   3.4209150773355392        5.0190762686768294E-014
   3.4271919857343200       -4.9276912822149144E-014
   3.4334688941331009        4.9259568862686180E-014
   3.4397458025318817       -4.8427977284907327E-014
   3.4460227109306620        4.8816896507978332E-014
   3.4522996193294428       -4.7319369203161806E-014
   3.4585765277282237        4.7950760501198746E-014
   3.4648534361270045       -4.6543824040457479E-014
   3.4711303445257853        4.7192337371619259E-014
   3.4774072529245661       -4.5585420698343195E-014
   3.4836841613233469        4.6183117967082146E-014
   3.4899610697221277       -4.5437132532380754E-014
   3.4962379781209085        4.5426388818072603E-014
   3.5025148865196893       -4.4092067930506957E-014
   3.5087917949184702        4.4556249918945629E-014
   3.5150687033172510       -4.4078822252661171E-014
   3.5213456117160318        4.3154240347087538E-014
   3.5276225201148126       -4.3602933199246392E-014
   3.5338994285135934        4.2763437870761371E-014
   3.5401763369123742       -4.2241782687025285E-014
   3.5464532453111550        4.1813445032794007E-014
   3.5527301537099358       -4.1808757747636982E-014
   3.5590070621087166        4.1622454579764206E-014
   3.5652839705074975       -4.0809895001523952E-014
   3.5715608789062783        4.0452932346532254E-014
   3.5778377873050591       -4.0355138509909386E-014
   3.5841146957038399        4.0157050345004035E-014
   3.5903916041026207       -3.9364452491694316E-014
   3.5966685125014015        3.9335304866849581E-014
   3.6029454209001823       -3.8692634512375498E-014
   3.6092223292989631        3.8831697423371084E-014
   3.6154992376977440       -3.8097999494844832E-014
   3.6217761460965248        3.8069556548703184E-014
   3.6280530544953056       -3.7562273540723717E-014
   3.6343299628940864        3.7273452459343442E-014
   3.6406068712928672       -3.6926058089783387E-014
   3.6468837796916480        3.6506844680683773E-014
   3.6531606880904288       -3.6407164982065745E-014
   3.6594375964892096        3.5676811485644886E-014
   3.6657145048879904       -3.5943612907007488E-014
   3.6719914132867713        3.5156425916653922E-014
   3.6782683216855521       -3.4926571286831101E-014
   3.6845452300843329        3.4626498684586922E-014
   3.6908221384831137       -3.4568646219652812E-014
   3.6970990468818945        3.3984766659388968E-014
   3.7033759552806753       -3.3832910315633301E-014
   3.7096528636794561        3.3503151994223118E-014
   3.7159297720782369       -3.3432418776409622E-014
   3.7222066804770177        3.2591854908778508E-014
   3.7284835888757986       -3.3014786706107793E-014
   3.7347604972745794        3.2102039879413209E-014
   3.7410374056733602       -3.2445834507526136E-014
   3.7473143140721410        3.1357695717973344E-014
   3.7535912224709218       -3.1808829420941823E-014
   3.7598681308697026        3.1067214744360665E-014
   3.7661450392684834       -3.1051298915266983E-014
   3.7724219476672642        3.0784824989990445E-014
   3.7786988560660451       -3.0566459820240413E-014
   3.7849757644648259        2.9523790749637835E-014
   3.7912526728636067       -3.0196608110289316E-014
   3.7975295812623875        3.0037990395042091E-014
   3.8038064896611683       -2.8850518611662248E-014
   3.8100833980599491        2.9210964561396813E-014
   3.8163603064587299       -2.8866623255988390E-014
   3.8226372148575107        2.9136198072820936E-014
   3.8289141232562915       -2.7705488943999191E-014
   3.8351910316550724        2.8173948389324261E-014
   3.8414679400538532       -2.7503047748911910E-014
   3.8477448484526340        2.8050216396942097E-014
   3.8540217568514148       -2.6870283999328732E-014
   3.8602986652501956        2.7361395022151534E-014
   3.8665755736489764       -2.6338290028011737E-014
   3.8728524820477572        2.6863435003473918E-014
   3.8791293904465380       -2.5843038232854636E-014
   3.8854062988453189        2.6520474721419104E-014
   3.8916832072440997       -2.5137879486724740E-014
   3.8979601156428805        2.5851308803888778E-014
   3.9042370240416608       -2.4997304669629833E-014
   3.9105139324404417        2.5179158466893953E-014
   3.9167908408392225       -2.5061418842275251E-014
   3.9230677492380033        2.4111815822306152E-014
   3.9293446576367841       -2.5833786658147779E-014
   3.9356215660355649        2.1434359868045319E-014
   3.9418984744343457       -2.8862308496791533E-014
   3.9481753828331265        1.5409030397621053E-014
   3.9544522912319073       -3.6826074674876127E-014
   3.9607291996306881        1.6723821474522847E-015
   3.9670061080294690       -5.7317442913955813E-014
   3.9732830164282498       -3.1495901455643678E-014
   3.9795599248270306       -1.0811180746270460E-013
   3.9858368332258114       -1.1115166464110747E-013
   3.9921137416245922       -2.2937622760174134E-013
   3.9983906500233730       -2.9745123988680786E-013
   4.0046675584221543       -5.1027305582168519E-013
   4.0109444668209351       -7.2178348702868090E-013
   4.0172213752197159       -1.1439815858799945E-012
   4.0234982836184967       -1.6626312737232387E-012
   4.0297751920172775       -2.5283895360336750E-012
   4.0360521004160583       -3.6890540134184712E-012
   4.0423290088148391       -5.4691270883707567E-012
   4.0486059172136200       -7.9256142881984691E-012
   4.0548828256124008       -1.1523733058329655E-011
   4.0611597340111816       -1.6515247870934914E-011
   4.0674366424099624       -2.3610035788545834E-011
   4.0737135508087432       -3.3385100432964649E-011
   4.0799904592075240       -4.6960946834654734E-011
   4.0862673676063048       -6.5440718111286550E-011
   4.0925442760050856       -9.0590608823686120E-011
   4.0988211844038664       -1.2431156797951925E-010
   4.1050980928026473       -1.6932544069859893E-010
   4.1113750012014281       -2.2866921587984153E-010
   4.1176519096002089       -3.0637242097453671E-010
   4.1239288179989897       -4.0695704478643146E-010
   4.1302057263977705       -5.3607802342198037E-010
   4.1364826347965504       -6.9998987835501410E-010
   4.1427595431953312       -9.0610126602831677E-010
   4.1490364515941121       -1.1623529141921122E-009
   4.1553133599928929       -1.4776138000841021E-009
   4.1615902683916737       -1.8608916569030558E-009
   4.1678671767904545       -2.3215003793788559E-009
   4.1741440851892353       -2.8680325123730156E-009
   4.1804209935880161       -3.5082340280355821E-009
   4.1866979019867969       -4.2477053545515685E-009
   4.1929748103855777       -5.0894885438697408E-009
   4.1992517187843585       -6.0325431943757659E-009
   4.2055286271831394       -7.0711610831734466E-009
   4.2118055355819202       -8.1934008805099867E-009
   4.2180824439807010       -9.3805972785204112E-009
   4.2243593523794818       -1.0606110194640533E-008
   4.2306362607782626       -1.1835346422562011E-008
   4.2369131691770434       -1.3025295218209965E-008
   4.2431900775758242       -1.4125565810250846E-008
   4.2494669859746050       -1.5079197712688756E-008
   4.2557438943733858       -1.5825122022815035E-008
   4.2620208027721667       -1.6300523403964887E-008
   4.2682977111709475       -1.6444822272908221E-008
   4.2745746195697283       -1.6203431874191157E-008
   4.2808515279685091       -1.5532784088966009E-008
   4.2871284363672899       -1.4404679940818502E-008
   4.2934053447660707       -1.2811242097904964E-008
   4.2996822531648515       -1.0768434887461426E-008
   4.3059591615636323       -8.3192888896858959E-009
   4.3122360699624132       -5.5348338956096310E-009
   4.3185129783611940       -2.5139210101410191E-009
   4.3247898867599748        6.1986683289561521E-010
   4.3310667951587556        3.7228324380386805E-009
   4.3373437035575364        6.6387446735126449E-009
   4.3436206119563172        9.2076416564376501E-009
   4.3498975203550980        1.1276808015178560E-008
   4.3561744287538788        1.2711819860910623E-008
   4.3624513371526596        1.3408178692553587E-008
   4.3687282455514405        1.3301201813685004E-008
   4.3750051539502213        1.2374521064834323E-008
   4.3812820623490021        1.0664933742235720E-008
   4.3875589707477829        8.2641403072227993E-009
   4.3938358791465637        5.3156077505813551E-009
   4.4001127875453445        2.0076385855678898E-009
   4.4063896959441253       -1.4383385417616357E-009
   4.4126666043429061       -4.7824142722687774E-009
   4.4189435127416870       -7.7839280684882144E-009
   4.4252204211404678       -1.0219773056036383E-008
   4.4314973295392486       -1.1902844770699596E-008
   4.4377742379380294       -1.2697931170114616E-008
   4.4440511463368102       -1.2534612844797066E-008
   4.4503280547355910       -1.1414852274239085E-008
   4.4566049631343718       -9.4153995739838564E-009
   4.4628818715331526       -6.6835812739711368E-009
   4.4691587799319334       -3.4275448900539719E-009
   4.4754356883307143        9.9355800075011076E-011
   4.4817125967294951        3.6179655743026370E-009
   4.4879895051282759        6.8458772454136726E-009
   4.4942664135270567        9.5203978146228787E-009
   4.5005433219258375        1.1420836078297496E-008
   4.5068202303246183        1.2387346695137839E-008
   4.5130971387233991        1.2335445904585458E-008
   4.5193740471221799        1.1264075092030469E-008
   4.5256509555209607        9.2571473385326442E-009
   4.5319278639197416        6.4775726531419401E-009
   4.5382047723185224        3.1548394049340555E-009
   4.5444816807173032       -4.3360892707021861E-010
   4.5507585891160840       -3.9850630665198358E-009
   4.5570354975148648       -7.1971373974162143E-009
   4.5633124059136456       -9.7935434346240118E-009
   4.5695893143124264       -1.1548426619475669E-008
   4.5758662227112072       -1.2306513829265041E-008
   4.5821431311099881       -1.1997750186628826E-008
   4.5884200395087689       -1.0644453729146873E-008
   4.5946969479075497       -8.3606883237301800E-009
   4.6009738563063305       -5.3432258099884039E-009
   4.6072507647051113       -1.8551983851667287E-009
   4.6135276731038921        1.7966865663880341E-009
   4.6198045815026729        5.2890049906244638E-009
   4.6260814899014537        8.3105675274629723E-009
   4.6323583983002345        1.0590468795011672E-008
   4.6386353066990154        1.1922980546989817E-008
   4.6449122150977962        1.2186602004436931E-008
   4.6511891234965770        1.1355726267313035E-008
   4.6574660318953578        9.5034506998278262E-009
   4.6637429402941386        6.7954326104944780E-009
   4.6700198486929194        3.4750516390171893E-009
   4.6762967570917002       -1.5858381232321895E-010
   4.6825736654904810       -3.7779453065332908E-009
   4.6888505738892619       -7.0569857262623876E-009
   4.6951274822880427       -9.7009592779519282E-009
   4.7014043906868235       -1.1473216498945025E-008
   4.7076812990856043       -1.2216559122005247E-008
   4.7139582074843851       -1.1867082873070068E-008
   4.7202351158831659       -1.0459201949539143E-008
   4.7265120242819467       -8.1212369660088158E-009
   4.7327889326807275       -5.0630443522492369E-009
   4.7390658410795083       -1.5569305017512188E-009
   4.7453427494782892        2.0866886243615551E-009
   4.7516196578770700        5.5466821746679622E-009
   4.7578965662758508        8.5193527008947811E-009
   4.7641734746746316        1.0744812167560469E-008
   4.7704503830734124        1.2029444507978924E-008
   4.7767272914721932        1.2262406732959498E-008
   4.7830041998709740        1.1424941683028161E-008
   4.7892811082697548        9.5915624359487701E-009
   4.7955580166685357        6.9232501875214963E-009
   4.8018349250673165        3.6530698144150569E-009
   4.8081118334660973        6.5727525883599269E-011
   4.8143887418648781       -3.5273979084150029E-009
   4.8206656502636589       -6.8152697221588982E-009
   4.8269425586624397       -9.5142113968028142E-009
   4.8332194670612205       -1.1392247888606962E-008
   4.8394963754600013       -1.2289019701803379E-008
   4.8457732838587821       -1.2129179811954060E-008
   4.8520501922575630       -1.0928553367338600E-008
   4.8583271006563438       -8.7921432958118634E-009
   4.8646040090551246       -5.9046554342612634E-009
   4.8708809174539054       -2.5139796501743063E-009
   4.8771578258526862        1.0903991366718464E-009
   4.8834347342514670        4.6026213875496612E-009
   4.8897116426502478        7.7265473393896889E-009
   4.8959885510490286        1.0200990232766259E-008
   4.9022654594478094        1.1821332722141139E-008
   4.9085423678465903        1.2456302801734869E-008
   4.9148192762453711        1.2057916981427934E-008
   4.9210961846441519        1.0664495429992587E-008
   4.9273730930429327        8.3959707565975571E-009
   4.9336500014417135        5.4427387460928849E-009
   4.9399269098404943        2.0484668115359562E-009
   4.9462038182392751       -1.5107894033678048E-009
   4.9524807266380559       -4.9500089377939873E-009
   4.9587576350368368       -7.9983345397205635E-009
   4.9650345434356176       -1.0420736981010034E-008
   4.9713114518343984       -1.2035623026344205E-008
   4.9775883602331792       -1.2727893167450329E-008
   4.9838652686319600       -1.2455694383827995E-008
   4.9901421770307408       -1.1251444516524657E-008
   4.9964190854295216       -9.2164344246213824E-009
   5.0026959938283024       -6.5106816284643062E-009
   5.0089729022270832       -3.3381969349575574E-009
   5.0152498106258641        6.9912420453328730E-011
   5.0215267190246449        3.4739784410383508E-009
   5.0278036274234257        6.6433442115989607E-009
   5.0340805358222065        9.3726522645025240E-009
   5.0403574442209873        1.1494598944328454E-008
   5.0466343526197681        1.2889475287377692E-008
   5.0529112610185480        1.3489919027078711E-008
   5.0591881694173289        1.3281994819144868E-008
   5.0654650778161097        1.2301746887594237E-008
   5.0717419862148905        1.0629081114349221E-008
   5.0780188946136713        8.3785474507675316E-009
   5.0842958030124521        5.6892405519330635E-009
   5.0905727114112329        2.7134712247542572E-009
   5.0968496198100137       -3.9359042343886928E-010
   5.1031265282087945       -3.4838971997352165E-009
   5.1094034366075753       -6.4241961915250034E-009
   5.1156803450063562       -9.1024227766792839E-009
   5.1219572534051370       -1.1431237460324956E-008
   5.1282341618039178       -1.3350181735086074E-008
   5.1345110702026986       -1.4825167535278420E-008
   5.1407879786014794       -1.5847090694392162E-008
   5.1470648870002602       -1.6428436368886435E-008
   5.1533417953990410       -1.6599804761621434E-008
   5.1596187037978218       -1.6405205692840230E-008
   5.1658956121966026       -1.5898059506274746E-008
   5.1721725205953835       -1.5136602205382697E-008
   5.1784494289941643       -1.4180562627977957E-008
   5.1847263373929451       -1.3087597811079507E-008
   5.1910032457917259       -1.1911267608903129E-008
   5.1972801541905067       -1.0698850582750959E-008
   5.2035570625892875       -9.4907092633886457E-009
   5.2098339709880683       -8.3193706481018089E-009
   5.2161108793868491       -7.2100090471301863E-009
   5.2223877877856300       -6.1804100769707555E-009
   5.2286646961844108       -5.2421379285562509E-009
   5.2349416045831916       -4.4009525936455545E-009
   5.2412185129819724       -3.6582524077372884E-009
   5.2474954213807532       -3.0115683403474686E-009
   5.2537723297795340       -2.4559856237387081E-009
   5.2600492381783148       -1.9844862987498862E-009
   5.2663261465770956       -1.5891752536228416E-009
   5.2726030549758764       -1.2613767064378539E-009
   5.2788799633746573       -9.9261827719157667E-010
   5.2851568717734381       -7.7446075331469931E-010
   5.2914337801722189       -5.9927703551225656E-010
   5.2977106885709997       -4.5987400828147919E-010
   5.3039875969697805       -3.5011256479569869E-010
   5.3102645053685613       -2.6438232170253857E-010
   5.3165414137673421       -1.9814057310499464E-010
   5.3228183221661229       -1.4729964753708626E-010
   5.3290952305649038       -1.0872809390927446E-010
   5.3353721389636846       -7.9601660653467686E-011
   5.3416490473624654       -5.7902450067332432E-011
   5.3479259557612462       -4.1756257867015069E-011
   5.3542028641600270       -2.9952063194208766E-011
   5.3604797725588078       -2.1276778942768341E-011
   5.3667566809575886       -1.5064771326864185E-011
   5.3730335893563694       -1.0535557076958904E-011
   5.3793104977551502       -7.3748996624202064E-012
   5.3855874061539311       -5.0703351279219384E-012
   5.3918643145527119       -3.5197404486237669E-012
   5.3981412229514927       -2.3694549337540413E-012
   5.4044181313502735       -1.6420920351308771E-012
   5.4106950397490543       -1.0715411676179603E-012
   5.4169719481478351       -7.5236614208260982E-013
   5.4232488565466159       -4.6451931445759737E-013
   5.4295257649453967       -3.4262244433246117E-013
   5.4358026733441775       -1.8919062649666567E-013
   5.4420795817429584       -1.6014316519564022E-013
   5.4483564901417392       -6.7318730585016293E-014
   5.4546333985405200       -8.0519407245614058E-014
   5.4609103069393008       -1.4571724312838885E-014
   5.4671872153380816       -4.6775254904180189E-014
   5.4734641237368624        8.2862183173481852E-015
   5.4797410321356432       -3.3121109231773756E-014
   5.4860179405344240        1.7580168749255526E-014
   5.4922948489332049       -2.8479639076138271E-014
   5.4985717573319857        2.0304280378129417E-014
   5.5048486657307665       -2.7415584470683197E-014
   5.5111255741295473        2.2282023072034975E-014
   5.5174024825283281       -2.6441790102173951E-014
   5.5236793909271089        2.4019723044204424E-014
   5.5299562993258897       -2.5859147766258591E-014
   5.5362332077246705        2.4993794953881495E-014
   5.5425101161234513       -2.6691893965025357E-014
   5.5487870245222322        2.5166152145559179E-014
   5.5550639329210130       -2.7474036685962871E-014
   5.5613408413197938        2.5752948472818674E-014
   5.5676177497185746       -2.7211663782790149E-014
   5.5738946581173554        2.7470173873516266E-014
   5.5801715665161362       -2.6231386764287287E-014
   5.5864484749149170        2.8045678100282538E-014
   5.5927253833136978       -2.7782836932903256E-014
   5.5990022917124787        2.8514661803148662E-014
   5.6052792001112595       -2.7615479283567342E-014
   5.6115561085100403        2.9515590245844407E-014
   5.6178330169088211       -2.8301991561072205E-014
   5.6241099253076019        2.9114859641501509E-014
   5.6303868337063827       -2.9575439668786815E-014
   5.6366637421051635        2.9421516739619104E-014
   5.6429406505039443       -2.9775224999367663E-014
   5.6492175589027251        3.0376477707644724E-014
   5.6554944673015060       -3.0460591573600263E-014
   5.6617713757002868        3.0565969754374862E-014
   5.6680482840990676       -3.1113928444957447E-014
   5.6743251924978484        3.1098833271367700E-014
   5.6806021008966292       -3.1929440968789023E-014
   5.6868790092954100        3.1148916246834519E-014
   5.6931559176941908       -3.2729197367067754E-014
   5.6994328260929716        3.1702191482226251E-014
   5.7057097344917524       -3.3147038231732175E-014
   5.7119866428905333        3.2751830230670651E-014
   5.7182635512893141       -3.3179195523442277E-014
   5.7245404596880949        3.3090284131598199E-014
   5.7308173680868757       -3.4445947413474607E-014
   5.7370942764856565        3.3608186417758470E-014
   5.7433711848844373       -3.4335009169170001E-014
   5.7496480932832181        3.5126286798172131E-014
   5.7559250016819989       -3.4441564847782194E-014
   5.7622019100807798        3.5881933342221562E-014
   5.7684788184795606       -3.5249126442474342E-014
   5.7747557268783414        3.6088543032135307E-014
   5.7810326352771222       -3.6664688744928642E-014
   5.7873095436759030        3.6387702746441495E-014
   5.7935864520746838       -3.6885058774014519E-014
   5.7998633604734646        3.7441275177235406E-014
   5.8061402688722454       -3.7437054801810874E-014
   5.8124171772710262        3.7567240932980425E-014
   5.8186940856698071       -3.8411031489726826E-014
   5.8249709940685879        3.8826783340592679E-014
   5.8312479024673687       -3.8451694232056474E-014
   5.8375248108661495        4.0193441482688888E-014
   5.8438017192649303       -3.8305699475603477E-014
   5.8500786276637111        4.1159359071590377E-014
   5.8563555360624919       -3.9091648984343453E-014
   5.8626324444612727        4.1306494351372704E-014
   5.8689093528600536       -4.0683687898597877E-014
   5.8751862612588344        4.1817981716481475E-014
   5.8814631696576152       -4.1226890081912240E-014
   5.8877400780563960        4.2120455771106336E-014
   5.8940169864551768       -4.2067512123598175E-014
   5.9002938948539576        4.3232896576514385E-014
   5.9065708032527384       -4.2911092050226959E-014
   5.9128477116515192        4.3150794912274250E-014
   5.9191246200503000       -4.4033806758355142E-014
   5.9254015284490809        4.4738356162791583E-014
   5.9316784368478617       -4.4181323530337564E-014
   5.9379553452466425        4.5853371196675015E-014
   5.9442322536454233       -4.4552348691588427E-014
   5.9505091620442041        4.6088478033700263E-014
   5.9567860704429849       -4.6431559563814156E-014
   5.9630629788417657        4.6163139291293407E-014
   5.9693398872405457       -4.7316158162568902E-014
   5.9756167956393265        4.7405323355369809E-014
   5.9818937040381073       -4.7503051435702588E-014
   5.9881706124368881        4.8779214474864734E-014
   5.9944475208356689       -4.8048726389184531E-014
   6.0007244292344497        4.9529768858473900E-014
   6.0070013376332305       -4.9355186824497015E-014
   6.0132782460320113        5.0201440050930573E-014
   6.0195551544307921       -5.0487302526364834E-014
   6.0258320628295730        5.0803198161309434E-014
   6.0321089712283538       -5.1703612493366102E-014
   6.0383858796271346        5.1665390570654916E-014
   6.0446627880259154       -5.2068996978713513E-014
   6.0509396964246962        5.3103528788353622E-014
   6.0572166048234770       -5.2943764499454191E-014
   6.0634935132222578        5.3337791910762530E-014
   6.0697704216210386       -5.4488208106952535E-014
   6.0760473300198194        5.3891817266493053E-014
   6.0823242384186003       -5.5627361589185633E-014
   6.0886011468173811        5.5235476420848023E-014
   6.0948780552161619       -5.6167479332890045E-014
   6.1011549636149427        5.6730816023653439E-014
   6.1074318720137235       -5.6431018916794516E-014
   6.1137087804125043        5.8091634665962439E-014
   6.1199856888112851       -5.7811517590249793E-014
   6.1262625972100659        5.8255510776178391E-014
   6.1325395056088468       -5.9245902203915615E-014
   6.1388164140076276        5.9624434891800626E-014
   6.1450933224064084       -6.0195440334603026E-014
   6.1513702308051892        6.0444170116612170E-014
   6.1576471392039700       -6.1651120131825102E-014
   6.1639240476027508        6.1568448277184566E-014
   6.1702009560015316       -6.2243901871398115E-014
   6.1764778644003124        6.2833577651618787E-014
   6.1827547727990932       -6.3358654843919392E-014
   6.1890316811978741        6.4656063388297123E-014
   6.1953085895966549       -6.3722409667411850E-014
   6.2015854979954357        6.6059044529300051E-014
   6.2078624063942165       -6.5630190369182004E-014
   6.2141393147929973        6.6226590592833496E-014
   6.2204162231917781       -6.7700647730976319E-014
   6.2266931315905589        6.6861132875380118E-014
   6.2329700399893397       -6.8961383459601749E-014
   6.2392469483881206        6.8263335631035186E-014
   6.2455238567869014       -6.9853143988617484E-014
   6.2518007651856822        7.0302599079021137E-014
   6.2580776735844630       -7.0533819883152708E-014
   6.2643545819832438        7.1759831369746453E-014
   6.2706314903820246       -7.1950627325195494E-014
   6.2769083987808054        7.3039462579019291E-014
   6.2831853071795862       -7.3320353553649269E-014
