   6.2769083987808056E-003  -2.8363732073200532E-014
   1.2553816797561611E-002   3.0113880791066023E-014
   1.8830725196342418E-002  -2.9951266997079921E-014
   2.5107633595123222E-002   2.9603182017260248E-014
   3.1384541993904030E-002  -3.1571197721719468E-014
   3.7661450392684835E-002   3.0032497890430714E-014
   4.3938358791465640E-002  -3.1807489582296569E-014
   5.0215267190246445E-002   3.1042304476705567E-014
   5.6492175589027249E-002  -3.1625916581911094E-014
   6.2769083987808061E-002   3.2744802920831132E-014
   6.9045992386588859E-002  -3.1717023648292666E-014
   7.5322900785369670E-002   3.2891558400930985E-014
   8.1599809184150468E-002  -3.3353728497862886E-014
   8.7876717582931280E-002   3.3097530001606236E-014
   9.4153625981712077E-002  -3.3940047237380865E-014
  0.10043053438049289        3.4172714227733760E-014
  0.10670744277927370       -3.4330030435253409E-014
  0.11298435117805450        3.4749550100041354E-014
  0.11926125957683531       -3.5329152424082801E-014
  0.12553816797561612        3.5202608967406004E-014
  0.13181507637439691       -3.6067198768391622E-014
  0.13809198477317772        3.6006459837431755E-014
  0.14436889317195853       -3.7059410516840020E-014
  0.15064580157073934        3.6324274584725971E-014
  0.15692270996952015       -3.7739754663100377E-014
  0.16319961836830094        3.8106767669258614E-014
  0.16947652676708175       -3.7406195364174158E-014
  0.17575343516586256        3.9389424843437533E-014
  0.18203034356464337       -3.8417534585583211E-014
  0.18830725196342415        3.9955971501156997E-014
  0.19458416036220497       -3.9364039852561531E-014
  0.20086106876098578        4.0654423446747709E-014
  0.20713797715976659       -4.0672143175222931E-014
  0.21341488555854740        4.0765689075444889E-014
  0.21969179395732819       -4.2465462732605054E-014
  0.22596870235610900        4.1119570844559819E-014
  0.23224561075488981       -4.3048959478333908E-014
  0.23852251915367062        4.3007866599172387E-014
  0.24479942755245140       -4.2992992482091206E-014
  0.25107633595123224        4.4527904842634649E-014
  0.25735324435001306       -4.3743525203991246E-014
  0.26363015274879381        4.5495405658581633E-014
  0.26990706114757462       -4.5089299750596576E-014
  0.27618396954635543        4.6064862425290524E-014
  0.28246087794513625       -4.6643502020426876E-014
  0.28873778634391706        4.6986374088718150E-014
  0.29501469474269787       -4.7493057609078009E-014
  0.30129160314147868        4.8003629042460533E-014
  0.30756851154025949       -4.8823608126217001E-014
  0.31384541993904030        4.9180369379439011E-014
  0.32012232833782106       -4.9914965972358264E-014
  0.32639923673660187        5.0337405340375618E-014
  0.33267614513538268       -5.1126674499199964E-014
  0.33895305353416350        5.1539721866600017E-014
  0.34522996193294431       -5.2605018391659282E-014
  0.35150687033172512        5.2361957058868825E-014
  0.35778377873050593       -5.4230882132052550E-014
  0.36406068712928674        5.4165569179504649E-014
  0.37033759552806755       -5.4367130734901423E-014
  0.37661450392684831        5.6253440873675815E-014
  0.38289141232562912       -5.5648887101349712E-014
  0.38916832072440993        5.7520136934685609E-014
  0.39544522912319074       -5.6735145639420373E-014
  0.40172213752197156        6.0008975952968185E-014
  0.40799904592075237       -5.6880537951807261E-014
  0.41427595431953318        6.3340972767079875E-014
  0.42055286271831399       -5.4239369724611117E-014
  0.42682977111709480        7.3562699682695617E-014
  0.43310667951587556       -4.0962881111515670E-014
  0.43938358791465637        1.0051668139472945E-013
  0.44566049631343718        2.0340656224811801E-015
  0.45193740471221799        1.7978729087720477E-013
  0.45821431311099881        1.3443890836783524E-013
  0.46449122150977962        4.1259902933900778E-013
  0.47076812990856043        5.3082862885890094E-013
  0.47704503830734124        1.0989826579357819E-012
  0.48332194670612205        1.7025597195765641E-012
  0.48959885510490281        3.1066949804322764E-012
  0.49587576350368362        5.1188521306554005E-012
  0.50215267190246449        8.9162235435491845E-012
  0.50842958030124530        1.4954834325850331E-011
  0.51470648870002611        2.5533346985583326E-011
  0.52098339709880681        4.2926601278163647E-011
  0.52726030549758762        7.2482691904984058E-011
  0.53353721389636843        1.2145601013730492E-010
  0.53981412229514925        2.0340975474490589E-010
  0.54609103069393006        3.3898186590636107E-010
  0.55236793909271087        5.6356456885859183E-010
  0.55864484749149168        9.3313553952654098E-010
  0.56492175589027249        1.5401751168836573E-009
  0.57119866428905330        2.5323570366645449E-009
  0.57747557268783412        4.1489027496264503E-009
  0.58375248108661493        6.7711029809405746E-009
  0.59002938948539574        1.1008460981953968E-008
  0.59630629788417655        1.7826153627727236E-008
  0.60258320628295736        2.8749877245723414E-008
  0.60886011468173817        4.6174821613027543E-008
  0.61513702308051899        7.3846834258106245E-008
  0.62141393147929980        1.1758881181223749E-007
  0.62769083987808061        1.8640875946496800E-007
  0.63396774827686131        2.9416057797751161E-007
  0.64024465667564212        4.6203523792219543E-007
  0.64652156507442293        7.2225295874440218E-007
  0.65279847347320374        1.1235149649975168E-006
  0.65907538187198456        1.7389745254579596E-006
  0.66535229027076537        2.6778201507498622E-006
  0.67162919866954618        4.1019529459118951E-006
  0.67790610706832699        6.2498152363665659E-006
  0.68418301546710780        9.4701176142978997E-006
  0.69045992386588861        1.4269153688380853E-005
  0.69673683226466943        2.1376511255156808E-005
  0.70301374066345024        3.1835413120754791E-005
  0.70929064906223105        4.7125545566664267E-005
  0.71556755746101186        6.9328134816123283E-005
  0.72184446585979267        1.0134501966954301E-004
  0.72812137425857348        1.4718548892734756E-004
  0.73439828265735430        2.1233632585731561E-004
  0.74067519105613511        3.0423152072405765E-004
  0.74695209945491581        4.3283777344620226E-004
  0.75322900785369662        6.1136950240194465E-004
  0.75950591625247743        8.5714146148971467E-004
  0.76578282465125824        1.1925570616303459E-003
  0.77205973305003905        1.6462145810020219E-003
  0.77833664144881987        2.2540901691716067E-003
  0.78461354984760068        3.0607245713026253E-003
  0.79089045824638149        4.1202988531146394E-003
  0.79716736664516230        5.4974352268253052E-003
  0.80344427504394311        7.2675073985575423E-003
  0.80972118344272392        9.5161827610377794E-003
  0.81599809184150474        1.2337860539542049E-002
  0.82227500024028555        1.5832628720250212E-002
  0.82855190863906636        2.0101347342660475E-002
  0.83482881703784717        2.5238493783286148E-002
  0.84110572543662798        3.1322496200931645E-002
  0.84738263383540879        3.8403453072497915E-002
  0.85365954223418961        4.6488405630629316E-002
  0.85993645063297042        5.5524704090339286E-002
  0.86621335903175112        6.5382483164696720E-002
  0.87249026743053193        7.5837813765093659E-002
  0.87876717582931274        8.6558678162109201E-002
  0.88504408422809355        9.7096449545084978E-002
  0.89132099262687436       0.10688594046545659     
  0.89759790102565518       0.11525719248322576     
  0.90387480942443599       0.12146187551054297     
  0.91015171782321680       0.12471632519898075     
  0.91642862622199761       0.12426178155911613     
  0.92270553462077842       0.11944028881668996     
  0.92898244301955923       0.10978204468853672     
  0.93525935141834005        9.5096946354598325E-002
  0.94153625981712086        7.5560254790434794E-002
  0.94781316821590167        5.1780008820883454E-002
  0.95409007661468248        2.4832431859935080E-002
  0.96036698501346329       -3.7480764516371642E-003
  0.96664389341224410       -3.2035200904585670E-002
  0.97292080181102492       -5.7839003624450609E-002
  0.97919771020980562       -7.8894539958083043E-002
  0.98547461860858643       -9.3099692734683090E-002
  0.99175152700736724       -9.8780859445920050E-002
  0.99802843540614805       -9.4955533592276181E-002
   1.0043053438049290       -8.1553772019518786E-002
   1.0105822522037098       -5.9557996549413836E-002
   1.0168591606024906       -3.1024217475058725E-002
   1.0231360690012714        1.0414371359529293E-003
   1.0294129774000522        3.2959185965348393E-002
   1.0356898857988328        6.0790045633440343E-002
   1.0419667941976136        8.0847467384738247E-002
   1.0482437025963944        9.0241304530608218E-002
   1.0545206109951752        8.7371884014595308E-002
   1.0607975193939561        7.2286155189767012E-002
   1.0670744277927369        4.6817050147534005E-002
   1.0733513361915177        1.4452514524831390E-002
   1.0796282445902985       -2.0079554157383970E-002
   1.0859051529890793       -5.1475070521946664E-002
   1.0921820613878601       -7.4680335243410612E-002
   1.0984589697866409       -8.5753530355320490E-002
   1.1047358781854217       -8.2609670910315625E-002
   1.1110127865842025       -6.5500210377838236E-002
   1.1172896949829834       -3.7111004643225816E-002
   1.1235666033817642       -2.2225219997118119E-003
   1.1298435117805450        3.3044443964858464E-002
   1.1361204201793258        6.2289720182232090E-002
   1.1423973285781066        8.0020949161938110E-002
   1.1486742369768874        8.2743135004352861E-002
   1.1549511453756682        6.9725251949213835E-002
   1.1612280537744490        4.3264693316595569E-002
   1.1675049621732299        8.3593400190714890E-003
   1.1737818705720107       -2.8185832480804054E-002
   1.1800587789707915       -5.9068738600926395E-002
   1.1863356873695723       -7.7967692427316937E-002
   1.1926125957683531       -8.0883382251657532E-002
   1.1988895041671339       -6.7050862740966125E-002
   1.2051664125659147       -3.9201854420584534E-002
   1.2114433209646955       -3.0869941159443449E-003
   1.2177202293634763        3.3673627959149403E-002
   1.2239971377622572        6.3189578569703433E-002
   1.2302740461610380        7.9013923783480294E-002
   1.2365509545598188        7.7593949018804023E-002
   1.2428278629585996        5.9122458881140101E-002
   1.2491047713573804        2.7574892705171439E-002
   1.2553816797561612       -1.0104916060336979E-002
   1.2616585881549420       -4.5512715022970288E-002
   1.2679354965537226       -7.0661216337658941E-002
   1.2742124049525034       -7.9804978888087380E-002
   1.2804893133512842       -7.0788858726480774E-002
   1.2867662217500651       -4.5594556724097970E-002
   1.2930431301488459       -9.9391592415647625E-003
   1.2993200385476267        2.8001046868088585E-002
   1.3055969469464075        5.9460077054025930E-002
   1.3118738553451883        7.7117059005529981E-002
   1.3181507637439691        7.6820228322182937E-002
   1.3244276721427499        5.8588452540770941E-002
   1.3307045805415307        2.6642810439833273E-002
   1.3369814889403115       -1.1552701631610863E-002
   1.3432583973390924       -4.7026655598396701E-002
   1.3495353057378732       -7.1409089887676802E-002
   1.3558122141366540       -7.8916562581968011E-002
   1.3620891225354348       -6.7739479793449284E-002
   1.3683660309342156       -4.0495149268291869E-002
   1.3746429393329964       -3.6297798101598390E-003
   1.3809198477317772        3.4096996552453109E-002
   1.3871967561305580        6.3690446831055847E-002
   1.3934736645293389        7.8069036150945598E-002
   1.3997505729281197        7.3768560351026816E-002
   1.4060274813269005        5.1790010629389011E-002
   1.4123043897256813        1.7381138774093016E-002
   1.4185812981244621       -2.1204445796358228E-002
   1.4248582065232429       -5.4680696566270073E-002
   1.4311351149220237       -7.4964784188987207E-002
   1.4374120233208045       -7.7136384587284987E-002
   1.4436889317195853       -6.0643558883987841E-002
   1.4499658401183662       -2.9456426902352843E-002
   1.4562427485171470        8.8769871004067500E-003
   1.4625196569159278        4.5051117620822402E-002
   1.4687965653147086        7.0261766903453468E-002
   1.4750734737134894        7.8354746967523828E-002
   1.4813503821122702        6.7337837077742393E-002
   1.4876272905110510        3.9881665178863886E-002
   1.4939041989098316        2.6807484536764468E-003
   1.5001811073086124       -3.5174554108771079E-002
   1.5064580157073932       -6.4419853792491974E-002
   1.5127349241061741       -7.7888318269276835E-002
   1.5190118325049549       -7.2272967832277324E-002
   1.5252887409037357       -4.8943914908732462E-002
   1.5315656493025165       -1.3616684782428166E-002
   1.5378425577012973        2.5048802519419947E-002
   1.5441194661000781        5.7574417302730253E-002
   1.5503963744988589        7.5991204184124986E-002
   1.5566732828976397        7.5794085462345631E-002
   1.5629501912964205        5.7042479448042048E-002
   1.5692270996952014        2.4337391667168012E-002
   1.5755040080939822       -1.4316272546527294E-002
   1.5817809164927630       -4.9477262832410662E-002
   1.5880578248915438       -7.2575207363773625E-002
   1.5943347332903246       -7.7993986316382352E-002
   1.6006116416891054       -6.4429229983622188E-002
   1.6068885500878862       -3.5194383349104096E-002
   1.6131654584866670        2.5946342214704082E-003
   1.6194423668854478        3.9754545412813307E-002
   1.6257192752842287        6.7266345057082733E-002
   1.6319961836830095        7.8461653357624880E-002
   1.6382730920817903        7.0634741231119041E-002
   1.6445500004805711        4.5691645800743745E-002
   1.6508269088793519        9.6816810909760766E-003
   1.6571038172781327       -2.8672752559301788E-002
   1.6633807256769135       -6.0090284593530323E-002
   1.6696576340756943       -7.6976027982749579E-002
   1.6759345424744752       -7.5255236810246429E-002
   1.6822114508732560       -5.5352843185778738E-002
   1.6884883592720368       -2.2084047822922857E-002
   1.6947652676708176        1.6515110103901099E-002
   1.7010421760695984        5.1132207417581593E-002
   1.7073190844683792        7.3426469797605268E-002
   1.7135959928671600        7.8037022850066626E-002
   1.7198729012659408        6.3867669528519674E-002
   1.7261498096647214        3.4340848023104394E-002
   1.7324267180635022       -3.4366800216832087E-003
   1.7387036264622830       -4.0391207154929012E-002
   1.7449805348610639       -6.7665506099294614E-002
   1.7512574432598447       -7.8741260385246467E-002
   1.7575343516586255       -7.0991186719001592E-002
   1.7638112600574063       -4.6291868607849035E-002
   1.7700881684561871       -1.0556437317501386E-002
   1.7763650768549679        2.7693649711971996E-002
   1.7826419852537487        5.9369356829521172E-002
   1.7889188936525295        7.6975644856660697E-002
   1.7951958020513104        7.6378202682930940E-002
   1.8014727104500912        5.7759361517141457E-002
   1.8077496188488720        2.5545014468321314E-002
   1.8140265272476528       -1.2668544062651910E-002
   1.8203034356464336       -4.7922425114178289E-002
   1.8265803440452144       -7.2002492861148917E-002
   1.8328572524439952       -7.9347502949859969E-002
   1.8391341608427760       -6.8314670890494575E-002
   1.8454110692415568       -4.1518040557617229E-002
   1.8516879776403377       -5.1771744575515163E-003
   1.8579648860391185        3.2354689763046861E-002
   1.8642417944378993        6.2527467686972010E-002
   1.8705187028366801        7.8541689188040220E-002
   1.8767956112354609        7.6861444650827601E-002
   1.8830725196342417        5.7959254245428277E-002
   1.8893494280330225        2.6143901250350751E-002
   1.8956263364318033       -1.1465346061494297E-002
   1.9019032448305841       -4.6564375477533969E-002
   1.9081801532293650       -7.1510281561450895E-002
   1.9144570616281458       -8.0973032833694503E-002
   1.9207339700269266       -7.3037108817577190E-002
   1.9270108784257074       -4.9533162687019773E-002
   1.9332877868244882       -1.5557305877780463E-002
   1.9395646952232690        2.1686707942381447E-002
   1.9458416036220498        5.4448383480225945E-002
   1.9521185120208304        7.6048559785880682E-002
   1.9583954204196112        8.2214968700663832E-002
   1.9646723288183920        7.1873314479144551E-002
   1.9709492372171729        4.7259581488532473E-002
   1.9772261456159537        1.3366279834270038E-002
   1.9835030540147345       -2.3130538457552384E-002
   1.9897799624135153       -5.5222178950692556E-002
   1.9960568708122961       -7.6916082791067306E-002
   2.0023337792110771       -8.4322578703583159E-002
   2.0086106876098579       -7.6289430669567990E-002
   2.0148875960086388       -5.4494902684710300E-002
   2.0211645044074196       -2.3019324017086267E-002
   2.0274414128062004        1.2489312215947634E-002
   2.0337183212049812        4.5875321259592899E-002
   2.0399952296037620        7.1555389105305914E-002
   2.0462721380025428        8.5428346132629021E-002
   2.0525490464013236        8.5472237069008514E-002
   2.0588259548001044        7.1954471489587932E-002
   2.0651028631988853        4.7254507567272092E-002
   2.0713797715976656        1.5363825121859074E-002
   2.0776566799964464       -1.8825565296114163E-002
   2.0839335883952272       -5.0310769434512237E-002
   2.0902104967940081       -7.4715355787478621E-002
   2.0964874051927889       -8.8867756513544297E-002
   2.1027643135915697       -9.1151871478708985E-002
   2.1090412219903505       -8.1604515223373419E-002
   2.1153181303891313       -6.1775610757357269E-002
   2.1215950387879121       -3.4399810939171924E-002
   2.1278719471866929       -2.9487021167298299E-003
   2.1341488555854737        2.8860251697323057E-002
   2.1404257639842545        5.7527136526230149E-002
   2.1467026723830354        8.0149131262679751E-002
   2.1529795807818162        9.4680043798198638E-002
   2.1592564891805970       0.10005538067869175     
   2.1655333975793778        9.6188427707564014E-002
   2.1718103059781586        8.3858440031413239E-002
   2.1780872143769394        6.4521835406259304E-002
   2.1843641227757202        4.0081125750725907E-002
   2.1906410311745010        1.2644917179618997E-002
   2.1969179395732819       -1.5693050194529913E-002
   2.2031948479720627       -4.3035596229521265E-002
   2.2094717563708435       -6.7812890672924730E-002
   2.2157486647696243       -8.8858832975503801E-002
   2.2220255731684051      -0.10543626019042700     
   2.2283024815671859      -0.11721905712800049     
   2.2345793899659667      -0.12424202936743668     
   2.2408562983647475      -0.12683029713406907     
   2.2471332067635283      -0.12551933810572485     
   2.2534101151623092      -0.12097511096896933     
   2.2596870235610900      -0.11392140130332341     
   2.2659639319598708      -0.10507906594650528     
   2.2722408403586516       -9.5119536889174613E-002
   2.2785177487574324       -8.4633000879846473E-002
   2.2847946571562132       -7.4110216542293203E-002
   2.2910715655549940       -6.3935955562549038E-002
   2.2973484739537748       -5.4391531020562267E-002
   2.3036253823525557       -4.5663788741485682E-002
   2.3099022907513365       -3.7858117364658543E-002
   2.3161791991501173       -3.1013383390432751E-002
   2.3224561075488981       -2.5117138872540558E-002
   2.3287330159476789       -2.0119909075542761E-002
   2.3350099243464597       -1.5947795244845766E-002
   2.3412868327452405       -1.2512991824315695E-002
   2.3475637411440213       -9.7221035838928709E-003
   2.3538406495428021       -7.4823540765217534E-003
   2.3601175579415830       -5.7059095117704883E-003
   2.3663944663403638       -4.3126132931989450E-003
   2.3726713747391446       -3.2314500486425187E-003
   2.3789482831379254       -2.4010478081218571E-003
   2.3852251915367062       -1.7694953530789552E-003
   2.3915020999354870       -1.2937087993072512E-003
   2.3977790083342678       -9.3853476399264420E-004
   2.4040559167330486       -6.7573233718644322E-004
   2.4103328251318294       -4.8293572340948508E-004
   2.4166097335306103       -3.4266555289195626E-004
   2.4228866419293911       -2.4142988309215106E-004
   2.4291635503281719       -1.6893557938710204E-004
   2.4354404587269527       -1.1741624343780444E-004
   2.4417173671257335       -8.1073184015060325E-005
   2.4479942755245143       -5.5620017572701472E-005
   2.4542711839232951       -3.7918463389239691E-005
   2.4605480923220759       -2.5691833478613077E-005
   2.4668250007208568       -1.7303008777964978E-005
   2.4731019091196376       -1.1584736911430870E-005
   2.4793788175184184       -7.7115776713892743E-006
   2.4856557259171992       -5.1044150709718005E-006
   2.4919326343159800       -3.3600557308214127E-006
   2.4982095427147608       -2.1998628933170777E-006
   2.5044864511135416       -1.4326610160016224E-006
   2.5107633595123224       -9.2819423170262738E-007
   2.5170402679111032       -5.9831560848973616E-007
   2.5233171763098841       -3.8376462055761039E-007
   2.5295940847086644       -2.4495707084308832E-007
   2.5358709931074452       -1.5561473152653311E-007
   2.5421479015062260       -9.8399747697784898E-008
   2.5484248099050069       -6.1938783871478864E-008
   2.5547017183037877       -3.8815446179416901E-008
   2.5609786267025685       -2.4219126567047438E-008
   2.5672555351013493       -1.5047911633988893E-008
   2.5735324435001301       -9.3108145697973283E-009
   2.5798093518989109       -5.7379446535107327E-009
   2.5860862602976917       -3.5220027950913437E-009
   2.5923631686964725       -2.1536863419255442E-009
   2.5986400770952534       -1.3118530007861621E-009
   2.6049169854940342       -7.9630420073800809E-010
   2.6111938938928150       -4.8146760075763773E-010
   2.6174708022915958       -2.9024620047836913E-010
   2.6237477106903766       -1.7421496078849643E-010
   2.6300246190891574       -1.0437321140967522E-010
   2.6363015274879382       -6.2173947636312616E-011
   2.6425784358867190       -3.7067325562272850E-011
   2.6488553442854998       -2.1881904064102032E-011
   2.6551322526842807       -1.3023803660530832E-011
   2.6614091610830615       -7.5841030483488228E-012
   2.6676860694818423       -4.5448570328265515E-012
   2.6739629778806231       -2.5743803906030283E-012
   2.6802398862794039       -1.5908197604999744E-012
   2.6865167946781847       -8.4064480758609984E-013
   2.6927937030769655       -5.7356079098164367E-013
   2.6990706114757463       -2.4861876980528693E-013
   2.7053475198745272       -2.2649486209540723E-013
   2.7116244282733080       -4.8661220129128615E-014
   2.7179013366720888       -1.0925806400220754E-013
   2.7241782450708696        1.7129963064634200E-014
   2.7304551534696504       -6.9387835854818007E-014
   2.7367320618684312        3.8713205334940366E-014
   2.7430089702672120       -5.4841898412531064E-014
   2.7492858786659928        4.5593363617490332E-014
   2.7555627870647736       -4.9272536520192468E-014
   2.7618396954635545        4.7316573356207074E-014
   2.7681166038623353       -4.6478153046626058E-014
   2.7743935122611161        4.6580608463633364E-014
   2.7806704206598969       -4.5780229667110869E-014
   2.7869473290586777        4.5588384288850324E-014
   2.7932242374574585       -4.5068159135511739E-014
   2.7995011458562393        4.4285349749518510E-014
   2.8057780542550201       -4.4248930018572661E-014
   2.8120549626538009        4.3348515353536442E-014
   2.8183318710525818       -4.2871274815310991E-014
   2.8246087794513626        4.3069465818337023E-014
   2.8308856878501434       -4.2180658609160857E-014
   2.8371625962489242        4.1567192217291541E-014
   2.8434395046477050       -4.1415959913732775E-014
   2.8497164130464858        4.0977155922177584E-014
   2.8559933214452666       -4.0299855638544416E-014
   2.8622702298440474        4.0379747452158532E-014
   2.8685471382428283       -3.9123376313923587E-014
   2.8748240466416091        3.9377585139400284E-014
   2.8811009550403899       -3.8812054831062626E-014
   2.8873778634391707        3.8297612775105688E-014
   2.8936547718379515       -3.8648794738248045E-014
   2.8999316802367323        3.7089496522210658E-014
   2.9062085886355131       -3.7410425788506543E-014
   2.9124854970342939        3.7099322506520282E-014
   2.9187624054330747       -3.5980510428536461E-014
   2.9250393138318556        3.6924722734287676E-014
   2.9313162222306364       -3.4790639048147495E-014
   2.9375931306294172        3.6338611343802253E-014
   2.9438700390281980       -3.4357098925454957E-014
   2.9501469474269788        3.4830061426667749E-014
   2.9564238558257596       -3.4781566651425154E-014
   2.9627007642245404        3.3402562171525101E-014
   2.9689776726233212       -3.4296806605122431E-014
   2.9752545810221021        3.3269224484873255E-014
   2.9815314894208829       -3.2805593579885302E-014
   2.9878083978196632        3.2930019135960052E-014
   2.9940853062184440       -3.2278424980091917E-014
   3.0003622146172249        3.1930628403454677E-014
   3.0066391230160057       -3.1885830606336431E-014
   3.0129160314147865        3.1154297492073429E-014
   3.0191929398135673       -3.1607848860534182E-014
   3.0254698482123481        3.0582926738283730E-014
   3.0317467566111289       -3.0906669368253496E-014
   3.0380236650099097        3.0123719780771788E-014
   3.0443005734086905       -2.9874985597547976E-014
   3.0505774818074713        3.0191402393455132E-014
   3.0568543902062522       -2.8968515202125990E-014
   3.0631312986050330        2.9143922705677104E-014
   3.0694082070038138       -2.9455132400343319E-014
   3.0756851154025946        2.7759577704925686E-014
   3.0819620238013754       -2.8796462106254068E-014
   3.0882389322001562        2.7820074332982951E-014
   3.0945158405989370       -2.7861617706211143E-014
   3.1007927489977178        2.7679732223815840E-014
   3.1070696573964987       -2.7075427389173922E-014
   3.1133465657952795        2.7207599875621852E-014
   3.1196234741940603       -2.6701904600928389E-014
   3.1259003825928411        2.6460711488962267E-014
   3.1321772909916219       -2.6862167377474982E-014
   3.1384541993904027        2.5294183565810566E-014
   3.1447311077891835       -2.6576377679067520E-014
   3.1510080161879643        2.5012089662291298E-014
   3.1572849245867451       -2.5541005736546496E-014
   3.1635618329855260        2.5264370007238054E-014
   3.1698387413843068       -2.4686857188309666E-014
   3.1761156497830876        2.4850281184515225E-014
   3.1823925581818684       -2.4163648959847426E-014
   3.1886694665806492        2.4528376261568716E-014
   3.1949463749794300       -2.3730662692778323E-014
   3.2012232833782108        2.3487656259817264E-014
   3.2075001917769916       -2.3752969654848601E-014
   3.2137771001757724        2.3168709216357065E-014
   3.2200540085745533       -2.3168436575045494E-014
   3.2263309169733341        2.3012651156392741E-014
   3.2326078253721149       -2.2392161557646950E-014
   3.2388847337708957        2.2685709431865135E-014
   3.2451616421696765       -2.2291907514871593E-014
   3.2514385505684573        2.1675998885512689E-014
   3.2577154589672381       -2.2282787613396689E-014
   3.2639923673660189        2.1434239206371056E-014
   3.2702692757647998       -2.1887986796628047E-014
   3.2765461841635806        2.1307302294235199E-014
   3.2828230925623614       -2.0902748941380783E-014
   3.2891000009611422        2.1206884371579561E-014
   3.2953769093599230       -2.0358131464436390E-014
   3.3016538177587038        2.0927037916610292E-014
   3.3079307261574846       -2.0228541990479635E-014
   3.3142076345562654        2.0170324591207905E-014
   3.3204845429550462       -2.0394178739991610E-014
   3.3267614513538271        1.9173434168588672E-014
   3.3330383597526079       -1.9853082147742713E-014
   3.3393152681513887        1.9928689021842507E-014
   3.3455921765501695       -1.8958053256037421E-014
   3.3518690849489503        1.9523914787625578E-014
   3.3581459933477311       -1.8869187086805434E-014
   3.3644229017465119        1.8721323838920762E-014
   3.3706998101452927       -1.9170382288026148E-014
   3.3769767185440736        1.7908014561029978E-014
   3.3832536269428544       -1.9070730206618116E-014
   3.3895305353416352        1.7433490258821670E-014
   3.3958074437404160       -1.8910767828556202E-014
   3.4020843521391968        1.7401541412668349E-014
   3.4083612605379776       -1.7756220883028450E-014
   3.4146381689367584        1.8075254609265622E-014
   3.4209150773355392       -1.6855839970848581E-014
   3.4271919857343200        1.7514509258502548E-014
   3.4334688941331009       -1.7144186334986865E-014
   3.4397458025318817        1.7051811312227776E-014
   3.4460227109306620       -1.7021731308722959E-014
   3.4522996193294428        1.6085521643013353E-014
   3.4585765277282237       -1.7257067358888336E-014
   3.4648534361270045        1.5882582394738676E-014
   3.4711303445257853       -1.6735377009080874E-014
   3.4774072529245661        1.5497941400792182E-014
   3.4836841613233469       -1.6867796786600999E-014
   3.4899610697221277        1.4821042011027334E-014
   3.4962379781209085       -1.6767417242217095E-014
   3.5025148865196893        1.4662487509717022E-014
   3.5087917949184702       -1.5882346185693144E-014
   3.5150687033172510        1.5316213553063159E-014
   3.5213456117160318       -1.5399796532524112E-014
   3.5276225201148126        1.4708169112681005E-014
   3.5338994285135934       -1.5314866788609439E-014
   3.5401763369123742        1.4222114027970634E-014
   3.5464532453111550       -1.5604795484873740E-014
   3.5527301537099358        1.3642138007775298E-014
   3.5590070621087166       -1.4954254471507372E-014
   3.5652839705074975        1.3975797007115574E-014
   3.5715608789062783       -1.4112685649217206E-014
   3.5778377873050591        1.4030658810845605E-014
   3.5841146957038399       -1.4130327527700914E-014
   3.5903916041026207        1.3596434439791108E-014
   3.5966685125014015       -1.4059214864925546E-014
   3.6029454209001823        1.2881481698655604E-014
   3.6092223292989631       -1.4238321525213412E-014
   3.6154992376977440        1.2486058639092066E-014
   3.6217761460965248       -1.3586861901298402E-014
   3.6280530544953056        1.3015778871713695E-014
   3.6343299628940864       -1.2818468726524193E-014
   3.6406068712928672        1.3286040955928221E-014
   3.6468837796916480       -1.2150454467034670E-014
   3.6531606880904288        1.3118429066372302E-014
   3.6594375964892096       -1.2169438370617494E-014
   3.6657145048879904        1.2366053535477109E-014
   3.6719914132867713       -1.2751793656323383E-014
   3.6782683216855521        1.1411883961043739E-014
   3.6845452300843329       -1.3002064506590900E-014
   3.6908221384831137        1.0931578792057790E-014
   3.6970990468818945       -1.3583867623950147E-014
   3.7033759552806753        8.5709674221174172E-015
   3.7096528636794561       -1.8028707144423303E-014
   3.7159297720782369        1.1760741159474459E-015
   3.7222066804770177       -2.8458537122354514E-014
   3.7284835888757986       -1.5781264158699966E-014
   3.7347604972745794       -5.5176246660612120E-014
   3.7410374056733602       -5.9661496127996055E-014
   3.7473143140721410       -1.2501868863743419E-013
   3.7535912224709218       -1.7184422283929945E-013
   3.7598681308697026       -3.0268560286090843E-013
   3.7661450392684834       -4.5299388860164049E-013
   3.7724219476672642       -7.4423280208674682E-013
   3.7786988560660451       -1.1452496313769655E-012
   3.7849757644648259       -1.8220378844169159E-012
   3.7912526728636067       -2.8138951490175122E-012
   3.7975295812623875       -4.3924523033098284E-012
   3.8038064896611683       -6.7553164192322419E-012
   3.8100833980599491       -1.0401428363680666E-011
   3.8163603064587299       -1.5866493915301175E-011
   3.8226372148575107       -2.4134862916640222E-011
   3.8289141232562915       -3.6443833021632700E-011
   3.8351910316550724       -5.4779605549493898E-011
   3.8414679400538532       -8.1799596635905401E-011
   3.8477448484526340       -1.2147902728041864E-010
   3.8540217568514148       -1.7924553648983690E-010
   3.8602986652501956       -2.6288575069045386E-010
   3.8665755736489764       -3.8302494622989411E-010
   3.8728524820477572       -5.5445352519147139E-010
   3.8791293904465380       -7.9713566200084041E-010
   3.8854062988453189       -1.1381544852401842E-009
   3.8916832072440997       -1.6134506158264043E-009
   3.8979601156428805       -2.2705682027577993E-009
   3.9042370240416608       -3.1712544972264890E-009
   3.9105139324404417       -4.3950376505882282E-009
   3.9167908408392225       -6.0425530046240750E-009
   3.9230677492380033       -8.2395706992497870E-009
   3.9293446576367841       -1.1140318564678453E-008
   3.9356215660355649       -1.4930770425345300E-008
   3.9418984744343457       -1.9830211282733467E-008
   3.9481753828331265       -2.6091396924279148E-008
   3.9544522912319073       -3.3997264885352971E-008
   3.9607291996306881       -4.3854134947873464E-008
   3.9670061080294690       -5.5979127634038213E-008
   3.9732830164282498       -7.0681642308889327E-008
   3.9795599248270306       -8.8236823989248632E-008
   3.9858368332258114       -1.0885142602489823E-007
   3.9921137416245922       -1.3262111122703049E-007
   3.9983906500233730       -1.5948126504875101E-007
   4.0046675584221543       -1.8915273049505441E-007
   4.0109444668209351       -2.2108746455205006E-007
   4.0172213752197159       -2.5441897687095301E-007
   4.0234982836184967       -2.8792610112464000E-007
   4.0297751920172775       -3.2001823838281971E-007
   4.0360521004160583       -3.4875292173120517E-007
   4.0423290088148391       -3.7189441789383423E-007
   4.0486059172136200       -3.8702219027822839E-007
   4.0548828256124008       -3.9169263758459278E-007
   4.0611597340111816       -3.8365370474414387E-007
   4.0674366424099624       -3.6110267335295236E-007
   4.0737135508087432       -3.2297011858953360E-007
   4.0799904592075240       -2.6920177008794930E-007
   4.0862673676063048       -2.0100379313032699E-007
   4.0925442760050856       -1.2100914784667256E-007
   4.0988211844038664       -3.3322513945323491E-008
   4.1050980928026473        5.6595970563129536E-008
   4.1113750012014281        1.4223437027560763E-007
   4.1176519096002089        2.1652808590683060E-007
   4.1239288179989897        2.7253416737732300E-007
   4.1302057263977705        3.0423079218598332E-007
   4.1364826347965504        3.0735853360752935E-007
   4.1427595431953312        2.8019474985277730E-007
   4.1490364515941121        2.2413510648218470E-007
   4.1553133599928929        1.4395894551713168E-007
   4.1615902683916737        4.7676118538507510E-008
   4.1678671767904545       -5.4100447506184846E-008
   4.1741440851892353       -1.4924834997483003E-007
   4.1804209935880161       -2.2560752844133741E-007
   4.1866979019867969       -2.7266385285453735E-007
   4.1929748103855777       -2.8320971128190640E-007
   4.1992517187843585       -2.5471017358801517E-007
   4.2055286271831394       -1.9010629943018534E-007
   4.2118055355819202       -9.7842558446100645E-008
   4.2180824439807010        8.9926608379814380E-009
   4.2243593523794818        1.1438119972172396E-007
   4.2306362607782626        2.0175323293809247E-007
   4.2369131691770434        2.5668839088301241E-007
   4.2431900775758242        2.6949385053774146E-007
   4.2494669859746050        2.3717695745855165E-007
   4.2557438943733858        1.6438589456037957E-007
   4.2620208027721667        6.3038045141594173E-008
   4.2682977111709475       -4.9419966809914810E-008
   4.2745746195697283       -1.5291453498633624E-007
   4.2808515279685091       -2.2834921727372221E-007
   4.2871284363672899       -2.6126349343314381E-007
   4.2934053447660707       -2.4482356666776341E-007
   4.2996822531648515       -1.8149349871324558E-007
   4.3059591615636323       -8.2949318210047282E-008
   4.3122360699624132        3.1869470454178289E-008
   4.3185129783611940        1.4029278722662149E-007
   4.3247898867599748        2.2039961457596220E-007
   4.3310667951587556        2.5555768078473404E-007
   4.3373437035575364        2.3806023046237521E-007
   4.3436206119563172        1.7103002866517816E-007
   4.3498975203550980        6.8086972395458504E-008
   4.3561744287538788       -4.9259922807079026E-008
   4.3624513371526596       -1.5603243833469576E-007
   4.3687282455514405       -2.2911933494295614E-007
   4.3750051539502213       -2.5238093383980742E-007
   4.3812820623490021       -2.2036903168042542E-007
   4.3875589707477829       -1.3977118591278377E-007
   4.3938358791465637       -2.8169039656735165E-008
   4.4001127875453445        8.9698153643632953E-008
   4.4063896959441253        1.8739031468099703E-007
   4.4126666043429061        2.4274039921723931E-007
   4.4189435127416870        2.4298031088559749E-007
   4.4252204211404678        1.8780694634108378E-007
   4.4314973295392486        8.9625007962589135E-008
   4.4377742379380294       -2.9153876458102150E-008
   4.4440511463368102       -1.4118486115307543E-007
   4.4503280547355910       -2.2049249400400131E-007
   4.4566049631343718       -2.4854204360923139E-007
   4.4628818715331526       -2.1864530674124672E-007
   4.4691587799319334       -1.3763455172689386E-007
   4.4754356883307143       -2.4369630565853882E-008
   4.4817125967294951        9.4610664316720493E-008
   4.4879895051282759        1.9129637952039827E-007
   4.4942664135270567        2.4282005564481149E-007
   4.5005433219258375        2.3690685531366413E-007
   4.5068202303246183        1.7485131443045792E-007
   4.5130971387233991        7.1286947806580177E-008
   4.5193740471221799       -4.9225041220695264E-008
   4.5256509555209607       -1.5800030916279144E-007
   4.5319278639197416       -2.2906012155477580E-007
   4.5382047723185224       -2.4535747286681382E-007
   4.5444816807173032       -2.0290325293035276E-007
   4.5507585891160840       -1.1178665774546747E-007
   4.5570354975148648        6.1793988544470860E-009
   4.5633124059136456        1.2265030844214300E-007
   4.5695893143124264        2.0955154450396773E-007
   4.5758662227112072        2.4585972872765728E-007
   4.5821431311099881        2.2272125325935928E-007
   4.5884200395087689        1.4565331160407412E-007
   4.5946969479075497        3.3269515734040255E-008
   4.6009738563063305       -8.7186748575653316E-008
   4.6072507647051113       -1.8643614451911543E-007
   4.6135276731038921       -2.4028996415384116E-007
   4.6198045815026729       -2.3557062838407659E-007
   4.6260814899014537       -1.7336893014651685E-007
   4.6323583983002345       -6.8823337493780754E-008
   4.6386353066990154        5.2543951680500981E-008
   4.6449122150977962        1.6105186260858905E-007
   4.6511891234965770        2.3012727624381417E-007
   4.6574660318953578        2.4282976891727487E-007
   4.6637429402941386        1.9602471252713928E-007
   4.6700198486929194        1.0116968115080448E-007
   4.6762967570917002       -1.8487365575369707E-008
   4.6825736654904810       -1.3361285655813195E-007
   4.6888505738892619       -2.1599106752208657E-007
   4.6951274822880427       -2.4545013274728758E-007
   4.7014043906868235       -2.1480341547338579E-007
   4.7076812990856043       -1.3159155186698236E-007
   4.7139582074843851       -1.6203758427590940E-008
   4.7202351158831659        1.0314686458362060E-007
   4.7265120242819467        1.9733877824687501E-007
   4.7327889326807275        2.4343860697897414E-007
   4.7390658410795083        2.3026217681768003E-007
   4.7453427494782892        1.6106218262493526E-007
   4.7516196578770700        5.2703110228329584E-008
   4.7578965662758508       -6.8463140027214296E-008
   4.7641734746746316       -1.7301043795904324E-007
   4.7704503830734124       -2.3558030284366073E-007
   4.7767272914721932       -2.4102147497034789E-007
   4.7830041998709740       -1.8804413807108593E-007
   4.7892811082697548       -8.9510801060834177E-008
   4.7955580166685357        3.0698457625644149E-008
   4.8018349250673165        1.4348057044632031E-007
   4.8081118334660973        2.2155670033025367E-007
   4.8143887418648781        2.4606566075056988E-007
   4.8206656502636589        2.1111052465541550E-007
   4.8269425586624397        1.2516419297530656E-007
   4.8332194670612205        9.0011800128336941E-009
   4.8394963754600013       -1.0933646979121263E-007
   4.8457732838587821       -2.0131631669868485E-007
   4.8520501922575630       -2.4479499730048677E-007
   4.8583271006563438       -2.2934009507542060E-007
   4.8646040090551246       -1.5871576526521467E-007
   4.8708809174539054       -4.9943073143982061E-008
   4.8771578258526862        7.0825840875018867E-008
   4.8834347342514670        1.7461328004067864E-007
   4.8897116426502478        2.3657515247774358E-007
   4.8959885510490286        2.4193836550930514E-007
   4.9022654594478094        1.8949744139586252E-007
   4.9085423678465903        9.1846697697430836E-008
   4.9148192762453711       -2.7685736148369357E-008
   4.9210961846441519       -1.4064566831594757E-007
   4.9273730930429327       -2.2024368894117230E-007
   4.9336500014417135       -2.4770117687434744E-007
   4.9399269098404943       -2.1664596493991693E-007
   4.9462038182392751       -1.3453420153794726E-007
   4.9524807266380559       -2.0793666914796827E-008
   4.9587576350368368        9.7833957208424716E-008
   4.9650345434356176        1.9361906917630966E-007
   4.9713114518343984        2.4432865014594959E-007
   4.9775883602331792        2.3834794865096407E-007
   4.9838652686319600        1.7726421898349968E-007
   4.9901421770307408        7.5354202302682822E-008
   4.9964190854295216       -4.3850461568352639E-008
   5.0026959938283024       -1.5307005027114271E-007
   5.0089729022270832       -2.2754708731847779E-007
   5.0152498106258641       -2.5062729093168826E-007
   5.0215267190246449       -2.1739561114611158E-007
   5.0278036274234257       -1.3559036846243406E-007
   5.0340805358222065       -2.3660923194502589E-008
   5.0403574442209873        9.3516720262535870E-008
   5.0466343526197681        1.9024194539870296E-007
   5.0529112610185480        2.4562739191985128E-007
   5.0591881694173289        2.4802998219702465E-007
   5.0654650778161097        1.9734970380862698E-007
   5.0717419862148905        1.0477621856795524E-007
   5.0780188946136713       -9.8625396188179809E-009
   5.0842958030124521       -1.2248721339953124E-007
   5.0905727114112329       -2.0988776248469742E-007
   5.0968496198100137       -2.5447385469592066E-007
   5.1031265282087945       -2.4768699338997727E-007
   5.1094034366075753       -1.9144010414792772E-007
   5.1156803450063562       -9.7392423790480212E-008
   5.1219572534051370        1.5678851790140451E-008
   5.1282341618039178        1.2578298947143286E-007
   5.1345110702026986        2.1205534175144924E-007
   5.1407879786014794        2.5866472245479686E-007
   5.1470648870002602        2.5756640750667953E-007
   5.1533417953990410        2.0965564322667873E-007
   5.1596187037978218        1.2421375194681430E-007
   5.1658956121966026        1.6868993467416780E-008
   5.1721725205953835       -9.3450355561969565E-008
   5.1784494289941643       -1.8794916953582573E-007
   5.1847263373929451       -2.5115051556963430E-007
   5.1910032457917259       -2.7329979290863986E-007
   5.1972801541905067       -2.5164416305783674E-007
   5.2035570625892875       -1.9047018082315927E-007
   5.2098339709880683       -1.0000656687810655E-007
   5.2161108793868491        5.5239698729060025E-009
   5.2223877877856300        1.1030994391478943E-007
   5.2286646961844108        1.9939153244634606E-007
   5.2349416045831916        2.6075700813005091E-007
   5.2412185129819724        2.8681706435855795E-007
   5.2474954213807532        2.7510805501943371E-007
   5.2537723297795340        2.2821236627163411E-007
   5.2600492381783148        1.5300060249436265E-007
   5.2663261465770956        5.9386232391505240E-008
   5.2726030549758764       -4.1175227065898051E-008
   5.2788799633746573       -1.3720695260009230E-007
   5.2851568717734381       -2.1855013743742621E-007
   5.2914337801722189       -2.7737497582042473E-007
   5.2977106885709997       -3.0878501373008402E-007
   5.3039875969697805       -3.1100114610177248E-007
   5.3102645053685613       -2.8516988049313776E-007
   5.3165414137673421       -2.3487883135049127E-007
   5.3228183221661229       -1.6548540442688802E-007
   5.3290952305649038       -8.3366260574090897E-008
   5.3353721389636846        4.8142500763868734E-009
   5.3416490473624654        9.2741447077252876E-008
   5.3479259557612462        1.7494258077341784E-007
   5.3542028641600270        2.4711158957162118E-007
   5.3604797725588078        3.0626566171763404E-007
   5.3667566809575886        3.5075308549154514E-007
   5.3730335893563694        3.8014187950744383E-007
   5.3793104977551502        3.9502629667098913E-007
   5.3855874061539311        3.9678658109378484E-007
   5.3918643145527119        3.8733552046337676E-007
   5.3981412229514927        3.6887689441495743E-007
   5.4044181313502735        3.4369534205314881E-007
   5.4106950397490543        3.1398755125757523E-007
   5.4169719481478351        2.8173997486654408E-007
   5.4232488565466159        2.4865084826722306E-007
   5.4295257649453967        2.1609262024609383E-007
   5.4358026733441775        1.8510640283138938E-007
   5.4420795817429584        1.5642130001154980E-007
   5.4483564901417392        1.3048950639982465E-007
   5.4546333985405200        1.0753110428945783E-007
   5.4609103069393008        8.7581568419338766E-008
   5.4671872153380816        7.0538640481492476E-008
   5.4734641237368624        5.6204400232719192E-008
   5.4797410321356432        4.4321873626288307E-008
   5.4860179405344240        3.4604248424152393E-008
   5.4922948489332049        2.6757860787054891E-008
   5.4985717573319857        2.0498294934879592E-008
   5.5048486657307665        1.5561619835463442E-008
   5.5111255741295473        1.1710538987859940E-008
   5.5174024825283281        8.7376595919544171E-009
   5.5236793909271089        6.4655872944664088E-009
   5.5299562993258897        4.7458730110844824E-009
   5.5362332077246705        3.4562384678265847E-009
   5.5425101161234513        2.4978454773770692E-009
   5.5487870245222322        1.7917234310154364E-009
   5.5550639329210130        1.2758963140611400E-009
   5.5613408413197938        9.0208765848602213E-010
   5.5676177497185746        6.3339963192572208E-010
   5.5738946581173554        4.4169367342872357E-010
   5.5801715665161362        3.0599740715200083E-010
   5.5864484749149170        2.1058405715197393E-010
   5.5927253833136978        1.4403256349101217E-010
   5.5990022917124787        9.7870486298542643E-011
   5.6052792001112595        6.6130410390093853E-011
   5.6115561085100403        4.4387213948400521E-011
   5.6178330169088211        2.9651048852814351E-011
   5.6241099253076019        1.9662679880918106E-011
   5.6303868337063827        1.2997580209895664E-011
   5.6366637421051635        8.5131376159189940E-012
   5.6429406505039443        5.5777513215211192E-012
   5.6492175589027251        3.6032303193744177E-012
   5.6554944673015060        2.3470101659757703E-012
   5.6617713757002868        1.4883588026126326E-012
   5.6680482840990676        9.7153892471088735E-013
   5.6743251924978484        5.9828049691109033E-013
   5.6806021008966292        3.9861290368329685E-013
   5.6868790092954100        2.3047083249255513E-013
   5.6931559176941908        1.6490053125118497E-013
   5.6994328260929716        8.2688931267083938E-014
   5.7057097344917524        7.2231445619477673E-014
   5.7119866428905333        2.4115401422052187E-014
   5.7182635512893141        3.5956586694513319E-014
   5.7245404596880949        8.2450647354875814E-016
   5.7308173680868757        2.2071729446730629E-014
   5.7370942764856565       -7.7053520379576676E-015
   5.7433711848844373        1.6965112822397969E-014
   5.7496480932832181       -1.1337625473473429E-014
   5.7559250016819989        1.4803292069840505E-014
   5.7622019100807798       -1.2980685347745066E-014
   5.7684788184795606        1.4435820330912617E-014
   5.7747557268783414       -1.3712028452661009E-014
   5.7810326352771222        1.4386649079945202E-014
   5.7873095436759030       -1.4012731461103500E-014
   5.7935864520746838        1.4622520171029742E-014
   5.7998633604734646       -1.4542336261929124E-014
   5.8061402688722454        1.4114824633666280E-014
   5.8124171772710262       -1.5109586344337129E-014
   5.8186940856698071        1.4772002720492614E-014
   5.8249709940685879       -1.5050032136635855E-014
   5.8312479024673687        1.5183083097928437E-014
   5.8375248108661495       -1.5388053382971255E-014
   5.8438017192649303        1.4706332577447781E-014
   5.8500786276637111       -1.6715356068053364E-014
   5.8563555360624919        1.4453553609240097E-014
   5.8626324444612727       -1.6615469658752626E-014
   5.8689093528600536        1.5612672597220118E-014
   5.8751862612588344       -1.6601597341888239E-014
   5.8814631696576152        1.5929217984012323E-014
   5.8877400780563960       -1.6560065318943244E-014
   5.8940169864551768        1.6842520918200982E-014
   5.9002938948539576       -1.6270854143653496E-014
   5.9065708032527384        1.7145554775677156E-014
   5.9128477116515192       -1.7079877713139215E-014
   5.9191246200503000        1.6712131611242458E-014
   5.9254015284490809       -1.7852100634902291E-014
   5.9316784368478617        1.6487898722564799E-014
   5.9379553452466425       -1.8930845998642907E-014
   5.9442322536454233        1.6880721713048453E-014
   5.9505091620442041       -1.8591660302722580E-014
   5.9567860704429849        1.7880072177519422E-014
   5.9630629788417657       -1.8453529713127792E-014
   5.9693398872405457        1.7909382115175068E-014
   5.9756167956393265       -1.9177888992724375E-014
   5.9818937040381073        1.7998100999479425E-014
   5.9881706124368881       -1.9633624129857784E-014
   5.9944475208356689        1.8613006496101365E-014
   6.0007244292344497       -1.9669316864227190E-014
   6.0070013376332305        1.9355105115521416E-014
   6.0132782460320113       -1.9328831459473313E-014
   6.0195551544307921        2.0291715149685753E-014
   6.0258320628295730       -1.9079567948603492E-014
   6.0321089712283538        2.0844767055737011E-014
   6.0383858796271346       -2.0072081122468586E-014
   6.0446627880259154        2.0534679153200340E-014
   6.0509396964246962       -2.0669854411495735E-014
   6.0572166048234770        2.0512493024410021E-014
   6.0634935132222578       -2.1411900251365374E-014
   6.0697704216210386        2.0626115384928805E-014
   6.0760473300198194       -2.2100304601614294E-014
   6.0823242384186003        2.1277809458516502E-014
   6.0886011468173811       -2.1699169565775941E-014
   6.0948780552161619        2.2174258134524039E-014
   6.1011549636149427       -2.2025155910434651E-014
   6.1074318720137235        2.2390769316824024E-014
   6.1137087804125043       -2.2402062115381181E-014
   6.1199856888112851        2.2945526541916762E-014
   6.1262625972100659       -2.2774954611060939E-014
   6.1325395056088468        2.3189945077031366E-014
   6.1388164140076276       -2.3925874527123957E-014
   6.1450933224064084        2.2777294185438104E-014
   6.1513702308051892       -2.4468699800864727E-014
   6.1576471392039700        2.4106201754948362E-014
   6.1639240476027508       -2.3757231420762318E-014
   6.1702009560015316        2.4931625714612533E-014
   6.1764778644003124       -2.4770686800591366E-014
   6.1827547727990932        2.4748983160405439E-014
   6.1890316811978741       -2.5317655816107737E-014
   6.1953085895966549        2.5562157353797613E-014
   6.2015854979954357       -2.5114160163403561E-014
   6.2078624063942165        2.6284444713246556E-014
   6.2141393147929973       -2.5807861858255389E-014
   6.2204162231917781        2.6563202090582503E-014
   6.2266931315905589       -2.6664758052309958E-014
   6.2329700399893397        2.6610996481865372E-014
   6.2392469483881206       -2.7894960229531366E-014
   6.2455238567869014        2.6536124997117783E-014
   6.2518007651856822       -2.8721200899802019E-014
   6.2580776735844630        2.7311816733534070E-014
   6.2643545819832438       -2.8316017154987373E-014
   6.2706314903820246        2.9435608067622161E-014
   6.2769083987808054       -2.7354201631545941E-014
   6.2831853071795862        3.0609410007695509E-014
