   6.2769083987808056E-003   2.8750214283459218E-002
   1.2553816797561611E-002   1.3449219011224436E-002
   1.8830725196342418E-002  -2.7875397008898860E-003
   2.5107633595123222E-002  -1.8830170965294282E-002
   3.1384541993904030E-002  -3.3560866598038863E-002
   3.7661450392684835E-002  -4.5950100568729862E-002
   4.3938358791465640E-002  -5.5127310459566738E-002
   5.0215267190246445E-002  -6.0441454906539439E-002
   5.6492175589027249E-002  -6.1507412143343536E-002
   6.2769083987808061E-002  -5.8235001937641188E-002
   6.9045992386588859E-002  -5.0838438608399227E-002
   7.5322900785369670E-002  -3.9825207007937777E-002
   8.1599809184150468E-002  -2.5964636516647498E-002
   8.7876717582931280E-002  -1.0237762043906015E-002
   9.4153625981712077E-002   6.2286684544708617E-003
  0.10043053438049289        2.2240030380088576E-002
  0.10670744277927370        3.6618540037345111E-002
  0.11298435117805450        4.8289205573499992E-002
  0.11926125957683531        5.6361008930359668E-002
  0.12553816797561612        6.0197339977028752E-002
  0.13181507637439691        5.9470134846303015E-002
  0.13809198477317772        5.4193014552859624E-002
  0.14436889317195853        4.4729956542210091E-002
  0.15064580157073934        3.1777611097956869E-002
  0.15692270996952015        1.6321217023120425E-002
  0.16319961836830094       -4.3393137237060996E-004
  0.16947652676708175       -1.7151494024697862E-002
  0.17575343516586256       -3.2467708931503990E-002
  0.18203034356464337       -4.5102166918049372E-002
  0.18830725196342415       -5.3967123646203451E-002
  0.19458416036220497       -5.8266178854352882E-002
  0.20086106876098578       -5.7573305817851736E-002
  0.20713797715976659       -5.1884146958954880E-002
  0.21341488555854740       -4.1633217358448424E-002
  0.21969179395732819       -2.7673120882553883E-002
  0.22596870235610900       -1.1214953174912303E-002
  0.23224561075488981        6.2674640970065533E-003
  0.23852251915367062        2.3163276711109446E-002
  0.24479942755245140        3.7870582120419029E-002
  0.25107633595123224        4.8950228621134156E-002
  0.25735324435001306        5.5273026140284509E-002
  0.26363015274879381        5.6145263811257305E-002
  0.26990706114757462        5.1398188778502676E-002
  0.27618396954635543        4.1429435922438383E-002
  0.28246087794513625        2.7188271596698611E-002
  0.28873778634391706        1.0101712119203157E-002
  0.29501469474269787       -8.0552964730010220E-003
  0.30129160314147868       -2.5335961706397660E-002
  0.30756851154025949       -3.9828158170270057E-002
  0.31384541993904030       -4.9870479026121836E-002
  0.32012232833782106       -5.4253725029911187E-002
  0.32639923673660187       -5.2383018175973642E-002
  0.33267614513538268       -4.4377944470295250E-002
  0.33895305353416350       -3.1093407161224319E-002
  0.34522996193294431       -1.4051961132403949E-002
  0.35150687033172512        4.7113554188386985E-003
  0.35778377873050593        2.2879325005003025E-002
  0.36406068712928674        3.8134534964819895E-002
  0.37033759552806755        4.8460308317119526E-002
  0.37661450392684831        5.2421914226201863E-002
  0.38289141232562912        4.9388125696840875E-002
  0.38916832072440993        3.9657450703412644E-002
  0.39544522912319074        2.4463229808627741E-002
  0.40172213752197156        5.8465981153211161E-003
  0.40799904592075237       -1.3595472413303129E-002
  0.41427595431953318       -3.1060504657663759E-002
  0.42055286271831399       -4.3945070746638976E-002
  0.42682977111709480       -5.0246543313273995E-002
  0.43310667951587556       -4.8899587895600942E-002
  0.43938358791465637       -3.9988872402561770E-002
  0.44566049631343718       -2.4793416457886901E-002
  0.45193740471221799       -5.6410226185484797E-003
  0.45821431311099881        1.4419333791899316E-002
  0.46449122150977962        3.2087628440403596E-002
  0.47076812990856043        4.4357286206130074E-002
  0.47704503830734124        4.9045877506515144E-002
  0.48332194670612205        4.5217204615320555E-002
  0.48959885510490281        3.3409833374133655E-002
  0.49587576350368362        1.5613932680516369E-002
  0.50215267190246449       -5.0207118025990165E-003
  0.50842958030124530       -2.4713400029475089E-002
  0.51470648870002611       -3.9736878465881413E-002
  0.52098339709880681       -4.7137466675014575E-002
  0.52726030549758762       -4.5351619688552954E-002
  0.53353721389636843       -3.4586257023447996E-002
  0.53981412229514925       -1.6865171957615881E-002
  0.54609103069393006        4.2963813608923960E-003
  0.55236793909271087        2.4551733032239866E-002
  0.55864484749149168        3.9604261755312190E-002
  0.56492175589027249        4.6136947653096012E-002
  0.57119866428905330        4.2588293187877796E-002
  0.57747557268783412        2.9587139862040420E-002
  0.58375248108661493        9.9183279343232136E-003
  0.59002938948539574       -1.2012176543335047E-002
  0.59630629788417655       -3.1128354298320914E-002
  0.60258320628295736       -4.2858096852415269E-002
  0.60886011468173817       -4.4262574903079187E-002
  0.61513702308051899       -3.4837660760519612E-002
  0.62141393147929980       -1.6758533251863474E-002
  0.62769083987808061        5.5412991129572386E-003
  0.63396774827686131        2.6402439036274879E-002
  0.64024465667564212        4.0361611934931915E-002
  0.64652156507442293        4.3614064113911867E-002
  0.65279847347320374        3.5121288248009121E-002
  0.65907538187198456        1.7028510145380586E-002
  0.66535229027076537       -5.7816691123865633E-003
  0.67162919866954618       -2.6942141090448308E-002
  0.67790610706832699       -4.0362561356198631E-002
  0.68418301546710780       -4.2021344151559753E-002
  0.69045992386588861       -3.1255155896286517E-002
  0.69673683226466943       -1.1114620432447025E-002
  0.70301374066345024        1.2397129475112654E-002
  0.70929064906223105        3.2052636492399540E-002
  0.71556755746101186        4.1621889627717845E-002
  0.72184446585979267        3.7910182028751897E-002
  0.72812137425857348        2.1931665370410292E-002
  0.73439828265735430       -1.2368126866681931E-003
  0.74067519105613511       -2.3972650948054570E-002
  0.74695209945491581       -3.8580683690982449E-002
  0.75322900785369662       -3.9937674026942808E-002
  0.75950591625247743       -2.7391913913166987E-002
  0.76578282465125824       -5.1862760072504815E-003
  0.77205973305003905        1.8856175708711488E-002
  0.77833664144881987        3.6028753681099583E-002
  0.78461354984760068        3.9918118866488023E-002
  0.79089045824638149        2.8900062101262985E-002
  0.79716736664516230        6.9535389317939263E-003
  0.80344427504394311       -1.7640079056415695E-002
  0.80972118344272392       -3.5350334354619296E-002
  0.81599809184150474       -3.9112115195987528E-002
  0.82227500024028555       -2.7251583706722322E-002
  0.82855190863906636       -4.3771453534618586E-003
  0.83482881703784717        2.0269011054187516E-002
  0.84110572543662798        3.6477690146981531E-002
  0.84738263383540879        3.7336984512573557E-002
  0.85365954223418961        2.2304184708263428E-002
  0.85993645063297042       -2.3242515044685354E-003
  0.86621335903175112       -2.5915067140663210E-002
  0.87249026743053193       -3.8045175371965070E-002
  0.87876717582931274       -3.3173430836595783E-002
  0.88504408422809355       -1.3319369820461797E-002
  0.89132099262687436        1.2601929793008199E-002
  0.89759790102565518        3.2674841508034437E-002
  0.90387480942443599        3.7461711410430316E-002
  0.91015171782321680        2.4549815635626953E-002
  0.91642862622199761       -6.9578855065722996E-005
  0.92270553462077842       -2.4632298464856893E-002
  0.92898244301955923       -3.7166914400995905E-002
  0.93525935141834005       -3.1392397083947012E-002
  0.94153625981712086       -1.0015149827716755E-002
  0.94781316821590167        1.6370551277529181E-002
  0.95409007661468248        3.4435699341258064E-002
  0.96036698501346329        3.4869244236663176E-002
  0.96664389341224410        1.7301862310040082E-002
  0.97292080181102492       -9.2619948701957253E-003
  0.97919771020980562       -3.0936389516805031E-002
  0.98547461860858643       -3.6197699355316047E-002
  0.99175152700736724       -2.2110467508388375E-002
  0.99802843540614805        3.8781087718465059E-003
   1.0043053438049290        2.7739015498094724E-002
   1.0105822522037098        3.6396166544875798E-002
   1.0168591606024906        2.4969924224394702E-002
   1.0231360690012714       -3.2437000046117281E-004
   1.0294129774000522       -2.5417493775518257E-002
   1.0356898857988328       -3.6160461612939482E-002
   1.0419667941976136       -2.6364962528345338E-002
   1.0482437025963944       -1.5059342010077792E-003
   1.0545206109951752        2.4201670794361856E-002
   1.0607975193939561        3.5875333308682693E-002
   1.0670744277927369        2.6634068671387873E-002
   1.0733513361915177        1.7827688259086411E-003
   1.0796282445902985       -2.4103463035614638E-002
   1.0859051529890793       -3.5673750075415935E-002
   1.0921820613878601       -2.5954568413108645E-002
   1.0984589697866409       -6.7292047890810732E-004
   1.1047358781854217        2.4999091677766896E-002
   1.1110127865842025        3.5503088951328227E-002
   1.1172896949829834        2.4373904271113526E-002
   1.1235666033817642       -1.6685227835415565E-003
   1.1298435117805450       -2.6670501494779730E-002
   1.1361204201793258       -3.5182779859111356E-002
   1.1423973285781066       -2.1860300388635890E-002
   1.1486742369768874        5.0768898028873731E-003
   1.1549511453756682        2.8824509013663291E-002
   1.1612280537744490        3.4455485884350691E-002
   1.1675049621732299        1.8359385977789702E-002
   1.1737818705720107       -9.3476378873185318E-003
   1.1800587789707915       -3.1106779913950007E-002
   1.1863356873695723       -3.3036476145281886E-002
   1.1926125957683531       -1.3847191918506144E-002
   1.1988895041671339        1.4213937804265279E-002
   1.2051664125659147        3.3123384372680732E-002
   1.2114433209646955        3.0662932641383211E-002
   1.2177202293634763        8.3731896988508761E-003
   1.2239971377622572       -1.9338483434468565E-002
   1.2302740461610380       -3.4471815209818839E-002
   1.2365509545598188       -2.7141725850440310E-002
   1.2428278629585996       -2.0909346606416083E-003
   1.2491047713573804        2.4321459860804723E-002
   1.2553816797561612        3.4780792477889552E-002
   1.2616585881549420        2.2390575080967964E-002
   1.2679354965537226       -4.7310171908332976E-003
   1.2742124049525034       -2.8728586104253443E-002
   1.2804893133512842       -3.3755999435541632E-002
   1.2867662217500651       -1.6465860377078624E-002
   1.2930431301488459        1.1721891094792080E-002
   1.2993200385476267        3.2135426772121917E-002
   1.3055969469464075        3.1220259685975315E-002
   1.3118738553451883        9.5642000121503954E-003
   1.3181507637439691       -1.8449477559610065E-002
   1.3244276721427499       -3.4178827561269068E-002
   1.3307045805415307       -2.7134966774855204E-002
   1.3369814889403115       -1.9983437901849306E-003
   1.3432583973390924        2.4469320483068796E-002
   1.3495353057378732        3.4593876814545531E-002
   1.3558122141366540        2.1599812114519203E-002
   1.3620891225354348       -5.8368764092720290E-003
   1.3683660309342156       -2.9365851502155513E-002
   1.3746429393329964       -3.3232314871635728E-002
   1.3809198477317772       -1.4836384931902933E-002
   1.3871967561305580        1.3502547166893426E-002
   1.3934736645293389        3.2784143318349550E-002
   1.3997505729281197        3.0066178869405324E-002
   1.4060274813269005        7.1630178004097851E-003
   1.4123043897256813       -2.0550111392763564E-002
   1.4185812981244621       -3.4449584749548304E-002
   1.4248582065232429       -2.5182161646562302E-002
   1.4311351149220237        1.0275428007774910E-003
   1.4374120233208045        2.6543751586341910E-002
   1.4436889317195853        3.4180901670244991E-002
   1.4499658401183662        1.8785220652856770E-002
   1.4562427485171470       -9.2736741039759537E-003
   1.4625196569159278       -3.1076180937955285E-002
   1.4687965653147086       -3.1908759766531604E-002
   1.4750734737134894       -1.1202065385801143E-002
   1.4813503821122702        1.7068167122315771E-002
   1.4876272905110510        3.3807339555107521E-002
   1.4939041989098316        2.7701264517155096E-002
   1.5001811073086124        2.8716201111595838E-003
   1.5064580157073932       -2.3898741651025474E-002
   1.5127349241061741       -3.4507671665350681E-002
   1.5190118325049549       -2.1777912417531201E-002
   1.5252887409037357        5.6824055879024114E-003
   1.5315656493025165        2.9298697905938389E-002
   1.5378425577012973        3.3095485288308718E-002
   1.5441194661000781        1.4505126797051205E-002
   1.5503963744988589       -1.3896541244004364E-002
   1.5566732828976397       -3.2900887764479074E-002
   1.5629501912964205       -2.9660081768624915E-002
   1.5692270996952014       -6.3700078907306416E-003
   1.5755040080939822        2.1225659356096941E-002
   1.5817809164927630        3.4484868488070634E-002
   1.5880578248915438        2.4458387785615422E-002
   1.5943347332903246       -2.0790740465887873E-003
   1.6006116416891054       -2.7214440013347784E-002
   1.6068885500878862       -3.3989764620873712E-002
   1.6131654584866670       -1.7838843917048146E-002
   1.6194423668854478        1.0342333154218130E-002
   1.6257192752842287        3.1551252693544481E-002
   1.6319961836830095        3.1492328977761642E-002
   1.6382730920817903        1.0208607917753038E-002
   1.6445500004805711       -1.7954671180798649E-002
   1.6508269088793519       -3.4021797308737389E-002
   1.6571038172781327       -2.7171156809727363E-002
   1.6633807256769135       -2.0199893679770787E-003
   1.6696576340756943        2.4492011937915507E-002
   1.6759345424744752        3.4514058620177646E-002
   1.6822114508732560        2.1301878576195647E-002
   1.6884883592720368       -6.2482364151186971E-003
   1.6947652676708176       -2.9594385883820414E-002
   1.7010421760695984       -3.3029995537352905E-002
   1.7073190844683792       -1.4247896409266169E-002
   1.7135959928671600        1.4116474670092532E-002
   1.7198729012659408        3.2991061811801559E-002
   1.7261498096647214        2.9692059295653273E-002
   1.7324267180635022        6.4421027324793791E-003
   1.7387036264622830       -2.1136093836251289E-002
   1.7449805348610639       -3.4523879559086069E-002
   1.7512574432598447       -2.4740683860244615E-002
   1.7575343516586255        1.6412744568126446E-003
   1.7638112600574063        2.6924403489729180E-002
   1.7700881684561871        3.4164162596092021E-002
   1.7763650768549679        1.8519988158708561E-002
   1.7826419852537487       -9.5233482636862786E-003
   1.7889188936525295       -3.1198244083142392E-002
   1.7951958020513104       -3.2018939039762544E-002
   1.8014727104500912       -1.1451227699370204E-002
   1.8077496188488720        1.6761848489186385E-002
   1.8140265272476528        3.3800797175040059E-002
   1.8203034356464336        2.8323593625114846E-002
   1.8265803440452144        3.9955294144091921E-003
   1.8328572524439952       -2.2992384188693406E-002
   1.8391341608427760       -3.4717197417790127E-002
   1.8454110692415568       -2.3419842047115898E-002
   1.8516879776403377        3.3907669433331784E-003
   1.8579648860391185        2.7963912139743186E-002
   1.8642417944378993        3.4075050039082240E-002
   1.8705187028366801        1.7720560748573796E-002
   1.8767956112354609       -1.0301779563673893E-002
   1.8830725196342417       -3.1561928781847021E-002
   1.8893494280330225       -3.2128398619453061E-002
   1.8956263364318033       -1.1666298411629136E-002
   1.9019032448305841        1.6421345706168409E-002
   1.9081801532293650        3.3815118563342857E-002
   1.9144570616281458        2.9227356968535467E-002
   1.9207339700269266        5.6804153912988166E-003
   1.9270108784257074       -2.1549455431309875E-002
   1.9332877868244882       -3.4883586174344769E-002
   1.9395646952232690       -2.5775585371914801E-002
   1.9458416036220498       -1.2590669742162074E-004
   1.9521185120208304        2.5614177643490915E-002
   1.9583954204196112        3.5029998350296458E-002
   1.9646723288183920        2.2182708094793110E-002
   1.9709492372171729       -4.7233969667656332E-003
   1.9772261456159537       -2.8659204588317760E-002
   1.9835030540147345       -3.4577020097623028E-002
   1.9897799624135153       -1.8826570598048532E-002
   1.9960568708122961        8.6857495904444481E-003
   2.0023337792110771        3.0809897465907687E-002
   2.0086106876098579        3.3862594640603656E-002
   2.0148875960086388        1.6031426383158708E-002
   2.0211645044074196       -1.1654176423011657E-002
   2.0274414128062004       -3.2229441450128633E-002
   2.0337183212049812       -3.3201261524472510E-002
   2.0399952296037620       -1.4062199058534012E-002
   2.0462721380025428        1.3564872579866187E-002
   2.0525490464013236        3.3071342088425895E-002
   2.0588259548001044        3.2852640010765016E-002
   2.0651028631988853        1.3129659039065225E-002
   2.0713797715976656       -1.4358799450996863E-002
   2.0776566799964464       -3.3432004663581309E-002
   2.0839335883952272       -3.2993774066151706E-002
   2.0902104967940081       -1.3398269970891857E-002
   2.0964874051927889        1.3943824097915499E-002
   2.1027643135915697        3.3304498212560603E-002
   2.1090412219903505        3.3688776572902063E-002
   2.1153181303891313        1.4985802541963744E-002
   2.1215950387879121       -1.2166298705887724E-002
   2.1278719471866929       -3.2534486936011978E-002
   2.1341488555854737       -3.4847023798444857E-002
   2.1404257639842545       -1.7939994989429393E-002
   2.1467026723830354        8.8053858963457431E-003
   2.1529795807818162        3.0783239543443190E-002
   2.1592564891805970        3.6163213747990315E-002
   2.1655333975793778        2.2175723167160821E-002
   2.1718103059781586       -3.6104809649230817E-003
   2.1780872143769394       -2.7513106868870287E-002
   2.1843641227757202       -3.7040756686800735E-002
   2.1906410311745010       -2.7355134308215526E-002
   2.1969179395732819       -3.5843747385646075E-003
   2.2031948479720627        2.2035018825597927E-002
   2.2094717563708435        3.6528994377527678E-002
   2.2157486647696243        3.2718183420298613E-002
   2.2220255731684051        1.2644249135716542E-002
   2.2283024815671859       -1.3673630185896539E-002
   2.2345793899659667       -3.3342336100953135E-002
   2.2408562983647475       -3.6911724936066342E-002
   2.2471332067635283       -2.2812408349259076E-002
   2.2534101151623092        2.1152545404000043E-003
   2.2596870235610900        2.6071631694348323E-002
   2.2659639319598708        3.7930887610127015E-002
   2.2722408403586516        3.2348487479607946E-002
   2.2785177487574324        1.2030204769333825E-002
   2.2847946571562132       -1.3727408156557592E-002
   2.2910715655549940       -3.3386915272704369E-002
   2.2973484739537748       -3.8336179724100930E-002
   2.3036253823525557       -2.6562301563946424E-002
   2.3099022907513365       -3.3151856854088256E-003
   2.3161791991501173        2.1367350921888142E-002
   2.3224561075488981        3.7056611250357294E-002
   2.3287330159476789        3.7303779278191992E-002
   2.3350099243464597        2.2172220424437346E-002
   2.3412868327452405       -2.0063640349762268E-003
   2.3475637411440213       -2.5398754339879034E-002
   2.3538406495428021       -3.8709780489797743E-002
   2.3601175579415830       -3.6823561414000353E-002
   2.3663944663403638       -2.0646000189846192E-002
   2.3726713747391446        3.4578028654200874E-003
   2.3789482831379254        2.6274541456527131E-002
   2.3852251915367062        3.9296530306985912E-002
   2.3915020999354870        3.7840305842121551E-002
   2.3977790083342678        2.2612324489206439E-002
   2.4040559167330486       -7.4914225715569155E-004
   2.4103328251318294       -2.3865506861283890E-002
   2.4166097335306103       -3.8660234711979900E-002
   2.4228866419293911       -4.0139183573112545E-002
   2.4291635503281719       -2.7971681256808933E-002
   2.4354404587269527       -6.4155375479948836E-003
   2.4417173671257335        1.7279654475392741E-002
   2.4479942755245143        3.5363950622080351E-002
   2.4542711839232951        4.2104570340597107E-002
   2.4605480923220759        3.5522508261020706E-002
   2.4668250007208568        1.7854390649158652E-002
   2.4731019091196376       -5.3156015515617161E-003
   2.4793788175184184       -2.6895060410827488E-002
   2.4856557259171992       -4.0470731105418517E-002
   2.4919326343159800       -4.2169336934373094E-002
   2.4982095427147608       -3.1670722121540817E-002
   2.5044864511135416       -1.2142575010076168E-002
   2.5107633595123224        1.0806219969224857E-002
   2.5170402679111032        3.0789139730657902E-002
   2.5233171763098841        4.2419244265024643E-002
   2.5295940847086644        4.2710281916522951E-002
   2.5358709931074452        3.1756313792130994E-002
   2.5421479015062260        1.2565860062823727E-002
   2.5484248099050069       -9.8425902484318810E-003
   2.5547017183037877       -2.9797663246923855E-002
   2.5609786267025685       -4.2410874868339672E-002
   2.5672555351013493       -4.4731879299966422E-002
   2.5735324435001301       -3.6365263530461593E-002
   2.5798093518989109       -1.9443729069063009E-002
   2.5860862602976917        1.9860944890226755E-003
   2.5923631686964725        2.2978059855570627E-002
   2.5986400770952534        3.8840222126644078E-002
   2.6049169854940342        4.6159873979205464E-002
   2.6111938938928150        4.3485078622415546E-002
   2.6174708022915958        3.1542370653721521E-002
   2.6237477106903766        1.2980554622628041E-002
   2.6300246190891574       -8.2689044822054653E-003
   2.6363015274879382       -2.7853498521584089E-002
   2.6425784358867190       -4.1891715276282444E-002
   2.6488553442854998       -4.7715640270056398E-002
   2.6551322526842807       -4.4330448508494547E-002
   2.6614091610830615       -3.2524453318730523E-002
   2.6676860694818423       -1.4636224977234366E-002
   2.6739629778806231        5.9509423232231946E-003
   2.6802398862794039        2.5473130478528182E-002
   2.6865167946781847        4.0476202372463244E-002
   2.6927937030769655        4.8407883528343354E-002
   2.6990706114757463        4.8015819029807241E-002
   2.7053475198745272        3.9498423262663951E-002
   2.7116244282733080        2.4402411840143742E-002
   2.7179013366720888        5.3039330511414516E-003
   2.7241782450708696       -1.4657540463242963E-002
   2.7304551534696504       -3.2305959126208178E-002
   2.7367320618684312       -4.4927879626213828E-002
   2.7430089702672120       -5.0668439596242357E-002
   2.7492858786659928       -4.8771491479399361E-002
   2.7555627870647736       -3.9639879965920714E-002
   2.7618396954635545       -2.4721011881741875E-002
   2.7681166038623353       -6.2481250917390836E-003
   2.7743935122611161        1.3114250308616319E-002
   2.7806704206598969        3.0662993171927569E-002
   2.7869473290586777        4.4029617989771307E-002
   2.7932242374574585        5.1484442442721053E-002
   2.7995011458562393        5.2136101589298003E-002
   2.8057780542550201        4.6008137940036720E-002
   2.8120549626538009        3.3992327402020961E-002
   2.8183318710525818        1.7694411753729707E-002
   2.8246087794513626       -7.9984424219821772E-004
   2.8308856878501434       -1.9202974282075166E-002
   2.8371625962489242       -3.5311041355139877E-002
   2.8434395046477050       -4.7260971659437379E-002
   2.8497164130464858       -5.3731762757675473E-002
   2.8559933214452666       -5.4070554737494336E-002
   2.8622702298440474       -4.8334994539722745E-002
   2.8685471382428283       -3.7253621670178753E-002
   2.8748240466416091       -2.2114996334094601E-002
   2.8811009550403899       -4.6031255005697814E-003
   2.8873778634391707        1.3399073907771892E-002
   2.8936547718379515        3.0015134298603353E-002
   2.8999316802367323        4.3567270455955057E-002
   2.9062085886355131        5.2736881469765400E-002
   2.9124854970342939        5.6679605479533726E-002
   2.9187624054330747        5.5086961186999100E-002
   2.9250393138318556        4.8192542857729559E-002
   2.9313162222306364        3.6726246652184928E-002
   2.9375931306294172        2.1824614069211986E-002
   2.9438700390281980        4.9087536611430909E-003
   2.9501469474269788       -1.2456723806571703E-002
   2.9564238558257596       -2.8709764752801382E-002
   2.9627007642245404       -4.2428679794314098E-002
   2.9689776726233212       -5.2450281570074420E-002
   2.9752545810221021       -5.7959568398831228E-002
   2.9815314894208829       -5.8545286686879743E-002
   2.9878083978196632       -5.4218993459511776E-002
   2.9940853062184440       -4.5398410275961018E-002
   3.0003622146172249       -3.2858668840887631E-002
   3.0066391230160057       -1.7657313933912080E-002
   3.0129160314147865       -1.0405336476196094E-003
   3.0191929398135673        1.5661021787202436E-002
   3.0254698482123481        3.1138285097882926E-002
   3.0317467566111289        4.4203593654183304E-002
   3.0380236650099097        5.3877208534206640E-002
   3.0443005734086905        5.9454882624346589E-002
   3.0505774818074713        6.0552542952063297E-002
   3.0568543902062522        5.7126005685969761E-002
   3.0631312986050330        4.9465498718336318E-002
   3.0694082070038138        3.8166504850677338E-002
   3.0756851154025946        2.4079956907252283E-002
   3.0819620238013754        8.2460373262880984E-003
   3.0882389322001562       -8.1832929650974291E-003
   3.0945158405989370       -2.4027414570072465E-002
   3.1007927489977178       -3.8160077480656036E-002
   3.1070696573964987       -4.9586835337115644E-002
   3.1133465657952795       -5.7511946377517040E-002
   3.1196234741940603       -6.1390634067415108E-002
   3.1259003825928411       -6.0963642776505803E-002
   3.1321772909916219       -5.6272207968198956E-002
   3.1384541993904027       -4.7652815542456380E-002
   3.1447311077891835       -3.5712380845784646E-002
   3.1510080161879643       -2.1285667580174500E-002
   3.1572849245867451       -5.3778292450060231E-003
   3.1635618329855260        1.0904162203860136E-002
   3.1698387413843068        2.6426777625329197E-002
   3.1761156497830876        4.0107057102385275E-002
   3.1823925581818684        5.0986651457750429E-002
   3.1886694665806492        5.8297987880526890E-002
   3.1949463749794300        6.1518206594616487E-002
   3.2012232833782108        6.0407213586114963E-002
   3.2075001917769916        5.5027121188556356E-002
   3.2137771001757724        4.5741459968777529E-002
   3.2200540085745533        3.3193787107262382E-002
   3.2263309169733341        1.8266623966638841E-002
   3.2326078253721149        2.0229573241506544E-003
   3.2388847337708957       -1.4366241311940560E-002
   3.2451616421696765       -2.9703962888872639E-002
   3.2514385505684573       -4.2853231559406145E-002
   3.2577154589672381       -5.2821429251914714E-002
   3.2639923673660189       -5.8836833876581902E-002
   3.2702692757647998       -6.0411555884731939E-002
   3.2765461841635806       -5.7385696224177975E-002
   3.2828230925623614       -4.9948593394575087E-002
   3.2891000009611422       -3.8634443336122280E-002
   3.2953769093599230       -2.4291298529225517E-002
   3.3016538177587038       -8.0243879256004132E-003
   3.3079307261574846        8.8832739710206880E-003
   3.3142076345562654        2.5068045438738279E-002
   3.3204845429550462        3.9193873957506058E-002
   3.3267614513538271        5.0063466521661312E-002
   3.3330383597526079        5.6723439653501663E-002
   3.3393152681513887        5.8554261315103336E-002
   3.3455921765501695        5.5336334387437951E-002
   3.3518690849489503        4.7284903214005837E-002
   3.3581459933477311        3.5048570674406074E-002
   3.3644229017465119        1.9669000589094276E-002
   3.3706998101452927        2.5026803751136972E-003
   3.3769767185440736       -1.4890809715297968E-002
   3.3832536269428544       -3.0886034766066005E-002
   3.3895305353416352       -4.3943302159189714E-002
   3.3958074437404160       -5.2761042771738556E-002
   3.4020843521391968       -5.6414052067791313E-002
   3.4083612605379776       -5.4462672849512228E-002
   3.4146381689367584       -4.7019543185345861E-002
   3.4209150773355392       -3.4763652707677235E-002
   3.4271919857343200       -1.8896024208855958E-002
   3.4334688941331009       -1.0370598030849572E-003
   3.4397458025318817        1.6928021666452985E-002
   3.4460227109306620        3.3042813133446342E-002
   3.4522996193294428        4.5493865546554664E-002
   3.4585765277282237        5.2822580062127915E-002
   3.4648534361270045        5.4110044282090736E-002
   3.4711303445257853        4.9110725896462967E-002
   3.4774072529245661        3.8314690220867066E-002
   3.4836841613233469        2.2924747403529570E-002
   3.4899610697221277        4.7442102499051890E-003
   3.4962379781209085       -1.4018104656080050E-002
   3.5025148865196893       -3.1007593743494228E-002
   3.5087917949184702       -4.4019881765699910E-002
   3.5150687033172510       -5.1296927772251096E-002
   3.5213456117160318       -5.1783268614082029E-002
   3.5276225201148126       -4.5303883595805221E-002
   3.5338994285135934       -3.2632261523665183E-002
   3.5401763369123742       -1.5429723557076450E-002
   3.5464532453111550        3.9461899930227423E-003
   3.5527301537099358        2.2747358687971880E-002
   3.5590070621087166        3.8218993858763144E-002
   3.5652839705074975        4.8010461048753908E-002
   3.5715608789062783        5.0552197309838377E-002
   3.5778377873050591        4.5336988032344823E-002
   3.5841146957038399        3.3052819650950069E-002
   3.5903916041026207        1.5533232941458967E-002
   3.5966685125014015       -4.4822352247745464E-003
   3.6029454209001823       -2.3753784893266301E-002
   3.6092223292989631       -3.9058697207561235E-002
   3.6154992376977440       -4.7740729515788026E-002
   3.6217761460965248       -4.8198147816045762E-002
   3.6280530544953056       -4.0218359688715143E-002
   3.6343299628940864       -2.5085582232026827E-002
   3.6406068712928672       -5.4224359818680372E-003
   3.6468837796916480        1.5227591919454888E-002
   3.6531606880904288        3.3019591986774288E-002
   3.6594375964892096        4.4526228264936248E-002
   3.6657145048879904        4.7423746297193439E-002
   3.6719914132867713        4.1005468538378949E-002
   3.6782683216855521        2.6404135942431194E-002
   3.6845452300843329        6.4526604579404371E-003
   3.6908221384831137       -1.4818175057237719E-002
   3.6970990468818945       -3.2968952982681411E-002
   3.7033759552806753       -4.4081474995245604E-002
   3.7096528636794561       -4.5636900375465368E-002
   3.7159297720782369       -3.7141854575384992E-002
   3.7222066804770177       -2.0339337959991006E-002
   3.7284835888757986        1.0790198918759852E-003
   3.7347604972745794        2.2233776454084475E-002
   3.7410374056733602        3.8150125048671199E-002
   3.7473143140721410        4.4945567863718165E-002
   3.7535912224709218        4.0829009154873495E-002
   3.7598681308697026        2.6646226086393211E-002
   3.7661450392684834        5.7957189507193080E-003
   3.7724219476672642       -1.6515655649603403E-002
   3.7786988560660451       -3.4537084762757332E-002
   3.7849757644648259       -4.3464819508656383E-002
   3.7912526728636067       -4.0775485174094794E-002
   3.7975295812623875       -2.7022667156921296E-002
   3.8038064896611683       -5.8307667697987666E-003
   3.8100833980599491        1.6977414803597636E-002
   3.8163603064587299        3.4938497034943769E-002
   3.8226372148575107        4.2791824516781478E-002
   3.8289141232562915        3.8084293240961235E-002
   3.8351910316550724        2.2034308803015240E-002
   3.8414679400538532       -6.6802020702863736E-004
   3.8477448484526340       -2.3146217624468564E-002
   3.8540217568514148       -3.8388287062032567E-002
   3.8602986652501956       -4.1466767856493864E-002
   3.8665755736489764       -3.1220582743455731E-002
   3.8728524820477572       -1.0803498873672476E-002
   3.8791293904465380        1.3170461291741851E-002
   3.8854062988453189        3.2701171126018599E-002
   3.8916832072440997        4.1074516957120354E-002
   3.8979601156428805        3.5245065071975709E-002
   3.9042370240416608        1.7064978216487788E-002
   3.9105139324404417       -7.1664479009080177E-003
   3.9167908408392225       -2.8791202882255500E-002
   3.9230677492380033       -3.9867186866595059E-002
   3.9293446576367841       -3.6150247701367412E-002
   3.9356215660355649       -1.8846873755168653E-002
   3.9418984744343457        5.6224859428378807E-003
   3.9481753828331265        2.7896689874971695E-002
   3.9544522912319073        3.9228390160067822E-002
   3.9607291996306881        3.4986797618217831E-002
   3.9670061080294690        1.6686253060606945E-002
   3.9732830164282498       -8.3912811976262960E-003
   3.9795599248270306       -2.9983384263868006E-002
   3.9858368332258114       -3.9029694440557594E-002
   3.9921137416245922       -3.1558148855465387E-002
   3.9983906500233730       -1.0579229624206491E-002
   4.0046675584221543        1.4965343831674503E-002
   4.0109444668209351        3.3919174429141712E-002
   4.0172213752197159        3.7795550685454322E-002
   4.0234982836184967        2.4691168364307216E-002
   4.0297751920172775        3.8050051422340234E-004
   4.0360521004160583       -2.4081622941300340E-002
   4.0423290088148391       -3.7330122637422594E-002
   4.0486059172136200       -3.3028817518956095E-002
   4.0548828256124008       -1.3047495779572369E-002
   4.0611597340111816        1.3176475579152018E-002
   4.0674366424099624        3.2986713364080870E-002
   4.0737135508087432        3.6620091352061575E-002
   4.0799904592075240        2.2132144086274876E-002
   4.0862673676063048       -3.4001358737562192E-003
   4.0925442760050856       -2.7194210427803605E-002
   4.0988211844038664       -3.7120041406375023E-002
   4.1050980928026473       -2.7961250196852933E-002
   4.1113750012014281       -4.3111713020429513E-003
   4.1176519096002089        2.1573769783425678E-002
   4.1239288179989897        3.6052125524823127E-002
   4.1302057263977705        3.1331952384761393E-002
   4.1364826347965504        9.8027804369801002E-003
   4.1427595431953312       -1.7011627394826728E-002
   4.1490364515941121       -3.4528136269912850E-002
   4.1553133599928929       -3.3056838718070441E-002
   4.1615902683916737       -1.3283522007556106E-002
   4.1678671767904545        1.3883846987618237E-002
   4.1741440851892353        3.3229949842352675E-002
   4.1804209935880161        3.3759890903733866E-002
   4.1866979019867969        1.5056483131362979E-002
   4.1929748103855777       -1.2268531993018323E-002
   4.1992517187843585       -3.2491693776150223E-002
   4.2055286271831394       -3.3824552695041241E-002
   4.2118055355819202       -1.5384170550342538E-002
   4.2180824439807010        1.2090965155178704E-002
   4.2243593523794818        3.2395702435997924E-002
   4.2306362607782626        3.3414629980752342E-002
   4.2369131691770434        1.4443739432443608E-002
   4.2431900775758242       -1.3202489297485237E-002
   4.2494669859746050       -3.2849999856799747E-002
   4.2557438943733858       -3.2524466322556130E-002
   4.2620208027721667       -1.2338192061956835E-002
   4.2682977111709475        1.5406995346466274E-002
   4.2745746195697283        3.3640438404894724E-002
   4.2808515279685091        3.1036175531432373E-002
   4.2871284363672899        9.1346969350666260E-003
   4.2934053447660707       -1.8459581295195725E-002
   4.2996822531648515       -3.4468223178107632E-002
   4.3059591615636323       -2.8777615854439890E-002
   4.3122360699624132       -4.9115931243264186E-003
   4.3185129783611940        2.2057689258077409E-002
   4.3247898867599748        3.4984451269848421E-002
   4.3310667951587556        2.5578303069553613E-002
   4.3373437035575364       -2.0048305767069667E-004
   4.3436206119563172       -2.5840900136436831E-002
   4.3498975203550980       -3.4829168080454602E-002
   4.3561744287538788       -2.1320065308177712E-002
   4.3624513371526596        5.9906386332569707E-003
   4.3687282455514405        2.9403646872122997E-002
   4.3750051539502213        3.3674817187547744E-002
   4.3812820623490021        1.5980263063052016E-002
   4.3875589707477829       -1.2155302644790563E-002
   4.3938358791465637       -3.2321802296874230E-002
   4.4001127875453445       -3.1271251708737603E-002
   4.4063896959441253       -9.6607829016836649E-003
   4.4126666043429061        1.8307689003092646E-002
   4.4189435127416870        3.4193716964489071E-002
   4.4252204211404678        2.7486793894494925E-002
   4.4314973295392486        2.5966068943648907E-003
   4.4377742379380294       -2.4009583068393497E-002
   4.4440511463368102       -3.4687658490435112E-002
   4.4503280547355910       -2.2332009700098909E-002
   4.4566049631343718        4.8658404969674392E-003
   4.4628818715331526        2.8822858297405860E-002
   4.4691587799319334        3.3582399090845948E-002
   4.4754356883307143        1.5957917292588168E-002
   4.4817125967294951       -1.2309651190506260E-002
   4.4879895051282759       -3.2357061253198545E-002
   4.4942664135270567       -3.0787032436390544E-002
   4.5005433219258375       -8.6365851299152179E-003
   4.5068202303246183        1.9289114430257992E-002
   4.5130971387233991        3.4302190292508347E-002
   4.5193740471221799        2.6341863340284127E-002
   4.5256509555209607        7.3092958587416793E-004
   4.5319278639197416       -2.5368196467309069E-002
   4.5382047723185224       -3.4447996605873540E-002
   4.5444816807173032       -2.0406243016232756E-002
   4.5507585891160840        7.3382785881086505E-003
   4.5570354975148648        3.0150100437163530E-002
   4.5633124059136456        3.2691039698332133E-002
   4.5695893143124264        1.3242589132966864E-002
   4.5758662227112072       -1.5116653516461419E-002
   4.5821431311099881       -3.3295395606648077E-002
   4.5884200395087689       -2.9042759869617914E-002
   4.5946969479075497       -5.2156383384357506E-003
   4.6009738563063305        2.2127004120211950E-002
   4.6072507647051113        3.4541009492510516E-002
   4.6135276731038921        2.3642928756635106E-002
   4.6198045815026729       -3.2172591558760700E-003
   4.6260814899014537       -2.7903265197782769E-002
   4.6323583983002345       -3.3736095892738863E-002
   4.6386353066990154       -1.6768968751988578E-002
   4.6449122150977962        1.1533489853899478E-002
   4.6511891234965770        3.2036772706882634E-002
   4.6574660318953578        3.0873883820118787E-002
   4.6637429402941386        8.8288194631203736E-003
   4.6700198486929194       -1.9188159146533323E-002
   4.6762967570917002       -3.4225003223008206E-002
   4.6825736654904810       -2.6110145984884890E-002
   4.6888505738892619       -3.3384504368281451E-004
   4.6951274822880427        2.5668764334495522E-002
   4.7014043906868235        3.4314386990710252E-002
   4.7076812990856043        1.9761755447139005E-002
   4.7139582074843851       -8.1476576524510385E-003
   4.7202351158831659       -3.0553758378216250E-002
   4.7265120242819467       -3.2325662074755929E-002
   4.7327889326807275       -1.2272913904167963E-002
   4.7390658410795083        1.6064185128409771E-002
   4.7453427494782892        3.3562780946797564E-002
   4.7516196578770700        2.8420799016735138E-002
   4.7578965662758508        4.1107237036544751E-003
   4.7641734746746316       -2.2971833643693727E-002
   4.7704503830734124       -3.4568541763221904E-002
   4.7767272914721932       -2.2865381912230896E-002
   4.7830041998709740        4.2472190291713407E-003
   4.7892811082697548        2.8498664871336253E-002
   4.7955580166685357        3.3551525273168722E-002
   4.8018349250673165        1.6004983559067543E-002
   4.8081118334660973       -1.2320783407162540E-002
   4.8143887418648781       -3.2350863878416944E-002
   4.8206656502636589       -3.0601301795595098E-002
   4.8269425586624397       -8.2530774942028255E-003
   4.8332194670612205        1.9650076462443940E-002
   4.8394963754600013        3.4331985426662152E-002
   4.8457732838587821        2.5918137585365021E-002
   4.8520501922575630        7.2070338810595593E-005
   4.8583271006563438       -2.5823353077945869E-002
   4.8646040090551246       -3.4360557311878301E-002
   4.8708809174539054       -1.9806782852939648E-002
   4.8771578258526862        8.0541086964880781E-003
   4.8834347342514670        3.0507422429562680E-002
   4.8897116426502478        3.2481765597516012E-002
   4.8959885510490286        1.2659796902062953E-002
   4.9022654594478094       -1.5654722712177532E-002
   4.9085423678465903       -3.3476360031555887E-002
   4.9148192762453711       -2.8869103878032008E-002
   4.9210961846441519       -4.9296010852161176E-003
   4.9273730930429327        2.2310960668413315E-002
   4.9336500014417135        3.4633578063688747E-002
   4.9399269098404943        2.3813315224978010E-002
   4.9462038182392751       -2.9088384380754166E-003
   4.9524807266380559       -2.7693518638331568E-002
   4.9587576350368368       -3.4022692590516664E-002
   4.9650345434356176       -1.7697926328881092E-002
   4.9713114518343984        1.0401288191486063E-002
   4.9775883602331792        3.1594066912317531E-002
   4.9838652686319600        3.1824121227394975E-002
   4.9901421770307408        1.0962523468067564E-002
   4.9964190854295216       -1.7158490406786478E-002
   5.0026959938283024       -3.3945176092194398E-002
   5.0089729022270832       -2.8335991471069917E-002
   5.0152498106258641       -4.0581128617779910E-003
   5.0215267190246449        2.2894205669529478E-002
   5.0278036274234257        3.4824259834597991E-002
   5.0340805358222065        2.3941223607289910E-002
   5.0403574442209873       -2.5986177232600921E-003
   5.0466343526197681       -2.7450543187377201E-002
   5.0529112610185480       -3.4440390272586253E-002
   5.0591881694173289       -1.9065896168673224E-002
   5.0654650778161097        8.6647514232265025E-003
   5.0717419862148905        3.0806194083104168E-002
   5.0780188946136713        3.3104468333010020E-002
   5.0842958030124521        1.4131907487430387E-002
   5.0905727114112329       -1.3901764740733189E-002
   5.0968496198100137       -3.3067106431553563E-002
   5.1031265282087945       -3.1186620647403129E-002
   5.1094034366075753       -9.5143259357649123E-003
   5.1156803450063562        1.8184528564698665E-002
   5.1219572534051370        3.4435537283017500E-002
   5.1282341618039178        2.9071258726835175E-002
   5.1345110702026986        5.5187437856997756E-003
   5.1407879786014794       -2.1483992515848514E-002
   5.1470648870002602       -3.5166344867837568E-002
   5.1533417953990410       -2.7120194787893168E-002
   5.1596187037978218       -2.3787832763306760E-003
   5.1658956121966026        2.3833382002663744E-002
   5.1721725205953835        3.5521422085754213E-002
   5.1784494289941643        2.5648123535858252E-002
   5.1847263373929451        2.7027749090895609E-004
   5.1910032457917259       -2.5284801759149041E-002
   5.1972801541905067       -3.5726428795867307E-002
   5.2035570625892875       -2.4908252736428362E-002
   5.2098339709880683        6.6493568825730853E-004
   5.2161108793868491        2.5862552484591642E-002
   5.2223877877856300        3.5930128504367276E-002
   5.2286646961844108        2.5081726275843472E-002
   5.2349416045831916       -2.9420550169095405E-004
   5.2412185129819724       -2.5517859316664435E-002
   5.2474954213807532       -3.6163466438128337E-002
   5.2537723297795340       -2.6261436970835952E-002
   5.2600492381783148       -1.5209946338795956E-003
   5.2663261465770956        2.4090506997818697E-002
   5.2726030549758764        3.6294379204634047E-002
   5.2788799633746573        2.8417714930483021E-002
   5.2851568717734381        4.9153741182895424E-003
   5.2914337801722189       -2.1287181481542371E-002
   5.2977106885709997       -3.5977539642748552E-002
   5.3039875969697805       -3.1333764181352558E-002
   5.3102645053685613       -9.9659622888941639E-003
   5.3165414137673421        1.6695575756803579E-002
   5.3228183221661229        3.4608453961654011E-002
   5.3290952305649038        3.4503025059632125E-002
   5.3353721389636846        1.6567465992727688E-002
   5.3416490473624654       -9.8726908020156830E-003
   5.3479259557612462       -3.1318824281018613E-002
   5.3542028641600270       -3.7008985176264872E-002
   5.3604797725588078       -2.4228804742206032E-002
   5.3667566809575886        5.4871923605714142E-004
   5.3730335893563694        2.5078436192910752E-002
   5.3793104977551502        3.7449994626285336E-002
   5.3855874061539311        3.1816490613073220E-002
   5.3918643145527119        1.1019185219435772E-002
   5.3981412229514927       -1.4995194812754156E-002
   5.4044181313502735       -3.4027451484092919E-002
   5.4106950397490543       -3.7340279136213197E-002
   5.4169719481478351       -2.3563693841666178E-002
   5.4232488565466159        8.9980709419063194E-004
   5.4295257649453967        2.4981610470093361E-002
   5.4358026733441775        3.8005220653696888E-002
   5.4420795817429584        3.4366307198994632E-002
   5.4483564901417392        1.5811180318507798E-002
   5.4546333985405200       -9.5456837314500057E-003
   5.4609103069393008       -3.0874648460726711E-002
   5.4671872153380816       -3.9270497508123788E-002
   5.4734641237368624       -3.1389188288464064E-002
   5.4797410321356432       -1.0636158622346892E-002
   5.4860179405344240        1.4443075199858098E-002
   5.4922948489332049        3.3765032695615656E-002
   5.4985717573319857        3.9756127021463555E-002
   5.5048486657307665        3.0228620444716275E-002
   5.5111255741295473        9.0353818815554418E-003
   5.5174024825283281       -1.5617273331883293E-002
   5.5236793909271089       -3.4420140679751000E-002
   5.5299562993258897       -4.0464961920704617E-002
   5.5362332077246705       -3.1692078738422502E-002
   5.5425101161234513       -1.1454640861202606E-002
   5.5487870245222322        1.2886373863599756E-002
   5.5550639329210130        3.2713586720439065E-002
   5.5613408413197938        4.1201660026351512E-002
   5.5676177497185746        3.5590275601918228E-002
   5.5738946581173554        1.7957352336113834E-002
   5.5801715665161362       -5.6688995065859804E-003
   5.5864484749149170       -2.7454557789626719E-002
   5.5927253833136978       -4.0376157247575865E-002
   5.5990022917124787       -4.0433724304615101E-002
   5.6052792001112595       -2.7785492938434870E-002
   5.6115561085100403       -6.5235496291034343E-003
   5.6178330169088211        1.6745835894160854E-002
   5.6241099253076019        3.5001920272055058E-002
   5.6303868337063827        4.2912562653323209E-002
   5.6366637421051635        3.8320314646833838E-002
   5.6429406505039443        2.2724352230952424E-002
   5.6492175589027251        6.9325669002317201E-004
   5.6554944673015060       -2.1547845979161300E-002
   5.6617713757002868       -3.7903258237865139E-002
   5.6680482840990676       -4.4050624358726122E-002
   5.6743251924978484       -3.8511657723475125E-002
   5.6806021008966292       -2.2909528727734725E-002
   5.6868790092954100       -1.4073304563554300E-003
   5.6931559176941908        2.0466371853582178E-002
   5.6994328260929716        3.7262125702799673E-002
   5.7057097344917524        4.4945360181762851E-002
   5.7119866428905333        4.1805812783970935E-002
   5.7182635512893141        2.8755274752646939E-002
   5.7245404596880949        8.9907721071626947E-003
   5.7308173680868757       -1.2849273740415525E-002
   5.7370942764856565       -3.1803727249330963E-002
   5.7433711848844373       -4.3709531480579052E-002
   5.7496480932832181       -4.6076623143462399E-002
   5.7559250016819989       -3.8545755080397773E-002
   5.7622019100807798       -2.2863720443639043E-002
   5.7684788184795606       -2.4188303800646970E-003
   5.7747557268783414        1.8532776855275053E-002
   5.7810326352771222        3.5768111178408744E-002
   5.7873095436759030        4.5934918946305234E-002
   5.7935864520746838        4.7165545089067201E-002
   5.7998633604734646        3.9365387431939340E-002
   5.8061402688722454        2.4146317415598018E-002
   5.8124171772710262        4.4453883736531889E-003
   5.8186940856698071       -1.6076006494672713E-002
   5.8249709940685879       -3.3726014155847570E-002
   5.8312479024673687       -4.5437755649601889E-002
   5.8375248108661495       -4.9273915184235101E-002
   5.8438017192649303       -4.4704899045041949E-002
   5.8500786276637111       -3.2630915303896967E-002
   5.8563555360624919       -1.5164361066293729E-002
   5.8626324444612727        4.7727746762987449E-003
   5.8689093528600536        2.3956627738311885E-002
   5.8751862612588344        3.9384960926744560E-002
   5.8814631696576152        4.8732951702339253E-002
   5.8877400780563960        5.0676107867040916E-002
   5.8940169864551768        4.5041608295496298E-002
   5.9002938948539576        3.2778867606379644E-002
   5.9065708032527384        1.5767827767201734E-002
   5.9128477116515192       -3.4945298926587049E-003
   5.9191246200503000       -2.2275217375111553E-002
   5.9254015284490809       -3.7995072908853164E-002
   5.9316784368478617       -4.8572891515426486E-002
   5.9379553452466425       -5.2680679105322412E-002
   5.9442322536454233       -4.9882849404936418E-002
   5.9505091620442041       -4.0650153705157607E-002
   5.9567860704429849       -2.6256380800383793E-002
   5.9630629788417657       -8.5801789513729881E-003
   5.9693398872405457        1.0155745013332581E-002
   5.9756167956393265        2.7671023884791691E-002
   5.9818937040381073        4.1902930185708454E-002
   5.9881706124368881        5.1238645197289247E-002
   5.9944475208356689        5.4680634405386709E-002
   6.0007244292344497        5.1931274527219733E-002
   6.0070013376332305        4.3393408123418208E-002
   6.0132782460320113        3.0093275017221654E-002
   6.0195551544307921        1.3540268045504410E-002
   6.0258320628295730       -4.4564917503634388E-003
   6.0321089712283538       -2.1991977915745371E-002
   6.0383858796271346       -3.7266633287340804E-002
   6.0446627880259154       -4.8764785910256882E-002
   6.0509396964246962       -5.5393794522408085E-002
   6.0572166048234770       -5.6573018320421477E-002
   6.0634935132222578       -5.2267628683658231E-002
   6.0697704216210386       -4.2968071267011597E-002
   6.0760473300198194       -2.9621097516969130E-002
   6.0823242384186003       -1.3522307457482436E-002
   6.0886011468173811        3.8171685437262772E-003
   6.0948780552161619        2.0815962738825432E-002
   6.1011549636149427        3.5965967057783724E-002
   6.1074318720137235        4.7961583311027858E-002
   6.1137087804125043        5.5804544806150699E-002
   6.1199856888112851        5.8877042649088086E-002
   6.1262625972100659        5.6979131521007795E-002
   6.1325395056088468        5.0329652491005183E-002
   6.1388164140076276        3.9532926688943232E-002
   6.1450933224064084        2.5516029659844688E-002
   6.1513702308051892        9.4434015743778809E-003
   6.1576471392039700       -7.3832011207484345E-003
   6.1639240476027508       -2.3630872691619752E-002
   6.1702009560015316       -3.8039450904998939E-002
   6.1764778644003124       -4.9515491189082397E-002
   6.1827547727990932       -5.7209914101282087E-002
   6.1890316811978741       -6.0574508180088818E-002
   6.1953085895966549       -5.9394271327663090E-002
   6.2015854979954357       -5.3794445014077368E-002
   6.2078624063942165       -4.4222906940201687E-002
   6.2141393147929973       -3.1410227226310213E-002
   6.2204162231917781       -1.6311071050649693E-002
   6.2266931315905589       -3.1682262590316657E-005
   6.2329700399893397        1.6251131114079345E-002
   6.2392469483881206        3.1373781547866832E-002
   6.2455238567869014        4.4266792647906394E-002
   6.2518007651856822        5.4027537865516090E-002
   6.2580776735844630        5.9980273649229629E-002
   6.2643545819832438        6.1719859163919873E-002
   6.2706314903820246        5.9136676661848381E-002
   6.2769083987808054        5.2421495122855828E-002
   6.2831853071795862        4.2050283940008641E-002
