   6.2769083987808056E-003  -6.7736571484928965E-015
   1.2553816797561611E-002  -7.1913143465772356E-015
   1.8830725196342418E-002  -8.3422806165049473E-015
   2.5107633595123222E-002  -9.7527378030875247E-015
   3.1384541993904030E-002  -1.2897826692603249E-014
   3.7661450392684835E-002  -1.7013160814039658E-014
   4.3938358791465640E-002  -2.3788499145626892E-014
   5.0215267190246445E-002  -3.3098991925823728E-014
   5.6492175589027249E-002  -4.6941490208314458E-014
   6.2769083987808061E-002  -6.5119329669529921E-014
   6.9045992386588859E-002  -9.0319352567254267E-014
   7.5322900785369670E-002  -1.2378606529347470E-013
   8.1599809184150468E-002  -1.6941228469765634E-013
   8.7876717582931280E-002  -2.2933112257409645E-013
   9.4153625981712077E-002  -3.1066208694492052E-013
  0.10043053438049289       -4.1914364218959370E-013
  0.10670744277927370       -5.6570556727480182E-013
  0.11298435117805450       -7.6287342951115611E-013
  0.11926125957683531       -1.0292339354065029E-012
  0.12553816797561612       -1.3885296304173580E-012
  0.13181507637439691       -1.8739764282917665E-012
  0.13809198477317772       -2.5289898414731731E-012
  0.14436889317195853       -3.4123300099338251E-012
  0.15064580157073934       -4.6023046046442974E-012
  0.15692270996952015       -6.2048197019390927E-012
  0.16319961836830094       -8.3592550158496178E-012
  0.16947652676708175       -1.1255076997744692E-011
  0.17575343516586256       -1.5143525346416217E-011
  0.18203034356464337       -2.0362134303031183E-011
  0.18830725196342415       -2.7359070475331432E-011
  0.19458416036220497       -3.6733075240409250E-011
  0.20086106876098578       -4.9281995402487382E-011
  0.20713797715976659       -6.6066591025146485E-011
  0.21341488555854740       -8.8496568744152036E-011
  0.21969179395732819       -1.1844369170804256E-010
  0.22596870235610900       -1.5838942440522548E-010
  0.23224561075488981       -2.1161936112592375E-010
  0.23852251915367062       -2.8248203735979089E-010
  0.24479942755245140       -3.7672066998615083E-010
  0.25107633595123224       -5.0191497479819906E-010
  0.25735324435001306       -6.6805293957939132E-010
  0.26363015274879381       -8.8828216404277386E-010
  0.26990706114757462       -1.1798806557550428E-009
  0.27618396954635543       -1.5655295344584734E-009
  0.28246087794513625       -2.0749562688547703E-009
  0.28873778634391706       -2.7470730389218358E-009
  0.29501469474269787       -3.6327339556604157E-009
  0.30129160314147868       -4.7983065750239253E-009
  0.30756851154025949       -6.3302670044044962E-009
  0.31384541993904030       -8.3411239760062845E-009
  0.32012232833782106       -1.0977014432610048E-008
  0.32639923673660187       -1.4427459607417104E-008
  0.33267614513538268       -1.8937827184988940E-008
  0.33895305353416350       -2.4825264321803533E-008
  0.34522996193294431       -3.2498980492872662E-008
  0.35150687033172512       -4.2486060445871533E-008
  0.35778377873050593       -5.5464194649905724E-008
  0.36406068712928674       -7.2303142720022443E-008
  0.37033759552806755       -9.4117084319312596E-008
  0.37661450392684831       -1.2233062839502698E-007
  0.38289141232562912       -1.5876177952394631E-007
  0.38916832072440993       -2.0572604171517362E-007
  0.39544522912319074       -2.6616664270104126E-007
  0.40172213752197156       -3.4381711221892315E-007
  0.40799904592075237       -4.4340365610180699E-007
  0.41427595431953318       -5.7089650715385543E-007
  0.42055286271831399       -7.3382117527764768E-007
  0.42682977111709480       -9.4164291898174925E-007
  0.43310667951587556       -1.2062402427752277E-006
  0.43938358791465637       -1.5424864799643924E-006
  0.44566049631343718       -1.9689619424610332E-006
  0.45193740471221799       -2.5088234639974644E-006
  0.45821431311099881       -3.1908627505481739E-006
  0.46449122150977962       -4.0507906366445037E-006
  0.47076812990856043       -5.1327902985464239E-006
  0.47704503830734124       -6.4913897084501139E-006
  0.48332194670612205       -8.1937111107322319E-006
  0.48959885510490281       -1.0322164177140074E-005
  0.49587576350368362       -1.2977658564827000E-005
  0.50215267190246449       -1.6283422043464694E-005
  0.50842958030124530       -2.0389520767085187E-005
  0.51470648870002611       -2.5478189866809939E-005
  0.52098339709880681       -3.1770093657114151E-005
  0.52726030549758762       -3.9531646588177238E-005
  0.53353721389636843       -4.9083536648607738E-005
  0.53981412229514925       -6.0810603384085916E-005
  0.54609103069393006       -7.5173230596126524E-005
  0.55236793909271087       -9.2720420290374030E-005
  0.55864484749149168       -1.1410471647461724E-004
  0.56492175589027249       -1.4009914619480062E-004
  0.57119866428905330       -1.7161633680022102E-004
  0.57747557268783412       -2.0972995703745967E-004
  0.58375248108661493       -2.5569861886433202E-004
  0.59002938948539574       -3.1099234315475386E-004
  0.59630629788417655       -3.7732163979851383E-004
  0.60258320628295736       -4.5666920310048818E-004
  0.60886011468173817       -5.5132415489940077E-004
  0.61513702308051899       -6.6391868354159170E-004
  0.62141393147929980       -7.9746682391380083E-004
  0.62769083987808061       -9.5540500427372329E-004
  0.63396774827686131       -1.1416338456212679E-003
  0.64024465667564212       -1.3605605425574935E-003
  0.64652156507442293       -1.6171409777969025E-003
  0.65279847347320374       -1.9169205315011999E-003
  0.65907538187198456       -2.2660723396531169E-003
  0.66535229027076537       -2.6714315411917509E-003
  0.67162919866954618       -3.1405238319113268E-003
  0.67790610706832699       -3.6815864256414480E-003
  0.68418301546710780       -4.3035793128924724E-003
  0.69045992386588861       -5.0161845184922655E-003
  0.69673683226466943       -5.8297908985731148E-003
  0.70301374066345024       -6.7554619004784600E-003
  0.70929064906223105       -7.8048836457048527E-003
  0.71556755746101186       -8.9902907027152590E-003
  0.72184446585979267       -1.0324367006882671E-002
  0.72812137425857348       -1.1820119568478898E-002
  0.73439828265735430       -1.3490722911171092E-002
  0.74067519105613511       -1.5349332456112920E-002
  0.74695209945491581       -1.7408865178456662E-002
  0.75322900785369662       -1.9681746959632290E-002
  0.75950591625247743       -2.2179627076561192E-002
  0.76578282465125824       -2.4913061018662339E-002
  0.77205973305003905       -2.7891163847708209E-002
  0.77833664144881987       -3.1121237498029995E-002
  0.78461354984760068       -3.4608376673320444E-002
  0.79089045824638149       -3.8355059333198965E-002
  0.79716736664516230       -4.2360729111693460E-002
  0.80344427504394311       -4.6621378361522858E-002
  0.80972118344272392       -5.1129141785634033E-002
  0.81599809184150474       -5.5871911789236749E-002
  0.82227500024028555       -6.0832987653945660E-002
  0.82855190863906636       -6.5990771396674197E-002
  0.83482881703784717       -7.1318523603526834E-002
  0.84110572543662798       -7.6784192642563365E-002
  0.84738263383540879       -8.2350330315931849E-002
  0.85365954223418961       -8.7974106277329850E-002
  0.85993645063297042       -9.3607432251205575E-002
  0.86621335903175112       -9.9197205391452617E-002
  0.87249026743053193      -0.10468567780731505     
  0.87876717582931274      -0.11001095663325386     
  0.88504408422809355      -0.11510763579458312     
  0.89132099262687436      -0.11990755639363740     
  0.89759790102565518      -0.12434068037528885     
  0.90387480942443599      -0.12833605670100962     
  0.91015171782321680      -0.13182287743635565     
  0.91642862622199761      -0.13473161170371575     
  0.92270553462077842      -0.13699519756161893     
  0.92898244301955923      -0.13855026908741833     
  0.93525935141834005      -0.13933839319712960     
  0.94153625981712086      -0.13930728891468197     
  0.94781316821590167      -0.13841200040546894     
  0.95409007661468248      -0.13661599461690180     
  0.96036698501346329      -0.13389215458036302     
  0.96664389341224410      -0.13022364060104016     
  0.97292080181102492      -0.12560459351196560     
  0.97919771020980562      -0.12004065704077851     
  0.98547461860858643      -0.11354929993629155     
  0.99175152700736724      -0.10615992287889044     
  0.99802843540614805       -9.7913740115645173E-002
   1.0043053438049290       -8.8863431208622057E-002
   1.0105822522037098       -7.9072563972933427E-002
   1.0168591606024906       -6.8614795576656146E-002
   1.0231360690012714       -5.7572864536537295E-002
   1.0294129774000522       -4.6037391955069354E-002
   1.0356898857988328       -3.4105515461274598E-002
   1.0419667941976136       -2.1879383516822656E-002
   1.0482437025963944       -9.4645393984342692E-003
   1.0545206109951752        3.0317617617735605E-003
   1.0607975193939561        1.5502241127006999E-002
   1.0670744277927369        2.7841245423873420E-002
   1.0733513361915177        3.9946322501543098E-002
   1.0796282445902985        5.1719691289550146E-002
   1.0859051529890793        6.3069578318484032E-002
   1.0921820613878601        7.3911397308054683E-002
   1.0984589697866409        8.4168753333356633E-002
   1.1047358781854217        9.3774258218068632E-002
   1.1110127865842025       0.10267014912561115     
   1.1172896949829834       0.11080870750159318     
   1.1235666033817642       0.11815248050452752     
   1.1298435117805450       0.12467431165308571     
   1.1361204201793258       0.13035719152301109     
   1.1423973285781066       0.13519394286634354     
   1.1486742369768874       0.13918675739472666     
   1.1549511453756682       0.14234660370630164     
   1.1612280537744490       0.14469252731699048     
   1.1675049621732299       0.14625086465743845     
   1.1737818705720107       0.14705439302319101     
   1.1800587789707915       0.14714143818967274     
   1.1863356873695723       0.14655496032778972     
   1.1926125957683531       0.14534163775796849     
   1.1988895041671339       0.14355096611443904     
   1.2051664125659147       0.14123439430122897     
   1.2114433209646955       0.13844452523921738     
   1.2177202293634763       0.13523438081762645     
   1.2239971377622572       0.13165672803335346     
   1.2302740461610380       0.12776347109004219     
   1.2365509545598188       0.12360511323664948     
   1.2428278629585996       0.11923029043252761     
   1.2491047713573804       0.11468537724431029     
   1.2553816797561612       0.11001416401757377     
   1.2616585881549420       0.10525760306060404     
   1.2679354965537226       0.10045362056800208     
   1.2742124049525034        9.5636990110610123E-002
   1.2804893133512842        9.0839262880194616E-002
   1.2867662217500651        8.6088749360805183E-002
   1.2930431301488459        8.1410546807371767E-002
   1.2993200385476267        7.6826606730376071E-002
   1.3055969469464075        7.2355836586454406E-002
   1.3118738553451883        6.8014229959501127E-002
   1.3181507637439691        6.3815019740376414E-002
   1.3244276721427499        5.9768849089074191E-002
   1.3307045805415307        5.5883955335525669E-002
   1.3369814889403115        5.2166362369118660E-002
   1.3432583973390924        4.8620077518806579E-002
   1.3495353057378732        4.5247289375067737E-002
   1.3558122141366540        4.2048563474925048E-002
   1.3620891225354348        3.9023033232353031E-002
   1.3683660309342156        3.6168583921587914E-002
   1.3746429393329964        3.3482028012275608E-002
   1.3809198477317772        3.0959270172715266E-002
   1.3871967561305580        2.8595459999566433E-002
   1.3934736645293389        2.6385136831228232E-002
   1.3997505729281197        2.4322367836880812E-002
   1.4060274813269005        2.2400872413249680E-002
   1.4123043897256813        2.0614132132011905E-002
   1.4185812981244621        1.8955487154807365E-002
   1.4248582065232429        1.7418219863887210E-002
   1.4311351149220237        1.5995626649560855E-002
   1.4374120233208045        1.4681078751468502E-002
   1.4436889317195853        1.3468073122920751E-002
   1.4499658401183662        1.2350274234503741E-002
   1.4562427485171470        1.1321547754517682E-002
   1.4625196569159278        1.0375986971767094E-002
   1.4687965653147086        9.5079328225770674E-003
   1.4750734737134894        8.7119882963406312E-003
   1.4813503821122702        7.9830279807768106E-003
   1.4876272905110510        7.3162034092202049E-003
   1.4939041989098316        6.7069448609086294E-003
   1.5001811073086124        6.1509601572821071E-003
   1.5064580157073932        5.6442309970707594E-003
   1.5127349241061741        5.1830072548867461E-003
   1.5190118325049549        4.7637996883131833E-003
   1.5252887409037357        4.3833713646906965E-003
   1.5315656493025165        4.0387281719340695E-003
   1.5378425577012973        3.7271086148139665E-003
   1.5441194661000781        3.4459732052999023E-003
   1.5503963744988589        3.1929935338172138E-003
   1.5566732828976397        2.9660413146796855E-003
   1.5629501912964205        2.7631773489654138E-003
   1.5692270996952014        2.5826407440204735E-003
   1.5755040080939822        2.4228386435795929E-003
   1.5817809164927630        2.2823445128729810E-003
   1.5880578248915438        2.1599070210933133E-003
   1.5943347332903246        2.0544400487377814E-003
   1.6006116416891054        1.9650086552942233E-003
   1.6068885500878862        1.8908173765167821E-003
   1.6131654584866670        1.8311999468806170E-003
   1.6194423668854478        1.7856106593868823E-003
   1.6257192752842287        1.7536169038054113E-003
   1.6319961836830095        1.7348928931055752E-003
   1.6382730920817903        1.7292142931458181E-003
   1.6445500004805711        1.7364537132481036E-003
   1.6508269088793519        1.7565768485345633E-003
   1.6571038172781327        1.7896392113687209E-003
   1.6633807256769135        1.8357832787939670E-003
   1.6696576340756943        1.8952359783927343E-003
   1.6759345424744752        1.9683063528922393E-003
   1.6822114508732560        2.0553833083102346E-003
   1.6884883592720368        2.1569332834856965E-003
   1.6947652676708176        2.2734977225109896E-003
   1.7010421760695984        2.4056901727045137E-003
   1.7073190844683792        2.5541928597361840E-003
   1.7135959928671600        2.7197525366537802E-003
   1.7198729012659408        2.9031754222296944E-003
   1.7261498096647214        3.1053209907971409E-003
   1.7324267180635022        3.3270943883107291E-003
   1.7387036264622830        3.5694371962779006E-003
   1.7449805348610639        3.8333162771134448E-003
   1.7512574432598447        4.1197103799797520E-003
   1.7575343516586255        4.4295942069406454E-003
   1.7638112600574063        4.7639195777274893E-003
   1.7700881684561871        5.1235933836704332E-003
   1.7763650768549679        5.5094519686967941E-003
   1.7826419852537487        5.9222328022764999E-003
   1.7889188936525295        6.3625465345103147E-003
   1.7951958020513104        6.8308484359530996E-003
   1.8014727104500912        7.3274078760101917E-003
   1.8077496188488720        7.8522759478961094E-003
   1.8140265272476528        8.4052515342245698E-003
   1.8203034356464336        8.9858462135379968E-003
   1.8265803440452144        9.5932484768464638E-003
   1.8328572524439952        1.0226287838691738E-002
   1.8391341608427760        1.0883399507933720E-002
   1.8454110692415568        1.1562590394873135E-002
   1.8516879776403377        1.2261407311937950E-002
   1.8579648860391185        1.2976908322103057E-002
   1.8642417944378993        1.3705638254399820E-002
   1.8705187028366801        1.4443609473848878E-002
   1.8767956112354609        1.5186289025542803E-002
   1.8830725196342417        1.5928593294546323E-002
   1.8893494280330225        1.6664891304818436E-002
   1.8956263364318033        1.7389017738849658E-002
   1.9019032448305841        1.8094296674106111E-002
   1.9081801532293650        1.8773576912465922E-002
   1.9144570616281458        1.9419279614958915E-002
   1.9207339700269266        2.0023458746463635E-002
   1.9270108784257074        2.0577874591253483E-002
   1.9332877868244882        2.1074080303237121E-002
   1.9395646952232690        2.1503521145244894E-002
   1.9458416036220498        2.1857645688679397E-002
   1.9521185120208304        2.2128027888027008E-002
   1.9583954204196112        2.2306497808214063E-002
   1.9646723288183920        2.2385277211922232E-002
   1.9709492372171729        2.2357119029677238E-002
   1.9772261456159537        2.2215449533306952E-002
   1.9835030540147345        2.1954510642872554E-002
   1.9897799624135153        2.1569499447685426E-002
   1.9960568708122961        2.1056701823471472E-002
   2.0023337792110771        2.0413616905359110E-002
   2.0086106876098579        1.9639069120008169E-002
   2.0148875960086388        1.8733304517109264E-002
   2.0211645044074196        1.7698068265040393E-002
   2.0274414128062004        1.6536660398850992E-002
   2.0337183212049812        1.5253967229317475E-002
   2.0399952296037620        1.3856466236999800E-002
   2.0462721380025428        1.2352202782679966E-002
   2.0525490464013236        1.0750737550599231E-002
   2.0588259548001044        9.0630642985005429E-003
   2.0651028631988853        7.3014981929341305E-003
   2.0713797715976656        5.4795357525244236E-003
   2.0776566799964464        3.6116881702208548E-003
   2.0839335883952272        1.7132905320130830E-003
   2.0902104967940081       -1.9970985093437202E-004
   2.0964874051927889       -2.1109821256077841E-003
   2.1027643135915697       -4.0040531727712153E-003
   2.1090412219903505       -5.8625565788895185E-003
   2.1153181303891313       -7.6704840974415860E-003
   2.1215950387879121       -9.4124341601341307E-003
   2.1278719471866929       -1.1073852010562553E-002
   2.1341488555854737       -1.2641255265881628E-002
   2.1404257639842545       -1.4102436324067000E-002
   2.1467026723830354       -1.5446636420658683E-002
   2.1529795807818162       -1.6664689163684198E-002
   2.1592564891805970       -1.7749131225587758E-002
   2.1655333975793778       -1.8694278533351111E-002
   2.1718103059781586       -1.9496267215237870E-002
   2.1780872143769394       -2.0153059452910217E-002
   2.1843641227757202       -2.0664415251694383E-002
   2.1906410311745010       -2.1031831950999624E-002
   2.1969179395732819       -2.1258454023129651E-002
   2.2031948479720627       -2.1348956339443826E-002
   2.2094717563708435       -2.1309404595513178E-002
   2.2157486647696243       -2.1147096977028674E-002
   2.2220255731684051       -2.0870391404902020E-002
   2.2283024815671859       -2.0488522822669275E-002
   2.2345793899659667       -2.0011414985670467E-002
   2.2408562983647475       -1.9449491081636790E-002
   2.2471332067635283       -1.8813487281554898E-002
   2.2534101151623092       -1.8114272970222667E-002
   2.2596870235610900       -1.7362681027290557E-002
   2.2659639319598708       -1.6569350702044496E-002
   2.2722408403586516       -1.5744583744537643E-002
   2.2785177487574324       -1.4898215953843122E-002
   2.2847946571562132       -1.4039507648994674E-002
   2.2910715655549940       -1.3177054216110352E-002
   2.2973484739537748       -1.2318716853523950E-002
   2.3036253823525557       -1.1471573156135565E-002
   2.3099022907513365       -1.0641886696395878E-002
   2.3161791991501173       -9.8350943802370788E-003
   2.3224561075488981       -9.0558100326834281E-003
   2.3287330159476789       -8.3078424345931177E-003
   2.3350099243464597       -7.5942258654711076E-003
   2.3412868327452405       -6.9172611204918900E-003
   2.3475637411440213       -6.2785649442178822E-003
   2.3538406495428021       -5.6791258622682231E-003
   2.3601175579415830       -5.1193644780309850E-003
   2.3663944663403638       -4.5991964330975039E-003
   2.3726713747391446       -4.1180963911778435E-003
   2.3789482831379254       -3.6751615928408412E-003
   2.3852251915367062       -3.2691737280034589E-003
   2.3915020999354870       -2.8986580819171108E-003
   2.3977790083342678       -2.5619391163100211E-003
   2.4040559167330486       -2.2571918489239407E-003
   2.4103328251318294       -1.9824885823932878E-003
   2.4166097335306103       -1.7358407077296631E-003
   2.4228866419293911       -1.5152354606788585E-003
   2.4291635503281719       -1.3186676435247180E-003
   2.4354404587269527       -1.1441664430415052E-003
   2.4417173671257335       -9.8981756817145676E-004
   2.4479942755245143       -8.5378099958641955E-004
   2.4542711839232951       -7.3430469708569957E-004
   2.4605480923220759       -6.2973464577048977E-004
   2.4668250007208568       -5.3852164276210735E-004
   2.4731019091196376       -4.5922523191919702E-004
   2.4793788175184184       -3.9051518972732405E-004
   2.4856557259171992       -3.3117095044269302E-004
   2.4919326343159800       -2.8007933762245552E-004
   2.4982095427147608       -2.3623094144908737E-004
   2.5044864511135416       -1.9871545123701604E-004
   2.5107633595123224       -1.6671621903240974E-004
   2.5170402679111032       -1.3950429722115048E-004
   2.5233171763098841       -1.1643215904455465E-004
   2.5295940847086644       -9.6927279298122433E-005
   2.5358709931074452       -8.0485721431768748E-005
   2.5421479015062260       -6.6665849705528648E-005
   2.5484248099050069       -5.5082258908025606E-005
   2.5547017183037877       -4.5399991946423273E-005
   2.5609786267025685       -3.7329095107287817E-005
   2.5672555351013493       -3.0619544210050450E-005
   2.5735324435001301       -2.5056559883179676E-005
   2.5798093518989109       -2.0456318782854865E-005
   2.5860862602976917       -1.6662057585723212E-005
   2.5923631686964725       -1.3540559856500858E-005
   2.5986400770952534       -1.0979008631664852E-005
   2.6049169854940342       -8.8821840546708275E-006
   2.6111938938928150       -7.1699829109212729E-006
   2.6174708022915958       -5.7752357586446070E-006
   2.6237477106903766       -4.6417960771488121E-006
   2.6300246190891574       -3.7228763075060256E-006
   2.6363015274879382       -2.9796057755750821E-006
   2.6425784358867190       -2.3797869580177813E-006
   2.6488553442854998       -1.8968274499301944E-006
   2.6551322526842807       -1.5088269668328907E-006
   2.6614091610830615       -1.1977999551730119E-006
   2.6676860694818423       -9.4901651700684840E-007
   2.6739629778806231       -7.5044564624690770E-007
   2.6802398862794039       -5.9228684841522854E-007
   2.6865167946781847       -4.6657738648428477E-007
   2.6927937030769655       -3.6686428492906059E-007
   2.6990706114757463       -2.8793119700110227E-007
   2.7053475198745272       -2.2557189277592216E-007
   2.7116244282733080       -1.7640286453995098E-007
   2.7179013366720888       -1.3770894453508192E-007
   2.7241782450708696       -1.0731637029732474E-007
   2.7304551534696504       -8.3488882575451337E-008
   2.7367320618684312       -6.4842781720175569E-008
   2.7430089702672120       -5.0277832388000926E-008
   2.7492858786659928       -3.8921076117030842E-008
   2.7555627870647736       -3.0081409445346397E-008
   2.7618396954635545       -2.3212822603703212E-008
   2.7681166038623353       -1.7884871644751818E-008
   2.7743935122611161       -1.3758879271116324E-008
   2.7806704206598969       -1.0568938855594209E-008
   2.7869473290586777       -8.1066579336676484E-009
   2.7932242374574585       -6.2090676223273720E-009
   2.7995011458562393       -4.7489299443049542E-009
   2.8057780542550201       -3.6271217917867735E-009
   2.8120549626538009       -2.7665329711470536E-009
   2.8183318710525818       -2.1073160609170128E-009
   2.8246087794513626       -1.6030725556590386E-009
   2.8308856878501434       -1.2179242542854257E-009
   2.8371625962489242       -9.2414312766593667E-010
   2.8434395046477050       -7.0036702240862824E-010
   2.8497164130464858       -5.3013376367636671E-010
   2.8559933214452666       -4.0080833927698426E-010
   2.8622702298440474       -3.0267878895105456E-010
   2.8685471382428283       -2.2831985574178744E-010
   2.8748240466416091       -1.7203585510657884E-010
   2.8811009550403899       -1.2949086601832787E-010
   2.8873778634391707       -9.7362540914017535E-011
   2.8936547718379515       -7.3134696059866971E-011
   2.8999316802367323       -5.4878264966709052E-011
   2.9062085886355131       -4.1141924209792131E-011
   2.9124854970342939       -3.0811369070123658E-011
   2.9187624054330747       -2.3056833638391459E-011
   2.9250393138318556       -1.7235475855209310E-011
   2.9313162222306364       -1.2875782661137490E-011
   2.9375931306294172       -9.6083022041113835E-012
   2.9438700390281980       -7.1674801779374991E-012
   2.9501469474269788       -5.3400532454923733E-012
   2.9564238558257596       -3.9782888257425212E-012
   2.9627007642245404       -2.9583998792209552E-012
   2.9689776726233212       -2.2010722512277341E-012
   2.9752545810221021       -1.6334880160373329E-012
   2.9815314894208829       -1.2143580829863753E-012
   2.9878083978196632       -8.9933118749410709E-013
   2.9940853062184440       -6.6827048942564185E-013
   3.0003622146172249       -4.9369470445682710E-013
   3.0066391230160057       -3.6730028888861443E-013
   3.0129160314147865       -2.7049162292678768E-013
   3.0191929398135673       -2.0196267845158517E-013
   3.0254698482123481       -1.4817522733889097E-013
   3.0317467566111289       -1.1127769813511937E-013
   3.0380236650099097       -8.0620661600640147E-014
   3.0443005734086905       -6.0351315872207480E-014
   3.0505774818074713       -4.2428906582649443E-014
   3.0568543902062522       -3.2132472788678787E-014
   3.0631312986050330       -2.2410578769449199E-014
   3.0694082070038138       -1.8072265362395441E-014
   3.0756851154025946       -1.2266732738715936E-014
   3.0819620238013754       -1.0779564470917633E-014
   3.0882389322001562       -7.6461991459383024E-015
   3.0945158405989370       -7.3532219674180729E-015
   3.1007927489977178       -4.7404944966792354E-015
   3.1070696573964987       -4.7685182272142647E-015
   3.1133465657952795       -1.9534294877709279E-015
   3.1196234741940603       -2.6003705471835236E-015
   3.1259003825928411       -9.4720489802952702E-016
   3.1321772909916219       -2.4534185102733448E-015
   3.1384541993904027       -9.9041929332370899E-016
   3.1447311077891835       -1.8665204414718678E-015
   3.1510080161879643       -7.5139437981550384E-016
   3.1572849245867451       -1.6519855423446828E-015
   3.1635618329855260        7.6455253251062505E-017
   3.1698387413843068       -1.0396692615037082E-015
   3.1761156497830876        2.4177712632858211E-016
   3.1823925581818684       -1.2001931218386381E-015
   3.1886694665806492        1.0269334243454856E-016
   3.1949463749794300       -6.7687062396827217E-016
   3.2012232833782108        1.4067369428052852E-015
   3.2075001917769916        4.7463187081866608E-016
   3.2137771001757724        1.9281920787937361E-015
   3.2200540085745533        7.7131037885952657E-016
   3.2263309169733341        1.9266104804904883E-015
   3.2326078253721149        3.9875862187124063E-016
   3.2388847337708957        1.2897024032137436E-015
   3.2451616421696765       -1.2631515773022152E-016
   3.2514385505684573        6.9134734255634929E-016
   3.2577154589672381       -3.2962654652619724E-016
   3.2639923673660189        9.9105588491450318E-016
   3.2702692757647998        1.9494962788532050E-016
   3.2765461841635806        1.3784735002520699E-015
   3.2828230925623614        4.1666912588876924E-016
   3.2891000009611422        1.5391150989796630E-015
   3.2953769093599230        5.6404234081363110E-017
   3.3016538177587038        3.9430537409348832E-016
   3.3079307261574846       -1.3558992002396137E-015
   3.3142076345562654       -7.8571461137536544E-016
   3.3204845429550462       -2.6841330451641832E-015
   3.3267614513538271       -2.7189471690390588E-015
   3.3330383597526079       -4.6484700680388448E-015
   3.3393152681513887       -4.4940399800075131E-015
   3.3455921765501695       -6.5961004778523356E-015
   3.3518690849489503       -7.3274475038683349E-015
   3.3581459933477311       -1.1517231175491819E-014
   3.3644229017465119       -1.4705716655690686E-014
   3.3706998101452927       -2.0817759137659673E-014
   3.3769767185440736       -2.7358255279697489E-014
   3.3832536269428544       -3.8003897650691060E-014
   3.3895305353416352       -4.9363375656719644E-014
   3.3958074437404160       -6.6253822632352948E-014
   3.4020843521391968       -8.6889273547445784E-014
   3.4083612605379776       -1.1685615447802840E-013
   3.4146381689367584       -1.5401726104806520E-013
   3.4209150773355392       -2.0491471397372402E-013
   3.4271919857343200       -2.6959739901070733E-013
   3.4334688941331009       -3.5703594229041532E-013
   3.4397458025318817       -4.6966607749284763E-013
   3.4460227109306620       -6.2069002779073358E-013
   3.4522996193294428       -8.1717237860254282E-013
   3.4585765277282237       -1.0769319986841316E-012
   3.4648534361270045       -1.4152720551520470E-012
   3.4711303445257853       -1.8602382422667336E-012
   3.4774072529245661       -2.4391668598823694E-012
   3.4836841613233469       -3.1962893874464707E-012
   3.4899610697221277       -4.1797283202917019E-012
   3.4962379781209085       -5.4605832452107038E-012
   3.5025148865196893       -7.1218786859267748E-012
   3.5087917949184702       -9.2775355311936351E-012
   3.5150687033172510       -1.2065586178447804E-011
   3.5213456117160318       -1.5670732288959777E-011
   3.5276225201148126       -2.0320238684737793E-011
   3.5338994285135934       -2.6310714425290565E-011
   3.5401763369123742       -3.4012372906061027E-011
   3.5464532453111550       -4.3900438920797456E-011
   3.5527301537099358       -5.6568986592133843E-011
   3.5590070621087166       -7.2774717026250008E-011
   3.5652839705074975       -9.3463763037111187E-011
   3.5715608789062783       -1.1983056323080876E-010
   3.5778377873050591       -1.5336722552669020E-010
   3.5841146957038399       -1.9594607833950610E-010
   3.5903916041026207       -2.4989654595583527E-010
   3.5966685125014015       -3.1812471453625003E-010
   3.6029454209001823       -4.0423401543233314E-010
   3.6092223292989631       -5.1269373518613550E-010
   3.6154992376977440       -6.4901967814463194E-010
   3.6217761460965248       -8.2001731874845452E-010
   3.6280530544953056       -1.0340474337826772E-009
   3.6343299628940864       -1.3013671388525980E-009
   3.6406068712928672       -1.6345136246508771E-009
   3.6468837796916480       -2.0487812987455455E-009
   3.6531606880904288       -2.5627631001874392E-009
   3.6594375964892096       -3.1990117610254149E-009
   3.6657145048879904       -3.9847901959536789E-009
   3.6719914132867713       -4.9529702750668873E-009
   3.6782683216855521       -6.1430546733112194E-009
   3.6845452300843329       -7.6023803828201433E-009
   3.6908221384831137       -9.3874822624136705E-009
   3.6970990468818945       -1.1565672508074026E-008
   3.7033759552806753       -1.4216820313750761E-008
   3.7096528636794561       -1.7435385927116389E-008
   3.7159297720782369       -2.1332689589072246E-008
   3.7222066804770177       -2.6039466841095215E-008
   3.7284835888757986       -3.1708688279984335E-008
   3.7347604972745794       -3.8518692049427863E-008
   3.7410374056733602       -4.6676590619693126E-008
   3.7473143140721410       -5.6421986801304976E-008
   3.7535912224709218       -6.8030950927729259E-008
   3.7598681308697026       -8.1820275087217413E-008
   3.7661450392684834       -9.8151927028329723E-008
   3.7724219476672642       -1.1743769711983392E-007
   3.7786988560660451       -1.4014393097243887E-007
   3.7849757644648259       -1.6679629987259074E-007
   3.7912526728636067       -1.9798446918651511E-007
   3.7975295812623875       -2.3436657122965181E-007
   3.8038064896611683       -2.7667329259862850E-007
   3.8100833980599491       -3.2571143805725233E-007
   3.8163603064587299       -3.8236673282021181E-007
   3.8226372148575107       -4.4760567411866847E-007
   3.8289141232562915       -5.2247614554222184E-007
   3.8351910316550724       -6.0810656634950490E-007
   3.8414679400538532       -7.0570325256025069E-007
   3.8477448484526340       -8.1654573306053186E-007
   3.8540217568514148       -9.4197968735580990E-007
   3.8602986652501956       -1.0834072486777967E-006
   3.8665755736489764       -1.2422743582884396E-006
   3.8728524820477572       -1.4200549604226316E-006
   3.8791293904465380       -1.6182317848593557E-006
   3.8854062988453189       -1.8382735579740908E-006
   3.8916832072440997       -2.0816084640374896E-006
   3.8979601156428805       -2.3495938963411893E-006
   3.9042370240416608       -2.6434825509348065E-006
   3.9105139324404417       -2.9643850838125419E-006
   3.9167908408392225       -3.3132296173061754E-006
   3.9230677492380033       -3.6907185741662937E-006
   3.9293446576367841       -4.0972834087891311E-006
   3.9356215660355649       -4.5330380140623015E-006
   3.9418984744343457       -4.9977316797343410E-006
   3.9481753828331265       -5.4907026729428148E-006
   3.9544522912319073       -6.0108336085741452E-006
   3.9607291996306881       -6.5565099431042731E-006
   3.9670061080294690       -7.1255829705562388E-006
   3.9732830164282498       -7.7153388231074796E-006
   3.9795599248270306       -8.3224749545630371E-006
   3.9858368332258114       -8.9430856269332094E-006
   3.9921137416245922       -9.5726578081947177E-006
   3.9983906500233730       -1.0206078827230716E-005
   4.0046675584221543       -1.0837656910552706E-005
   4.0109444668209351       -1.1461155553186947E-005
   4.0172213752197159       -1.2069842351966238E-005
   4.0234982836184967       -1.2656552628379089E-005
   4.0297751920172775       -1.3213767769385717E-005
   4.0360521004160583       -1.3733707426324435E-005
   4.0423290088148391       -1.4208433030908599E-005
   4.0486059172136200       -1.4629961539605389E-005
   4.0548828256124008       -1.4990388763057042E-005
   4.0611597340111816       -1.5282020398621364E-005
   4.0674366424099624       -1.5497508321377318E-005
   4.0737135508087432       -1.5629989448281611E-005
   4.0799904592075240       -1.5673224171560659E-005
   4.0862673676063048       -1.5621731234936776E-005
   4.0925442760050856       -1.5470915759895797E-005
   4.0988211844038664       -1.5217187176282164E-005
   4.1050980928026473       -1.4858063827902943E-005
   4.1113750012014281       -1.4392261251339301E-005
   4.1176519096002089       -1.3819761357940185E-005
   4.1239288179989897       -1.3141860146178352E-005
   4.1302057263977705       -1.2361191987619974E-005
   4.1364826347965504       -1.1481729093550088E-005
   4.1427595431953312       -1.0508755308033906E-005
   4.1490364515941121       -9.4488140486861748E-006
   4.1553133599928929       -8.3096308276528957E-006
   4.1615902683916737       -7.1000114791877749E-006
   4.1678671767904545       -5.8297178268260472E-006
   4.1741440851892353       -4.5093231666565095E-006
   4.1804209935880161       -3.1500504524032639E-006
   4.1866979019867969       -1.7635964158847324E-006
   4.1929748103855777       -3.6194528383810429E-007
   4.1992517187843585        1.0428214423423043E-006
   4.2055286271831394        2.4387130965323095E-006
   4.2118055355819202        3.8140115657186716E-006
   4.2180824439807010        5.1574428877099502E-006
   4.2243593523794818        6.4583353510265584E-006
   4.2306362607782626        7.7067612119402765E-006
   4.2369131691770434        8.8936596534567610E-006
   4.2431900775758242        1.0010939209629517E-005
   4.2494669859746050        1.1051558433879630E-005
   4.2557438943733858        1.2009584221751176E-005
   4.2620208027721667        1.2880227737738165E-005
   4.2682977111709475        1.3659858460546985E-005
   4.2745746195697283        1.4345997332317933E-005
   4.2808515279685091        1.4937290449208578E-005
   4.2871284363672899        1.5433465064567368E-005
   4.2934053447660707        1.5835269993079035E-005
   4.2996822531648515        1.6144402684063401E-005
   4.3059591615636323        1.6363425399090911E-005
   4.3122360699624132        1.6495672941910797E-005
   4.3185129783611940        1.6545154431108667E-005
   4.3247898867599748        1.6516451479447065E-005
   4.3310667951587556        1.6414615061794223E-005
   4.3373437035575364        1.6245063131768325E-005
   4.3436206119563172        1.6013481058083285E-005
   4.3498975203550980        1.5725727857376431E-005
   4.3561744287538788        1.5387750114148754E-005
   4.3624513371526596        1.5005502747842166E-005
   4.3687282455514405        1.4584876898494743E-005
   4.3750051539502213        1.4131635472969219E-005
   4.3812820623490021        1.3651356668957364E-005
   4.3875589707477829        1.3149385617814684E-005
   4.3938358791465637        1.2630794114169916E-005
   4.4001127875453445        1.2100348242698068E-005
   4.4063896959441253        1.1562483596301163E-005
   4.4126666043429061        1.1021287654080299E-005
   4.4189435127416870        1.0480488826980672E-005
   4.4252204211404678        9.9434515811036838E-006
   4.4314973295392486        9.4131770350820078E-006
   4.4377742379380294        8.8923083761359559E-006
   4.4440511463368102        8.3831404538753073E-006
   4.4503280547355910        7.8876328870434291E-006
   4.4566049631343718        7.4074260695881077E-006
   4.4628818715331526        6.9438594570680493E-006
   4.4691587799319334        6.4979915801316050E-006
   4.4754356883307143        6.0706212501692733E-006
   4.4817125967294951        5.6623094956134579E-006
   4.4879895051282759        5.2734017866551941E-006
   4.4942664135270567        4.9040501982393768E-006
   4.5005433219258375        4.5542351680994756E-006
   4.5068202303246183        4.2237866041387010E-006
   4.5130971387233991        3.9124040932467377E-006
   4.5193740471221799        3.6196760644434300E-006
   4.5256509555209607        3.3450976700031778E-006
   4.5319278639197416        3.0880873479083506E-006
   4.5382047723185224        2.8480028697779869E-006
   4.5444816807173032        2.6241561334295400E-006
   4.5507585891160840        2.4158263154395428E-006
   4.5570354975148648        2.2222714655751413E-006
   4.5633124059136456        2.0427386084042645E-006
   4.5695893143124264        1.8764724704036985E-006
   4.5758662227112072        1.7227229185868879E-006
   4.5821431311099881        1.5807512283862181E-006
   4.5884200395087689        1.4498352747754747E-006
   4.5946969479075497        1.3292737657107044E-006
   4.6009738563063305        1.2183896059399249E-006
   4.6072507647051113        1.1165324975209662E-006
   4.6135276731038921        1.0230808638213815E-006
   4.6198045815026729        9.3744318501395695E-007
   4.6260814899014537        8.5905882686261867E-007
   4.6323583983002345        7.8739843615519561E-007
   4.6386353066990154        7.2196396215415233E-007
   4.6449122150977962        6.6228837940404984E-007
   4.6511891234965770        6.0793515378670141E-007
   4.6574660318953578        5.5849750765350772E-007
   4.6637429402941386        5.1359752091199841E-007
   4.6700198486929194        4.7288511635131259E-007
   4.6762967570917002        4.3603694329746083E-007
   4.6825736654904810        4.0275521185321209E-007
   4.6888505738892619        3.7276647342073216E-007
   4.6951274822880427        3.4582039556358916E-007
   4.7014043906868235        3.2168851569628753E-007
   4.7076812990856043        3.0016302932149552E-007
   4.7139582074843851        2.8105554072816640E-007
   4.7202351158831659        2.6419619661485763E-007
   4.7265120242819467        2.4943454307875886E-007
   4.7327889326807275        2.3663940181278738E-007
   4.7390658410795083        2.2569735782372997E-007
   4.7453427494782892        2.1651130944597207E-007
   4.7516196578770700        2.0899923160877634E-007
   4.7578965662758508        2.0309311936156156E-007
   4.7641734746746316        1.9873808354487753E-007
   4.7704503830734124        1.9589158144269781E-007
   4.7767272914721932        1.9452276396096924E-007
   4.7830041998709740        1.9461192338356750E-007
   4.7892811082697548        1.9615002387813282E-007
   4.7955580166685357        1.9913830255943334E-007
   4.8018349250673165        2.0358792715686339E-007
   4.8081118334660973        2.0951969579128891E-007
   4.8143887418648781        2.1696376726797884E-007
   4.8206656502636589        2.2595940536599378E-007
   4.8269425586624397        2.3655472198101435E-007
   4.8332194670612205        2.4880640699172481E-007
   4.8394963754600013        2.6277942382449409E-007
   4.8457732838587821        2.7854665869415654E-007
   4.8520501922575630        2.9618849728994457E-007
   4.8583271006563438        3.1579230700727681E-007
   4.8646040090551246        3.3745180961568214E-007
   4.8708809174539054        3.6126630825802869E-007
   4.8771578258526862        3.8733974622903819E-007
   4.8834347342514670        4.1577956388237856E-007
   4.8897116426502478        4.4669532501058344E-007
   4.8959885510490286        4.8019707128963989E-007
   4.9022654594478094        5.1639337569826923E-007
   4.9085423678465903        5.5538904618358325E-007
   4.9148192762453711        5.9728245075753783E-007
   4.9210961846441519        6.4216245283899177E-007
   4.9273730930429327        6.9010521647081759E-007
   4.9336500014417135        7.4117106839710161E-007
   4.9399269098404943        7.9540118260335627E-007
   4.9462038182392751        8.5281403817328516E-007
   4.9524807266380559        9.1340168923500262E-007
   4.9587576350368368        9.7712587714747319E-007
   4.9650345434356176        1.0439140416903974E-006
   4.9713114518343984        1.1136552826577078E-006
   4.9775883602331792        1.1861963470805284E-006
   4.9838652686319600        1.2613377208678383E-006
   4.9901421770307408        1.3388299170066930E-006
   4.9964190854295216        1.4183700653437819E-006
   5.0026959938283024        1.4995989105264188E-006
   5.0089729022270832        1.5820983405016468E-006
   5.0152498106258641        1.6653895660020556E-006
   5.0215267190246449        1.7489320805408329E-006
   5.0278036274234257        1.8321235307053754E-006
   5.0340805358222065        1.9143006215467573E-006
   5.0403574442209873        1.9947411677762384E-006
   5.0466343526197681        2.0726673997978471E-006
   5.0529112610185480        2.1472506212848641E-006
   5.0591881694173289        2.2176172769300855E-006
   5.0654650778161097        2.2828564813980815E-006
   5.0717419862148905        2.3420290185026520E-006
   5.0780188946136713        2.3941777909345840E-006
   5.0842958030124521        2.4383396631356739E-006
   5.0905727114112329        2.4735585886601813E-006
   5.0968496198100137        2.4988998697940571E-006
   5.1031265282087945        2.5134651675565880E-006
   5.1094034366075753        2.5164079624336436E-006
   5.1156803450063562        2.5069494157053140E-006
   5.1219572534051370        2.4843943991840255E-006
   5.1282341618039178        2.4481473784918102E-006
   5.1345110702026986        2.3977278111730346E-006
   5.1407879786014794        2.3327846977213847E-006
   5.1470648870002602        2.2531099229619057E-006
   5.1533417953990410        2.1586500108007273E-006
   5.1596187037978218        2.0495159400744595E-006
   5.1658956121966026        1.9259906693769904E-006
   5.1721725205953835        1.7885340722341629E-006
   5.1784494289941643        1.6377850038937508E-006
   5.1847263373929451        1.4745602865817663E-006
   5.1910032457917259        1.2998504589575789E-006
   5.1972801541905067        1.1148121978523502E-006
   5.2035570625892875        9.2075741159323808E-007
   5.2098339709880683        7.1913907041234758E-007
   5.2161108793868491        5.1153393628103914E-007
   5.2223877877856300        2.9962242956037328E-007
   5.2286646961844108        8.5165959665433974E-008
   5.2349416045831916       -1.3001788494845429E-007
   5.2412185129819724       -3.4408181715882166E-007
   5.2474954213807532       -5.5517648063153698E-007
   5.2537723297795340       -7.6147864875171112E-007
   5.2600492381783148       -9.6121940782654448E-007
   5.2663261465770956       -1.1527116986749759E-006
   5.2726030549758764       -1.3343765906911538E-006
   5.2788799633746573       -1.5047674648897616E-006
   5.2851568717734381       -1.6625912035009517E-006
   5.2914337801722189       -1.8067260703824048E-006
   5.2977106885709997       -1.9362360355110469E-006
   5.3039875969697805       -2.0503812928318713E-006
   5.3102645053685613       -2.1486248488942521E-006
   5.3165414137673421       -2.2306351449019324E-006
   5.3228183221661229       -2.2962847808675038E-006
   5.3290952305649038       -2.3456454937605498E-006
   5.3353721389636846       -2.3789796509980302E-006
   5.3416490473624654       -2.3967285697157869E-006
   5.3479259557612462       -2.3994980539692879E-006
   5.3542028641600270       -2.3880415918698559E-006
   5.3604797725588078       -2.3632416832017643E-006
   5.3667566809575886       -2.3260897942940345E-006
   5.3730335893563694       -2.2776654515802078E-006
   5.3793104977551502       -2.2191149571334674E-006
   5.3855874061539311       -2.1516302076469196E-006
   5.3918643145527119       -2.0764280613089563E-006
   5.3981412229514927       -1.9947306484810350E-006
   5.4044181313502735       -1.9077469756717863E-006
   5.4106950397490543       -1.8166560114136084E-006
   5.4169719481478351       -1.7225913129587236E-006
   5.4232488565466159       -1.6266276243435227E-006
   5.4295257649453967       -1.5297696855846842E-006
   5.4358026733441775       -1.4329433109613926E-006
   5.4420795817429584       -1.3369887292859170E-006
   5.4483564901417392       -1.2426561146388558E-006
   5.4546333985405200       -1.1506031805096925E-006
   5.4609103069393008       -1.0613946971220497E-006
   5.4671872153380816       -9.7550373023947358E-007
   5.4734641237368624       -8.9331440385080037E-007
   5.4797410321356432       -8.1512594784156433E-007
   5.4860179405344240       -7.4115781328623949E-007
   5.4922948489332049       -6.7155561395791240E-007
   5.4985717573319857       -6.0639768299384926E-007
   5.5048486657307665       -5.4570202379253628E-007
   5.5111255741295473       -4.8943346805036775E-007
   5.5174024825283281       -4.3751086150134901E-007
   5.5236793909271089       -3.8981413143649405E-007
   5.5299562993258897       -3.4619110144453345E-007
   5.5362332077246705       -3.0646395063890683E-007
   5.5425101161234513       -2.7043523321738285E-007
   5.5487870245222322       -2.3789339897291121E-007
   5.5550639329210130       -2.0861776914387414E-007
   5.5613408413197938       -1.8238295578609310E-007
   5.5676177497185746       -1.5896270987176114E-007
   5.5738946581173554       -1.3813320694621745E-007
   5.5801715665161362       -1.1967579436698593E-007
   5.5864484749149170       -1.0337923270961184E-007
   5.5927253833136978       -8.9041454003344393E-008
   5.5990022917124787       -7.6470896503472589E-008
   5.6052792001112595       -6.5487439699389798E-008
   5.6115561085100403       -5.5923005446457682E-008
   5.6178330169088211       -4.7621855025168265E-008
   5.6241099253076019       -4.0440636429950735E-008
   5.6303868337063827       -3.4248217847637791E-008
   5.6366637421051635       -2.8925353624457702E-008
   5.6429406505039443       -2.4364212238055573E-008
   5.6492175589027251       -2.0467807785154685E-008
   5.6554944673015060       -1.7149352140577284E-008
   5.6617713757002868       -1.4331567943911814E-008
   5.6680482840990676       -1.1945968686579386E-008
   5.6743251924978484       -9.9321389507580114E-009
   5.6806021008966292       -8.2370169411815375E-009
   5.6868790092954100       -6.8142012638979606E-009
   5.6931559176941908       -5.6232800295848194E-009
   5.6994328260929716       -4.6292023055868618E-009
   5.7057097344917524       -3.8016854518485515E-009
   5.7119866428905333       -3.1146685998831379E-009
   5.7182635512893141       -2.5458033607947346E-009
   5.7245404596880949       -2.0759986710375648E-009
   5.7308173680868757       -1.6890017096715405E-009
   5.7370942764856565       -1.3710266617151371E-009
   5.7433711848844373       -1.1104168443858253E-009
   5.7496480932832181       -8.9735159567953526E-010
   5.7559250016819989       -7.2357957423032991E-010
   5.7622019100807798       -5.8219640616056038E-010
   5.7684788184795606       -4.6743722956899739E-010
   5.7747557268783414       -3.7450698877734518E-010
   5.7810326352771222       -2.9942545328387505E-010
   5.7873095436759030       -2.3890339214968409E-010
   5.7935864520746838       -1.9022631610462185E-010
   5.7998633604734646       -1.5116383061810981E-010
   5.8061402688722454       -1.1988420232256181E-010
   5.8124171772710262       -9.4891528526922087E-011
   5.8186940856698071       -7.4963265276665274E-011
   5.8249709940685879       -5.9107464646142235E-011
   5.8312479024673687       -4.6517338631088207E-011
   5.8375248108661495       -3.6541375578768978E-011
   5.8438017192649303       -2.8652178177291730E-011
   5.8500786276637111       -2.2426793229405693E-011
   5.8563555360624919       -1.7522271223787156E-011
   5.8626324444612727       -1.3666681803462863E-011
   5.8689093528600536       -1.0640895121341555E-011
   5.8751862612588344       -8.2719208051303145E-012
   5.8814631696576152       -6.4192029136541355E-012
   5.8877400780563960       -4.9733739187698744E-012
   5.8940169864551768       -3.8456532973713603E-012
   5.9002938948539576       -2.9691015453029587E-012
   5.9065708032527384       -2.2887950184899440E-012
   5.9128477116515192       -1.7622511613470855E-012
   5.9191246200503000       -1.3545773386559697E-012
   5.9254015284490809       -1.0404755083498102E-012
   5.9316784368478617       -7.9741949200967779E-013
   5.9379553452466425       -6.1064120556936687E-013
   5.9442322536454233       -4.6667941974424974E-013
   5.9505091620442041       -3.5693195561577653E-013
   5.9567860704429849       -2.7250635615870492E-013
   5.9630629788417657       -2.0827480608555678E-013
   5.9693398872405457       -1.5928921058266569E-013
   5.9756167956393265       -1.2197476168147197E-013
   5.9818937040381073       -9.2468006959286594E-014
   5.9881706124368881       -7.0290999339677043E-014
   5.9944475208356689       -5.2816982214498976E-014
   6.0007244292344497       -3.9641885847667700E-014
   6.0070013376332305       -2.8891908159425647E-014
   6.0132782460320113       -2.1303212735852719E-014
   6.0195551544307921       -1.4831992431560500E-014
   6.0258320628295730       -1.0820798206142500E-014
   6.0321089712283538       -7.0287902784432488E-015
   6.0383858796271346       -5.1184313308507624E-015
   6.0446627880259154       -3.9167895749469779E-015
   6.0509396964246962       -3.9194628594348532E-015
   6.0572166048234770       -3.7435455400941370E-015
   6.0634935132222578       -4.9145979292298527E-015
   6.0697704216210386       -4.5128141748721005E-015
   6.0760473300198194       -4.5405887826728076E-015
   6.0823242384186003       -3.9768820834434446E-015
   6.0886011468173811       -3.7825593729826000E-015
   6.0948780552161619       -3.2062906321450124E-015
   6.1011549636149427       -3.0762258934122978E-015
   6.1074318720137235       -1.9884258072247860E-015
   6.1137087804125043       -1.3024677602268869E-015
   6.1199856888112851       -9.3877267450753344E-017
   6.1262625972100659        3.3825367588519251E-016
   6.1325395056088468        9.9753455114835136E-016
   6.1388164140076276        9.4356122230282665E-016
   6.1450933224064084        8.2892021113816736E-016
   6.1513702308051892       -7.7233153903342430E-016
   6.1576471392039700       -1.8530499711486746E-015
   6.1639240476027508       -3.3234040830927942E-015
   6.1702009560015316       -4.1008143082597607E-015
   6.1764778644003124       -5.0099255573787380E-015
   6.1827547727990932       -5.0220270407243982E-015
   6.1890316811978741       -4.7993119515191165E-015
   6.1953085895966549       -4.1035845667908392E-015
   6.2015854979954357       -3.1860625216922552E-015
   6.2078624063942165       -1.7252934883083432E-015
   6.2141393147929973       -5.9545508504839486E-016
   6.2204162231917781        9.4088853687911880E-016
   6.2266931315905589        1.4688357125936869E-015
   6.2329700399893397        2.3352341510327431E-015
   6.2392469483881206        2.0189744694603002E-015
   6.2455238567869014        1.8009224383183754E-015
   6.2518007651856822        3.0228244122959109E-016
   6.2580776735844630       -8.0623358289102142E-016
   6.2643545819832438       -2.4563898613449413E-015
   6.2706314903820246       -3.3700879964861065E-015
   6.2769083987808054       -4.8214386771503346E-015
   6.2831853071795862       -5.7151226125638390E-015
