   6.2769083987808056E-003  -3.1547971608626546E-002
   1.2553816797561611E-002  -4.2704001752872187E-002
   1.8830725196342418E-002  -4.6955656664534919E-002
   2.5107633595123222E-002  -4.3585527059956879E-002
   3.1384541993904030E-002  -3.3112834279605000E-002
   3.7661450392684835E-002  -1.7223298730142163E-002
   4.3938358791465640E-002   1.4938811373454144E-003
   5.0215267190246445E-002   1.9962531951439488E-002
   5.6492175589027249E-002   3.5123373097227788E-002
   6.2769083987808061E-002   4.4443134564496209E-002
   6.9045992386588859E-002   4.6343840128013243E-002
   7.5322900785369670E-002   4.0478640006633267E-002
   8.1599809184150468E-002   2.7804637028797909E-002
   8.7876717582931280E-002   1.0436412354955366E-002
   9.4153625981712077E-002  -8.6991968580591491E-003
  0.10043053438049289       -2.6352070700104663E-002
  0.10670744277927370       -3.9500655469339910E-002
  0.11298435117805450       -4.5873078708348523E-002
  0.11926125957683531       -4.4347077330282925E-002
  0.12553816797561612       -3.5157161881017557E-002
  0.13181507637439691       -1.9869336590788749E-002
  0.13809198477317772       -1.1233415537509749E-003
  0.14436889317195853        1.7816864235574208E-002
  0.15064580157073934        3.3629018583371688E-002
  0.15692270996952015        4.3517240852213521E-002
  0.16319961836830094        4.5712324680318571E-002
  0.16947652676708175        3.9797167078317465E-002
  0.17575343516586256        2.6796015449896286E-002
  0.18203034356464337        9.0072508194783182E-003
  0.18830725196342415       -1.0395126481357313E-002
  0.19458416036220497       -2.7925076939768909E-002
  0.20086106876098578       -4.0412288921223533E-002
  0.20713797715976659       -4.5579695102542971E-002
  0.21341488555854740       -4.2465821515386047E-002
  0.21969179395732819       -3.1612619627938390E-002
  0.22596870235610900       -1.4980616109979200E-002
  0.23224561075488981        4.3973690943293377E-003
  0.23852251915367062        2.2964312825197432E-002
  0.24479942755245140        3.7290801626333955E-002
  0.25107633595123224        4.4711393602866356E-002
  0.25735324435001306        4.3826963375373770E-002
  0.26363015274879381        3.4777242014528906E-002
  0.26990706114757462        1.9228970896173935E-002
  0.27618396954635543        7.7467145298030628E-005
  0.28246087794513625       -1.9086671872040158E-002
  0.28873778634391706       -3.4648660782857513E-002
  0.29501469474269787       -4.3653439508925751E-002
  0.30129160314147868       -4.4372679223751425E-002
  0.30756851154025949       -3.6645046792666301E-002
  0.31384541993904030       -2.1921232084318509E-002
  0.32012232833782106       -3.0006093760512626E-003
  0.32639923673660187        1.6494507297281191E-002
  0.33267614513538268        3.2809596927537120E-002
  0.33895305353416350        4.2782515876517040E-002
  0.34522996193294431        4.4461885515489206E-002
  0.35150687033172512        3.7497315194522804E-002
  0.35778377873050593        2.3222051423069209E-002
  0.36406068712928674        4.4073842057935578E-003
  0.37033759552806755       -1.5269687505975585E-002
  0.37661450392684831       -3.1943148086286163E-002
  0.38289141232562912       -4.2318765572581664E-002
  0.38916832072440993       -4.4329805532707753E-002
  0.39544522912319074       -3.7556360876504463E-002
  0.40172213752197156       -2.3321774439138868E-002
  0.40799904592075237       -4.4426659686967384E-003
  0.41427595431953318        1.5322044125934188E-002
  0.42055286271831399        3.2016661014163984E-002
  0.42682977111709480        4.2281555736121100E-002
  0.43310667951587556        4.4034229349005194E-002
  0.43938358791465637        3.6899594572789636E-002
  0.44566049631343718        2.2299086675428983E-002
  0.45193740471221799        3.1760878852358713E-003
  0.45821431311099881       -1.6591156646523685E-002
  0.46449122150977962       -3.2973367189349019E-002
  0.47076812990856043       -4.2612983128449966E-002
  0.47704503830734124       -4.3517596219089259E-002
  0.48332194670612205       -3.5479825266559593E-002
  0.48959885510490281       -2.0133585688612010E-002
  0.49587576350368362       -6.3049649834944865E-004
  0.50215267190246449        1.9001354367532485E-002
  0.50842958030124530        3.4687118365070928E-002
  0.51470648870002611        4.3152976377438666E-002
  0.52098339709880681        4.2615260645242507E-002
  0.52726030549758762        3.3164693958490692E-002
  0.53353721389636843        1.6761329087811538E-002
  0.53981412229514925       -3.1636162519335831E-003
  0.54609103069393006       -2.2420149876171708E-002
  0.55236793909271087       -3.6939194556565295E-002
  0.55864484749149168       -4.3635228327818444E-002
  0.56492175589027249       -4.1068503828081762E-002
  0.57119866428905330       -2.9763409178539074E-002
  0.57747557268783412       -1.2110832640523020E-002
  0.58375248108661493        8.1296424731835317E-003
  0.59002938948539574        2.6625812188505075E-002
  0.59630629788417655        3.9399671988743418E-002
  0.60258320628295736        4.3686842210777607E-002
  0.60886011468173817        3.8542145419869181E-002
  0.61513702308051899        2.5057165580536930E-002
  0.62141393147929980        6.1379201515860881E-003
  0.62769083987808061       -1.4114242684696670E-002
  0.63396774827686131       -3.1288241945365391E-002
  0.64024465667564212       -4.1624941849241794E-002
  0.64652156507442293       -4.2845101010806824E-002
  0.65279847347320374       -3.4660172460479366E-002
  0.65907538187198456       -1.8849762094552160E-002
  0.66535229027076537        1.1164471011996199E-003
  0.67162919866954618        2.0834036190746141E-002
  0.67790610706832699        3.5933420447217430E-002
  0.68418301546710780        4.3050710297371779E-002
  0.69045992386588861        4.0583635592465230E-002
  0.69673683226466943        2.9061291035084692E-002
  0.70301374066345024        1.1040473059894735E-002
  0.70929064906223105       -9.4536323961214447E-003
  0.71556755746101186       -2.7822503232673171E-002
  0.72184446585979267       -3.9927290349518578E-002
  0.72812137425857348       -4.3025499378608709E-002
  0.73439828265735430       -3.6399306624236058E-002
  0.74067519105613511       -2.1530373494408256E-002
  0.74695209945491581       -1.7768215707579058E-003
  0.75322900785369662        1.8379158619889355E-002
  0.75950591625247743        3.4345920676207550E-002
  0.76578282465125824        4.2470106938887919E-002
  0.77205973305003905        4.0878089479243061E-002
  0.77833664144881987        2.9916095641633146E-002
  0.78461354984760068        1.2083876458676705E-002
  0.79089045824638149       -8.5278612683372598E-003
  0.79716736664516230       -2.7171438372172979E-002
  0.80344427504394311       -3.9535407553418535E-002
  0.80972118344272392       -4.2745390437880823E-002
  0.81599809184150474       -3.6039372306680334E-002
  0.82227500024028555       -2.0957243389258251E-002
  0.82855190863906636       -9.9562007264027055E-004
  0.83482881703784717        1.9196714335482350E-002
  0.84110572543662798        3.4899117147278162E-002
  0.84738263383540879        4.2424641109689895E-002
  0.85365954223418961        3.9991551676351975E-002
  0.85993645063297042        2.8153420307665260E-002
  0.86621335903175112        9.6822191735006051E-003
  0.87249026743053193       -1.1073447429176030E-002
  0.87876717582931274       -2.9207933606452682E-002
  0.88504408422809355       -4.0419250775007000E-002
  0.89132099262687436       -4.2037773133711966E-002
  0.89759790102565518       -3.3666817333416352E-002
  0.90387480942443599       -1.7285559946670370E-002
  0.91015171782321680        3.2131626497056138E-003
  0.91642862622199761        2.2944197495661130E-002
  0.92270553462077842        3.7193204203464586E-002
  0.92898244301955923        4.2545031299352783E-002
  0.93525935141834005        3.7706728582002892E-002
  0.94153625981712086        2.3825870172419491E-002
  0.94781316821590167        4.2244048940524885E-003
  0.95409007661468248       -1.6391716414125106E-002
  0.96036698501346329       -3.3060253999846703E-002
  0.96664389341224410       -4.1757989511762281E-002
  0.97292080181102492       -4.0375527069890935E-002
  0.97919771020980562       -2.9234497281384938E-002
  0.98547461860858643       -1.1019049859160024E-002
  0.99175152700736724        9.8655558278071716E-003
  0.99802843540614805        2.8355274752638916E-002
   1.0043053438049290        3.9955114836050541E-002
   1.0105822522037098        4.1834802301704922E-002
   1.0168591606024906        3.3524540315180242E-002
   1.0231360690012714        1.7038566405054315E-002
   1.0294129774000522       -3.6072922913822259E-003
   1.0356898857988328       -2.3369987066072958E-002
   1.0419667941976136       -3.7410054256576376E-002
   1.0482437025963944       -4.2278760662646971E-002
   1.0545206109951752       -3.6770087590682468E-002
   1.0607975193939561       -2.2227425558488677E-002
   1.0670744277927369       -2.2211074875922278E-003
   1.0733513361915177        1.8331032217124489E-002
   1.0796282445902985        3.4372748683569744E-002
   1.0859051529890793        4.1953600816945491E-002
   1.0921820613878601        3.9203258156566133E-002
   1.0984589697866409        2.6794940395253097E-002
   1.1047358781854217        7.7828213649551907E-003
   1.1110127865842025       -1.3147977722373229E-002
   1.1172896949829834       -3.0835000635464800E-002
   1.1235666033817642       -4.0911897033005226E-002
   1.1298435117805450       -4.0887500507235601E-002
   1.1361204201793258       -3.0763604226409925E-002
   1.1423973285781066       -1.3037745447224648E-002
   1.1486742369768874        7.9110104595599764E-003
   1.1549511453756682        2.6902722016907455E-002
   1.1612280537744490        3.9237263619092730E-002
   1.1675049621732299        4.1858459468543413E-002
   1.1737818705720107        3.4113094546018255E-002
   1.1800587789707915        1.7915864071105160E-002
   1.1863356873695723       -2.7219092511431026E-003
   1.1926125957683531       -2.2684306787429404E-002
   1.1988895041671339       -3.7018592334088975E-002
   1.2051664125659147       -4.2164691435493631E-002
   1.2114433209646955       -3.6840966574666449E-002
   1.2177202293634763       -2.2365547818943204E-002
   1.2239971377622572       -2.3320781041034941E-003
   1.2302740461610380        1.8280958843650663E-002
   1.2365509545598188        3.4349111746556797E-002
   1.2428278629585996        4.1880969828552529E-002
   1.2491047713573804        3.9009258257381316E-002
   1.2553816797561612        2.6451525692374776E-002
   1.2616585881549420        7.3286416210163107E-003
   1.2679354965537226       -1.3612666541829790E-002
   1.2742124049525034       -3.1178987280564275E-002
   1.2804893133512842       -4.1018017847333034E-002
   1.2867662217500651       -4.0695649010185603E-002
   1.2930431301488459       -3.0296132108661600E-002
   1.2993200385476267       -1.2397833884598117E-002
   1.3055969469464075        8.5680015648177121E-003
   1.3118738553451883        2.7415528998281188E-002
   1.3181507637439691        3.9487114957933250E-002
   1.3244276721427499        4.1803335865891342E-002
   1.3307045805415307        3.3796473790495170E-002
   1.3369814889403115        1.7447390810520051E-002
   1.3432583973390924       -3.2066282275006242E-003
   1.3495353057378732       -2.3070284699045984E-002
   1.3558122141366540       -3.7247655459581475E-002
   1.3620891225354348       -4.2248199789215492E-002
   1.3683660309342156       -3.6844459797429258E-002
   1.3746429393329964       -2.2371159796402109E-002
   1.3809198477317772       -2.3933131106733648E-003
   1.3871967561305580        1.8173509391554030E-002
   1.3934736645293389        3.4273410996531556E-002
   1.3997505729281197        4.1952468413415996E-002
   1.4060274813269005        3.9329069534598360E-002
   1.4123043897256813        2.7056310049595203E-002
   1.4185812981244621        8.1528948332253662E-003
   1.4248582065232429       -1.2746855803094381E-002
   1.4311351149220237       -3.0532048205082991E-002
   1.4374120233208045       -4.0864703111567577E-002
   1.4436889317195853       -4.1234570991046604E-002
   1.4499658401183662       -3.1563621455395666E-002
   1.4562427485171470       -1.4215947364031341E-002
   1.4625196569159278        6.5855792853165875E-003
   1.4687965653147086        2.5790693776470801E-002
   1.4750734737134894        3.8748427916545668E-002
   1.4813503821122702        4.2331042389974982E-002
   1.4876272905110510        3.5684183028064760E-002
   1.4939041989098316        2.0424550797787874E-002
   1.5001811073086124        2.4089082007535783E-004
   1.5064580157073932       -2.0001856988776420E-002
   1.5127349241061741       -3.5436711311824701E-002
   1.5190118325049549       -4.2363358193299998E-002
   1.5252887409037357       -3.9131156882021484E-002
   1.5315656493025165       -2.6526722452064704E-002
   1.5378425577012973       -7.5765240944607537E-003
   1.5441194661000781        1.3184644713829161E-002
   1.5503963744988589        3.0801350397479454E-002
   1.5566732828976397        4.1079920882552710E-002
   1.5629501912964205        4.1583511289734663E-002
   1.5692270996952014        3.2204569930977811E-002
   1.5755040080939822        1.5181427301140679E-002
   1.5817809164927630       -5.4412603943802410E-003
   1.5880578248915438       -2.4778099612287656E-002
   1.5943347332903246       -3.8264618132269473E-002
   1.6006116416891054       -4.2732325400689740E-002
   1.6068885500878862       -3.7146410185665481E-002
   1.6131654584866670       -2.2836890969203973E-002
   1.6194423668854478       -3.1735945855528302E-003
   1.6257192752842287        1.7233678224542567E-002
   1.6319961836830095        3.3618591162674523E-002
   1.6382730920817903        4.2170037021253617E-002
   1.6445500004805711        4.0913310128215072E-002
   1.6508269088793519        3.0158205950498011E-002
   1.6571038172781327        1.2414295856721153E-002
   1.6633807256769135       -8.2019884956511697E-003
   1.6696576340756943       -2.6926728346013364E-002
   1.6759345424744752       -3.9449786696051092E-002
   1.6822114508732560       -4.2903322908273943E-002
   1.6884883592720368       -3.6511715030234766E-002
   1.6947652676708176       -2.1757225176200518E-002
   1.7010421760695984       -2.0281688190099388E-003
   1.7073190844683792        1.8165144310893805E-002
   1.7135959928671600        3.4223956738551581E-002
   1.7198729012659408        4.2506731795819229E-002
   1.7261498096647214        4.1149601078429757E-002
   1.7324267180635022        3.0477976490635352E-002
   1.7387036264622830        1.2920308028218454E-002
   1.7449805348610639       -7.5517727849080491E-003
   1.7512574432598447       -2.6326191004213632E-002
   1.7575343516586255       -3.9190361054895317E-002
   1.7638112600574063       -4.3274426264448496E-002
   1.7700881684561871       -3.7684154154385627E-002
   1.7763650768549679       -2.3687316545018024E-002
   1.7826419852537487       -4.4172424122301416E-003
   1.7889188936525295        1.5835449073344984E-002
   1.7951958020513104        3.2581306619988364E-002
   1.8014727104500912        4.2125981799474257E-002
   1.8077496188488720        4.2379889103974111E-002
   1.8140265272476528        3.3307399475946707E-002
   1.8203034356464336        1.6920905040013923E-002
   1.8265803440452144       -3.1738400215539394E-003
   1.8328572524439952       -2.2576654366065711E-002
   1.8391341608427760       -3.7057958004022166E-002
   1.8454110692415568       -4.3477966928633760E-002
   1.8516879776403377       -4.0460945378052927E-002
   1.8579648860391185       -2.8681200915607524E-002
   1.8642417944378993       -1.0703404817153215E-002
   1.8705187028366801        9.5832503896775192E-003
   1.8767956112354609        2.7810669219223889E-002
   1.8830725196342417        4.0072517019447355E-002
   1.8893494280330225        4.3757374762243804E-002
   1.8956263364318033        3.8097599523789445E-002
   1.9019032448305841        2.4320161592491087E-002
   1.9081801532293650        5.3719786667892526E-003
   1.9144570616281458       -1.4717055592824583E-002
   1.9207339700269266       -3.1694309473547282E-002
   1.9270108784257074       -4.1983662815775175E-002
   1.9332877868244882       -4.3433743602026079E-002
   1.9395646952232690       -3.5759782570202216E-002
   1.9458416036220498       -2.0590597454279175E-002
   1.9521185120208304       -1.1148105161139386E-003
   1.9583954204196112        1.8595199642877314E-002
   1.9646723288183920        3.4437057141660073E-002
   1.9709492372171729        4.3130469315087426E-002
   1.9772261456159537        4.2891051313944037E-002
   1.9835030540147345        3.3788662759294118E-002
   1.9897799624135153        1.7720021073581477E-002
   1.9960568708122961       -1.9942582782079016E-003
   2.0023337792110771       -2.1301074782841350E-002
   2.0086106876098579       -3.6249721545643120E-002
   2.0148875960086388       -4.3797975370649320E-002
   2.0211645044074196       -4.2425446821168097E-002
   2.0274414128062004       -3.2431767570454600E-002
   2.0337183212049812       -1.5862873099832715E-002
   2.0399952296037620        3.9152764625981391E-003
   2.0462721380025428        2.2905288618463821E-002
   2.0525490464013236        3.7287451303017118E-002
   2.0588259548001044        4.4185396906383886E-002
   2.0651028631988853        4.2235416172487036E-002
   2.0713797715976656        3.1847990131875586E-002
   2.0776566799964464        1.5113108223751372E-002
   2.0839335883952272       -4.6274787476864440E-003
   2.0902104967940081       -2.3452157463455379E-002
   2.0964874051927889       -3.7639537660243021E-002
   2.1027643135915697       -4.4401430999730720E-002
   2.1090412219903505       -4.2425124396289308E-002
   2.1153181303891313       -3.2120259337054570E-002
   2.1215950387879121       -1.5525295502404744E-002
   2.1278719471866929        4.1031461018970440E-003
   2.1341488555854737        2.2934079031247955E-002
   2.1404257639842545        3.7311006525244578E-002
   2.1467026723830354        4.4459263804655418E-002
   2.1529795807818162        4.3015584130261866E-002
   2.1592564891805970        3.3280022012583683E-002
   2.1655333975793778        1.7145352236263303E-002
   2.1718103059781586       -2.2783326096682535E-003
   2.1780872143769394       -2.1268024048968985E-002
   2.1843641227757202       -3.6202852604780358E-002
   2.1906410311745010       -4.4252228205567512E-002
   2.1969179395732819       -4.3906765661301743E-002
   2.2031948479720627       -3.5253526276591111E-002
   2.2094717563708435       -1.9946960116244757E-002
   2.2157486647696243       -8.8503976505979731E-004
   2.2220255731684051        1.8344680804512702E-002
   2.2283024815671859        3.4142256399169936E-002
   2.2345793899659667        4.3567637143955021E-002
   2.2408562983647475        4.4882854664807480E-002
   2.2471332067635283        3.7865109351196344E-002
   2.2534101151623092        2.3835811068146442E-002
   2.2596870235610900        5.4040378093373372E-003
   2.2659639319598708       -1.4024468849378191E-002
   2.2722408403586516       -3.0879331121955247E-002
   2.2785177487574324       -4.2080955460059688E-002
   2.2847946571562132       -4.5599577442486106E-002
   2.2910715655549940       -4.0816243764259012E-002
   2.2973484739537748       -2.8622834216640532E-002
   2.3036253823525557       -1.1247461471175972E-002
   2.3099022907513365        8.1593577981258769E-003
   2.3161791991501173        2.6099802248928855E-002
   2.3224561075488981        3.9359489629736864E-002
   2.3287330159476789        4.5580121327814249E-002
   2.3350099243464597        4.3672653051431351E-002
   2.3412868327452405        3.3999791714371529E-002
   2.3475637411440213        1.8298831021058688E-002
   2.3538406495428021       -6.3769253871663102E-004
   2.3601175579415830       -1.9463606980415094E-002
   2.3663944663403638       -3.4872061903254155E-002
   2.3726713747391446       -4.4174513154596147E-002
   2.3789482831379254       -4.5764746799471921E-002
   2.3852251915367062       -3.9388802957100282E-002
   2.3915020999354870       -2.6176829418362624E-002
   2.3977790083342678       -8.4349358087805939E-003
   2.4040559167330486        1.0763377796031374E-002
   2.4103328251318294        2.8112853159576630E-002
   2.4166097335306103        4.0645316573379789E-002
   2.4228866419293911        4.6233921619171309E-002
   2.4291635503281719        4.3947789784577591E-002
   2.4354404587269527        3.4199065217190010E-002
   2.4417173671257335        1.8660662589395107E-002
   2.4479942755245143       -2.7852653581308517E-005
   2.4542711839232951       -1.8713368359938753E-002
   2.4605480923220759       -3.4262370801333757E-002
   2.4668250007208568       -4.4084199779953079E-002
   2.4731019091196376       -4.6558169155450566E-002
   2.4793788175184184       -4.1294455994713292E-002
   2.4856557259171992       -2.9187803041554113E-002
   2.4919326343159800       -1.2258245786458098E-002
   2.4982095427147608        6.6917378670328341E-003
   2.5044864511135416        2.4544551866239609E-002
   2.5107633595123224        3.8380849251425334E-002
   2.5170402679111032        4.5954360936463531E-002
   2.5233171763098841        4.6051431901560531E-002
   2.5295940847086644        3.8678598331832646E-002
   2.5358709931074452        2.5050449220030541E-002
   2.5421479015062260        7.3827387032012184E-003
   2.5484248099050069       -1.1472984663345610E-002
   2.5547017183037877       -2.8492231318719901E-002
   2.5609786267025685       -4.0962379196051515E-002
   2.5672555351013493       -4.6911846738250995E-002
   2.5735324435001301       -4.5416253730083726E-002
   2.5798093518989109       -3.6735008531781611E-002
   2.5860862602976917       -2.2259330868437434E-002
   2.5923631686964725       -4.2828806126489092E-003
   2.5986400770952534        1.4366326436706198E-002
   2.6049169854940342        3.0772870523584815E-002
   2.6111938938928150        4.2388963961782947E-002
   2.6174708022915958        4.7426503473822101E-002
   2.6237477106903766        4.5126766332958791E-002
   2.6300246190891574        3.5866689198374685E-002
   2.6363015274879382        2.1087577465124220E-002
   2.6425784358867190        3.0705094858307718E-003
   2.6488553442854998       -1.5417893892810846E-002
   2.6551322526842807       -3.1551836025752893E-002
   2.6614091610830615       -4.2877476282046148E-002
   2.6676860694818423       -4.7683618653491827E-002
   2.6739629778806231       -4.5256136985127232E-002
   2.6802398862794039       -3.5979116866218713E-002
   2.6865167946781847       -2.1269111311665360E-002
   2.6927937030769655       -3.3544626605422519E-003
   2.6990706114757463        1.5065371182204036E-002
   2.7053475198745272        3.1227906342482535E-002
   2.7116244282733080        4.2721315452197837E-002
   2.7179013366720888        4.7841827154369569E-002
   2.7241782450708696        4.5842318472746495E-002
   2.7304551534696504        3.7036416944210150E-002
   2.7367320618684312        2.2744444097388933E-002
   2.7430089702672120        5.0910438218509727E-003
   2.7492858786659928       -1.3313831894145910E-002
   2.7555627870647736       -2.9762282689762266E-002
   2.7618396954635545       -4.1846425843850760E-002
   2.7681166038623353       -4.7808630475794263E-002
   2.7743935122611161       -4.6793355454734897E-002
   2.7806704206598969       -3.8965197680578545E-002
   2.7869473290586777       -2.5477463425684806E-002
   2.7932242374574585       -8.2978877238412269E-003
   2.7995011458562393        1.0081929949494958E-002
   2.8057780542550201        2.7006994486987918E-002
   2.8120549626538009        4.0031474555094385E-002
   2.8183318710525818        4.7268597137268581E-002
   2.8246087794513626        4.7665289822223546E-002
   2.8308856878501434        4.1157228098627791E-002
   2.8371625962489242        2.8681229527744549E-002
   2.8434395046477050        1.2042292809076116E-002
   2.8497164130464858       -6.3460177976714920E-003
   2.8559933214452666       -2.3810808687266101E-002
   2.8622702298440474       -3.7808250580707886E-002
   2.8685471382428283       -4.6294760808682542E-002
   2.8748240466416091       -4.8026686283248750E-002
   2.8811009550403899       -4.2744378190871804E-002
   2.8873778634391707       -3.1213133293366870E-002
   2.8936547718379515       -1.5114300342098890E-002
   2.8999316802367323        3.1982670165865393E-003
   2.9062085886355131        2.1041364162060074E-002
   2.9124854970342939        3.5795327601614135E-002
   2.9187624054330747        4.5289174118516337E-002
   2.9250393138318556        4.8121290986255366E-002
   2.9313162222306364        4.3868130280361357E-002
   2.9375931306294172        3.3149576250971882E-002
   2.9438700390281980        1.7540623553966843E-002
   2.9501469474269788       -6.5836329038696764E-004
   2.9564238558257596       -1.8759561155393827E-002
   2.9627007642245404       -3.4084256273838653E-002
   2.9689776726233212       -4.4359804136487831E-002
   2.9752545810221021       -4.8056623085387343E-002
   2.9815314894208829       -4.4608172647737546E-002
   2.9878083978196632       -3.4498629041045774E-002
   2.9940853062184440       -1.9214524291677543E-002
   3.0003622146172249       -1.0363077618545052E-003
   3.0066391230160057        1.7296656680237429E-002
   3.0129160314147865        3.2996667418029334E-002
   3.0191929398135673        4.3653372748235837E-002
   3.0254698482123481        4.7609062948205903E-002
   3.0317467566111289        4.4224609556554113E-002
   3.0380236650099097        3.3992157875590560E-002
   3.0443005734086905        1.8473639202361346E-002
   3.0505774818074713        7.0765450598514885E-005
   3.0568543902062522       -1.8341017932698597E-002
   3.0631312986050330       -3.3859841181068856E-002
   3.0694082070038138       -4.4016762961816953E-002
   3.0756851154025946       -4.7174244740999099E-002
   3.0819620238013754       -4.2798613803757546E-002
   3.0882389322001562       -3.1559984965085927E-002
   3.0945158405989370       -1.5239754198209695E-002
   3.1007927489977178        3.5434869697756324E-003
   3.1070696573964987        2.1748905677536300E-002
   3.1133465657952795        3.6404422023093262E-002
   3.1196234741940603        4.5094757028392586E-002
   3.1259003825928411        4.6366013255483909E-002
   3.1321772909916219        3.9978043401404637E-002
   3.1384541993904027        2.6959462552287716E-002
   3.1447311077891835        9.4519718404489205E-003
   3.1510080161879643       -9.6343029062231876E-003
   3.1572849245867451       -2.7100802613061387E-002
   3.1635618329855260       -3.9997763294329663E-002
   3.1698387413843068       -4.6126642950533987E-002
   3.1761156497830876       -4.4422066891955672E-002
   3.1823925581818684       -3.5146179642480138E-002
   3.1886694665806492       -1.9858549983216275E-002
   3.1949463749794300       -1.1626364772654237E-003
   3.2012232833782108        1.7731595637871370E-002
   3.2075001917769916        3.3556522109469626E-002
   3.2137771001757724        4.3553802600673895E-002
   3.2200540085745533        4.5960799037295760E-002
   3.2263309169733341        4.0329805151120460E-002
   3.2326078253721149        2.7620910304708705E-002
   3.2388847337708957        1.0048006739868453E-002
   3.2451616421696765       -9.2992786178291084E-003
   3.2514385505684573       -2.6994587596713693E-002
   3.2577154589672381       -3.9881565814821954E-002
   3.2639923673660189       -4.5640959323707063E-002
   3.2702692757647998       -4.3215545628617728E-002
   3.2765461841635806       -3.3013777881077483E-002
   3.2828230925623614       -1.6851417501955457E-002
   3.2891000009611422        2.3629062892716181E-003
   3.2953769093599230        2.1145419477054339E-002
   3.3016538177587038        3.6067215956148709E-002
   3.3079307261574846        4.4382933775303786E-002
   3.3142076345562654        4.4542505250480931E-002
   3.3204845429550462        3.6489286020634219E-002
   3.3267614513538271        2.1686192864164313E-002
   3.3330383597526079        2.8603396414070680E-003
   3.3393152681513887       -1.6496056553393805E-002
   3.3455921765501695       -3.2772164774529981E-002
   3.3518690849489503       -4.2913464435266106E-002
   3.3581459933477311       -4.4999886712454730E-002
   3.3644229017465119       -3.8616794975425577E-002
   3.3706998101452927       -2.4945898299677267E-002
   3.3769767185440736       -6.5548719243073428E-003
   3.3832536269428544        1.3078532400391018E-002
   3.3895305353416352        3.0220987773099631E-002
   3.3958074437404160        4.1594152110793016E-002
   3.4020843521391968        4.5005992026006927E-002
   3.4083612605379776        3.9780497498345432E-002
   3.4146381689367584        2.6900258651592672E-002
   3.4209150773355392        8.8303963879984432E-003
   3.4271919857343200       -1.0946422845561498E-002
   3.4334688941331009       -2.8597574039196803E-002
   3.4397458025318817       -4.0683437293208363E-002
   3.4460227109306620       -4.4831731692873633E-002
   3.4522996193294428       -4.0210267278318744E-002
   3.4585765277282237       -2.7702606485829274E-002
   3.4648534361270045       -9.7480308200378462E-003
   3.4711303445257853        1.0127108043087253E-002
   3.4774072529245661        2.7998096915268517E-002
   3.4836841613233469        4.0316907362806645E-002
   3.4899610697221277        4.4620615172973888E-002
   3.4962379781209085        4.0030921524709183E-002
   3.5025148865196893        2.7442383308282671E-002
   3.5087917949184702        9.3575337455488374E-003
   3.5150687033172510       -1.0604912290378382E-002
   3.5213456117160318       -2.8430737885670285E-002
   3.5276225201148126       -4.0517523851921491E-002
   3.5338994285135934       -4.4406572912359492E-002
   3.5401763369123742       -3.9289909789222074E-002
   3.5464532453111550       -2.6186542624302044E-002
   3.5527301537099358       -7.7479827569737290E-003
   3.5590070621087166        1.2271701422114841E-002
   3.5652839705074975        2.9776799377962557E-002
   3.5715608789062783        4.1168339849817208E-002
   3.5778377873050591        4.4088284098269273E-002
   3.5841146957038399        3.7914812606397147E-002
   3.5903916041026207        2.3903275250000463E-002
   3.5966685125014015        4.9393343132734325E-003
   3.6029454209001823       -1.5049011354834800E-002
   3.6092223292989631       -3.1902087788359818E-002
   3.6154992376977440       -4.2095240774282706E-002
   3.6217761460965248       -4.3480812705213499E-002
   3.6280530544953056       -3.5748246866971478E-002
   3.6343299628940864       -2.0502238140483072E-002
   3.6406068712928672       -9.3796482993393061E-004
   3.6468837796916480        1.8822698051364477E-002
   3.6531606880904288        3.4597369753904872E-002
   3.6594375964892096        4.3030245568423012E-002
   3.6657145048879904        4.2311568750512653E-002
   3.6719914132867713        3.2574107857337303E-002
   3.6782683216855521        1.5878130502868338E-002
   3.6845452300843329       -4.2165902408407606E-003
   3.6908221384831137       -2.3404508756949650E-002
   3.6970990468818945       -3.7555572577616131E-002
   3.7033759552806753       -4.3607144158134853E-002
   3.7096528636794561       -4.0233344693723194E-002
   3.7159297720782369       -2.8144195132386876E-002
   3.7222066804770177       -9.9453191135768781E-003
   3.7284835888757986        1.0416276252709408E-002
   3.7347604972745794        2.8504127844885797E-002
   3.7410374056733602        4.0359011413575029E-002
   3.7473143140721410        4.3369795134216897E-002
   3.7535912224709218        3.6856028028534125E-002
   3.7598681308697026        2.2230712255310373E-002
   3.7661450392684834        2.7025952872985117E-003
   3.7724219476672642       -1.7421349948703948E-002
   3.7786988560660451       -3.3683113765987031E-002
   3.7849757644648259       -4.2462847895052495E-002
   3.7912526728636067       -4.1790264765063152E-002
   3.7975295812623875       -3.1795162471936068E-002
   3.8038064896611683       -1.4692290989041830E-002
   3.8100833980599491        5.7012229376921606E-003
   3.8163603064587299        2.4812643994165214E-002
   3.8226372148575107        3.8337962654558709E-002
   3.8289141232562915        4.3214588955675766E-002
   3.8351910316550724        3.8321881567992919E-002
   3.8414679400538532        2.4747709122824060E-002
   3.8477448484526340        5.5558508097394268E-003
   3.8540217568514148       -1.4898534410362171E-002
   3.8602986652501956       -3.1955579540507990E-002
   3.8665755736489764       -4.1714354110761839E-002
   3.8728524820477572       -4.1929579465935701E-002
   3.8791293904465380       -3.2535220153051055E-002
   3.8854062988453189       -1.5671436139662282E-002
   3.8916832072440997        4.7958237241276383E-003
   3.8979601156428805        2.4156451233326215E-002
   3.9042370240416608        3.7939072470030845E-002
   3.9105139324404417        4.2946512380989774E-002
   3.9167908408392225        3.8003428304109625E-002
   3.9230677492380033        2.4239947203655497E-002
   3.9293446576367841        4.8411697766403980E-003
   3.9356215660355649       -1.5683876657677485E-002
   3.9418984744343457       -3.2547492851981163E-002
   3.9481753828331265       -4.1801154157250282E-002
   3.9544522912319073       -4.1264735089678574E-002
   3.9607291996306881       -3.1047372698482380E-002
   3.9670061080294690       -1.3533895019085087E-002
   3.9732830164282498        7.1647225856028389E-003
   3.9795599248270306        2.6171965083142720E-002
   3.9858368332258114        3.8994046640421456E-002
   3.9921137416245922        4.2585640429606213E-002
   3.9983906500233730        3.6079575917116878E-002
   4.0046675584221543        2.1004201207648177E-002
   4.0109444668209351        9.3215996414594288E-004
   4.0172213752197159       -1.9360571028321803E-002
   4.0234982836184967       -3.5029279647588986E-002
   4.0297751920172775       -4.2321815296182556E-002
   4.0360521004160583       -3.9483717525533160E-002
   4.0423290088148391       -2.7184530156698670E-002
   4.0486059172136200       -8.3647760809926596E-003
   4.0548828256124008        1.2462863971256106E-002
   4.0611597340111816        3.0293418088942699E-002
   4.0674366424099624        4.0832590387965502E-002
   4.0737135508087432        4.1533678577892509E-002
   4.0799904592075240        3.2217413378243957E-002
   4.0862673676063048        1.5122817429670329E-002
   4.0925442760050856       -5.6262693385866463E-003
   4.0988211844038664       -2.5013034430795892E-002
   4.1050980928026473       -3.8340085278086466E-002
   4.1113750012014281       -4.2369556878326137E-002
   4.1176519096002089       -3.6113755924192921E-002
   4.1239288179989897       -2.1082336252612466E-002
   4.1302057263977705       -9.2295920277424542E-004
   4.1364826347965504        1.9460256096834303E-002
   4.1427595431953312        3.5098359930470599E-002
   4.1490364515941121        4.2170055390890568E-002
   4.1553133599928929        3.8938934910574631E-002
   4.1615902683916737        2.6184727055193539E-002
   4.1678671767904545        7.0203408891498370E-003
   4.1741440851892353       -1.3863775889061753E-002
   4.1804209935880161       -3.1345461418676224E-002
   4.1866979019867969       -4.1127639374433374E-002
   4.1929748103855777       -4.0797298777802124E-002
   4.1992517187843585       -3.0426028699451938E-002
   4.2055286271831394       -1.2562321084350800E-002
   4.2118055355819202        8.3958040373804093E-003
   4.2180824439807010        2.7284561704005842E-002
   4.2243593523794818        3.9446633893315430E-002
   4.2306362607782626        4.1880330743342090E-002
   4.2369131691770434        3.3981870123792446E-002
   4.2431900775758242        1.7696978968754839E-002
   4.2494669859746050       -2.9567635190429335E-003
   4.2557438943733858       -2.2879935947856842E-002
   4.2620208027721667       -3.7150008512791356E-002
   4.2682977111709475       -4.2238143883616672E-002
   4.2745746195697283       -3.6883170951019652E-002
   4.2808515279685091       -2.2405931966669443E-002
   4.2871284363672899       -2.3852399065173650E-003
   4.2934053447660707        1.8225505722096458E-002
   4.2996822531648515        3.4323310275454134E-002
   4.3059591615636323        4.1919380636541707E-002
   4.3122360699624132        3.9128650348784808E-002
   4.3185129783611940        2.6639268749225054E-002
   4.3247898867599748        7.5447143974262240E-003
   4.3310667951587556       -1.3420971131459552E-002
   4.3373437035575364       -3.1056114764551036E-002
   4.3436206119563172       -4.0982106341947488E-002
   4.3498975203550980       -4.0731533227499755E-002
   4.3561744287538788       -3.0363147868467277E-002
   4.3624513371526596       -1.2449915382646259E-002
   4.3687282455514405        8.5578077204402411E-003
   4.3750051539502213        2.7437582790512640E-002
   4.3812820623490021        3.9497067160842322E-002
   4.3875589707477829        4.1741955088931894E-002
   4.3938358791465637        3.3618091479274734E-002
   4.4001127875453445        1.7146391472003308E-002
   4.4063896959441253       -3.5816161507019892E-003
   4.4126666043429061       -2.3421270675796805E-002
   4.4189435127416870       -3.7451992011761720E-002
   4.4252204211404678       -4.2197048892273062E-002
   4.4314973295392486       -3.6483684979602388E-002
   4.4377742379380294       -2.1731143415057403E-002
   4.4440511463368102       -1.5963244705443486E-003
   4.4503280547355910        1.8934029387417999E-002
   4.4566049631343718        3.4778917166288163E-002
   4.4628818715331526        4.2020170947769046E-002
   4.4691587799319334        3.8870122058830905E-002
   4.4754356883307143        2.6111179995435926E-002
   4.4817125967294951        6.8996526913564530E-003
   4.4879895051282759       -1.4016535298228040E-002
   4.4942664135270567       -3.1472000822748758E-002
   4.5005433219258375       -4.1159355756279763E-002
   4.5068202303246183       -4.0691092207303554E-002
   4.5130971387233991       -3.0186332278373366E-002
   4.5193740471221799       -1.2238707423921222E-002
   4.5256509555209607        8.7256439501561065E-003
   4.5319278639197416        2.7540557205585028E-002
   4.5382047723185224        3.9573045379398847E-002
   4.5444816807173032        4.1863314095989125E-002
   4.5507585891160840        3.3852880433106670E-002
   4.5570354975148648        1.7520573846975158E-002
   4.5633124059136456       -3.1146601630339631E-003
   4.5695893143124264       -2.2986858578549048E-002
   4.5758662227112072       -3.7227487873507152E-002
   4.5821431311099881       -4.2356610951170631E-002
   4.5884200395087689       -3.7129380128826307E-002
   4.5946969479075497       -2.2833103116486324E-002
   4.6009738563063305       -2.9651559678757389E-003
   4.6072507647051113        1.7626395618952483E-002
   4.6135276731038921        3.3927446821852662E-002
   4.6198045815026729        4.1977866712350764E-002
   4.6260814899014537        3.9830299359317679E-002
   4.6323583983002345        2.8016396244025184E-002
   4.6386353066990154        9.4100772636502954E-003
   4.6449122150977962       -1.1475883512023883E-002
   4.6511891234965770       -2.9586747205572039E-002
   4.6574660318953578       -4.0549013059203470E-002
   4.6637429402941386       -4.1723965250101663E-002
   4.6700198486929194       -3.2838415978233088E-002
   4.6762967570917002       -1.6042961445336245E-002
   4.6825736654904810        4.6132096559109983E-003
   4.6888505738892619        2.4161593553072489E-002
   4.6951274822880427        3.7910187182152201E-002
   4.7014043906868235        4.2567855425613442E-002
   4.7076812990856043        3.7028290591115738E-002
   4.7139582074843851        2.2627708264266962E-002
   4.7202351158831659        2.8176700059746149E-003
   4.7265120242819467       -1.7666265768823852E-002
   4.7327889326807275       -3.3941414521265277E-002
   4.7390658410795083       -4.2142455410960289E-002
   4.7453427494782892       -4.0334666957060859E-002
   4.7516196578770700       -2.8963007840687404E-002
   4.7578965662758508       -1.0734830378462302E-002
   4.7641734746746316        1.0031303298134318E-002
   4.7704503830734124        2.8432559324448790E-002
   4.7767272914721932        4.0139452252618904E-002
   4.7830041998709740        4.2410835564879831E-002
   4.7892811082697548        3.4729202907575002E-002
   4.7955580166685357        1.8910646797924143E-002
   4.8018349250673165       -1.3317878785857175E-003
   4.8081118334660973       -2.1264730295412773E-002
   4.8143887418648781       -3.6242974291416971E-002
   4.8206656502636589       -4.2789879257180495E-002
   4.8269425586624397       -3.9398924710955747E-002
   4.8332194670612205       -2.6872915528666812E-002
   4.8394963754600013       -8.1262796997814725E-003
   4.8457732838587821        1.2499231856334465E-002
   4.8520501922575630        3.0243379157596575E-002
   4.8583271006563438        4.1025665351942964E-002
   4.8646040090551246        4.2379718210947291E-002
   4.8708809174539054        3.4010807922446144E-002
   4.8771578258526862        1.7852060395579676E-002
   4.8834347342514670       -2.3891416141174977E-003
   4.8897116426502478       -2.2086540386434182E-002
   4.8959885510490286       -3.6753998465618540E-002
   4.9022654594478094       -4.3066526664407447E-002
   4.9085423678465903       -3.9609228612129774E-002
   4.9148192762453711       -2.7185054478819030E-002
   4.9210961846441519       -8.6190993923596186E-003
   4.9273730930429327        1.1891156849062605E-002
   4.9336500014417135        2.9728816647742209E-002
   4.9399269098404943        4.0896479624190449E-002
   4.9462038182392751        4.2907474171497699E-002
   4.9524807266380559        3.5331765468605739E-002
   4.9587576350368368        1.9878522733627405E-002
   4.9650345434356176        1.9785881849020705E-006
   4.9713114518343984       -1.9876720309307025E-002
   4.9775883602331792       -3.5355088921235393E-002
   4.9838652686319600       -4.3022155437800400E-002
   4.9901421770307408       -4.1204135359311327E-002
   4.9964190854295216       -3.0321295102911077E-002
   5.0026959938283024       -1.2781906761173080E-002
   5.0089729022270832        7.5583802093471854E-003
   5.0152498106258641        2.6248763477900269E-002
   5.0215267190246449        3.9217771505181402E-002
   5.0278036274234257        4.3656563477248590E-002
   5.0340805358222065        3.8620254399670317E-002
   5.0403574442209873        2.5220118199893792E-002
   5.0466343526197681        6.3696907501314352E-003
   5.0529112610185480       -1.3855487450599733E-002
   5.0591881694173289       -3.1102372559627847E-002
   5.0654650778161097       -4.1676547079592834E-002
   5.0717419862148905       -4.3328788249738313E-002
   5.0780188946136713       -3.5725530867876283E-002
   5.0842958030124521       -2.0507297984040905E-002
   5.0905727114112329       -9.2681137456493803E-004
   5.0968496198100137        1.8851968642077072E-002
   5.1031265282087945        3.4641535749950179E-002
   5.1094034366075753        4.3115592108830342E-002
   5.1156803450063562        4.2504351791804333E-002
   5.1219572534051370        3.2956253642063393E-002
   5.1282341618039178        1.6493906334920712E-002
   5.1345110702026986       -3.4219438870515383E-003
   5.1407879786014794       -2.2624909793056439E-002
   5.1470648870002602       -3.7115889583871672E-002
   5.1533417953990410       -4.3893297692578909E-002
   5.1596187037978218       -4.1568824491299110E-002
   5.1658956121966026       -3.0643701846269814E-002
   5.1721725205953835       -1.3392290698850015E-002
   5.1784494289941643        6.6185323077108185E-003
   5.1847263373929451        2.5271218310829038E-002
   5.1910032457917259        3.8745476286999377E-002
   5.1972801541905067        4.4297577734864951E-002
   5.2035570625892875        4.0812750804353107E-002
   5.2098339709880683        2.9020798834017942E-002
   5.2161108793868491        1.1335041796399032E-002
   5.2223877877856300       -8.6483910840767057E-003
   5.2286646961844108       -2.6885716362304701E-002
   5.2349416045831916       -3.9704051014467737E-002
   5.2412185129819724       -4.4537673641151167E-002
   5.2474954213807532       -4.0435091526590104E-002
   5.2537723297795340       -2.8238005895272721E-002
   5.2600492381783148       -1.0400736171633364E-002
   5.2663261465770956        9.5101131623066947E-003
   5.2726030549758764        2.7532475680680867E-002
   5.2788799633746573        4.0097326821529410E-002
   5.2851568717734381        4.4731978984082779E-002
   5.2914337801722189        4.0540310134016176E-002
   5.2977106885709997        2.8367983720594462E-002
   5.3039875969697805        1.0623935291408131E-002
   5.3102645053685613       -9.2027901298356654E-003
   5.3165414137673421       -2.7232736015921882E-002
   5.3228183221661229       -3.9955261885106647E-002
   5.3290952305649038       -4.4908727150666863E-002
   5.3353721389636846       -4.1150550767674994E-002
   5.3416490473624654       -2.9428655238144780E-002
   5.3479259557612462       -1.2024790939341331E-002
   5.3542028641600270        7.6960979857409323E-003
   5.3604797725588078        2.5940272311680578E-002
   5.3667566809575886        3.9215412593499491E-002
   5.3730335893563694        4.4996054424165773E-002
   5.3793104977551502        4.2198089999406989E-002
   5.3855874061539311        3.1374364638506902E-002
   5.3918643145527119        1.4597683747734198E-002
   5.3981412229514927       -4.9427796716277166E-003
   5.4044181313502735       -2.3551871963226754E-002
   5.4106950397490543       -3.7728114323030297E-002
   5.4169719481478351       -4.4819977556429885E-002
   5.4232488565466159       -4.3516710702869617E-002
   5.4295257649453967       -3.4083896370162910E-002
   5.4358026733441775       -1.8300488251372753E-002
   5.4420795817429584        8.8427725950371034E-004
   5.4483564901417392        1.9906927218826340E-002
   5.4546333985405200        3.5253337176953121E-002
   5.4609103069393008        4.4105930466346852E-002
   5.4671872153380816        4.4855756644235571E-002
   5.4734641237368624        3.7387371639060488E-002
   5.4797410321356432        2.3087577690590035E-002
   5.4860179405344240        4.5802261498497920E-003
   5.4922948489332049       -1.4760888759526495E-002
   5.4985717573319857       -3.1429651386734314E-002
   5.5048486657307665       -4.2422265085167464E-002
   5.5111255741295473       -4.5774259461957269E-002
   5.5174024825283281       -4.0904683437337219E-002
   5.5236793909271089       -2.8708496259512030E-002
   5.5299562993258897       -1.1384185797367307E-002
   5.5362332077246705        7.9689141380081350E-003
   5.5425101161234513        2.5908778168881454E-002
   5.5487870245222322        3.9263189419426470E-002
   5.5550639329210130        4.5687583893912573E-002
   5.5613408413197938        4.4070734142003326E-002
   5.5676177497185746        3.4719189278620013E-002
   5.5738946581173554        1.9291347197748936E-002
   5.5801715665161362        4.9628759257184726E-004
   5.5864484749149170       -1.8386786394754533E-002
   5.5927253833136978       -3.4082456147931310E-002
   5.5990022917124787       -4.3885605696477037E-002
   5.6052792001112595       -4.6122906097142459E-002
   5.6115561085100403       -4.0431535228059937E-002
   5.6178330169088211       -2.7809871407090719E-002
   5.6241099253076019       -1.0434831273814223E-002
   5.6303868337063827        8.7195539792368822E-003
   5.6366637421051635        2.6394539003996520E-002
   5.6429406505039443        3.9601235796687527E-002
   5.6492175589027251        4.6122999273573703E-002
   5.6554944673015060        4.4881747510729271E-002
   5.6617713757002868        3.6108708699159879E-002
   5.6680482840990676        2.1293925466247206E-002
   5.6743251924978484        2.9262728222808070E-003
   5.6806021008966292       -1.5929577238098812E-002
   5.6868790092954100       -3.2146574673483502E-002
   5.6931559176941908       -4.3052785027288300E-002
   5.6994328260929716       -4.6867543712643220E-002
   5.7057097344917524       -4.2985803905584034E-002
   5.7119866428905333       -3.2066391995193386E-002
   5.7182635512893141       -1.5912766748618017E-002
   5.7245404596880949        2.8311045171655180E-003
   5.7308173680868757        2.1117505418628734E-002
   5.7370942764856565        3.5991625504077800E-002
   5.7433711848844373        4.5067028671761808E-002
   5.7496480932832181        4.6903814681767686E-002
   5.7559250016819989        4.1230332699128666E-002
   5.7622019100807798        2.8975536704775488E-002
   5.7684788184795606        1.2109625620833502E-002
   5.7747557268783414       -6.6785610067610817E-003
   5.7810326352771222       -2.4411594251634576E-002
   5.7873095436759030       -3.8294520098182107E-002
   5.7935864520746838       -4.6153179475802740E-002
   5.7998633604734646       -4.6770449814500188E-002
   5.8061402688722454       -4.0069018824543765E-002
   5.8124171772710262       -2.7114203051813477E-002
   5.8186940856698071       -9.9388190150981343E-003
   5.8249709940685879        8.7802861814922674E-003
   5.8312479024673687        2.6141904586537638E-002
   5.8375248108661495        3.9470202258928923E-002
   5.8438017192649303        4.6724810951088505E-002
   5.8500786276637111        4.6808829294580967E-002
   5.8563555360624919        3.9728939112041985E-002
   5.8626324444612727        2.6585229677221111E-002
   5.8689093528600536        9.3946203956018302E-003
   5.8751862612588344       -9.2229653391386109E-003
   5.8814631696576152       -2.6446247204079794E-002
   5.8877400780563960       -3.9680130423571151E-002
   5.8940169864551768       -4.6944415749788283E-002
   5.9002938948539576       -4.7165792899418212E-002
   5.9065708032527384       -4.0330806133710546E-002
   5.9128477116515192       -2.7478829721496196E-002
   5.9191246200503000       -1.0538481147308031E-002
   5.9254015284490809        7.9661917233409176E-003
   5.9316784368478617        2.5294093514019594E-002
   5.9379553452466425        3.8893581812476846E-002
   5.9442322536454233        4.6774416312990515E-002
   5.9505091620442041        4.7785737017354855E-002
   5.9567860704429849        4.1782340456814844E-002
   5.9630629788417657        2.9648087925775404E-002
   5.9693398872405457        1.3165289210598889E-002
   5.9756167956393265       -5.2477657316066482E-003
   5.9818937040381073       -2.2892022140440258E-002
   5.9881706124368881       -3.7183362747030699E-002
   5.9944475208356689       -4.6030811054612257E-002
   6.0007244292344497       -4.8141895821337009E-002
   6.0070013376332305       -4.3210679207460294E-002
   6.0132782460320113       -3.1961207329739456E-002
   6.0195551544307921       -1.6040339579002475E-002
   6.0258320628295730        2.2240400486765238E-003
   6.0321089712283538        2.0163855634047722E-002
   6.0383858796271346        3.5160711877955074E-002
   6.0446627880259154        4.5027865740088956E-002
   6.0509396964246962        4.8328546704206089E-002
   6.0572166048234770        4.4584438796211011E-002
   6.0634935132222578        3.4344091797788488E-002
   6.0697704216210386        1.9101721782099401E-002
   6.0760473300198194        1.0784016897216859E-003
   6.0823242384186003       -1.7102028068400228E-002
   6.0886011468173811       -3.2795205500368331E-002
   6.0948780552161619       -4.3720613075553756E-002
   6.1011549636149427       -4.8292680345922351E-002
   6.1074318720137235       -4.5849900741487391E-002
   6.1137087804125043       -3.6750256347333726E-002
   6.1199856888112851       -2.2315496377012998E-002
   6.1262625972100659       -4.6322492033238219E-003
   6.1325395056088468        1.3726623914542912E-002
   6.1388164140076276        3.0068883080249142E-002
   6.1450933224064084        4.1979005133964797E-002
   6.1513702308051892        4.7678582504590665E-002
   6.1576471392039700        4.6298078216345462E-002
   6.1639240476027508        3.8016819292838643E-002
   6.1702009560015316        2.4048229391952593E-002
   6.1764778644003124        6.4691884398277895E-003
   6.1827547727990932       -1.2083410720571622E-002
   6.1890316811978741       -2.8805637559038637E-002
   6.1953085895966549       -4.1150755516800933E-002
   6.2015854979954357       -4.7220635973398116E-002
   6.2078624063942165       -4.6063612036897419E-002
   6.2141393147929973       -3.7831284052492642E-002
   6.2204162231917781       -2.3767340709731234E-002
   6.2266931315905589       -6.0270832339528804E-003
   6.2329700399893397        1.2647472703176016E-002
   6.2392469483881206        2.9348784840604637E-002
   6.2455238567869014        4.1457086820058477E-002
   6.2518007651856822        4.7055038623821419E-002
   6.2580776735844630        4.5237630462954953E-002
   6.2643545819832438        3.6266281181927693E-002
   6.2706314903820246        2.1539885701210727E-002
   6.2769083987808054        3.3840424829940006E-003
   6.2831853071795862       -1.5310940182768414E-002
