   6.2769083987808056E-003   7.0002049777195385E-013
   1.2553816797561611E-002  -6.9554428439955272E-013
   1.8830725196342418E-002   6.8849910818955581E-013
   2.5107633595123222E-002  -6.8382016764562473E-013
   3.1384541993904030E-002   6.7737569534335931E-013
   3.7661450392684835E-002  -6.7190914460155560E-013
   4.3938358791465640E-002   6.6633582959191523E-013
   5.0215267190246445E-002  -6.6028433833140756E-013
   5.6492175589027249E-002   6.5529445781589094E-013
   6.2769083987808061E-002  -6.4907772048589021E-013
   6.9045992386588859E-002   6.4409272152712773E-013
   7.5322900785369670E-002  -6.3810124413911980E-013
   8.1599809184150468E-002   6.3359317216350654E-013
   8.7876717582931280E-002  -6.2634522473626643E-013
   9.4153625981712077E-002   6.2340268648761361E-013
  0.10043053438049289       -6.1566855358359432E-013
  0.10670744277927370        6.1263913220092631E-013
  0.11298435117805450       -6.0528687266623183E-013
  0.11926125957683531        6.0205451362434648E-013
  0.12553816797561612       -5.9479262234072867E-013
  0.13181507637439691        5.9190221558184757E-013
  0.13809198477317772       -5.8433122672918360E-013
  0.14436889317195853        5.8172282222591540E-013
  0.15064580157073934       -5.7442645627782786E-013
  0.15692270996952015        5.7141827382279579E-013
  0.16319961836830094       -5.6502862996320614E-013
  0.16947652676708175        5.6069893126782337E-013
  0.17575343516586256       -5.5556573881274107E-013
  0.18203034356464337        5.5082167329362740E-013
  0.18830725196342415       -5.4635017535364363E-013
  0.19458416036220497        5.3990212158431898E-013
  0.20086106876098578       -5.3787230898193596E-013
  0.20713797715976659        5.2946939740276377E-013
  0.21341488555854740       -5.2888226804504498E-013
  0.21969179395732819        5.1975524578695698E-013
  0.22596870235610900       -5.1943260924328192E-013
  0.23224561075488981        5.1111803642424477E-013
  0.23852251915367062       -5.0930699199746768E-013
  0.24479942755245140        5.0281690686511350E-013
  0.25107633595123224       -4.9934238703283878E-013
  0.25735324435001306        4.9431870577344109E-013
  0.26363015274879381       -4.8978265121738234E-013
  0.26990706114757462        4.8588926766345974E-013
  0.27618396954635543       -4.7994150903399140E-013
  0.28246087794513625        4.7758712462940708E-013
  0.28873778634391706       -4.7053174844865933E-013
  0.29501469474269787        4.6923328124535285E-013
  0.30129160314147868       -4.6168879774767437E-013
  0.30756851154025949        4.6040477372666800E-013
  0.31384541993904030       -4.5328390834657034E-013
  0.32012232833782106        4.5164849440146142E-013
  0.32639923673660187       -4.4501258841795179E-013
  0.33267614513538268        4.4263762132450743E-013
  0.33895305353416350       -4.3702882939866249E-013
  0.34522996193294431        4.3374794722736074E-013
  0.35150687033172512       -4.2919471314906577E-013
  0.35778377873050593        4.2546576748932544E-013
  0.36406068712928674       -4.2057976465924036E-013
  0.37033759552806755        4.1741662260870579E-013
  0.37661450392684831       -4.1247247922536294E-013
  0.38289141232562912        4.0924783093615469E-013
  0.38916832072440993       -4.0474381963649057E-013
  0.39544522912319074        4.0052861777271995E-013
  0.40172213752197156       -3.9705115788908531E-013
  0.40799904592075237        3.9308322527140897E-013
  0.41427595431953318       -3.8838134199306856E-013
  0.42055286271831399        3.8556642482215001E-013
  0.42682977111709480       -3.8000532116887285E-013
  0.43310667951587556        3.7867345333887376E-013
  0.43938358791465637       -3.7108879168037522E-013
  0.44566049631343718        3.7220147787681099E-013
  0.45193740471221799       -3.6188563810098801E-013
  0.45821431311099881        3.6626991367026121E-013
  0.46449122150977962       -3.5241143561960575E-013
  0.47076812990856043        3.6048509368665849E-013
  0.47704503830734124       -3.4314731435568062E-013
  0.48332194670612205        3.5470052696590700E-013
  0.48959885510490281       -3.3408163930583046E-013
  0.49587576350368362        3.4852592274876859E-013
  0.50215267190246449       -3.2532131370423484E-013
  0.50842958030124530        3.4297704029861265E-013
  0.51470648870002611       -3.1604388888790058E-013
  0.52098339709880681        3.3714818995422488E-013
  0.52726030549758762       -3.0762769583211544E-013
  0.53353721389636843        3.3135753221954969E-013
  0.53981412229514925       -2.9856318291146891E-013
  0.54609103069393006        3.2600456774893984E-013
  0.55236793909271087       -2.8977356373418369E-013
  0.55864484749149168        3.2039653624692330E-013
  0.56492175589027249       -2.8133694172601843E-013
  0.57119866428905330        3.1448920819409330E-013
  0.57747557268783412       -2.7337513017742544E-013
  0.58375248108661493        3.0836730297880127E-013
  0.59002938948539574       -2.6554841868985362E-013
  0.59630629788417655        3.0233097900788449E-013
  0.60258320628295736       -2.5777251901472169E-013
  0.60886011468173817        2.9620722006098738E-013
  0.61513702308051899       -2.4988225972731506E-013
  0.62141393147929980        2.9052162490495782E-013
  0.62769083987808061       -2.4209134724022599E-013
  0.63396774827686131        2.8418678492408847E-013
  0.64024465667564212       -2.3561349929873991E-013
  0.64652156507442293        2.7708511923980623E-013
  0.65279847347320374       -2.2886854968173255E-013
  0.65907538187198456        2.7044522627221387E-013
  0.66535229027076537       -2.2233034640758986E-013
  0.67162919866954618        2.6362501184861234E-013
  0.67790610706832699       -2.1641473659599720E-013
  0.68418301546710780        2.5606013603272871E-013
  0.69045992386588861       -2.1087820176862986E-013
  0.69673683226466943        2.4759898077403742E-013
  0.70301374066345024       -2.0684845438052879E-013
  0.70929064906223105        2.3825432864674548E-013
  0.71556755746101186       -2.0361808163090475E-013
  0.72184446585979267        2.2846428626699649E-013
  0.72812137425857348       -2.0042574997797486E-013
  0.73439828265735430        2.1846726969252002E-013
  0.74067519105613511       -1.9812833827997228E-013
  0.74695209945491581        2.0776978905791624E-013
  0.75322900785369662       -1.9626752717353309E-013
  0.75950591625247743        1.9661547560277095E-013
  0.76578282465125824       -1.9549515763948042E-013
  0.77205973305003905        1.8447196657863599E-013
  0.77833664144881987       -1.9524976795949611E-013
  0.78461354984760068        1.7150390401463392E-013
  0.79089045824638149       -1.9615318280785145E-013
  0.79716736664516230        1.5794291923458678E-013
  0.80344427504394311       -1.9679368635855469E-013
  0.80972118344272392        1.4548097749129399E-013
  0.81599809184150474       -1.9631890480398175E-013
  0.82227500024028555        1.3454725005033856E-013
  0.82855190863906636       -1.9308036411564734E-013
  0.83482881703784717        1.2732608072269294E-013
  0.84110572543662798       -1.8655429628253997E-013
  0.84738263383540879        1.2364445837019923E-013
  0.85365954223418961       -1.7502770337674695E-013
  0.85993645063297042        1.2596218827102407E-013
  0.86621335903175112       -1.5860192357304483E-013
  0.87249026743053193        1.3092137813588371E-013
  0.87876717582931274       -1.4149942288975989E-013
  0.88504408422809355        1.3621582242365673E-013
  0.89132099262687436       -1.2293801976317846E-013
  0.89759790102565518        1.4366734527298392E-013
  0.90387480942443599       -1.0348971469554841E-013
  0.91015171782321680        1.5038537702996048E-013
  0.91642862622199761       -8.5979149960693085E-014
  0.92270553462077842        1.5427207071766567E-013
  0.92898244301955923       -7.2121223381425847E-014
  0.93525935141834005        1.5411696204436446E-013
  0.94153625981712086       -6.2387534103657688E-014
  0.94781316821590167        1.4950631099070692E-013
  0.95409007661468248       -5.7357320526170777E-014
  0.96036698501346329        1.4067068246603450E-013
  0.96664389341224410       -5.6521800238977320E-014
  0.97292080181102492        1.2709749278825037E-013
  0.97919771020980562       -6.1464444374003530E-014
  0.98547461860858643        1.0789609697771201E-013
  0.99175152700736724       -7.0573870369645270E-014
  0.99802843540614805        8.5935965679943219E-014
   1.0043053438049290       -8.1517475485315101E-014
   1.0105822522037098        6.3330078486044383E-014
   1.0168591606024906       -9.1743341303898371E-014
   1.0231360690012714        4.1615878969346147E-014
   1.0294129774000522       -1.0066885950603226E-013
   1.0356898857988328        2.3839793122449118E-014
   1.0419667941976136       -1.0347379767592008E-013
   1.0482437025963944        1.2921443141134621E-014
   1.0545206109951752       -9.9318096065045824E-014
   1.0607975193939561        7.9816456720858964E-015
   1.0670744277927369       -9.0450057518712615E-014
   1.0733513361915177        8.1531647617072087E-015
   1.0796282445902985       -7.5669392728464329E-014
   1.0859051529890793        1.4084564749744348E-014
   1.0921820613878601       -5.5946709972296092E-014
   1.0984589697866409        2.3453674847509140E-014
   1.1047358781854217       -3.4176839215139566E-014
   1.1110127865842025        3.3615195384737763E-014
   1.1172896949829834       -1.2495650266461725E-014
   1.1235666033817642        4.3716770553256252E-014
   1.1298435117805450        8.2246128378410562E-015
   1.1361204201793258        5.1039293302271478E-014
   1.1423973285781066        2.5113952597751767E-014
   1.1486742369768874        5.4050841019202996E-014
   1.1549511453756682        3.7199596566095047E-014
   1.1612280537744490        5.2193451078837768E-014
   1.1675049621732299        4.3597497726371006E-014
   1.1737818705720107        4.3747035887494595E-014
   1.1800587789707915        4.3890936620837734E-014
   1.1863356873695723        2.9125305818370265E-014
   1.1926125957683531        3.7361520466489863E-014
   1.1988895041671339        8.4879248879563170E-015
   1.2051664125659147        2.6568032458963069E-014
   1.2114433209646955       -1.5050584544385077E-014
   1.2177202293634763        1.4543145740409866E-014
   1.2239971377622572       -3.7490140725464534E-014
   1.2302740461610380        5.2176738271755493E-015
   1.2365509545598188       -5.7051022401015308E-014
   1.2428278629585996       -8.5084417200047106E-016
   1.2491047713573804       -7.2155939026769065E-014
   1.2553816797561612       -1.0840886700705724E-015
   1.2616585881549420       -8.1073839861608293E-014
   1.2679354965537226        4.4370109935363070E-015
   1.2742124049525034       -8.4190595846852373E-014
   1.2804893133512842        1.5612850944003113E-014
   1.2867662217500651       -8.1712869469104197E-014
   1.2930431301488459        3.1554345589343211E-014
   1.2993200385476267       -7.6687921895450366E-014
   1.3055969469464075        4.8640089419832618E-014
   1.3118738553451883       -7.0909493622467630E-014
   1.3181507637439691        6.6615350829111759E-014
   1.3244276721427499       -6.4233427901104543E-014
   1.3307045805415307        8.5146436105412119E-014
   1.3369814889403115       -5.8295987191724942E-014
   1.3432583973390924        1.0148126574640280E-013
   1.3495353057378732       -5.5782078107568904E-014
   1.3558122141366540        1.1375462407431890E-013
   1.3620891225354348       -5.6712396522274049E-014
   1.3683660309342156        1.2254582741497372E-013
   1.3746429393329964       -6.1771224460905987E-014
   1.3809198477317772        1.2841093511054783E-013
   1.3871967561305580       -6.9072187680314749E-014
   1.3934736645293389        1.3079791122536013E-013
   1.3997505729281197       -8.0963484174075267E-014
   1.4060274813269005        1.2860313027441162E-013
   1.4123043897256813       -9.7479978665329474E-014
   1.4185812981244621        1.2182276028064893E-013
   1.4248582065232429       -1.1754006005537752E-013
   1.4311351149220237        1.1300856592470678E-013
   1.4374120233208045       -1.3863626602782491E-013
   1.4436889317195853        1.0482893540680438E-013
   1.4499658401183662       -1.5777007284433712E-013
   1.4562427485171470        9.8973795806711791E-014
   1.4625196569159278       -1.7374454502341267E-013
   1.4687965653147086        9.7803374150525271E-014
   1.4750734737134894       -1.8463469007813302E-013
   1.4813503821122702        1.0169496199459969E-013
   1.4876272905110510       -1.9007170986326365E-013
   1.4939041989098316        1.1086379718709596E-013
   1.5001811073086124       -1.9064861892144087E-013
   1.5064580157073932        1.2536609222252564E-013
   1.5127349241061741       -1.8675258076626157E-013
   1.5190118325049549        1.4250335767906474E-013
   1.5252887409037357       -1.8140467138828094E-013
   1.5315656493025165        1.6047748999342519E-013
   1.5378425577012973       -1.7614712517917928E-013
   1.5441194661000781        1.7820968936925908E-013
   1.5503963744988589       -1.7093152827679040E-013
   1.5566732828976397        1.9654037681463444E-013
   1.5629501912964205       -1.6478561221854255E-013
   1.5692270996952014        2.1505605117349245E-013
   1.5755040080939822       -1.6014586304204798E-013
   1.5817809164927630        2.3074586268405015E-013
   1.5880578248915438       -1.5848211245672161E-013
   1.5943347332903246        2.4373898048263200E-013
   1.6006116416891054       -1.6049384027040604E-013
   1.6068885500878862        2.5235479040496478E-013
   1.6131654584866670       -1.6698649095967834E-013
   1.6194423668854478        2.5674778363733112E-013
   1.6257192752842287       -1.7747742261009416E-013
   1.6319961836830095        2.5769668584901990E-013
   1.6382730920817903       -1.9068655075088481E-013
   1.6445500004805711        2.5738178742777405E-013
   1.6508269088793519       -2.0467799089846301E-013
   1.6571038172781327        2.5542055754788299E-013
   1.6633807256769135       -2.2156581955159581E-013
   1.6696576340756943        2.5059197846942407E-013
   1.6759345424744752       -2.3966657143310952E-013
   1.6822114508732560        2.4653805167881068E-013
   1.6884883592720368       -2.5619723339743950E-013
   1.6947652676708176        2.4455994175576982E-013
   1.7010421760695984       -2.7037796169180651E-013
   1.7073190844683792        2.4543353935031591E-013
   1.7135959928671600       -2.8236534983826830E-013
   1.7198729012659408        2.4784259930812902E-013
   1.7261498096647214       -2.9354598695983188E-013
   1.7324267180635022        2.5047933833403230E-013
   1.7387036264622830       -3.0460976487489341E-013
   1.7449805348610639        2.5397011526966367E-013
   1.7512574432598447       -3.1347556556017998E-013
   1.7575343516586255        2.6121968900016251E-013
   1.7638112600574063       -3.1933654735826801E-013
   1.7700881684561871        2.6946056042366788E-013
   1.7763650768549679       -3.2503071956992147E-013
   1.7826419852537487        2.7848041967315929E-013
   1.7889188936525295       -3.3025213897678977E-013
   1.7951958020513104        2.8755865791568313E-013
   1.8014727104500912       -3.3596863389473517E-013
   1.8077496188488720        2.9610182798652527E-013
   1.8140265272476528       -3.4225002016740214E-013
   1.8203034356464336        3.0502276966964514E-013
   1.8265803440452144       -3.4825264112086415E-013
   1.8328572524439952        3.1340905992129336E-013
   1.8391341608427760       -3.5426019688827685E-013
   1.8454110692415568        3.2309891693810700E-013
   1.8516879776403377       -3.5881872111084390E-013
   1.8579648860391185        3.3371817662113069E-013
   1.8642417944378993       -3.6385862516876387E-013
   1.8705187028366801        3.4417850073599748E-013
   1.8767956112354609       -3.6858904668116317E-013
   1.8830725196342417        3.5485266424762924E-013
   1.8893494280330225       -3.7333290721830361E-013
   1.8956263364318033        3.6580871524190955E-013
   1.9019032448305841       -3.7833267165540262E-013
   1.9081801532293650        3.7587959139532071E-013
   1.9144570616281458       -3.8424820406935973E-013
   1.9207339700269266        3.8542026896946392E-013
   1.9270108784257074       -3.9161935921504156E-013
   1.9332877868244882        3.9345775105343282E-013
   1.9395646952232690       -3.9985625106600249E-013
   1.9458416036220498        4.0221476052103994E-013
   1.9521185120208304       -4.0713131752359837E-013
   1.9583954204196112        4.1130319534618282E-013
   1.9646723288183920       -4.1523648939851415E-013
   1.9709492372171729        4.1973187959684112E-013
   1.9772261456159537       -4.2279101955398002E-013
   1.9835030540147345        4.2890724276638275E-013
   1.9897799624135153       -4.3128461871564999E-013
   1.9960568708122961        4.3684971242350431E-013
   2.0023337792110771       -4.4093046982975493E-013
   2.0086106876098579        4.4456532537564836E-013
   2.0148875960086388       -4.5048182848936302E-013
   2.0211645044074196        4.5207042099424657E-013
   2.0274414128062004       -4.6075947904360522E-013
   2.0337183212049812        4.5962226605526964E-013
   2.0399952296037620       -4.7047384231176971E-013
   2.0462721380025428        4.6804260533733159E-013
   2.0525490464013236       -4.8036033802728844E-013
   2.0588259548001044        4.7634232712770452E-013
   2.0651028631988853       -4.8975082056625747E-013
   2.0713797715976656        4.8597023935453604E-013
   2.0776566799964464       -4.9769753714069744E-013
   2.0839335883952272        4.9655047834726209E-013
   2.0902104967940081       -5.0652349000801337E-013
   2.0964874051927889        5.0614665182604351E-013
   2.1027643135915697       -5.1638724627703012E-013
   2.1090412219903505        5.1469514973412388E-013
   2.1153181303891313       -5.2658132171825818E-013
   2.1215950387879121        5.2458327937619786E-013
   2.1278719471866929       -5.3635004593308600E-013
   2.1341488555854737        5.3441650518966377E-013
   2.1404257639842545       -5.4564248864357508E-013
   2.1467026723830354        5.4547215540007993E-013
   2.1529795807818162       -5.5448169164728492E-013
   2.1592564891805970        5.5631558870534157E-013
   2.1655333975793778       -5.6373126771437935E-013
   2.1718103059781586        5.6782458069000712E-013
   2.1780872143769394       -5.7236021172959225E-013
   2.1843641227757202        5.8011221999341393E-013
   2.1906410311745010       -5.8159074649603241E-013
   2.1969179395732819        5.9143537676110015E-013
   2.2031948479720627       -5.9153084965623344E-013
   2.2094717563708435        6.0269645998979626E-013
   2.2157486647696243       -6.0178984801558151E-013
   2.2220255731684051        6.1406403135358823E-013
   2.2283024815671859       -6.1224047275616929E-013
   2.2345793899659667        6.2515597184359655E-013
   2.2408562983647475       -6.2370487226781016E-013
   2.2471332067635283        6.3567939737193494E-013
   2.2534101151623092       -6.3536369188710903E-013
   2.2596870235610900        6.4687867133592048E-013
   2.2659639319598708       -6.4726033337052496E-013
   2.2722408403586516        6.5768259605990687E-013
   2.2785177487574324       -6.5946070795157383E-013
   2.2847946571562132        6.6903919199428480E-013
   2.2910715655549940       -6.7151949165812673E-013
   2.2973484739537748        6.8025975909601489E-013
   2.3036253823525557       -6.8429290012161914E-013
   2.3099022907513365        6.9189366048831320E-013
   2.3161791991501173       -6.9690197148785001E-013
   2.3224561075488981        7.0426598953391827E-013
   2.3287330159476789       -7.0900337196307811E-013
   2.3350099243464597        7.1685258403386080E-013
   2.3412868327452405       -7.2115151341040160E-013
   2.3475637411440213        7.2967288508834615E-013
   2.3538406495428021       -7.3396264872136472E-013
   2.3601175579415830        7.4232761491856581E-013
   2.3663944663403638       -7.4728065871236017E-013
   2.3726713747391446        7.5535852055099058E-013
   2.3789482831379254       -7.6101793053048872E-013
   2.3852251915367062        7.6813208995074296E-013
   2.3915020999354870       -7.7482433061326682E-013
   2.3977790083342678        7.8128457699835072E-013
   2.4040559167330486       -7.8860722680230803E-013
   2.4103328251318294        7.9556248368869032E-013
   2.4166097335306103       -8.0175368128126544E-013
   2.4228866419293911        8.1085249395407809E-013
   2.4291635503281719       -8.1495198264692429E-013
   2.4354404587269527        8.2539683485797653E-013
   2.4417173671257335       -8.2958716370513014E-013
   2.4479942755245143        8.3940873932156039E-013
   2.4542711839232951       -8.4483333990961838E-013
   2.4605480923220759        8.5379294779974746E-013
   2.4668250007208568       -8.6015317251101307E-013
   2.4731019091196376        8.6912096612754442E-013
   2.4793788175184184       -8.7531985986147830E-013
   2.4856557259171992        8.8493001150147178E-013
   2.4919326343159800       -8.8969488480845123E-013
   2.4982095427147608        9.0195312444529179E-013
   2.5044864511135416       -9.0448196587327497E-013
   2.5107633595123224        9.1823240058340385E-013
   2.5170402679111032       -9.2084705237817453E-013
   2.5233171763098841        9.3374871264130955E-013
   2.5295940847086644       -9.3856490809807961E-013
   2.5358709931074452        9.4913695204704098E-013
   2.5421479015062260       -9.5624963508886816E-013
   2.5484248099050069        9.6535977216866912E-013
   2.5547017183037877       -9.7374806988840233E-013
   2.5609786267025685        9.8286539700737606E-013
   2.5672555351013493       -9.9101397254457504E-013
   2.5735324435001301        1.0005946419322899E-012
   2.5798093518989109       -1.0086143702056844E-012
   2.5860862602976917        1.0184520975757485E-012
   2.5923631686964725       -1.0269243028027532E-012
   2.5986400770952534        1.0369432939529803E-012
   2.6049169854940342       -1.0451942351159208E-012
   2.6111938938928150        1.0557757654103750E-012
   2.6174708022915958       -1.0644437042813806E-012
   2.6237477106903766        1.0749890103648125E-012
   2.6300246190891574       -1.0827195124621034E-012
   2.6363015274879382        1.0961742081597972E-012
   2.6425784358867190       -1.1013482043095311E-012
   2.6488553442854998        1.1169752527962797E-012
   2.6551322526842807       -1.1205577989754825E-012
   2.6614091610830615        1.1381932197548949E-012
   2.6676860694818423       -1.1402168221234668E-012
   2.6739629778806231        1.1601957916384858E-012
   2.6802398862794039       -1.1605015552858516E-012
   2.6865167946781847        1.1821247953224760E-012
   2.6927937030769655       -1.1816600713312396E-012
   2.6990706114757463        1.2047885797594185E-012
   2.7053475198745272       -1.2019244920082744E-012
   2.7116244282733080        1.2299636491724464E-012
   2.7179013366720888       -1.2207750594775543E-012
   2.7241782450708696        1.2575680192425951E-012
   2.7304551534696504       -1.2374067631551293E-012
   2.7367320618684312        1.2895939428020256E-012
   2.7430089702672120       -1.2499634187461555E-012
   2.7492858786659928        1.3282037712982679E-012
   2.7555627870647736       -1.2554527712972620E-012
   2.7618396954635545        1.3762546891639459E-012
   2.7681166038623353       -1.2498950493171476E-012
   2.7743935122611161        1.4409215923167967E-012
   2.7806704206598969       -1.2230437135599646E-012
   2.7869473290586777        1.5357299189522030E-012
   2.7932242374574585       -1.1585204779946382E-012
   2.7995011458562393        1.6797363090675997E-012
   2.8057780542550201       -1.0319153961635711E-012
   2.8120549626538009        1.9072439398068247E-012
   2.8183318710525818       -7.9801531153295396E-013
   2.8246087794513626        2.2764224790676295E-012
   2.8308856878501434       -3.8156763786469962E-013
   2.8371625962489242        2.8841089909912351E-012
   2.8434395046477050        3.4329204009911438E-013
   2.8497164130464858        3.8947860962758963E-012
   2.8559933214452666        1.5910428432979796E-012
   2.8622702298440474        5.5875592188189696E-012
   2.8685471382428283        3.7239614536044123E-012
   2.8748240466416091        8.4333656814790945E-012
   2.8811009550403899        7.3534166867325178E-012
   2.8873778634391707        1.3223787885698448E-011
   2.8936547718379515        1.3503950533133645E-011
   2.8999316802367323        2.1288314641187741E-011
   2.9062085886355131        2.3901900815501728E-011
   2.9124854970342939        3.4865080999801944E-011
   2.9187624054330747        4.1445521593882323E-011
   2.9250393138318556        5.7707493777230091E-011
   2.9313162222306364        7.0995102549573671E-011
   2.9375931306294172        9.6108214990591649E-011
   2.9438700390281980        1.2069518340932482E-010
   2.9501469474269788        1.6060405490493049E-010
   2.9564238558257596        2.0417286751071812E-010
   2.9627007642245404        2.6881490335087179E-010
   2.9689776726233212        3.4420358380577397E-010
   2.9752545810221021        4.5016301820526895E-010
   2.9815314894208829        5.7866066505949136E-010
   2.9878083978196632        7.5300384343553661E-010
   2.9940853062184440        9.6888460765197641E-010
   3.0003622146172249        1.2551769663645604E-009
   3.0066391230160057        1.6138705995695539E-009
   3.0129160314147865        2.0825401226293324E-009
   3.0191929398135673        2.6733590756438725E-009
   3.0254698482123481        3.4374938575524558E-009
   3.0317467566111289        4.4033789439137017E-009
   3.0380236650099097        5.6433738265814387E-009
   3.0443005734086905        7.2115974889439910E-009
   3.0505774818074713        9.2133302906272981E-009
   3.0568543902062522        1.1742876289599216E-008
   3.0631312986050330        1.4956399508697266E-008
   3.0694082070038138        1.9010526573195254E-008
   3.0756851154025946        2.4139609999476340E-008
   3.0819620238013754        3.0596130605561972E-008
   3.0882389322001562        3.8733809546476306E-008
   3.0945158405989370        4.8951364084325567E-008
   3.1007927489977178        6.1783491702930963E-008
   3.1070696573964987        7.7850225636562936E-008
   3.1133465657952795        9.7958645944399775E-008
   3.1196234741940603        1.2306103811647979E-007
   3.1259003825928411        1.5437132661292163E-007
   3.1321772909916219        1.9333653612701417E-007
   3.1384541993904027        2.4177351291140704E-007
   3.1447311077891835        3.0185979574700468E-007
   3.1510080161879643        3.7629957250877609E-007
   3.1572849245867451        4.6835342984612067E-007
   3.1635618329855260        5.8204520303792110E-007
   3.1698387413843068        7.2222065392730701E-007
   3.1761156497830876        8.9480732623154407E-007
   3.1823925581818684        1.1069373139295099E-006
   3.1886694665806492        1.3672823489724535E-006
   3.1949463749794300        1.6862579951631060E-006
   3.2012232833782108        2.0764596877111311E-006
   3.2075001917769916        2.5529781507475749E-006
   3.2137771001757724        3.1339707536970337E-006
   3.2200540085745533        3.8411265881153556E-006
   3.2263309169733341        4.7004172013776293E-006
   3.2326078253721149        5.7427601300326856E-006
   3.2388847337708957        7.0050044614182816E-006
   3.2451616421696765        8.5308535283543256E-006
   3.2514385505684573        1.0372153681152861E-005
   3.2577154589672381        1.2590149881174466E-005
   3.2639923673660189        1.5257160061175463E-005
   3.2702692757647998        1.8458250616795063E-005
   3.2765461841635806        2.2293393002213463E-005
   3.2828230925623614        2.6879657872714829E-005
   3.2891000009611422        3.2353964142128460E-005
   3.2953769093599230        3.8875897253704504E-005
   3.3016538177587038        4.6631174354656954E-005
   3.3079307261574846        5.5835183302621356E-005
   3.3142076345562654        6.6737319021074174E-005
   3.3204845429550462        7.9625225750388934E-005
   3.3267614513538271        9.4831073315493352E-005
   3.3330383597526079        1.1274299615248313E-004
   3.3393152681513887        1.3381021721619519E-004
   3.3455921765501695        1.5854889471579288E-004
   3.3518690849489503        1.8755090461744920E-004
   3.3581459933477311        2.2149320541881948E-004
   3.3644229017465119        2.6114847457233244E-004
   3.3706998101452927        3.0739631027130874E-004
   3.3769767185440736        3.6123574779281813E-004
   3.3832536269428544        4.2379836097587156E-004
   3.3895305353416352        4.9636268557914952E-004
   3.3958074437404160        5.8036915542543095E-004
   3.4020843521391968        6.7743629708255106E-004
   3.4083612605379776        7.8937724256493034E-004
   3.4146381689367584        9.1821733072089602E-004
   3.4209150773355392        1.0662116652453788E-003
   3.4271919857343200        1.2358634497136728E-003
   3.4334688941331009        1.4299416941426434E-003
   3.4397458025318817        1.6514992149779739E-003
   3.4460227109306620        1.9038891242190098E-003
   3.4522996193294428        2.1907809461155494E-003
   3.4585765277282237        2.5161739378725197E-003
   3.4648534361270045        2.8844092404332971E-003
   3.4711303445257853        3.3001773460699328E-003
   3.4774072529245661        3.7685237281484523E-003
   3.4836841613233469        4.2948466882159683E-003
   3.4899610697221277        4.8848941844418341E-003
   3.4962379781209085        5.5447445334134808E-003
   3.5025148865196893        6.2808181011509987E-003
   3.5087917949184702        7.0999948982333949E-003
   3.5150687033172510        8.0094809482826462E-003
   3.5213456117160318        9.0167419990560549E-003
   3.5276225201148126        1.0129458089042391E-002
   3.5338994285135934        1.1355456585436576E-002
   3.5401763369123742        1.2702635587260775E-002
   3.5464532453111550        1.4178869220161450E-002
   3.5527301537099358        1.5791898541367456E-002
   3.5590070621087166        1.7549203666048077E-002
   3.5652839705074975        1.9457858988629728E-002
   3.5715608789062783        2.1524368913854123E-002
   3.5778377873050591        2.3754485580660012E-002
   3.5841146957038399        2.6153007355854782E-002
   3.5903916041026207        2.8723559853558421E-002
   3.5966685125014015        3.1468359643930341E-002
   3.6029454209001823        3.4387963107385351E-002
   3.6092223292989631        3.7481002183213222E-002
   3.6154992376977440        4.0743910469788973E-002
   3.6217761460965248        4.4170643286343139E-002
   3.6280530544953056        4.7752396313943728E-002
   3.6343299628940864        5.1477328607193250E-002
   3.6406068712928672        5.5330295675448726E-002
   3.6468837796916480        5.9292601020016218E-002
   3.6531606880904288        6.3341772338859154E-002
   3.6594375964892096        6.7451374177162238E-002
   3.6657145048879904        7.1590862081096981E-002
   3.6719914132867713        7.5725491219452837E-002
   3.6782683216855521        7.9816208849595352E-002
   3.6845452300843329        8.3819562864577160E-002
   3.6908221384831137        8.7688002384046851E-002
   3.6970990468818945        9.1370149828565880E-002
   3.7033759552806753        9.4811138860524266E-002
   3.7096528636794561        9.7953078988542247E-002
   3.7159297720782369       0.10073563956531727     
   3.7222066804770177       0.10309676580568121     
   3.7284835888757986       0.10497352535746304     
   3.7347604972745794       0.10630308824145053     
   3.7410374056733602       0.10702383482289790     
   3.7473143140721410       0.10707658600473609     
   3.7535912224709218       0.10640594310786759     
   3.7598681308697026       0.10496172224262214     
   3.7661450392684834       0.10270046148524928     
   3.7724219476672642        9.9586975621746662E-002
   3.7786988560660451        9.5595926668918529E-002
   3.7849757644648259        9.0713375075859859E-002
   3.7912526728636067        8.4938269921446249E-002
   3.7975295812623875        7.8283834703103974E-002
   3.8038064896611683        7.0778798700266335E-002
   3.8100833980599491        6.2468425622288472E-002
   3.8163603064587299        5.3415284053554987E-002
   3.8226372148575107        4.3699712504464236E-002
   3.8289141232562915        3.3419921315310568E-002
   3.8351910316550724        2.2691696064165361E-002
   3.8414679400538532        1.1647639947900674E-002
   3.8477448484526340        4.3596772324308120E-004
   3.8540217568514148       -1.0781370956524051E-002
   3.8602986652501956       -2.1831992713041978E-002
   3.8665755736489764       -3.2536406432324201E-002
   3.8728524820477572       -4.2711195097323566E-002
   3.8791293904465380       -5.2172526375204482E-002
   3.8854062988453189       -6.0739987605827925E-002
   3.8916832072440997       -6.8240680622844746E-002
   3.8979601156428805       -7.4513491523290523E-002
   3.9042370240416608       -7.9413443652813678E-002
   3.9105139324404417       -8.2816023578836689E-002
   3.9167908408392225       -8.4621363825162027E-002
   3.9230677492380033       -8.4758153714956291E-002
   3.9293446576367841       -8.3187147965227096E-002
   3.9356215660355649       -7.9904137222058733E-002
   3.9418984744343457       -7.4942250819351713E-002
   3.9481753828331265       -6.8373464199611086E-002
   3.9544522912319073       -6.0309200382429907E-002
   3.9607291996306881       -5.0899924172999218E-002
   3.9670061080294690       -4.0333658407961576E-002
   3.9732830164282498       -2.8833365183184499E-002
   3.9795599248270306       -1.6653182718863901E-002
   3.9858368332258114       -4.0735188937407541E-003
   3.9921137416245922        8.6049251104674523E-003
   3.9983906500233730        2.1068140432901641E-002
   4.0046675584221543        3.2996620268180614E-002
   4.0109444668209351        4.4073915956542392E-002
   4.0172213752197159        5.3995512981124871E-002
   4.0234982836184967        6.2478778744481191E-002
   4.0297751920172775        6.9276822709654989E-002
   4.0360521004160583        7.4187309017645378E-002
   4.0423290088148391        7.7056550946263624E-002
   4.0486059172136200        7.7784884757282138E-002
   4.0548828256124008        7.6331172170371622E-002
   4.0611597340111816        7.2715678380624871E-002
   4.0674366424099624        6.7021266457386222E-002
   4.0737135508087432        5.9392748310098588E-002
   4.0799904592075240        5.0034351139753297E-002
   4.0862673676063048        3.9205272641334284E-002
   4.0925442760050856        2.7213391951808330E-002
   4.0988211844038664        1.4407235938489376E-002
   4.1050980928026473        1.1663930147324550E-003
   4.1113750012014281       -1.2109404238633154E-002
   4.1176519096002089       -2.5012215934400332E-002
   4.1239288179989897       -3.7138527947574947E-002
   4.1302057263977705       -4.8102174255485512E-002
   4.1364826347965504       -5.7547160680638462E-002
   4.1427595431953312       -6.5159928075900583E-002
   4.1490364515941121       -7.0680656444973511E-002
   4.1553133599928929       -7.3913143530380462E-002
   4.1615902683916737       -7.4732916435292146E-002
   4.1678671767904545       -7.3093155400065987E-002
   4.1741440851892353       -6.9028226992860611E-002
   4.1804209935880161       -6.2654476416094881E-002
   4.1866979019867969       -5.4168339313898979E-002
   4.1929748103855777       -4.3841369832408078E-002
   4.1992517187843585       -3.2013365550059340E-002
   4.2055286271831394       -1.9084661277372038E-002
   4.2118055355819202       -5.4980638627264702E-003
   4.2180824439807010        8.2784317291943119E-003
   4.2243593523794818        2.1767704368129873E-002
   4.2306362607782626        3.4500094745828935E-002
   4.2369131691770434        4.6029815243664979E-002
   4.2431900775758242        5.5950767926892096E-002
   4.2494669859746050        6.3911084772828058E-002
   4.2557438943733858        6.9625954900559797E-002
   4.2620208027721667        7.2888184185845320E-002
   4.2682977111709475        7.3576150935707921E-002
   4.2745746195697283        7.1658778371974194E-002
   4.2808515279685091        6.7197366209915566E-002
   4.2871284363672899        6.0344116881063586E-002
   4.2934053447660707        5.1337424403671818E-002
   4.2996822531648515        4.0493991750212614E-002
   4.3059591615636323        2.8198084632689073E-002
   4.3122360699624132        1.4888200495134778E-002
   4.3185129783611940        1.0416827582770132E-003
   4.3247898867599748       -1.2842281791434781E-002
   4.3310667951587556       -2.6260573325024551E-002
   4.3373437035575364       -3.8724452264592445E-002
   4.3436206119563172       -4.9777437288138993E-002
   4.3498975203550980       -5.9012318785916326E-002
   4.3561744287538788       -6.6086343351766649E-002
   4.3624513371526596       -7.0734497713552572E-002
   4.3687282455514405       -7.2779434629656123E-002
   4.3750051539502213       -7.2140717435911245E-002
   4.3812820623490021       -6.8847002304559549E-002
   4.3875589707477829       -6.3026220422712248E-002
   4.3938358791465637       -5.4897931779281220E-002
   4.4001127875453445       -4.4764965692992181E-002
   4.4063896959441253       -3.3001541534995238E-002
   4.4126666043429061       -2.0039215269447744E-002
   4.4189435127416870       -6.3507029148816545E-003
   4.4252204211404678        7.5674884013347396E-003
   4.4314973295392486        2.1213202101835953E-002
   4.4377742379380294        3.4096713095665809E-002
   4.4440511463368102        4.5758231068270726E-002
   4.4503280547355910        5.5784097028157113E-002
   4.4566049631343718        6.3821201865874463E-002
   4.4628818715331526        6.9589056763257343E-002
   4.4691587799319334        7.2889186773146833E-002
   4.4754356883307143        7.3611485954788489E-002
   4.4817125967294951        7.1737408798080632E-002
   4.4879895051282759        6.7339870644622477E-002
   4.4942664135270567        6.0579960759184606E-002
   4.5005433219258375        5.1700569216373511E-002
   4.5068202303246183        4.1017252806516587E-002
   4.5130971387233991        2.8906629956268904E-002
   4.5193740471221799        1.5792819263654993E-002
   4.5256509555209607        2.1323257637563707E-003
   4.5319278639197416       -1.1601957673877039E-002
   4.5382047723185224       -2.4937241573768896E-002
   4.5444816807173032       -3.7417043080185605E-002
   4.5507585891160840       -4.8618512982859713E-002
   4.5570354975148648       -5.8171301095343513E-002
   4.5633124059136456       -6.5767086685066811E-002
   4.5695893143124264       -7.1167922528726724E-002
   4.5758662227112072       -7.4212673075157193E-002
   4.5821431311099881       -7.4820461933600230E-002
   4.5884200395087689       -7.2991441279468147E-002
   4.5946969479075497       -6.8804787616407875E-002
   4.6009738563063305       -6.2414214103481927E-002
   4.6072507647051113       -5.4041165736559940E-002
   4.6135276731038921       -4.3966074499526976E-002
   4.6198045815026729       -3.2517990420083777E-002
   4.6260814899014537       -2.0063027940343467E-002
   4.6323583983002345       -6.9920160150967183E-003
   4.6386353066990154        6.2921962397656604E-003
   4.6449122150977962        1.9387384159890685E-002
   4.6511891234965770        3.1904130269161481E-002
   4.6574660318953578        4.3477200459118376E-002
   4.6637429402941386        5.3775784806398878E-002
   4.6700198486929194        6.2512348057419689E-002
   4.6762967570917002        6.9449873657026762E-002
   4.6825736654904810        7.4407358939713036E-002
   4.6888505738892619        7.7263470320345889E-002
   4.6951274822880427        7.7958335103684787E-002
   4.7014043906868235        7.6493496303472644E-002
   4.7076812990856043        7.2930127643703949E-002
   4.7139582074843851        6.7385588344530456E-002
   4.7202351158831659        6.0028916303354482E-002
   4.7265120242819467        5.1077479871535665E-002
   4.7327889326807275        4.0789744197091873E-002
   4.7390658410795083        2.9451791324833214E-002
   4.7453427494782892        1.7367588000163140E-002
   4.7516196578770700        4.8502314711977796E-003
   4.7578965662758508       -7.7867043911395879E-003
   4.7641734746746316       -2.0237229566524233E-002
   4.7704503830734124       -3.2210338439272727E-002
   4.7767272914721932       -4.3436522299786645E-002
   4.7830041998709740       -5.3673322845475553E-002
   4.7892811082697548       -6.2709815522414530E-002
   4.7955580166685357       -7.0370003785258498E-002
   4.8018349250673165       -7.6515099903011530E-002
   4.8081118334660973       -8.1044730585522501E-002
   4.8143887418648781       -8.3897109718216956E-002
   4.8206656502636589       -8.5048263892384485E-002
   4.8269425586624397       -8.4510399522852303E-002
   4.8332194670612205       -8.2329529035656823E-002
   4.8394963754600013       -7.8582471147441574E-002
   4.8457732838587821       -7.3373357621189864E-002
   4.8520501922575630       -6.6829768836727005E-002
   4.8583271006563438       -5.9098630313203823E-002
   4.8646040090551246       -5.0341983487897347E-002
   4.8708809174539054       -4.0732751563153841E-002
   4.8771578258526862       -3.0450590784512972E-002
   4.8834347342514670       -1.9677932784594180E-002
   4.8897116426502478       -8.5962690099982732E-003
   4.8959885510490286        2.6172207648380028E-003
   4.9022654594478094        1.3792977053949078E-002
   4.9085423678465903        2.4772906977140758E-002
   4.9148192762453711        3.5412957571219116E-002
   4.9210961846441519        4.5584738729426727E-002
   4.9273730930429327        5.5176648980673516E-002
   4.9336500014417135        6.4094523851426013E-002
   4.9399269098404943        7.2261859968173081E-002
   4.9462038182392751        7.9619644031047390E-002
   4.9524807266380559        8.6125842451412402E-002
   4.9587576350368368        9.1754594492129929E-002
   4.9650345434356176        9.6495165268202523E-002
   4.9713114518343984       0.10035070496871186     
   4.9775883602331792       0.10333686727314689     
   4.9838652686319600       0.10548033027648590     
   4.9901421770307408       0.10681726611063712     
   4.9964190854295216       0.10739179535250143     
   5.0026959938283024       0.10725446358111222     
   5.0089729022270832       0.10646076661741581     
   5.0152498106258641       0.10506975244445357     
   5.0215267190246449       0.10314271579468012     
   5.0278036274234257       0.10074200495887484     
   5.0340805358222065        9.7929945926337469E-002
   5.0403574442209873        9.4767897536294582E-002
   5.0466343526197681        9.1315430850175711E-002
   5.0529112610185480        8.7629646457545590E-002
   5.0591881694173289        8.3764604030319642E-002
   5.0654650778161097        7.9770902125149409E-002
   5.0717419862148905        7.5695247139542746E-002
   5.0780188946136713        7.1579739457134917E-002
   5.0842958030124521        6.7462136711137377E-002
   5.0905727114112329        6.3376093758618399E-002
   5.0968496198100137        5.9351203628848208E-002
   5.1031265282087945        5.5413090921681611E-002
   5.1094034366075753        5.1583549569750163E-002
   5.1156803450063562        4.7880727431734618E-002
   5.1219572534051370        4.4319339651090132E-002
   5.1282341618039178        4.0910909198716837E-002
   5.1345110702026986        3.7664021915914510E-002
   5.1407879786014794        3.4584593211642589E-002
   5.1470648870002602        3.1676137303971737E-002
   5.1533417953990410        2.8940036344224040E-002
   5.1596187037978218        2.6375802999309857E-002
   5.1658956121966026        2.3981334571468130E-002
   5.1721725205953835        2.1753154350532170E-002
   5.1784494289941643        1.9686639167446552E-002
   5.1847263373929451        1.7776230507879385E-002
   5.1910032457917259        1.6015629000882672E-002
   5.1972801541905067        1.4397970894900594E-002
   5.2035570625892875        1.2915987063011581E-002
   5.2098339709880683        1.1562144012784294E-002
   5.2161108793868491        1.0328768060445677E-002
   5.2223877877856300        9.2081525911790994E-003
   5.2286646961844108        8.1926502191206549E-003
   5.2349416045831916        7.2747495383757290E-003
   5.2412185129819724        6.4471398468029725E-003
   5.2474954213807532        5.7027578512828568E-003
   5.2537723297795340        5.0348091320472858E-003
   5.2600492381783148        4.4368218217747451E-003
   5.2663261465770956        3.9026731640100865E-003
   5.2726030549758764        3.4266009112955925E-003
   5.2788799633746573        3.0032094867352365E-003
   5.2851568717734381        2.6274699449306384E-003
   5.2914337801722189        2.2947156910427817E-003
   5.2977106885709997        2.0006341707669798E-003
   5.3039875969697805        1.7412556508658789E-003
   5.3102645053685613        1.5129395395834056E-003
   5.3165414137673421        1.3123589593397066E-003
   5.3228183221661229        1.1364840439549912E-003
   5.3290952305649038        9.8256440306903215E-004
   5.3353721389636846        8.4811118591307261E-004
   5.3416490473624654        7.3087898667573733E-004
   5.3479259557612462        6.2884796770341629E-004
   5.3542028641600270        5.4020628831252067E-004
   5.3604797725588078        4.6333316225171496E-004
   5.3667566809575886        3.9678251168517479E-004
   5.3730335893563694        3.3926749819933978E-004
   5.3793104977551502        2.8964580529194152E-004
   5.3855874061539311        2.4690592490211844E-004
   5.3918643145527119        2.1015424728088695E-004
   5.3981412229514927        1.7860319791473120E-004
   5.4044181313502735        1.5156015086645566E-004
   5.4106950397490543        1.2841738582138637E-004
   5.4169719481478351        1.0864275925064985E-004
   5.4232488565466159        9.1772157106139677E-005
   5.4295257649453967        7.7403083934361310E-005
   5.4358026733441775        6.5185138638212788E-005
   5.4420795817429584        5.4813444291657662E-005
   5.4483564901417392        4.6023451421951574E-005
   5.4546333985405200        3.8586005064757817E-005
   5.4609103069393008        3.2303099284683785E-005
   5.4671872153380816        2.7003931211920920E-005
   5.4734641237368624        2.2541523139569875E-005
   5.4797410321356432        1.8789593601572507E-005
   5.4860179405344240        1.5639912009289551E-005
   5.4922948489332049        1.2999842928137907E-005
   5.4985717573319857        1.0790303465256335E-005
   5.5048486657307665        8.9438541954770185E-006
   5.5111255741295473        7.4031433526871326E-006
   5.5174024825283281        6.1194351299119234E-006
   5.5236793909271089        5.0514408568030309E-006
   5.5299562993258897        4.1641924300058688E-006
   5.5362332077246705        3.4281768020444946E-006
   5.5425101161234513        2.8184782931066170E-006
   5.5487870245222322        2.3141477430607904E-006
   5.5550639329210130        1.8975518350030512E-006
   5.5613408413197938        1.5539216184341196E-006
   5.5676177497185746        1.2708594699309132E-006
   5.5738946581173554        1.0380231722563366E-006
   5.5801715665161362        8.4675169657215826E-007
   5.5864484749149170        6.8985061896547205E-007
   5.5927253833136978        5.6130656713960101E-007
   5.5990022917124787        4.5614707637469672E-007
   5.6052792001112595        3.7022073944656278E-007
   5.6115561085100403        3.0011333219360925E-007
   5.6178330169088211        2.4297623131860288E-007
   5.6241099253076019        1.9648123077083263E-007
   5.6303868337063827        1.5868405677081484E-007
   5.6366637421051635        1.2800775716945017E-007
   5.6429406505039443        1.0313175588461158E-007
   5.6492175589027251        8.2995466463480500E-008
   5.6554944673015060        6.6705772614396945E-008
   5.6617713757002868        5.3554780567039088E-008
   5.6680482840990676        4.2940556215665803E-008
   5.6743251924978484        3.4394620169053809E-008
   5.6806021008966292        2.7512213282259641E-008
   5.6868790092954100        2.1986384058745665E-008
   5.6931559176941908        1.7545120132747455E-008
   5.6994328260929716        1.3989791187539994E-008
   5.7057097344917524        1.1137259937748841E-008
   5.7119866428905333        8.8610970760955840E-009
   5.7182635512893141        7.0373475458949999E-009
   5.7245404596880949        5.5874159074164229E-009
   5.7308173680868757        4.4265571798742209E-009
   5.7370942764856565        3.5076691910718107E-009
   5.7433711848844373        2.7718627417543709E-009
   5.7496480932832181        2.1926367076288223E-009
   5.7559250016819989        1.7280820212956064E-009
   5.7622019100807798        1.3650803445451154E-009
   5.7684788184795606        1.0728322469990576E-009
   5.7747557268783414        8.4680016082487185E-010
   5.7810326352771222        6.6338662387090206E-010
   5.7873095436759030        5.2357077387046370E-010
   5.7935864520746838        4.0852759265131637E-010
   5.7998633604734646        3.2273878706547447E-010
   5.8061402688722454        2.5048522372054366E-010
   5.8124171772710262        1.9841552159302508E-010
   5.8186940856698071        1.5284497906605220E-010
   5.8249709940685879        1.2173481110654171E-010
   5.8312479024673687        9.2746753190965756E-011
   5.8375248108661495        7.4609683994262275E-011
   5.8438017192649303        5.5893667361370269E-011
   5.8500786276637111        4.5750453698102742E-011
   5.8563555360624919        3.3379693626872458E-011
   5.8626324444612727        2.8137843927617911E-011
   5.8689093528600536        1.9677457009548458E-011
   5.8751862612588344        1.7424293731222330E-011
   5.8814631696576152        1.1371596464357326E-011
   5.8877400780563960        1.0927606704645601E-011
   5.8940169864551768        6.3564218992506749E-012
   5.9002938948539576        6.9988444378242748E-012
   5.9065708032527384        3.3428675189154647E-012
   5.9128477116515192        4.6289451628321251E-012
   5.9191246200503000        1.5412726598840957E-012
   5.9254015284490809        3.2018326897856255E-012
   5.9316784368478617        4.7127378700342025E-013
   5.9379553452466425        2.3422904173414465E-012
   5.9442322536454233       -1.5962066026310295E-013
   5.9505091620442041        1.8236528671037753E-012
   5.9567860704429849       -5.2714203207864744E-013
   5.9630629788417657        1.5088225045317141E-012
   5.9693398872405457       -7.3809550119497032E-013
   5.9756167956393265        1.3153579351650381E-012
   5.9818937040381073       -8.5615943503459862E-013
   5.9881706124368881        1.1941309706597078E-012
   5.9944475208356689       -9.1844344223034405E-013
   6.0007244292344497        1.1163143587273163E-012
   6.0070013376332305       -9.4814111362216246E-013
   6.0132782460320113        1.0637839943644775E-012
   6.0195551544307921       -9.5879897005549369E-013
   6.0258320628295730        1.0262010495064684E-012
   6.0321089712283538       -9.5863739089750840E-013
   6.0383858796271346        9.9805875403721853E-013
   6.0446627880259154       -9.5164281220061573E-013
   6.0509396964246962        9.7491434447127909E-013
   6.0572166048234770       -9.4101661616478698E-013
   6.0634935132222578        9.5477440481496392E-013
   6.0697704216210386       -9.2925516219854402E-013
   6.0760473300198194        9.3603687452776987E-013
   6.0823242384186003       -9.1661286596495710E-013
   6.0886011468173811        9.1828022236953993E-013
   6.0948780552161619       -9.0370846893836950E-013
   6.1011549636149427        9.0140959610853291E-013
   6.1074318720137235       -8.9004784004944031E-013
   6.1137087804125043        8.8590823926434394E-013
   6.1199856888112851       -8.7614227803128539E-013
   6.1262625972100659        8.7068008230937999E-013
   6.1325395056088468       -8.6223741545058666E-013
   6.1388164140076276        8.5631939297152286E-013
   6.1450933224064084       -8.4823084665929579E-013
   6.1513702308051892        8.4208018636951036E-013
   6.1576471392039700       -8.3462247970321219E-013
   6.1639240476027508        8.2814563549576860E-013
   6.1702009560015316       -8.2125698419816071E-013
   6.1764778644003124        8.1409551544670347E-013
   6.1827547727990932       -8.0828807925989259E-013
   6.1890316811978741        8.0011781840869448E-013
   6.1953085895966549       -7.9550308296216527E-013
   6.2015854979954357        7.8685104798177728E-013
   6.2078624063942165       -7.8236602377265881E-013
   6.2141393147929973        7.7346961978698794E-013
   6.2204162231917781       -7.6987314330393460E-013
   6.2266931315905589        7.6039184528049275E-013
   6.2329700399893397       -7.5732825056532601E-013
   6.2392469483881206        7.4774546295996829E-013
   6.2455238567869014       -7.4470882951527088E-013
   6.2518007651856822        7.3557124136819883E-013
   6.2580776735844630       -7.3192331949206105E-013
   6.2643545819832438        7.2377596707043790E-013
   6.2706314903820246       -7.1966574477608410E-013
   6.2769083987808054        7.1190066594685334E-013
   6.2831853071795862       -7.0749433062869620E-013
