   6.2769083987808056E-003   3.7846773675469729E-002
   1.2553816797561611E-002   4.5931187547076369E-002
   1.8830725196342418E-002   3.8617818302344384E-002
   2.5107633595123222E-002   1.8335334671316112E-002
   3.1384541993904030E-002  -8.1144907129462544E-003
   3.7661450392684835E-002  -3.1825635733412606E-002
   4.3938358791465640E-002  -4.4784399844193017E-002
   5.0215267190246445E-002  -4.2586438254971840E-002
   5.6492175589027249E-002  -2.5950152391971019E-002
   6.2769083987808061E-002  -5.0106565454488832E-004
   6.9045992386588859E-002   2.5115605909910094E-002
   7.5322900785369670E-002   4.2166069677330970E-002
   8.1599809184150468E-002   4.4811037553726382E-002
   8.7876717582931280E-002   3.2120129481590008E-002
   9.4153625981712077E-002   8.4178351824799203E-003
  0.10043053438049289       -1.8173261494851559E-002
  0.10670744277927370       -3.8507175946862017E-002
  0.11298435117805450       -4.5562436344596835E-002
  0.11926125957683531       -3.6879090574934457E-002
  0.12553816797561612       -1.5434807270760445E-002
  0.13181507637439691        1.1358011260341874E-002
  0.13809198477317772        3.4202859507103341E-002
  0.14436889317195853        4.5143931175626990E-002
  0.15064580157073934        4.0346847856372020E-002
  0.15692270996952015        2.1459991477932875E-002
  0.16319961836830094       -4.9328076579635838E-003
  0.16947652676708175       -2.9593599452110649E-002
  0.17575343516586256       -4.3860096931769649E-002
  0.18203034356464337       -4.2696187530102320E-002
  0.18830725196342415       -2.6486951875574840E-002
  0.19458416036220497       -9.3074070519545845E-004
  0.20086106876098578        2.4951881872200869E-002
  0.20713797715976659        4.1997023588731426E-002
  0.21341488555854740        4.4146723337717686E-002
  0.21969179395732819        3.0615341699046190E-002
  0.22596870235610900        6.1936107422811745E-003
  0.23224561075488981       -2.0432546465050699E-002
  0.23852251915367062       -3.9763939910212667E-002
  0.24479942755245140       -4.4879922576697838E-002
  0.25107633595123224       -3.3928062853868894E-002
  0.25735324435001306       -1.0811793605628284E-002
  0.26363015274879381        1.6184950176893344E-002
  0.26990706114757462        3.7357355459426755E-002
  0.27618396954635543        4.5069525357764040E-002
  0.28246087794513625        3.6519215062743617E-002
  0.28873778634391706        1.4772659903398171E-002
  0.29501469474269787       -1.2318426768722083E-002
  0.30129160314147868       -3.4941355836618455E-002
  0.30756851154025949       -4.4876242954923977E-002
  0.31384541993904030       -3.8492275178557196E-002
  0.32012232833782106       -1.8090860089088071E-002
  0.32639923673660187        8.9069363314625404E-003
  0.33267614513538268        3.2648260947816185E-002
  0.33895305353416350        4.4442406535511417E-002
  0.34522996193294431        3.9950654116903045E-002
  0.35150687033172512        2.0798144857924930E-002
  0.35778377873050593       -5.9966271249034435E-003
  0.36406068712928674       -3.0581646566940460E-002
  0.37033759552806755       -4.3892374017819355E-002
  0.37661450392684831       -4.1001386001815181E-002
  0.38289141232562912       -2.2956401523000519E-002
  0.38916832072440993        3.5833428517207007E-003
  0.39544522912319074        2.8792569920504513E-002
  0.40172213752197156        4.3313741319137490E-002
  0.40799904592075237        4.1736641978635185E-002
  0.41427595431953318        2.4627674538231146E-002
  0.42055286271831399       -1.6572377284002156E-003
  0.42682977111709480       -2.7321300001107687E-002
  0.43310667951587556       -4.2773925404825386E-002
  0.43938358791465637       -4.2220216789141896E-002
  0.44566049631343718       -2.5847410556055651E-002
  0.45193740471221799        2.2155190857270598E-004
  0.45821431311099881        2.6204860505067984E-002
  0.46449122150977962        4.2327376091786294E-002
  0.47076812990856043        4.2503174685345257E-002
  0.47704503830734124        2.6645944973288708E-002
  0.48332194670612205        7.2530698084349898E-004
  0.48959885510490281       -2.5467262392661078E-002
  0.49587576350368362       -4.2011906062924514E-002
  0.50215267190246449       -4.2622076784965969E-002
  0.50842958030124530       -2.7046231237810782E-002
  0.51470648870002611       -1.1871664646060601E-003
  0.52098339709880681        2.5121536504288229E-002
  0.52726030549758762        4.1849547692749761E-002
  0.53353721389636843        4.2598559780612694E-002
  0.53981412229514925        2.7062617204438567E-002
  0.54609103069393006        1.1688088642571304E-003
  0.55236793909271087       -2.5170612903770373E-002
  0.55864484749149168       -4.1847265145194198E-002
  0.56492175589027249       -4.2440605334164917E-002
  0.57119866428905330       -2.6702776573341309E-002
  0.57747557268783412       -6.7777515415065354E-004
  0.58375248108661493        2.5606319971262729E-002
  0.59002938948539574        4.1996124673387439E-002
  0.59630629788417655        4.2139984658881198E-002
  0.60258320628295736        2.5962591708068576E-002
  0.60886011468173817       -2.8191903633865447E-004
  0.61513702308051899       -2.6414541524190989E-002
  0.62141393147929980       -4.2274363702704404E-002
  0.62769083987808061       -4.1674562266333662E-002
  0.63396774827686131       -2.4829251830185577E-002
  0.64024465667564212        1.7058979749868350E-003
  0.64652156507442293        2.7571900960915868E-002
  0.65279847347320374        4.2645952000730285E-002
  0.65907538187198456        4.1008799894853509E-002
  0.66535229027076537        2.3282892349547051E-002
  0.67162919866954618       -3.5875946808929661E-003
  0.67790610706832699       -2.9044495437475885E-002
  0.68418301546710780       -4.3060381073905828E-002
  0.69045992386588861       -4.0094801947889905E-002
  0.69673683226466943       -2.1298643617926785E-002
  0.70301374066345024        5.9159090166509814E-003
  0.70929064906223105        3.0786358890489092E-002
  0.71556755746101186        4.3454427364072727E-002
  0.72184446585979267        3.8881512549634706E-002
  0.72812137425857348        1.8865964574547100E-002
  0.73439828265735430       -8.6495502851547043E-003
  0.74067519105613511       -3.2719677170145844E-002
  0.74695209945491581       -4.3748514363584977E-002
  0.75322900785369662       -3.7322493617137791E-002
  0.75950591625247743       -1.5990171683613538E-002
  0.76578282465125824        1.1734088751088428E-002
  0.77205973305003905        3.4758976995629687E-002
  0.77833664144881987        4.3852656792903663E-002
  0.78461354984760068        3.5352560132449452E-002
  0.79089045824638149        1.2654518063998510E-002
  0.79716736664516230       -1.5129725717398018E-002
  0.80344427504394311       -3.6821693204100593E-002
  0.80972118344272392       -4.3674083270283146E-002
  0.81599809184150474       -3.2907429945784349E-002
  0.82227500024028555       -8.8519043463969223E-003
  0.82855190863906636        1.8780453485477643E-002
  0.83482881703784717        3.8809318876812798E-002
  0.84110572543662798        4.3111554484164594E-002
  0.84738263383540879        2.9926081851548922E-002
  0.85365954223418961        4.5894663402317390E-003
  0.85993645063297042       -2.2610783479703574E-002
  0.86621335903175112       -4.0607046559479457E-002
  0.87249026743053193       -4.2058229034795454E-002
  0.87876717582931274       -2.6355795395139551E-002
  0.88504408422809355        1.0596900599963913E-004
  0.89132099262687436        2.6523014450389397E-002
  0.89759790102565518        4.2093420742743949E-002
  0.90387480942443599        4.0438378672866405E-002
  0.91015171782321680        2.2223807145496221E-002
  0.91642862622199761       -5.0971903995350575E-003
  0.92270553462077842       -3.0326256235511908E-002
  0.92898244301955923       -4.3107624815008058E-002
  0.93525935141834005       -3.8183279236658180E-002
  0.94153625981712086       -1.7565131723259995E-002
  0.94781316821590167        1.0276803446374497E-002
  0.95409007661468248        3.3886978860324206E-002
  0.96036698501346329        4.3536780541190888E-002
  0.96664389341224410        3.5238745991141469E-002
  0.97292080181102492        1.2403913472703960E-002
  0.97919771020980562       -1.5550466943865120E-002
  0.98547461860858643       -3.7078719718699457E-002
  0.99175152700736724       -4.3275715005559247E-002
  0.99802843540614805       -3.1567066127725904E-002
   1.0043053438049290       -6.7886472081516167E-003
   1.0105822522037098        2.0801298999952530E-002
   1.0168591606024906        3.9764257880299581E-002
   1.0231360690012714        4.2225493818384259E-002
   1.0294129774000522        2.7151813192894801E-002
   1.0356898857988328        7.9553906139759128E-004
   1.0419667941976136       -2.5890101154107843E-002
   1.0482437025963944       -4.1799436568609176E-002
   1.0545206109951752       -4.0299545411518423E-002
   1.0607975193939561       -2.2006206039415690E-002
   1.0670744277927369        5.4598543390886514E-003
   1.0733513361915177        3.0648915467244933E-002
   1.0796282445902985        4.3055461036835274E-002
   1.0859051529890793        3.7501090197909967E-002
   1.0921820613878601        1.6299243043877081E-002
   1.0984589697866409       -1.1704877730456583E-002
   1.1047358781854217       -3.4822056320497154E-002
   1.1110127865842025       -4.3398083875997327E-002
   1.1172896949829834       -3.3847579455742675E-002
   1.1235666033817642       -1.0156367581290330E-002
   1.1298435117805450        1.7778594417903741E-002
   1.1361204201793258        3.8281714976662107E-002
   1.1423973285781066        4.2778995476457839E-002
   1.1486742369768874        2.9385960323389495E-002
   1.1549511453756682        3.7008579797422774E-003
   1.1612280537744490       -2.3532226804748941E-002
   1.1675049621732299       -4.0916170864908327E-002
   1.1737818705720107       -4.1171415540307989E-002
   1.1800587789707915       -2.4187122187742903E-002
   1.1863356873695723        2.9271503851101837E-003
   1.1926125957683531        2.8814610046469808E-002
   1.1988895041671339        4.2627079925474994E-002
   1.2051664125659147        3.8572337729442616E-002
   1.2114433209646955        1.8346213174464526E-002
   1.2177202293634763       -9.5731062328966009E-003
   1.2239971377622572       -3.3476315700919940E-002
   1.2302740461610380       -4.3333993066891695E-002
   1.2365509545598188       -3.5010395003765238E-002
   1.2428278629585996       -1.2000898523349398E-002
   1.2491047713573804        1.6041708074497570E-002
   1.2553816797561612        3.7359441010459314E-002
   1.2616585881549420        4.3018831090599355E-002
   1.2679354965537226        3.0652206908693674E-002
   1.2742124049525034        5.4445249972894837E-003
   1.2804893133512842       -2.2043887182503722E-002
   1.2867662217500651       -4.0303065045001162E-002
   1.2930431301488459       -4.1692098688838795E-002
   1.2993200385476267       -2.5633771705829644E-002
   1.3055969469464075        1.1493460010664788E-003
   1.3118738553451883        2.7452275640853431E-002
   1.3181507637439691        4.2276465796919710E-002
   1.3244276721427499        3.9427518567839014E-002
   1.3307045805415307        2.0100376828249413E-002
   1.3369814889403115       -7.6256061276761475E-003
   1.3432583973390924       -3.2166810834585204E-002
   1.3495353057378732       -4.3275435522675307E-002
   1.3558122141366540       -3.6316907469647573E-002
   1.3620891225354348       -1.4200001272334397E-002
   1.3683660309342156        1.3842706165868581E-002
   1.3746429393329964        3.6111232784159016E-002
   1.3809198477317772        4.3319669967787411E-002
   1.3871967561305580        3.2466111505965040E-002
   1.3934736645293389        8.0791233007026491E-003
   1.3997505729281197       -1.9675141202644679E-002
   1.4060274813269005       -3.9233347554910682E-002
   1.4123043897256813       -4.2456301929109479E-002
   1.4185812981244621       -2.8013579433832939E-002
   1.4248582065232429       -1.9221264031585750E-003
   1.4311351149220237        2.4969406024973252E-002
   1.4374120233208045        4.1495129138448258E-002
   1.4436889317195853        4.0805378868277724E-002
   1.4499658401183662        2.3197557762988982E-002
   1.4562427485171470       -4.0220883044374345E-003
   1.4625196569159278       -2.9578063908037664E-002
   1.4687965653147086       -4.2898768546935508E-002
   1.4750734737134894       -3.8485449788764836E-002
   1.4813503821122702       -1.8173123312073654E-002
   1.4876272905110510        9.6424158844110666E-003
   1.4939041989098316        3.3481853820707966E-002
   1.5001811073086124        4.3520858954108711E-002
   1.5064580157073932        3.5633426859454899E-002
   1.5127349241061741        1.3078175788413885E-002
   1.5190118325049549       -1.4857634417291344E-002
   1.5252887409037357       -3.6688173686645613E-002
   1.5315656493025165       -4.3451234937083305E-002
   1.5378425577012973       -3.2381216920461739E-002
   1.5441194661000781       -8.0302127810560984E-003
   1.5503963744988589        1.9613132343034492E-002
   1.5566732828976397        3.9225858596231164E-002
   1.5629501912964205        4.2787264372988291E-002
   1.5692270996952014        2.8851806940095436E-002
   1.5755040080939822        3.1258043735542620E-003
   1.5817809164927630       -2.3878225468412704E-002
   1.5880578248915438       -4.1143918842339547E-002
   1.5943347332903246       -4.1645139279696389E-002
   1.6006116416891054       -2.5194322485248784E-002
   1.6068885500878862        1.5025237021180529E-003
   1.6131654584866670        2.7591175476112045E-002
   1.6194423668854478        4.2486416646029257E-002
   1.6257192752842287        4.0161780236156783E-002
   1.6319961836830095        2.1575509576229644E-002
   1.6382730920817903       -5.7388055952784104E-003
   1.6445500004805711       -3.0736623843842986E-002
   1.6508269088793519       -4.3331093205249568E-002
   1.6571038172781327       -3.8456824350682019E-002
   1.6633807256769135       -1.8094215169749597E-002
   1.6696576340756943        9.5493818006388339E-003
   1.6759345424744752        3.3357560260190364E-002
   1.6822114508732560        4.3776634508280544E-002
   1.6884883592720368        3.6641865914944650E-002
   1.6947652676708176        1.4828796067863940E-002
   1.7010421760695984       -1.2919604710989203E-002
   1.7073190844683792       -3.5506154437848193E-002
   1.7135959928671600       -4.3917805830720170E-002
   1.7198729012659408       -3.4813883737948727E-002
   1.7261498096647214       -1.1839089311046290E-002
   1.7324267180635022        1.5849203697802454E-002
   1.7387036264622830        3.7238963410631334E-002
   1.7449805348610639        4.3842479055995268E-002
   1.7512574432598447        3.3055235130980694E-002
   1.7575343516586255        9.1693776920379107E-003
   1.7638112600574063       -1.8347482712072958E-002
   1.7700881684561871       -3.8614515198077903E-002
   1.7763650768549679       -4.3638783571839763E-002
   1.7826419852537487       -3.1456548393576922E-002
   1.7889188936525295       -6.8850322401513833E-003
   1.7951958020513104        2.0396793361405353E-002
   1.8014727104500912        3.9668166115955972E-002
   1.8077496188488720        4.3376846780466001E-002
   1.8140265272476528        3.0087322396005152E-002
   1.8203034356464336        5.0205734356687124E-003
   1.8265803440452144       -2.2011001186713890E-002
   1.8328572524439952       -4.0451320863724730E-002
   1.8391341608427760       -4.3119666573841933E-002
   1.8454110692415568       -2.8995052979226461E-002
   1.8516879776403377       -3.5909617069205110E-003
   1.8579648860391185        2.3210425553373857E-002
   1.8642417944378993        4.1008545455098890E-002
   1.8705187028366801        4.2916819950167266E-002
   1.8767956112354609        2.8215176005293819E-002
   1.8830725196342417        2.6058034557048791E-003
   1.8893494280330225       -2.4011840834578132E-002
   1.8956263364318033       -4.1373515832401314E-002
   1.9019032448305841       -4.2804275175034351E-002
   1.9081801532293650       -2.7772513796749072E-002
   1.9144570616281458       -2.0715101762502361E-003
   1.9207339700269266        2.4426475563187038E-002
   1.9270108784257074        4.1567898079566949E-002
   1.9332877868244882        4.2804296458037822E-002
   1.9395646952232690        2.7681534015909118E-002
   1.9458416036220498        1.9910732895437764E-003
   1.9521185120208304       -2.4460692446045380E-002
   1.9583954204196112       -4.1601069519011588E-002
   1.9646723288183920       -4.2922630853246782E-002
   1.9709492372171729       -2.7941838691680151E-002
   1.9772261456159537       -2.3604251912818677E-003
   1.9835030540147345        2.4117482717436786E-002
   1.9897799624135153        4.1472027879492619E-002
   1.9960568708122961        4.3155463722067050E-002
   2.0023337792110771        2.8550772088073793E-002
   2.0086106876098579        3.1824042423045421E-003
   2.0148875960086388       -2.3386284363058164E-002
   2.0211645044074196       -4.1163920222384472E-002
   2.0274414128062004       -4.3484844808998786E-002
   2.0337183212049812       -2.9496833499908517E-002
   2.0399952296037620       -4.4587580188024953E-003
   2.0462721380025428        2.2249522319410860E-002
   2.0525490464013236        4.0647137887711113E-002
   2.0588259548001044        4.3878900515613599E-002
   2.0651028631988853        3.0758452628479285E-002
   2.0713797715976656        6.1886582805851008E-003
   2.0776566799964464       -2.0683725708992993E-002
   2.0839335883952272       -3.9879723002307452E-002
   2.0902104967940081       -4.4291250102777249E-002
   2.0964874051927889       -3.2302461294641573E-002
   2.1027643135915697       -8.3666836511868212E-003
   2.1090412219903505        1.8661310694606331E-002
   2.1153181303891313        3.8808649353391400E-002
   2.1215950387879121        4.4662585724971157E-002
   2.1278719471866929        3.4087471341297228E-002
   2.1341488555854737        1.0988738610064006E-002
   2.1404257639842545       -1.6143584087540814E-002
   2.1467026723830354       -3.7363549669832012E-002
   2.1529795807818162       -4.4914282483721826E-002
   2.1592564891805970       -3.6053852334529103E-002
   2.1655333975793778       -1.4036139364653973E-002
   2.1718103059781586        1.3098605354330805E-002
   2.1780872143769394        3.5468814428029224E-002
   2.1843641227757202        4.4950322324877577E-002
   2.1906410311745010        3.8118133993150068E-002
   2.1969179395732819        1.7469244789461175E-002
   2.2031948479720627       -9.5047105678356236E-003
   2.2094717563708435       -3.3045402405535995E-002
   2.2157486647696243       -4.4659493221768959E-002
   2.2220255731684051       -4.0175431340478997E-002
   2.2283024815671859       -2.1227984320111741E-002
   2.2345793899659667        5.3527009208645263E-003
   2.2408562983647475        3.0014081909371278E-002
   2.2471332067635283        4.3917023608000726E-002
   2.2534101151623092        4.2097688510831899E-002
   2.2596870235610900        2.5226757846530560E-002
   2.2659639319598708       -6.5274078441587239E-004
   2.2722408403586516       -2.6301814063917690E-002
   2.2785177487574324       -4.2588238430270486E-002
   2.2847946571562132       -4.3733873999841390E-002
   2.2910715655549940       -2.9352533048167564E-002
   2.2973484739537748       -4.5638154701133993E-003
   2.3036253823525557        2.1842830624299071E-002
   2.3099022907513365        4.0530836931109940E-002
   2.3161791991501173        4.4914492006692168E-002
   2.3224561075488981        3.3468377316465237E-002
   2.3287330159476789        1.0242508774239949E-002
   2.3350099243464597       -1.6584938001604873E-002
   2.3412868327452405       -3.7595240349423395E-002
   2.3475637411440213       -4.5434766552518012E-002
   2.3538406495428021       -3.7378936828143680E-002
   2.3601175579415830       -1.6264054129899064E-002
   2.3663944663403638        1.0526230171740631E-002
   2.3726713747391446        3.3652590619860222E-002
   2.3789482831379254        4.5076845722448265E-002
   2.3852251915367062        4.0847896108845629E-002
   2.3915020999354870        2.2454037205690024E-002
   2.3977790083342678       -3.7161425838558382E-003
   2.4040559167330486       -2.8604006915653280E-002
   2.4103328251318294       -4.3619825080977399E-002
   2.4166097335306103       -4.3601644429781948E-002
   2.4228866419293911       -2.8576891029505894E-002
   2.4291635503281719       -3.7300899671438939E-003
   2.4354404587269527        2.2398984162479089E-002
   2.4417173671257335        4.0856140989774171E-002
   2.4479942755245143        4.5338028603821738E-002
   2.4542711839232951        3.4333419645249504E-002
   2.4605480923220759        1.1616871709695539E-002
   2.4668250007208568       -1.5058511608158145E-002
   2.4731019091196376       -3.6614402419013564E-002
   2.4793788175184184       -4.5736290787786973E-002
   2.4856557259171992       -3.9347000845306158E-002
   2.4919326343159800       -1.9631203845955320E-002
   2.4982095427147608        6.7254739624508343E-003
   2.5044864511135416        3.0813197112847513E-002
   2.5107633595123224        4.4512001229490041E-002
   2.5170402679111032        4.3222910450585801E-002
   2.5233171763098841        2.7399616960560258E-002
   2.5295940847086644        2.3748302840228366E-003
   2.5358709931074452       -2.3448406368479672E-002
   2.5421479015062260       -4.1423206965260875E-002
   2.5484248099050069       -4.5550840485225196E-002
   2.5547017183037877       -3.4472178610625855E-002
   2.5609786267025685       -1.1901070314172145E-002
   2.5672555351013493        1.4633535035835355E-002
   2.5735324435001301        3.6306466712198081E-002
   2.5798093518989109        4.5931083270914351E-002
   2.5860862602976917        4.0334134020599037E-002
   2.5923631686964725        2.1388755768577697E-002
   2.5986400770952534       -4.6261926289065955E-003
   2.6049169854940342       -2.9116929396655781E-002
   2.6111938938928150       -4.4016339637861800E-002
   2.6174708022915958       -4.4435818197322473E-002
   2.6237477106903766       -3.0257646008705084E-002
   2.6300246190891574       -6.1526199630706543E-003
   2.6363015274879382        1.9969944684690565E-002
   2.6425784358867190        3.9557386031521667E-002
   2.6488553442854998        4.6211460865831132E-002
   2.6551322526842807        3.7771705452050178E-002
   2.6614091610830615        1.7007037853642826E-002
   2.6676860694818423       -9.3021640977136531E-003
   2.6739629778806231       -3.2584339906372689E-002
   2.6802398862794039       -4.5270232477239991E-002
   2.6865167946781847       -4.3248991356018361E-002
   2.6927937030769655       -2.7191450208614278E-002
   2.6990706114757463       -2.3175748818793692E-003
   2.7053475198745272        2.3308402418120822E-002
   2.7116244282733080        4.1395780454387202E-002
   2.7179013366720888        4.6107297619573884E-002
   2.7241782450708696        3.5935667743681662E-002
   2.7304551534696504        1.4175890460127970E-002
   2.7367320618684312       -1.2151347936241804E-002
   2.7430089702672120       -3.4570496304740586E-002
   2.7492858786659928       -4.5879916417522183E-002
   2.7555627870647736       -4.2460004988096670E-002
   2.7618396954635545       -2.5422632445974893E-002
   2.7681166038623353       -2.3982450879584904E-004
   2.7743935122611161        2.5021310424226464E-002
   2.7806704206598969        4.2285698724332126E-002
   2.7869473290586777        4.6048825370084819E-002
   2.7932242374574585        3.5124336662874664E-002
   2.7995011458562393        1.3007831648875102E-002
   2.8057780542550201       -1.3250561415102263E-002
   2.8120549626538009       -3.5287760945603840E-002
   2.8183318710525818       -4.6079903680081580E-002
   2.8246087794513626       -4.2181661944463787E-002
   2.8308856878501434       -2.4830099041521638E-002
   2.8371625962489242        4.4391291258954124E-004
   2.8434395046477050        2.5575556760683904E-002
   2.8497164130464858        4.2538417796701054E-002
   2.8559933214452666        4.5909101292617709E-002
   2.8622702298440474        3.4604356524387835E-002
   2.8685471382428283        1.2233259598111753E-002
   2.8748240466416091       -1.4051275551542236E-002
   2.8811009550403899       -3.5837411909591367E-002
   2.8873778634391707       -4.6146506650517755E-002
   2.8936547718379515       -4.1670853684115827E-002
   2.8999316802367323       -2.3838745980430672E-002
   2.9062085886355131        1.6372576087766357E-003
   2.9124854970342939        2.6587346659167625E-002
   2.9187624054330747        4.3003371750820925E-002
   2.9250393138318556        4.5610512322780530E-002
   2.9313162222306364        3.3565393033856410E-002
   2.9375931306294172        1.0733009850006798E-002
   2.9438700390281980       -1.5549813383070665E-002
   2.9501469474269788       -3.6829912554846772E-002
   2.9564238558257596       -4.6256789099671375E-002
   2.9627007642245404       -4.0790276812822608E-002
   2.9689776726233212       -2.2184984301485858E-002
   2.9752545810221021        3.5691266723975523E-003
   2.9815314894208829        2.8169201252972322E-002
   2.9878083978196632        4.3659918446402844E-002
   2.9940853062184440        4.5005413149141582E-002
   3.0003622146172249        3.1741425318652670E-002
   3.0066391230160057        8.1541304445539968E-003
   3.0129160314147865       -1.8088158282098078E-002
   3.0191929398135673       -3.8419337253381682E-002
   3.0254698482123481       -4.6173861685715106E-002
   3.0317467566111289       -3.8784411404190457E-002
   3.0380236650099097       -1.8650300957472464E-002
   3.0443005734086905        7.6228128917023219E-003
   3.0505774818074713        3.1377512532700449E-002
   3.0568543902062522        4.4754964759723841E-002
   3.0631312986050330        4.3303513450298273E-002
   3.0694082070038138        2.7476875972536143E-002
   3.0756851154025946        2.5123607772779880E-003
   3.0819620238013754       -2.3286519617490339E-002
   3.0882389322001562       -4.1305244814692464E-002
   3.0945158405989370       -4.5499422611809316E-002
   3.1007927489977178       -3.4436798043695656E-002
   3.1070696573964987       -1.1805600267365256E-002
   3.1133465657952795        1.4797135327614303E-002
   3.1196234741940603        3.6405429083428295E-002
   3.1259003825928411        4.5706881496975528E-002
   3.1321772909916219        3.9528787419400323E-002
   3.1384541993904027        1.9938820322013145E-002
   3.1447311077891835       -6.4275743204132360E-003
   3.1510080161879643       -3.0601331002787027E-002
   3.1572849245867451       -4.4328680618434514E-002
   3.1635618329855260       -4.2898559076044895E-002
   3.1698387413843068       -2.6775231154768476E-002
   3.1761156497830876       -1.4663311879411810E-003
   3.1823925581818684        2.4343789922561504E-002
   3.1886694665806492        4.1768022981206139E-002
   3.1949463749794300        4.4781421103310237E-002
   3.2012232833782108        3.2318514316021306E-002
   3.2075001917769916        8.6682034245115312E-003
   3.2137771001757724       -1.7985763623764497E-002
   3.2200540085745533       -3.8387909161539724E-002
   3.2263309169733341       -4.5426956847313127E-002
   3.2326078253721149       -3.6626559268409187E-002
   3.2388847337708957       -1.5034343579033303E-002
   3.2451616421696765        1.1815843949233011E-002
   3.2514385505684573        3.4521522998652091E-002
   3.2577154589672381        4.5103492734161879E-002
   3.2639923673660189        3.9819871936052194E-002
   3.2702692757647998        2.0506402954721937E-002
   3.2765461841635806       -6.0428836416214901E-003
   3.2828230925623614       -3.0452594293359978E-002
   3.2891000009611422       -4.4073593709476860E-002
   3.2953769093599230       -4.2055624065925917E-002
   3.3016538177587038       -2.5090594414617150E-002
   3.3079307261574846        8.0555433443053881E-004
   3.3142076345562654        2.6411532718870312E-002
   3.3204845429550462        4.2578886001909878E-002
   3.3267614513538271        4.3507063383672440E-002
   3.3330383597526079        2.8841995716421497E-002
   3.3393152681513887        3.8263475300443382E-003
   3.3455921765501695       -2.2562282309458351E-002
   3.3518690849489503       -4.0827258371056684E-002
   3.3581459933477311       -4.4374011242210479E-002
   3.3644229017465119       -3.1902699416815970E-002
   3.3706998101452927       -7.9002438272234576E-003
   3.3769767185440736        1.8959832530847320E-002
   3.3832536269428544        3.8944286421668320E-002
   3.3895305353416352        4.4789247954786053E-002
   3.3958074437404160        3.4351229199176513E-002
   3.4020843521391968        1.1408724274461282E-002
   3.4083612605379776       -1.5690797044585338E-002
   3.4146381689367584       -3.7059518198559099E-002
   3.4209150773355392       -4.4877865633015941E-002
   3.4271919857343200       -3.6265846188591577E-002
   3.4334688941331009       -1.4359247105323608E-002
   3.4397458025318817        1.2816890181929707E-002
   3.4460227109306620        3.5278572086228178E-002
   3.4522996193294428        4.4750505889930257E-002
   3.4585765277282237        3.7723937393663760E-002
   3.4648534361270045        1.6771488921845316E-002
   3.4711303445257853       -1.0379115411572449E-002
   3.4774072529245661       -3.3684900499518312E-002
   3.4836841613233469       -4.4501325117606919E-002
   3.4899610697221277       -3.8797069492771397E-002
   3.4962379781209085       -1.8671336808158714E-002
   3.5025148865196893        8.4027644046239889E-003
   3.5087917949184702        3.2342623703377642E-002
   3.5150687033172510        4.4210118353432713E-002
   3.5213456117160318        3.9556188322477752E-002
   3.5276225201148126        2.0102408730990451E-002
   3.5338994285135934       -6.8807668877660117E-003
   3.5401763369123742       -3.1280500858487402E-002
   3.5464532453111550       -4.3929326610481871E-002
   3.5527301537099358       -4.0056418154694289E-002
   3.5590070621087166       -2.1100542555862783E-002
   3.5652839705074975        5.8092154398883735E-003
   3.5715608789062783        3.0523589518827388E-002
   3.5778377873050591        4.3698272301436816E-002
   3.5841146957038399        4.0333501367417049E-002
   3.5903916041026207        2.1684876545009894E-002
   3.5966685125014015       -5.1898499457773469E-003
   3.6029454209001823       -3.0090595364101858E-002
   3.6092223292989631       -4.3543319978019218E-002
   3.6154992376977440       -4.0411060406708971E-002
   3.6217761460965248       -2.1868886517600595E-002
   3.6280530544953056        5.0215140735138846E-003
   3.6343299628940864        2.9989875066810587E-002
   3.6406068712928672        4.3476814087829323E-002
   3.6468837796916480        4.0300149461130516E-002
   3.6531606880904288        2.1659526686397201E-002
   3.6594375964892096       -5.3011525706134497E-003
   3.6657145048879904       -3.0220211022325843E-002
   3.6719914132867713       -4.3497457780026866E-002
   3.6782683216855521       -3.9999208602883557E-002
   3.6845452300843329       -2.1056746629715555E-002
   3.6908221384831137        6.0246338569308428E-003
   3.6970990468818945        3.0771582882982880E-002
   3.7033759552806753        4.3590332446412777E-002
   3.7096528636794561        3.9492831631200320E-002
   3.7159297720782369        2.0051579658896444E-002
   3.7222066804770177       -7.1882328438248305E-003
   3.7284835888757986       -3.1625880259092611E-002
   3.7347604972745794       -4.3728112509657573E-002
   3.7410374056733602       -3.8755417030958306E-002
   3.7473143140721410       -1.8632259307176970E-002
   3.7535912224709218        8.7821168550576024E-003
   3.7598681308697026        3.2752369605370445E-002
   3.7661450392684834        4.3869123509796396E-002
   3.7724219476672642        3.7750409997329655E-002
   3.7786988560660451        1.6783393312581964E-002
   3.7849757644648259       -1.0791468982436268E-002
   3.7912526728636067       -3.4108768323284418E-002
   3.7975295812623875       -4.3958350333444585E-002
   3.8038064896611683       -3.6431787002219544E-002
   3.8100833980599491       -1.4488090849359939E-002
   3.8163603064587299        1.3194262346079559E-002
   3.8226372148575107        3.5639881919869235E-002
   3.8289141232562915        4.3927700666362569E-002
   3.8351910316550724        3.4746013147716318E-002
   3.8414679400538532        1.1730943763071926E-002
   3.8477448484526340       -1.5958446953279613E-002
   3.8540217568514148       -3.7276959639365302E-002
   3.8602986652501956       -4.3702079165913191E-002
   3.8665755736489764       -3.2650456022664913E-002
   3.8728524820477572       -8.5296669543867658E-003
   3.8791293904465380        1.9007205532566979E-002
   3.8854062988453189        3.8918056021345120E-002
   3.8916832072440997        4.3201268772059792E-002
   3.8979601156428805        3.0120757981316314E-002
   3.9042370240416608        4.9229330601550164E-003
   3.9105139324404417       -2.2255618521996669E-002
   3.9167908408392225       -4.0460184091847907E-002
   3.9230677492380033       -4.2336213023073076E-002
   3.9293446576367841       -2.7110751842087187E-002
   3.9356215660355649       -9.2430323500649388E-004
   3.9418984744343457        2.5634307131160650E-002
   3.9481753828331265        4.1805082708684563E-002
   3.9544522912319073        4.1020227939955405E-002
   3.9607291996306881        2.3582727071614462E-002
   3.9670061080294690       -3.4367308433704579E-003
   3.9732830164282498       -2.9056210574769616E-002
   3.9795599248270306       -4.2842792791709612E-002
   3.9858368332258114       -3.9166473904722804E-002
   3.9921137416245922       -1.9511124144511987E-002
   3.9983906500233730        8.1108831161594945E-003
   4.0046675584221543        3.2415158655898793E-002
   4.0109444668209351        4.3453463364218847E-002
   4.0172213752197159        3.6692349726138933E-002
   4.0234982836184967        1.4887896855214289E-002
   4.0297751920172775       -1.3024239036680227E-002
   4.0360521004160583       -3.5587620661099717E-002
   4.0423290088148391       -4.3529491200117461E-002
   4.0486059172136200       -3.3576780186497644E-002
   4.0548828256124008       -9.8132332466887989E-003
   4.0611597340111816        1.7988211038636064E-002
   4.0674366424099624        3.8380099930846366E-002
   4.0737135508087432        4.2954903771201453E-002
   4.0799904592075240        2.9817274955005198E-002
   4.0862673676063048        4.3777440167059095E-003
   4.0925442760050856       -2.2867951668584290E-002
   4.0988211844038664       -4.0665590366739654E-002
   4.1050980928026473       -4.1653119128410715E-002
   4.1113750012014281       -2.5412609586571270E-002
   4.1176519096002089        1.3443694969630651E-003
   4.1239288179989897        2.7543385684052801E-002
   4.1302057263977705        4.2328215446788553E-002
   4.1364826347965504        3.9562425047237289E-002
   4.1427595431953312        2.0383587722428282E-002
   4.1490364515941121       -7.2559894344873376E-003
   4.1553133599928929       -3.1880345315550895E-002
   4.1615902683916737       -4.3253298908587388E-002
   4.1678671767904545       -3.6637687872460779E-002
   4.1741440851892353       -1.4776376348295397E-002
   4.1804209935880161        1.3236509409069057E-002
   4.1866979019867969        3.5733343248662251E-002
   4.1929748103855777        4.3332352169841541E-002
   4.1992517187843585        3.2855952090559769E-002
   4.2055286271831394        8.6701285780508581E-003
   4.2118055355819202       -1.9133805550916684E-002
   4.2180824439807010       -3.8950091876046186E-002
   4.2243593523794818       -4.2503368209735770E-002
   4.2306362607782626       -2.8306635926473079E-002
   4.2369131691770434       -2.2864595458293763E-003
   4.2431900775758242        2.4688549261040939E-002
   4.2494669859746050        4.1346456774002179E-002
   4.2557438943733858        4.0722958098382840E-002
   4.2620208027721667        2.3075403410407369E-002
   4.2682977111709475       -4.2204476521325966E-003
   4.2745746195697283       -2.9750788500385116E-002
   4.2808515279685091       -4.2835796409633878E-002
   4.2871284363672899       -3.7998424067248356E-002
   4.2934053447660707       -1.7259590285694501E-002
   4.2996822531648515        1.0703183042737084E-002
   4.3059591615636323        3.4184596684104167E-002
   4.3122360699624132        4.3351222237532329E-002
   4.3185129783611940        3.4361109253207067E-002
   4.3247898867599748        1.0976865304740442E-002
   4.3310667951587556       -1.7006298263664572E-002
   4.3373437035575364       -3.7861923216899941E-002
   4.3436206119563172       -4.2846575833022017E-002
   4.3498975203550980       -2.9867357822881253E-002
   4.3561744287538788       -4.3636427295828065E-003
   4.3624513371526596        2.2969948224945358E-002
   4.3687282455514405        4.0666696538118434E-002
   4.3750051539502213        4.1300030511989071E-002
   4.3812820623490021        2.4606884155600743E-002
   4.3875589707477829       -2.4075371073217842E-003
   4.3938358791465637       -2.8412825177571661E-002
   4.4001127875453445       -4.2506234217523906E-002
   4.4063896959441253       -3.8782608926950353E-002
   4.4126666043429061       -1.8805936382504131E-002
   4.4189435127416870        9.0505571400779361E-003
   4.4252204211404678        3.3116231608430184E-002
   4.4314973295392486        4.3312858471225714E-002
   4.4377742379380294        3.5373624061014630E-002
   4.4440511463368102        1.2625715760695778E-002
   4.4503280547355910       -1.5406970451171930E-002
   4.4566049631343718       -3.6993019706307084E-002
   4.4628818715331526       -4.3102870016328301E-002
   4.4691587799319334       -3.1183978483590665E-002
   4.4754356883307143       -6.2242035831658162E-003
   4.4817125967294951        2.1338296885368497E-002
   4.4879895051282759        3.9981703786714243E-002
   4.4942664135270567        4.1916371731269435E-002
   4.5005433219258375        2.6337244006795105E-002
   4.5068202303246183       -2.4422473970728807E-004
   4.5130971387233991       -2.6724129028493179E-002
   4.5193740471221799       -4.2045554190585900E-002
   4.5256509555209607       -3.9814453551871368E-002
   4.5319278639197416       -2.0965530492790044E-002
   4.5382047723185224        6.6324599482003865E-003
   4.5444816807173032        3.1463843479815685E-002
   4.5507585891160840        4.3173275389491103E-002
   4.5570354975148648        3.6886937521587178E-002
   4.5633124059136456        1.5233743692797145E-002
   4.5695893143124264       -1.2762784033612827E-002
   4.5758662227112072       -3.5450262618593069E-002
   4.5821431311099881       -4.3397582253462089E-002
   4.5884200395087689       -3.3310290241345970E-002
   4.5946969479075497       -9.3879972395756791E-003
   4.6009738563063305        1.8432093671514178E-002
   4.6072507647051113        3.8607518353455772E-002
   4.6135276731038921        4.2778549027827260E-002
   4.6198045815026729        2.9226079889333820E-002
   4.6260814899014537        3.5716295264435699E-003
   4.6323583983002345       -2.3561984455269681E-002
   4.6386353066990154       -4.0952694179811323E-002
   4.6449122150977962       -4.1418385853133198E-002
   4.6511891234965770       -2.4776263405924846E-002
   4.6574660318953578        2.0941911516566690E-003
   4.6637429402941386        2.8101953696469929E-002
   4.6700198486929194        4.2524741030132984E-002
   4.6762967570917002        3.9426375255518030E-002
   4.6825736654904810        2.0092647708892762E-002
   4.6888505738892619       -7.5107649760972998E-003
   4.6951274822880427       -3.2026438513644111E-002
   4.7014043906868235       -4.3379509698479202E-002
   4.7076812990856043       -3.6913917562997278E-002
   4.7139582074843851       -1.5294048638850671E-002
   4.7202351158831659        1.2601513504020971E-002
   4.7265120242819467        3.5332760870829046E-002
   4.7327889326807275        4.3594099624759818E-002
   4.7390658410795083        3.4017900372580262E-002
   4.7453427494782892        1.0534650985774408E-002
   4.7516196578770700       -1.7252680124390345E-002
   4.7578965662758508       -3.8002723824335907E-002
   4.7641734746746316       -4.3263599571685726E-002
   4.7704503830734124       -3.0906706685678548E-002
   4.7767272914721932       -5.9749561956782436E-003
   4.7830041998709740        2.1387079827757130E-002
   4.7892811082697548        4.0066819221249356E-002
   4.7955580166685357        4.2494388179571616E-002
   4.8018349250673165        2.7700503772202543E-002
   4.8081118334660973        1.6902737600352977E-003
   4.8143887418648781       -2.5005522281586597E-002
   4.8206656502636589       -4.1598710085340974E-002
   4.8269425586624397       -4.1399693505096861E-002
   4.8332194670612205       -2.4503838899265197E-002
   4.8394963754600013        2.2662183935930049E-003
   4.8457732838587821        2.8126000693310973E-002
   4.8520501922575630        4.2677303661928283E-002
   4.8583271006563438        4.0084514559934462E-002
   4.8646040090551246        2.1403747537470642E-002
   4.8708809174539054       -5.8602985179213793E-003
   4.8771578258526862       -3.0778894738548418E-002
   4.8834347342514670       -4.3382510887124331E-002
   4.8897116426502478       -3.8643671273282346E-002
   4.8959885510490286       -1.8470901675262493E-002
   4.9022654594478094        9.0724611451699928E-003
   4.9085423678465903        3.3003104810807350E-002
   4.9148192762453711        4.3800687564823297E-002
   4.9210961846441519        3.7187488229118243E-002
   4.9273730930429327        1.5808570178077491E-002
   4.9336500014417135       -1.1841423651670626E-002
   4.9399269098404943       -3.4803515025456234E-002
   4.9462038182392751       -4.3998707496958847E-002
   4.9524807266380559       -3.5808952660243781E-002
   4.9587576350368368       -1.3485895480565321E-002
   4.9650345434356176        1.4155121664599642E-002
   4.9713114518343984        3.6225483000175793E-002
   4.9775883602331792        4.4052536681391800E-002
   4.9838652686319600        3.4578119203969575E-002
   4.9901421770307408        1.1538375066372513E-002
   4.9964190854295216       -1.6024226057361153E-002
   5.0026959938283024       -3.7318426602567553E-002
   5.0089729022270832       -4.4028330831215975E-002
   5.0152498106258641       -3.3551027480244557E-002
   5.0215267190246449       -9.9911323977802495E-003
   5.0278036274234257        1.7461642300108549E-002
   5.0340805358222065        3.8125094122876520E-002
   5.0403574442209873        4.3979729729857371E-002
   5.0466343526197681        3.2770840307807927E-002
   5.0529112610185480        8.8615779159464461E-003
   5.0591881694173289       -1.8479596461602400E-002
   5.0654650778161097       -3.8679548204263892E-002
   5.0717419862148905       -4.3947398575344888E-002
   5.0780188946136713       -3.2268572715420676E-002
   5.0842958030124521       -8.1602615425189467E-003
   5.0905727114112329        1.9089296381319662E-002
   5.0968496198100137        3.9006539052354731E-002
   5.1031265282087945        4.3956227235787793E-002
   5.1094034366075753        3.2058026384458017E-002
   5.1156803450063562        7.8859643021461957E-003
   5.1219572534051370       -1.9303489495468291E-002
   5.1282341618039178       -3.9123220505936446E-002
   5.1345110702026986       -4.4021612939228710E-002
   5.1407879786014794       -3.2149454709239807E-002
   5.1470648870002602       -8.0432298199644477E-003
   5.1533417953990410        1.9121800297775451E-002
   5.1596187037978218        3.9030985912386754E-002
   5.1658956121966026        4.4144848474742079E-002
   5.1721725205953835        3.2543964879468160E-002
   5.1784494289941643        8.6346683765141652E-003
   5.1847263373929451       -1.8538088489514885E-002
   5.1910032457917259       -3.8719717020220791E-002
   5.1972801541905067       -4.4314190971378516E-002
   5.2035570625892875       -3.3233012516793871E-002
   5.2098339709880683       -9.6602631681685976E-003
   5.2161108793868491        1.7540802751971524E-002
   5.2223877877856300        3.8167814928732592E-002
   5.2286646961844108        4.4504550198832329E-002
   5.2349416045831916        3.4197721716268337E-002
   5.2412185129819724        1.1116462926491039E-002
   5.2474954213807532       -1.6113801493432948E-002
   5.2537723297795340       -3.7342461537137911E-002
   5.2600492381783148       -4.4676568306970581E-002
   5.2663261465770956       -3.5406285781104420E-002
   5.2726030549758764       -1.2992037883332917E-002
   5.2788799633746573        1.4240887607425565E-002
   5.2851568717734381        3.6202867969452719E-002
   5.2914337801722189        4.4777884321653569E-002
   5.2977106885709997        3.6814182607616597E-002
   5.3039875969697805        1.5268871370481486E-002
   5.3102645053685613       -1.1903974764494852E-002
   5.3165414137673421       -3.4698650498784754E-002
   5.3228183221661229       -4.4742747717874974E-002
   5.3290952305649038       -3.8364414053476084E-002
   5.3353721389636846       -1.7921199138702985E-002
   5.3416490473624654        9.0853548656459407E-003
   5.3479259557612462        3.2771885296208510E-002
   5.3542028641600270        4.4491642879029125E-002
   5.3604797725588078        3.9983930519586638E-002
   5.3667566809575886        2.0910038661187662E-002
   5.3730335893563694       -5.7731512868673526E-003
   5.3793104977551502       -3.0360806352140127E-002
   5.3855874061539311       -4.3932395169622829E-002
   5.3918643145527119       -4.1582059342829700E-002
   5.3981412229514927       -2.4179524818517081E-002
   5.4044181313502735        1.9658825055494868E-003
   5.4106950397490543        2.7403691540440540E-002
   5.4169719481478351        4.2961940063090738E-002
   5.4232488565466159        4.3049747295022249E-002
   5.4295257649453967        2.7655407736823442E-002
   5.4358026733441775        2.3276329301560221E-003
   5.4420795817429584       -2.3837216504856810E-002
   5.4483564901417392       -4.1467382009033743E-002
   5.4546333985405200       -4.4268685963770406E-002
   5.4609103069393008       -3.1259972618373225E-002
   5.4671872153380816       -7.1013608486895485E-003
   5.4734641237368624        1.9588568314687752E-002
   5.4797410321356432        3.9314265808608605E-002
   5.4860179405344240        4.5079273579470523E-002
   5.4922948489332049        3.4857348024022294E-002
   5.4985717573319857        1.2289641434239908E-002
   5.5048486657307665       -1.4626404235967340E-002
   5.5111255741295473       -3.6379476077002253E-002
   5.5174024825283281       -4.5305002194299261E-002
   5.5236793909271089       -3.8276750733416090E-002
   5.5299562993258897       -1.7787428795950185E-002
   5.5362332077246705        8.9500203544815547E-003
   5.5425101161234513        3.2551446067460445E-002
   5.5487870245222322        4.4756643934244826E-002
   5.5550639329210130        4.1313078967935145E-002
   5.5613408413197938        2.3444040995969102E-002
   5.5676177497185746       -2.6008023221613793E-003
   5.5738946581173554       -2.7742484852064556E-002
   5.5801715665161362       -4.3241212287666073E-002
   5.5864484749149170       -4.3729247963687087E-002
   5.5927253833136978       -2.9057622777958848E-002
   5.5990022917124787       -4.3256848209404968E-003
   5.6052792001112595        2.1903769617692272E-002
   5.6115561085100403        4.0574816070933627E-002
   5.6178330169088211        4.5262019004241177E-002
   5.6241099253076019        3.4370979368985852E-002
   5.6303868337063827        1.1665927818795423E-002
   5.6366637421051635       -1.5044861340942276E-002
   5.6429406505039443       -3.6602193720568679E-002
   5.6492175589027251       -4.5636102651146052E-002
   5.6554944673015060       -3.9076697822181448E-002
   5.6617713757002868       -1.9183370899051724E-002
   5.6680482840990676        7.2477615936457126E-003
   5.6743251924978484        3.1215468222926590E-002
   5.6806021008966292        4.4580840177833897E-002
   5.6868790092954100        4.2824600516554415E-002
   5.6931559176941908        2.6562422522548357E-002
   5.6994328260929716        1.3146137569263608E-003
   5.7057097344917524       -2.4379452416525893E-002
   5.7119866428905333       -4.1854235521361534E-002
   5.7182635512893141       -4.5236699605053603E-002
   5.7245404596880949       -3.3409060747764806E-002
   5.7308173680868757       -1.0363491047193921E-002
   5.7370942764856565        1.6158471693578171E-002
   5.7433711848844373        3.7273787685168543E-002
   5.7496480932832181        4.5932180105686768E-002
   5.7559250016819989        3.9261284853307557E-002
   5.7622019100807798        1.9505699844623890E-002
   5.7684788184795606       -6.7423696172229826E-003
   5.7747557268783414       -3.0751948049227807E-002
   5.7810326352771222       -4.4557170287637324E-002
   5.7873095436759030       -4.3594043219388978E-002
   5.7935864520746838       -2.8198856418106853E-002
   5.7998633604734646       -3.4789033151436184E-003
   5.8061402688722454        2.2391716791595389E-002
   5.8124171772710262        4.0879382963492222E-002
   5.8186940856698071        4.5903238711932963E-002
   5.8249709940685879        3.5826588950079841E-002
   5.8312479024673687        1.3978156250188337E-002
   5.8375248108661495       -1.2458697939862203E-002
   5.8438017192649303       -3.4814545042165593E-002
   5.8500786276637111       -4.5777068990424302E-002
   5.8563555360624919       -4.1776386925276132E-002
   5.8626324444612727       -2.4136560539681818E-002
   5.8689093528600536        1.3744592042418970E-003
   5.8751862612588344        2.6439819113957364E-002
   5.8814631696576152        4.2908243115294821E-002
   5.8877400780563960        4.5441068217318970E-002
   5.8940169864551768        3.3233512311484442E-002
   5.9002938948539576        1.0258314142502096E-002
   5.9065708032527384       -1.6037740029042048E-002
   5.9128477116515192       -3.7153365960260400E-002
   5.9191246200503000       -4.6280402417326665E-002
   5.9254015284490809       -4.0491755384095433E-002
   5.9316784368478617       -2.1668905384752826E-002
   5.9379553452466425        4.1213080017984075E-003
   5.9442322536454233        2.8589662054799004E-002
   5.9505091620442041        4.3884198474919471E-002
   5.9567860704429849        4.5099922056606442E-002
   5.9630629788417657        3.1849410253611883E-002
   5.9693398872405457        8.3847293181219841E-003
   5.9756167956393265       -1.7768658561916735E-002
   5.9818937040381073       -3.8226182727503943E-002
   5.9881706124368881       -4.6432029130888348E-002
   5.9944475208356689       -3.9758881536589186E-002
   6.0007244292344497       -2.0347450794895774E-002
   6.0070013376332305        5.5819821843733092E-003
   6.0132782460320113        2.9724007000645255E-002
   6.0195551544307921        4.4348678971808123E-002
   6.0258320628295730        4.4775828534079340E-002
   6.0321089712283538        3.0871337908579433E-002
   6.0383858796271346        7.0874506864723047E-003
   6.0446627880259154       -1.8964338901548375E-002
   6.0509396964246962       -3.8949941013044935E-002
   6.0572166048234770       -4.6478533371601731E-002
   6.0634935132222578       -3.9145028628788166E-002
   6.0697704216210386       -1.9296682420283335E-002
   6.0760473300198194        6.7198739104673971E-003
   6.0823242384186003        3.0589206238687629E-002
   6.0886011468173811        4.4685064595990698E-002
   6.0948780552161619        4.4506300121923949E-002
   6.1011549636149427        3.0112579727033920E-002
   6.1074318720137235        6.1029460358319812E-003
   6.1137087804125043       -1.9855644719267800E-002
   6.1199856888112851       -3.9474300938935183E-002
   6.1262625972100659       -4.6471343650112538E-002
   6.1325395056088468       -3.8585557530113793E-002
   6.1388164140076276       -1.8322518242543457E-002
   6.1450933224064084        7.8263905034248078E-003
   6.1513702308051892        3.1453393671702641E-002
   6.1576471392039700        4.4935913390983719E-002
   6.1639240476027508        4.3902732817194944E-002
   6.1702009560015316        2.8664808030433177E-002
   6.1764778644003124        4.1380130419163006E-003
   6.1827547727990932       -2.1729770133769165E-002
   6.1890316811978741       -4.0528312171808842E-002
   6.1953085895966549       -4.6122557688058841E-002
   6.2015854979954357       -3.6666028011161277E-002
   6.2078624063942165       -1.5225763793359813E-002
   6.2141393147929973        1.1197458253690036E-002
   6.2204162231917781        3.3945704984632126E-002
   6.2266931315905589        4.5540064086368778E-002
   6.2329700399893397        4.2147651486085291E-002
   6.2392469483881206        2.4863062799995599E-002
   6.2455238567869014       -6.2874959237912129E-004
   6.2518007651856822       -2.5910086834671768E-002
   6.2580776735844630       -4.2605736097520705E-002
   6.2643545819832438       -4.5162358248480416E-002
   6.2706314903820246       -3.2708165053941404E-002
   6.2769083987808054       -9.3660203648424489E-003
   6.2831853071795862        1.7097076975032717E-002
