   6.2769083987808056E-003   3.7961899336140963E-002
   1.2553816797561611E-002   2.9924753967219841E-002
   1.8830725196342418E-002   2.0531104831576868E-002
   2.5107633595123222E-002   1.0193396892964147E-002
   3.1384541993904030E-002  -6.1920646656333004E-004
   3.7661450392684835E-002  -1.1401256564939812E-002
   4.3938358791465640E-002  -2.1634311584317684E-002
   5.0215267190246445E-002  -3.0812282447664315E-002
   5.6492175589027249E-002  -3.8467516478783034E-002
   6.2769083987808061E-002  -4.4196336995579191E-002
   6.9045992386588859E-002  -4.7682569948035845E-002
   7.5322900785369670E-002  -4.8717665393148417E-002
   8.1599809184150468E-002  -4.7216049635270610E-002
   8.7876717582931280E-002  -4.3224555921070544E-002
   9.4153625981712077E-002  -3.6925004716738936E-002
  0.10043053438049289       -2.8629362092622627E-002
  0.10670744277927370       -1.8767281436354626E-002
  0.11298435117805450       -7.8662908414516234E-003
  0.11926125957683531        3.4746609517302281E-003
  0.12553816797561612        1.4617121159100009E-002
  0.13181507637439691        2.4918920376607770E-002
  0.13809198477317772        3.3771881003704401E-002
  0.14436889317195853        4.0639243705633245E-002
  0.15064580157073934        4.5090472829243604E-002
  0.15692270996952015        4.6831109549978128E-002
  0.16319961836830094        4.5725503573284990E-002
  0.16947652676708175        4.1810572839436747E-002
  0.17575343516586256        3.5299197741102128E-002
  0.18203034356464337        2.6572544586793447E-002
  0.18830725196342415        1.6161580907755151E-002
  0.19458416036220497        4.7170428052576065E-003
  0.20086106876098578       -7.0311002779097345E-003
  0.20713797715976659       -1.8319654979321715E-002
  0.21341488555854740       -2.8401842601443673E-002
  0.21969179395732819       -3.6597701108895327E-002
  0.22596870235610900       -4.2341748792429926E-002
  0.23224561075488981       -4.5224528256237941E-002
  0.23852251915367062       -4.5024840263274607E-002
  0.24479942755245140       -4.1730005012851901E-002
  0.25107633595123224       -3.5542181514446006E-002
  0.25735324435001306       -2.6869695547989608E-002
  0.26363015274879381       -1.6303349678585460E-002
  0.26990706114757462       -4.5787966860797715E-003
  0.27618396954635543        7.4728660384019404E-003
  0.28246087794513625        1.8983133433499711E-002
  0.28873778634391706        2.9108813744244077E-002
  0.29501469474269787        3.7094933635966339E-002
  0.30129160314147868        4.2333094627517144E-002
  0.30756851154025949        4.4410663645360914E-002
  0.31384541993904030        4.3146665079876571E-002
  0.32012232833782106        3.8611076088609579E-002
  0.32639923673660187        3.1125368532904416E-002
  0.33267614513538268        2.1243517691660573E-002
  0.33895305353416350        9.7142115986175379E-003
  0.34522996193294431       -2.5734691128995449E-003
  0.35150687033172512       -1.4657185591676171E-002
  0.35778377873050593       -2.5576456956910677E-002
  0.36406068712928674       -3.4450481871034888E-002
  0.37033759552806755       -4.0551688320944974E-002
  0.37661450392684831       -4.3367733654489843E-002
  0.38289141232562912       -4.2647638995578094E-002
  0.38916832072440993       -3.8427644727487782E-002
  0.39544522912319074       -3.1033854356866463E-002
  0.40172213752197156       -2.1060711227221807E-002
  0.40799904592075237       -9.3263216171791535E-003
  0.41427595431953318        3.1923191960573352E-003
  0.42055286271831399        1.5439310415747202E-002
  0.42682977111709480        2.6368636663205099E-002
  0.43310667951587556        3.5034360067875879E-002
  0.43938358791465637        4.0674396849150293E-002
  0.44566049631343718        4.2780334974195366E-002
  0.45193740471221799        4.1146698733165801E-002
  0.45821431311099881        3.5894653172837104E-002
  0.46449122150977962        2.7467243648756190E-002
  0.47076812990856043        1.6595725546735371E-002
  0.47704503830734124        4.2391422758950355E-003
  0.48332194670612205       -8.4981719092853559E-003
  0.48959885510490281       -2.0464294689127131E-002
  0.49587576350368362       -3.0564104730634548E-002
  0.50215267190246449       -3.7860912293139676E-002
  0.50842958030124530       -4.1665808545097695E-002
  0.51470648870002611       -4.1606023623386813E-002
  0.52098339709880681       -3.7665259810135514E-002
  0.52726030549758762       -3.0191370523055663E-002
  0.53353721389636843       -1.9869728852074098E-002
  0.53981412229514925       -7.6638550832187156E-003
  0.54609103069393006        5.2720878935244991E-003
  0.55236793909271087        1.7701095556545393E-002
  0.55864484749149168        2.8421499873402336E-002
  0.56492175589027249        3.6384322317057731E-002
  0.57119866428905330        4.0798265832851018E-002
  0.57747557268783412        4.1211649046879253E-002
  0.58375248108661493        3.7562527017010489E-002
  0.59002938948539574        3.0191136035298598E-002
  0.59630629788417655        1.9812397501725525E-002
  0.60258320628295736        7.4501746922639930E-003
  0.60886011468173817       -5.6610818280127895E-003
  0.61513702308051899       -1.8198160010188445E-002
  0.62141393147929980       -2.8882538594926854E-002
  0.62769083987808061       -3.6612053646464006E-002
  0.63396774827686131       -4.0577121086026208E-002
  0.64024465667564212       -4.0349046641493518E-002
  0.64652156507442293       -3.5930474962389429E-002
  0.65279847347320374       -2.7761717482882496E-002
  0.65907538187198456       -1.6681150848998683E-002
  0.66535229027076537       -3.8427231961044176E-003
  0.67162919866954618        9.4017523105798164E-003
  0.67790610706832699        2.1643789066108508E-002
  0.68418301546710780        3.1568341910195731E-002
  0.69045992386588861        3.8096805050006184E-002
  0.69673683226466943        4.0507260905097341E-002
  0.70301374066345024        3.8518168031676472E-002
  0.70929064906223105        3.2325838837346674E-002
  0.71556755746101186        2.2590835528253129E-002
  0.72184446585979267        1.0369904155217444E-002
  0.72812137425857348       -2.9963872725133527E-003
  0.73439828265735430       -1.6028968912006156E-002
  0.74067519105613511       -2.7273584303407553E-002
  0.74695209945491581       -3.5464047181221862E-002
  0.75322900785369662       -3.9667088616748045E-002
  0.75950591625247743       -3.9391966601246026E-002
  0.76578282465125824       -3.4651661248643419E-002
  0.77205973305003905       -2.5967642186354882E-002
  0.77833664144881987       -1.4316499379132794E-002
  0.78461354984760068       -1.0233708976366137E-003
  0.79089045824638149        1.2386610361234743E-002
  0.79716736664516230        2.4362475464088023E-002
  0.80344427504394311        3.3507422020768333E-002
  0.80972118344272392        3.8743720293326477E-002
  0.81599809184150474        3.9442862276263174E-002
  0.82227500024028555        3.5504896539562437E-002
  0.82855190863906636        2.7376554499066813E-002
  0.83482881703784717        1.6004767885356493E-002
  0.84110572543662798        2.7298615801714934E-003
  0.84738263383540879       -1.0870021460993015E-002
  0.85365954223418961       -2.3165477955288286E-002
  0.85993645063297042       -3.2671545602479715E-002
  0.86621335903175112       -3.8228927773048274E-002
  0.87249026743053193       -3.9148558571918748E-002
  0.87876717582931274       -3.5300943801071828E-002
  0.88504408422809355       -2.7139348726619248E-002
  0.89132099262687436       -1.5652314096264826E-002
  0.89759790102565518       -2.2427977439820950E-003
  0.90387480942443599        1.1442272605984391E-002
  0.91015171782321680        2.3713417865325867E-002
  0.91642862622199761        3.3047614515616323E-002
  0.92270553462077842        3.8278672712393207E-002
  0.92898244301955923        3.8745202630090320E-002
  0.93525935141834005        3.4377027988589506E-002
  0.94153625981712086        2.5708508980030308E-002
  0.94781316821590167        1.3816109604917238E-002
  0.95409007661468248        1.8713986471306063E-004
  0.96036698501346329       -1.3464673952133245E-002
  0.96664389341224410       -2.5414110717467443E-002
  0.97292080181102492       -3.4143017179452860E-002
  0.97919771020980562       -3.8534752864500116E-002
  0.98547461860858643       -3.8019441219371695E-002
  0.99175152700736724       -3.2650836591404317E-002
  0.99802843540614805       -2.3104109728441770E-002
   1.0043053438049290       -1.0593838905017682E-002
   1.0105822522037098        3.2782281951077904E-003
   1.0168591606024906        1.6726873546699560E-002
   1.0231360690012714        2.8012853285700141E-002
   1.0294129774000522        3.5668651373923443E-002
   1.0356898857988328        3.8691144722769896E-002
   1.0419667941976136        3.6675667728947099E-002
   1.0482437025963944        2.9873215966275839E-002
   1.0545206109951752        1.9162528922869706E-002
   1.0607975193939561        5.9401428357343262E-003
   1.0670744277927369       -8.0614717515274503E-003
   1.0733513361915177       -2.1004124995007624E-002
   1.0796282445902985       -3.1185820898345394E-002
   1.0859051529890793       -3.7264910919120882E-002
   1.0921820613878601       -3.8437674710877626E-002
   1.0984589697866409       -3.4545555480610071E-002
   1.1047358781854217       -2.6097694206158997E-002
   1.1110127865842025       -1.4205386118538331E-002
   1.1172896949829834       -4.3678226760078531E-004
   1.1235666033817642        1.3389307414451906E-002
   1.1298435117805450        2.5443459259330937E-002
   1.1361204201793258        3.4127891602757296E-002
   1.1423973285781066        3.8288816170705169E-002
   1.1486742369768874        3.7370599725962197E-002
   1.1549511453756682        3.1491015291179224E-002
   1.1612280537744490        2.1427265127542196E-002
   1.1675049621732299        8.5142544066075538E-003
   1.1737818705720107       -5.5316974129778736E-003
   1.1800587789707915       -1.8840542814732204E-002
   1.1863356873695723       -2.9637433325837875E-002
   1.1926125957683531       -3.6479773638486424E-002
   1.1988895041671339       -3.8450677949230905E-002
   1.2051664125659147       -3.5282813402585995E-002
   1.2114433209646955       -2.7395748773193385E-002
   1.2177202293634763       -1.5841489864969950E-002
   1.2239971377622572       -2.1650708014650365E-003
   1.2302740461610380        1.1801473043795309E-002
   1.2365509545598188        2.4185833416189385E-002
   1.2428278629585996        3.3330098542265811E-002
   1.2491047713573804        3.8012939456365032E-002
   1.2553816797561612        3.7611783816667722E-002
   1.2616585881549420        3.2184517200356963E-002
   1.2679354965537226        2.2459992964115490E-002
   1.2742124049525034        9.7390929945652648E-003
   1.2804893133512842       -4.2801427412753690E-003
   1.2867662217500651       -1.7729665683700803E-002
   1.2930431301488459       -2.8820423297141677E-002
   1.2993200385476267       -3.6079997372389969E-002
   1.3055969469464075       -3.8547374095190927E-002
   1.3118738553451883       -3.5899164516465291E-002
   1.3181507637439691       -2.8490845134302775E-002
   1.3244276721427499       -1.7307908388284610E-002
   1.3307045805415307       -3.8337893431122480E-003
   1.3369814889403115        1.0147615048941934E-002
   1.3432583973390924        2.2788443055616739E-002
   1.3495353057378732        3.2420999704984306E-002
   1.3558122141366540        3.7777269904084636E-002
   1.3620891225354348        3.8155003386354566E-002
   1.3683660309342156        3.3508710892654350E-002
   1.3746429393329964        2.4453951006701138E-002
   1.3809198477317772        1.2184683547393372E-002
   1.3871967561305580       -1.6850221181333458E-003
   1.3934736645293389       -1.5333916761186112E-002
   1.3997505729281197       -2.6972785070851178E-002
   1.4060274813269005       -3.5079335679037787E-002
   1.4123043897256813       -3.8600317433977606E-002
   1.4185812981244621       -3.7087103526852856E-002
   1.4248582065232429       -3.0748434197465466E-002
   1.4311351149220237       -2.0418416550100193E-002
   1.4374120233208045       -7.4440337744631421E-003
   1.4436889317195853        6.4925771851158092E-003
   1.4499658401183662        1.9593347164134387E-002
   1.4562427485171470        3.0176298814188023E-002
   1.4625196569159278        3.6890439461560870E-002
   1.4687965653147086        3.8886216255349201E-002
   1.4750734737134894        3.5920300356599197E-002
   1.4813503821122702        2.8382147954263016E-002
   1.4876272905110510        1.7239909998286188E-002
   1.4939041989098316        3.9135354274442528E-003
   1.5001811073086124       -9.9080015080139170E-003
   1.5064580157073932       -2.2481600078244682E-002
   1.5127349241061741       -3.2229632510360103E-002
   1.5190118325049549       -3.7936607184038067E-002
   1.5252887409037357       -3.8898572040671771E-002
   1.5315656493025165       -3.5007160383041670E-002
   1.5378425577012973       -2.6758647535086832E-002
   1.5441194661000781       -1.5187787951681346E-002
   1.5503963744988589       -1.7356214965308164E-003
   1.5566732828976397        1.1931650287839796E-002
   1.5629501912964205        2.4129665431135587E-002
   1.5692270996952014        3.3363154357611502E-002
   1.5755040080939822        3.8507698904810032E-002
   1.5817809164927630        3.8945144634135849E-002
   1.5880578248915438        3.4638226126712544E-002
   1.5943347332903246        2.6126995914890448E-002
   1.6006116416891054        1.4455985435043388E-002
   1.6068885500878862        1.0427176991489066E-003
   1.6131654584866670       -1.2496729246778887E-002
   1.6194423668854478       -2.4543257409327220E-002
   1.6257192752842287       -3.3667767054528779E-002
   1.6319961836830095       -3.8798668701801389E-002
   1.6382730920817903       -3.9344579233402725E-002
   1.6445500004805711       -3.5258524099367528E-002
   1.6508269088793519       -2.7037235951865652E-002
   1.6571038172781327       -1.5656840753860451E-002
   1.6633807256769135       -2.4536661925502862E-003
   1.6696576340756943        1.1034939593446808E-002
   1.6759345424744752        2.3250573298327901E-002
   1.6822114508732560        3.2793381030946901E-002
   1.6884883592720368        3.8580676681527572E-002
   1.6947652676708176        3.9966838173295278E-002
   1.7010421760695984        3.6811577118806157E-002
   1.7073190844683792        2.9489841903749908E-002
   1.7135959928671600        1.8843391545630681E-002
   1.7198729012659408        6.0806333885426332E-003
   1.7261498096647214       -7.3629985767887686E-003
   1.7324267180635022       -1.9987772036776173E-002
   1.7387036264622830       -3.0396887871029264E-002
   1.7449805348610639       -3.7449664642704612E-002
   1.7512574432598447       -4.0383947911493828E-002
   1.7575343516586255       -3.8895431219570210E-002
   1.7638112600574063       -3.3166369319626791E-002
   1.7700881684561871       -2.3837915891805232E-002
   1.7763650768549679       -1.1934133122867922E-002
   1.7826419852537487        1.2534951562837007E-003
   1.7889188936525295        1.4308174363818550E-002
   1.7951958020513104        2.5840584548565790E-002
   1.8014727104500912        3.4635905930508998E-002
   1.8077496188488720        3.9779602839054067E-002
   1.8140265272476528        4.0749240948060268E-002
   1.8203034356464336        3.7463488105950765E-002
   1.8265803440452144        3.0284220615865019E-002
   1.8328572524439952        1.9972623900743385E-002
   1.8391341608427760        7.6049430462081374E-003
   1.8454110692415568       -5.5424845886045361E-003
   1.8516879776403377       -1.8126392126463820E-002
   1.8579648860391185       -2.8873940226807358E-002
   1.8642417944378993       -3.6710237549778105E-002
   1.8705187028366801       -4.0863412093798755E-002
   1.8767956112354609       -4.0937240923357758E-002
   1.8830725196342417       -3.6944899329315085E-002
   1.8893494280330225       -2.9301445022539466E-002
   1.8956263364318033       -1.8776822531475636E-002
   1.9019032448305841       -6.4150015133983889E-003
   1.9081801532293650        6.5719754151859575E-003
   1.9144570616281458        1.8924090325404312E-002
   1.9207339700269266        2.9455596070011053E-002
   1.9270108784257074        3.7167584580115862E-002
   1.9332877868244882        4.1340228937115989E-002
   1.9395646952232690        4.1596509312434908E-002
   1.9458416036220498        3.7932608157070349E-002
   1.9521185120208304        3.0712462733343614E-002
   1.9583954204196112        2.0627971359126133E-002
   1.9646723288183920        8.6295195728631219E-003
   1.9709492372171729       -4.1659660359242108E-003
   1.9772261456159537       -1.6580345529171845E-002
   1.9835030540147345       -2.7482955621641103E-002
   1.9897799624135153       -3.5892640756712758E-002
   1.9960568708122961       -4.1064039605531157E-002
   2.0023337792110771       -4.2550752491183313E-002
   2.0086106876098579       -4.0240343200621455E-002
   2.0148875960086388       -3.4358812094518555E-002
   2.0211645044074196       -2.5444981188117579E-002
   2.0274414128062004       -1.4297881055710894E-002
   2.0337183212049812       -1.9025123081470975E-003
   2.0399952296037620        1.0658931177447196E-002
   2.0462721380025428        2.2302254870556336E-002
   2.0525490464013236        3.2034469255319692E-002
   2.0588259548001044        3.9037056616336656E-002
   2.0651028631988853        4.2732472533415548E-002
   2.0713797715976656        4.2828713391041232E-002
   2.0776566799964464        3.9338822058073174E-002
   2.0839335883952272        3.2574418139189154E-002
   2.0902104967940081        2.3114553919407130E-002
   2.0964874051927889        1.1753196957462650E-002
   2.1027643135915697       -5.6968910683726274E-004
   2.1090412219903505       -1.2847379720986880E-002
   2.1153181303891313       -2.4089322304045119E-002
   2.1215950387879121       -3.3400609792583358E-002
   2.1278719471866929       -4.0051689185703697E-002
   2.1341488555854737       -4.3533131783922145E-002
   2.1404257639842545       -4.3591588576403363E-002
   2.1467026723830354       -4.0244691386525686E-002
   2.1529795807818162       -3.3774400700855398E-002
   2.1592564891805970       -2.4700013368940035E-002
   2.1655333975793778       -1.3733576650016607E-002
   2.1718103059781586       -1.7217130676867355E-003
   2.1780872143769394        1.0421253661236446E-002
   2.1843641227757202        2.1783506206540494E-002
   2.1906410311745010        3.1523870086978073E-002
   2.1969179395732819        3.8932843041245009E-002
   2.2031948479720627        4.3482216093364993E-002
   2.2094717563708435        4.4860005120581262E-002
   2.2157486647696243        4.2988630429019591E-002
   2.2220255731684051        3.8025594525374247E-002
   2.2283024815671859        3.0347214125276356E-002
   2.2345793899659667        2.0517166975010048E-002
   2.2408562983647475        9.2426299610820477E-003
   2.2471332067635283       -2.6784413882905262E-003
   2.2534101151623092       -1.4414870726691490E-002
   2.2596870235610900       -2.5160452919815213E-002
   2.2659639319598708       -3.4188734370218778E-002
   2.2722408403586516       -4.0900701128519061E-002
   2.2785177487574324       -4.4862508842891273E-002
   2.2847946571562132       -4.5831405483832084E-002
   2.2910715655549940       -4.3767345220554914E-002
   2.2973484739537748       -3.8830437702531535E-002
   2.3036253823525557       -3.1365559271408119E-002
   2.3099022907513365       -2.1875427059580923E-002
   2.3161791991501173       -1.0984312435126146E-002
   2.3224561075488981        6.0486834544362916E-004
   2.3287330159476789        1.2157059299179304E-002
   2.3350099243464597        2.2952048870540590E-002
   2.3412868327452405        3.2328942950487966E-002
   2.3475637411440213        3.9725438084676420E-002
   2.3538406495428021        4.4709673333627818E-002
   2.3601175579415830        4.7003006646284429E-002
   2.3663944663403638        4.6492715372837216E-002
   2.3726713747391446        4.3234280784192836E-002
   2.3789482831379254        3.7443579070367904E-002
   2.3852251915367062        2.9479881921121873E-002
   2.3915020999354870        1.9821087161216437E-002
   2.3977790083342678        9.0329703290655695E-003
   2.4040559167330486       -2.2654759767138516E-003
   2.4103328251318294       -1.3438452861647856E-002
   2.4166097335306103       -2.3869342312876130E-002
   2.4228866419293911       -3.2994273460169553E-002
   2.4291635503281719       -4.0331474885507687E-002
   2.4354404587269527       -4.5505015800018048E-002
   2.4417173671257335       -4.8261844164445747E-002
   2.4479942755245143       -4.8481611184849151E-002
   2.4542711839232951       -4.6178783343626871E-002
   2.4605480923220759       -4.1496848801199512E-002
   2.4668250007208568       -3.4697903313622762E-002
   2.4731019091196376       -2.6146206997468086E-002
   2.4793788175184184       -1.6286746667643234E-002
   2.4856557259171992       -5.6205641658429589E-003
   2.4919326343159800        5.3217836223157971E-003
   2.4982095427147608        1.6007158834238838E-002
   2.5044864511135416        2.5925838576575735E-002
   2.5107633595123224        3.4615304005503021E-002
   2.5170402679111032        4.1680790094021196E-002
   2.5233171763098841        4.6811738505773519E-002
   2.5295940847086644        4.9793592305394041E-002
   2.5358709931074452        5.0514588234284147E-002
   2.5421479015062260        4.8967508524862403E-002
   2.5484248099050069        4.5246551050729777E-002
   2.5547017183037877        3.9539747499715464E-002
   2.5609786267025685        3.2117486673725125E-002
   2.5672555351013493        2.3317906900963213E-002
   2.5735324435001301        1.3529947209231967E-002
   2.5798093518989109        3.1749844197148762E-003
   2.5860862602976917       -7.3121102875335509E-003
   2.5923631686964725       -1.7501571075049956E-002
   2.5986400770952534       -2.6986296342683253E-002
   2.6049169854940342       -3.5397563507326299E-002
   2.6111938938928150       -4.2418505761228797E-002
   2.6174708022915958       -4.7794667788823741E-002
   2.6237477106903766       -5.1341821279565249E-002
   2.6300246190891574       -5.2949140824968315E-002
   2.6363015274879382       -5.2575959803305046E-002
   2.6425784358867190       -5.0255272675103262E-002
   2.6488553442854998       -4.6091380306748808E-002
   2.6551322526842807       -4.0253746985746852E-002
   2.6614091610830615       -3.2968989324439257E-002
   2.6676860694818423       -2.4510916810095006E-002
   2.6739629778806231       -1.5189342619626454E-002
   2.6802398862794039       -5.3379718376375925E-003
   2.6865167946781847        4.6980300388651799E-003
   2.6927937030769655        1.4574410005329099E-002
   2.6990706114757463        2.3959632889781667E-002
   2.7053475198745272        3.2545784123302134E-002
   2.7116244282733080        4.0058184866557503E-002
   2.7179013366720888        4.6263490747454901E-002
   2.7241782450708696        5.0976036206805589E-002
   2.7304551534696504        5.4062331944219277E-002
   2.7367320618684312        5.5443628510153990E-002
   2.7430089702672120        5.5096593194449470E-002
   2.7492858786659928        5.3052147843785716E-002
   2.7555627870647736        4.9392637744527949E-002
   2.7618396954635545        4.4247479886877959E-002
   2.7681166038623353        3.7787555555492597E-002
   2.7743935122611161        3.0218548153443440E-002
   2.7806704206598969        2.1773559383644458E-002
   2.7869473290586777        1.2705190046334086E-002
   2.7932242374574585        3.2774952718837560E-003
   2.7995011458562393       -6.2421284589986286E-003
   2.8057780542550201       -1.5589143262232893E-002
   2.8120549626538009       -2.4502963624521173E-002
   2.8183318710525818       -3.2732301239093035E-002
   2.8246087794513626       -4.0042414989814770E-002
   2.8308856878501434       -4.6222006745978629E-002
   2.8371625962489242       -5.1089662126200142E-002
   2.8434395046477050       -5.4499522306353972E-002
   2.8497164130464858       -5.6346076002707461E-002
   2.8559933214452666       -5.6567854719044616E-002
   2.8622702298440474       -5.5149931223983498E-002
   2.8685471382428283       -5.2125086934001114E-002
   2.8748240466416091       -4.7573600234821677E-002
   2.8811009550403899       -4.1621609368554031E-002
   2.8873778634391707       -3.4438074991745352E-002
   2.8936547718379515       -2.6230388525497549E-002
   2.8999316802367323       -1.7238732114370343E-002
   2.9062085886355131       -7.7293258168797440E-003
   2.9124854970342939        2.0132559468881788E-003
   2.9187624054330747        1.1694486559300832E-002
   2.9250393138318556        2.1018765364240279E-002
   2.9313162222306364        2.9698506830837273E-002
   2.9375931306294172        3.7463161404809972E-002
   2.9438700390281980        4.4067885442701661E-002
   2.9501469474269788        4.9301567565957119E-002
   2.9564238558257596        5.2993969992755477E-002
   2.9627007642245404        5.5021653742312292E-002
   2.9689776726233212        5.5312733102157084E-002
   2.9752545810221021        5.3848511254264951E-002
   2.9815314894208829        5.0654406029822859E-002
   2.9878083978196632        4.5799280619864616E-002
   2.9940853062184440        3.9410149902468244E-002
   3.0003622146172249        3.1673596333034452E-002
   3.0066391230160057        2.2832122199158887E-002
   3.0129160314147865        1.3178493496473190E-002
   3.0191929398135673        3.0473549214978229E-003
   3.0254698482123481       -7.1954071891594364E-003
   3.0317467566111289       -1.7165497715731372E-002
   3.0380236650099097       -2.6474728990892728E-002
   3.0443005734086905       -3.4746806349071749E-002
   3.0505774818074713       -4.1633701225227825E-002
   3.0568543902062522       -4.6831956586050882E-002
   3.0631312986050330       -5.0098112296424732E-002
   3.0694082070038138       -5.1262479423851502E-002
   3.0756851154025946       -5.0240437618027670E-002
   3.0819620238013754       -4.7040530318133461E-002
   3.0882389322001562       -4.1768681757758386E-002
   3.0945158405989370       -3.4628038925162044E-002
   3.1007927489977178       -2.5914086683723518E-002
   3.1070696573964987       -1.6004937593596967E-002
   3.1133465657952795       -5.3469110194053881E-003
   3.1196234741940603        5.5641837770241884E-003
   3.1259003825928411        1.6205416481611088E-002
   3.1321772909916219        2.6051807745474262E-002
   3.1384541993904027        3.4602992040475615E-002
   3.1447311077891835        4.1410062425930247E-002
   3.1510080161879643        4.6101423034079214E-002
   3.1572849245867451        4.8406871531307273E-002
   3.1635618329855260        4.8175967322269170E-002
   3.1698387413843068        4.5389916185258651E-002
   3.1761156497830876        4.0167394869608138E-002
   3.1823925581818684        3.2763055708997478E-002
   3.1886694665806492        2.3558238212897396E-002
   3.1949463749794300        1.3043974352581457E-002
   3.2012232833782108        1.7968383438263923E-003
   3.2075001917769916       -9.5513445416457645E-003
   3.2137771001757724       -2.0348454191444088E-002
   3.2200540085745533       -2.9959848122584024E-002
   3.2263309169733341       -3.7806782828873016E-002
   3.2326078253721149       -4.3403150247591830E-002
   3.2388847337708957       -4.6388128436493647E-002
   3.2451616421696765       -4.6552473182105390E-002
   3.2514385505684573       -4.3856418397189484E-002
   3.2577154589672381       -3.8437598530152259E-002
   3.2639923673660189       -3.0607933887667776E-002
   3.2702692757647998       -2.0839122525290882E-002
   3.2765461841635806       -9.7370847746998928E-003
   3.2828230925623614        1.9934754673029465E-003
   3.2891000009611422        1.3592542049814084E-002
   3.2953769093599230        2.4293698837263702E-002
   3.3016538177587038        3.3375458574947864E-002
   3.3079307261574846        4.0211494983557736E-002
   3.3142076345562654        4.4316350170340656E-002
   3.3204845429550462        4.5382934680029310E-002
   3.3267614513538271        4.3309600086125784E-002
   3.3330383597526079        3.8215518072251181E-002
   3.3393152681513887        3.0435629089409378E-002
   3.3455921765501695        2.0500615297126667E-002
   3.3518690849489503        9.1033412707873865E-003
   3.3581459933477311       -2.9475285612755140E-003
   3.3644229017465119       -1.4783743021071372E-002
   3.3706998101452927       -2.5539802603085013E-002
   3.3769767185440736       -3.4416937499963399E-002
   3.3832536269428544       -4.0744023685410150E-002
   3.3895305353416352       -4.4030677618291450E-002
   3.3958074437404160       -4.4008222932449506E-002
   3.4020843521391968       -4.0654920038640963E-002
   3.4083612605379776       -3.4202957133311306E-002
   3.4146381689367584       -2.5125986662902024E-002
   3.4209150773355392       -1.4107501081738047E-002
   3.4271919857343200       -1.9918495658027245E-003
   3.4334688941331009        1.0278818757166899E-002
   3.4397458025318817        2.1737148967294753E-002
   3.4460227109306620        3.1467198125464106E-002
   3.4522996193294428        3.8679021247295983E-002
   3.4585765277282237        4.2775073585258686E-002
   3.4648534361270045        4.3402712023799965E-002
   3.4711303445257853        4.0487988458550700E-002
   3.4774072529245661        3.4247305132974741E-002
   3.4836841613233469        2.5175216044283483E-002
   3.4899610697221277        1.4008612003382834E-002
   3.4962379781209085        1.6695458118009506E-003
   3.5025148865196893       -1.0809176340412447E-002
   3.5087917949184702       -2.2370092630589162E-002
   3.5150687033172510       -3.2021509169855328E-002
   3.5213456117160318       -3.8924045087142770E-002
   3.5276225201148126       -4.2465956672821062E-002
   3.5338994285135934       -4.2320392261418996E-002
   3.5401763369123742       -3.8478989214719900E-002
   3.5464532453111550       -3.1258154677898477E-002
   3.5527301537099358       -2.1276670024835107E-002
   3.5590070621087166       -9.4057974695631284E-003
   3.5652839705074975        3.3044155944457251E-003
   3.5715608789062783        1.5716643526150792E-002
   3.5778377873050591        2.6707783552586857E-002
   3.5841146957038399        3.5271445210799439E-002
   3.5903916041026207        4.0612030651446751E-002
   3.5966685125014015        4.2221467886311731E-002
   3.6029454209001823        3.9930982097715673E-002
   3.6092223292989631        3.3932373526090263E-002
   3.6154992376977440        2.4765965794037548E-002
   3.6217761460965248        1.3275449830016935E-002
   3.6280530544953056        5.3301318355601179E-004
   3.6343299628940864       -1.2258903672395398E-002
   3.6406068712928672       -2.3880423532267658E-002
   3.6468837796916480       -3.3211131549576146E-002
   3.6531606880904288       -3.9339830005737056E-002
   3.6594375964892096       -4.1656266991510496E-002
   3.6657145048879904       -3.9915377013804237E-002
   3.6719914132867713       -3.4266991372136783E-002
   3.6782683216855521       -2.5247149109881965E-002
   3.6845452300843329       -1.3730927044936239E-002
   3.6908221384831137       -8.5063358376006291E-004
   3.6970990468818945        1.2113542975068994E-002
   3.7033759552806753        2.3860046878596379E-002
   3.7096528636794561        3.3197202649763863E-002
   3.7159297720782369        3.9165945813570517E-002
   3.7222066804770177        4.1141241116859094E-002
   3.7284835888757986        3.8901213122513593E-002
   3.7347604972745794        3.2656024810039083E-002
   3.7410374056733602        2.3032500879080989E-002
   3.7473143140721410        1.1015001956462569E-002
   3.7535912224709218       -2.1523217023866623E-003
   3.7598681308697026       -1.5092538544060520E-002
   3.7661450392684834       -2.6439460061738883E-002
   3.7724219476672642       -3.4982803761503561E-002
   3.7786988560660451       -3.9799503805199359E-002
   3.7849757644648259       -4.0356725653551237E-002
   3.7912526728636067       -3.6574781364578195E-002
   3.7975295812623875       -2.8842167162100956E-002
   3.8038064896611683       -1.7979945960047566E-002
   3.8100833980599491       -5.1581809425087482E-003
   3.8163603064587299        8.2275182825314267E-003
   3.8226372148575107        2.0706627788149291E-002
   3.8289141232562915        3.0895435029280525E-002
   3.8351910316550724        3.7652088184357155E-002
   3.8414679400538532        4.0207430976596868E-002
   3.8477448484526340        3.8256514503729244E-002
   3.8540217568514148        3.2000254752978130E-002
   3.8602986652501956        2.2129259139725840E-002
   3.8665755736489764        9.7495497643954945E-003
   3.8728524820477572       -3.7390017138470783E-003
   3.8791293904465380       -1.6799384591766487E-002
   3.8854062988453189       -2.7932321043005033E-002
   3.8916832072440997       -3.5849371933422164E-002
   3.8979601156428805       -3.9624241207805215E-002
   3.9042370240416608       -3.8804260245811753E-002
   3.9105139324404417       -3.3468327899789527E-002
   3.9167908408392225       -2.4223520402743684E-002
   3.9230677492380033       -1.2139652977375685E-002
   3.9293446576367841        1.3716365178991924E-003
   3.9356215660355649        1.4719975482111207E-002
   3.9418984744343457        2.6322921042866095E-002
   3.9481753828331265        3.4794370414260381E-002
   3.9544522912319073        3.9112220016318290E-002
   3.9607291996306881        3.8744764664600306E-002
   3.9670061080294690        3.3719881499851841E-002
   3.9732830164282498        2.4627601394414739E-002
   3.9795599248270306        1.2554586169818123E-002
   3.9858368332258114       -1.0427374724397704E-003
   3.9921137416245922       -1.4511947668117279E-002
   3.9983906500233730       -2.6204859339702458E-002
   4.0046675584221543       -3.4680000900720251E-002
   4.0109444668209351       -3.8882468969100976E-002
   4.0172213752197159       -3.8278320088139917E-002
   4.0234982836184967       -3.2926655518667511E-002
   4.0297751920172775       -2.3480412904936437E-002
   4.0360521004160583       -1.1108130901934837E-002
   4.0423290088148391        2.6509856245339391E-003
   4.0486059172136200        1.6077663912181048E-002
   4.0548828256124008        2.7487095402647981E-002
   4.0611597340111816        3.5440977089112681E-002
   4.0674366424099624        3.8930279878991787E-002
   4.0737135508087432        3.7505348812370110E-002
   4.0799904592075240        3.1336313853310704E-002
   4.0862673676063048        2.1195410565988695E-002
   4.0925442760050856        8.3626394305392829E-003
   4.0988211844038664       -5.5340244847828530E-003
   4.1050980928026473       -1.8724160861234903E-002
   4.1113750012014281       -2.9520359253564544E-002
   4.1176519096002089       -3.6534913913392066E-002
   4.1239288179989897       -3.8859829770292453E-002
   4.1302057263977705       -3.6186598739728536E-002
   4.1364826347965504       -2.8849665501932409E-002
   4.1427595431953312       -1.7787189383197181E-002
   4.1490364515941121       -4.4233148609405578E-003
   4.1553133599928929        9.5135594584923686E-003
   4.1615902683916737        2.2213566816397058E-002
   4.1678671767904545        3.2020570887247149E-002
   4.1741440851892353        3.7649244972646462E-002
   4.1804209935880161        3.8355377802565219E-002
   4.1866979019867969        3.4036713631452060E-002
   4.1929748103855777        2.5250177876076835E-002
   4.1992517187843585        1.3142940254043512E-002
   4.2055286271831394       -6.9456201603259509E-004
   4.2118055355819202       -1.4440325150102335E-002
   4.2180824439807010       -2.6281928123836684E-002
   4.2243593523794818       -3.4655687298953824E-002
   4.2306362607782626       -3.8453665117238155E-002
   4.2369131691770434       -3.7170971263959490E-002
   4.2431900775758242       -3.0973774111091971E-002
   4.2494669859746050       -2.0678682458813075E-002
   4.2557438943733858       -7.6459717971326642E-003
   4.2620208027721667        6.3995303833909766E-003
   4.2682977111709475        1.9596371429758116E-002
   4.2745746195697283        3.0193161890022635E-002
   4.2808515279685091        3.6781317678484839E-002
   4.2871284363672899        3.8482902112171841E-002
   4.2934053447660707        3.5068425824027909E-002
   4.2996822531648515        2.6988705207449771E-002
   4.3059591615636323        1.5316232379644874E-002
   4.3122360699624132        1.6035698608241622E-003
   4.3185129783611940       -1.2322646004799752E-002
   4.3247898867599748       -2.4604819404602213E-002
   4.3310667951587556       -3.3602310672426486E-002
   4.3373437035575364       -3.8111036013940440E-002
   4.3436206119563172       -3.7525316279517287E-002
   4.3498975203550980       -3.1920103964075415E-002
   4.3561744287538788       -2.2042344974076058E-002
   4.3624513371526596       -9.2122660869470314E-003
   4.3687282455514405        4.8523637520933739E-003
   4.3750051539502213        1.8266237841748856E-002
   4.3812820623490021        2.9231938236818248E-002
   4.3875589707477829        3.6282325879244903E-002
   4.3938358791465637        3.8476381326908358E-002
   4.4001127875453445        3.5523966165070427E-002
   4.4063896959441253        2.7823244752663668E-002
   4.4126666043429061        1.6406062208391258E-002
   4.4189435127416870        2.7988881499919215E-003
   4.4252204211404678       -1.1181825718199931E-002
   4.4314973295392486       -2.3672369184426133E-002
   4.4377742379380294       -3.3010112133429276E-002
   4.4440511463368102       -3.7954381981950280E-002
   4.4503280547355910       -3.7850598006591477E-002
   4.4566049631343718       -3.2716041329041767E-002
   4.4628818715331526       -2.3236148098061911E-002
   4.4691587799319334       -1.0672125604083222E-002
   4.4754356883307143        3.3075345157412184E-003
   4.4817125967294951        1.6849056908090531E-002
   4.4879895051282759        2.8159290771662567E-002
   4.4942664135270567        3.5742910609536986E-002
   4.5005433219258375        3.8599546260858535E-002
   4.5068202303246183        3.6354955675511190E-002
   4.5130971387233991        2.9309114656211260E-002
   4.5193740471221799        1.8395215075430186E-002
   4.5256509555209607        5.0552334468387129E-003
   4.5319278639197416       -8.9511493766724817E-003
   4.5382047723185224       -2.1779005129728485E-002
   4.5444816807173032       -3.1741100821001622E-002
   4.5507585891160840       -3.7530903541382651E-002
   4.5570354975148648       -3.8396602961606519E-002
   4.5633124059136456       -3.4234651360808818E-002
   4.5695893143124264       -2.5598863600158863E-002
   4.5758662227112072       -1.3624338447824498E-002
   4.5821431311099881        1.2386609167186279E-004
   4.5884200395087689        1.3856608955559723E-002
   4.5946969479075497        2.5793987866689839E-002
   4.6009738563063305        3.4395537452013389E-002
   4.6072507647051113        3.8557665395206192E-002
   4.6135276731038921        3.7753163904727494E-002
   4.6198045815026729        3.2095474981266504E-002
   4.6260814899014537        2.2320201130175715E-002
   4.6323583983002345        9.6870969464633583E-003
   4.6386353066990154       -4.1841304626965741E-003
   4.6449122150977962       -1.7522572616725924E-002
   4.6511891234965770       -2.8632397959705805E-002
   4.6574660318953578       -3.6107722845031928E-002
   4.6637429402941386       -3.9008957361677456E-002
   4.6700198486929194       -3.6978712844947331E-002
   4.6762967570917002       -3.0283266173197463E-002
   4.6825736654904810       -1.9775133078305130E-002
   4.6888505738892619       -6.7822741718771076E-003
   4.6951274822880427        7.0613952683887277E-003
   4.7014043906868235        2.0022367308786971E-002
   4.7076812990856043        3.0484604519590827E-002
   4.7139582074843851        3.7150122677985689E-002
   4.7202351158831659        3.9198553033715687E-002
   4.7265120242819467        3.6387760649529199E-002
   4.7327889326807275        2.9080494845042441E-002
   4.7390658410795083        1.8191389441804182E-002
   4.7453427494782892        5.0686925658762396E-003
   4.7516196578770700       -8.6749728567312584E-003
   4.7578965662758508       -2.1361995554883457E-002
   4.7641734746746316       -3.1454355608502328E-002
   4.7704503830734124       -3.7738582324415695E-002
   4.7767272914721932       -3.9469000297224700E-002
   4.7830041998709740       -3.6452738801837824E-002
   4.7892811082697548       -2.9067249156672623E-002
   4.7955580166685357       -1.8209392924873943E-002
   4.8018349250673165       -5.1833161418145023E-003
   4.8081118334660973        8.4585102551576041E-003
   4.8143887418648781        2.1101468326012649E-002
   4.8206656502636589        3.1259738556645787E-002
   4.8269425586624397        3.7749480503354124E-002
   4.8332194670612205        3.9824247664501197E-002
   4.8394963754600013        3.7257481819318899E-002
   4.8457732838587821        3.0363395364690425E-002
   4.8520501922575630        1.9954902700021124E-002
   4.8583271006563438        7.2445521694413503E-003
   4.8646040090551246       -6.2991194189850634E-003
   4.8708809174539054       -1.9122559690490086E-002
   4.8771578258526862       -2.9765444090120777E-002
   4.8834347342514670       -3.7025797081661475E-002
   4.8897116426502478       -4.0093394273850509E-002
   4.8959885510490286       -3.8637281243420196E-002
   4.9022654594478094       -3.2839196319954640E-002
   4.9085423678465903       -2.3366634094456006E-002
   4.9148192762453711       -1.1290755476013487E-002
   4.9210961846441519        2.0380377908837941E-003
   4.9273730930429327        1.5143022079534770E-002
   4.9336500014417135        2.6585285198321783E-002
   4.9399269098404943        3.5120773940938793E-002
   4.9462038182392751        3.9833259950993530E-002
   4.9524807266380559        4.0229296988589992E-002
   4.9587576350368368        3.6285743119336245E-002
   4.9650345434356176        2.8445801040704197E-002
   4.9713114518343984        1.7565171079916665E-002
   4.9775883602331792        4.8152104657276434E-003
   4.9838652686319600       -8.4456211922471908E-003
   4.9901421770307408       -2.0817693999452255E-002
   4.9964190854295216       -3.1007748676239625E-002
   5.0026959938283024       -3.7962542037654701E-002
   5.0089729022270832       -4.0974983412574752E-002
   5.0152498106258641       -3.9752387253193550E-002
   5.0215267190246449       -3.4440688190776746E-002
   5.0278036274234257       -2.5603171140201442E-002
   5.0340805358222065       -1.4156982312564959E-002
   5.0403574442209873       -1.2748942551469810E-003
   5.0466343526197681        1.1736877071652481E-002
   5.0529112610185480        2.3571910451123671E-002
   5.0591881694173289        3.3054221774267672E-002
   5.0654650778161097        3.9253353241560332E-002
   5.0717419862148905        4.1572775225675568E-002
   5.0780188946136713        3.9803372228729691E-002
   5.0842958030124521        3.4138317377499665E-002
   5.0905727114112329        2.5148418812629886E-002
   5.0968496198100137        1.3721134550798380E-002
   5.1031265282087945        9.7016739349327287E-004
   5.1094034366075753       -1.1874913965166135E-002
   5.1156803450063562       -2.3587936953432777E-002
   5.1219572534051370       -3.3062670053215219E-002
   5.1282341618039178       -3.9415647342339495E-002
   5.1345110702026986       -4.2065907137011201E-002
   5.1407879786014794       -4.0784732098382327E-002
   5.1470648870002602       -3.5711506355262053E-002
   5.1533417953990410       -2.7335080206730842E-002
   5.1596187037978218       -1.6443257010310904E-002
   5.1658956121966026       -4.0458757916285075E-003
   5.1721725205953835        8.7207780102659758E-003
   5.1784494289941643        2.0699039338420998E-002
   5.1847263373929451        3.0814637322070390E-002
   5.1910032457917259        3.8171742419770345E-002
   5.1972801541905067        4.2130024169359098E-002
   5.2035570625892875        4.2357331063862171E-002
   5.2098339709880683        3.8853975406075165E-002
   5.2161108793868491        3.1947249226051966E-002
   5.2223877877856300        2.2257460696930596E-002
   5.2286646961844108        1.0639231076470877E-002
   5.2349416045831916       -1.8961747529727890E-003
   5.2412185129819724       -1.4270265418385233E-002
   5.2474954213807532       -2.5430468611716630E-002
   5.2537723297795340       -3.4438892606785759E-002
   5.2600492381783148       -4.0549491578330980E-002
   5.2663261465770956       -4.3267387717607117E-002
   5.2726030549758764       -4.2385848502926086E-002
   5.2788799633746573       -3.7998474055348702E-002
   5.2851568717734381       -3.0486288528570753E-002
   5.2914337801722189       -2.0481516581514026E-002
   5.2977106885709997       -8.8116846145732397E-003
   5.3039875969697805        3.5708319210807373E-003
   5.3102645053685613        1.5667684078902722E-002
   5.3165414137673421        2.6515253289098893E-002
   5.3228183221661229        3.5260668188276362E-002
   5.3290952305649038        4.1227228456616888E-002
   5.3353721389636846        4.3964374307313599E-002
   5.3416490473624654        4.3278740711549482E-002
   5.3479259557612462        3.9244436461369991E-002
   5.3542028641600270        3.2192384891506137E-002
   5.3604797725588078        2.2680182705129091E-002
   5.3667566809575886        1.1445393343245779E-002
   5.3730335893563694       -6.5366029230929247E-004
   5.3793104977551502       -1.2704721358651392E-002
   5.3855874061539311       -2.3810785019291431E-002
   5.3918643145527119       -3.3156381987086564E-002
   5.3981412229514927       -4.0066142941442513E-002
   5.4044181313502735       -4.4051541108641394E-002
   5.4106950397490543       -4.4842797346676580E-002
   5.4169719481478351       -4.2404062797087028E-002
   5.4232488565466159       -3.6931683662916541E-002
   5.4295257649453967       -2.8836066246016478E-002
   5.4358026733441775       -1.8707022578197056E-002
   5.4420795817429584       -7.2681814451428213E-003
   5.4483564901417392        4.6764065736746019E-003
   5.4546333985405200        1.6299756916130146E-002
   5.4609103069393008        2.6809297123122047E-002
   5.4671872153380816        3.5500167416139781E-002
   5.4734641237368624        4.1800944384485575E-002
   5.4797410321356432        4.5308983080513315E-002
   5.4860179405344240        4.5813366431494917E-002
   5.4922948489332049        4.3304406447414082E-002
   5.4985717573319857        3.7969567959669118E-002
   5.5048486657307665        3.0176613876871001E-002
   5.5111255741295473        2.0445562241095363E-002
   5.5174024825283281        9.4117193879210068E-003
   5.5236793909271089       -2.2174835436793816E-003
   5.5299562993258897       -1.3708839963220401E-002
   5.5362332077246705       -2.4349840382585444E-002
   5.5425101161234513       -3.3492333799310159E-002
   5.5487870245222322       -4.0590770295209508E-002
   5.5550639329210130       -4.5232873853022881E-002
   5.5613408413197938       -4.7161177158139993E-002
   5.5676177497185746       -4.6284482192697644E-002
   5.5738946581173554       -4.2678980057197786E-002
   5.5801715665161362       -3.6579395962580030E-002
   5.5864484749149170       -2.8361114926188851E-002
   5.5927253833136978       -1.8514722168135263E-002
   5.5990022917124787       -7.6147704871493051E-003
   5.6052792001112595        3.7151175105578174E-003
   5.6115561085100403        1.4838653888340813E-002
   5.6178330169088211        2.5142733888408979E-002
   5.6241099253076019        3.4070695092285989E-002
   5.6303868337063827        4.1151237657543388E-002
   5.6366637421051635        4.6021596545615523E-002
   5.6429406505039443        4.8443958387034421E-002
   5.6492175589027251        4.8314536970458739E-002
   5.6554944673015060        4.5665163720393961E-002
   5.6617713757002868        4.0657655896750612E-002
   5.6680482840990676        3.3571608712559056E-002
   5.6743251924978484        2.4786562942223769E-002
   5.6806021008966292        1.4759753522915716E-002
   5.6868790092954100        4.0007967255220643E-003
   5.6931559176941908       -6.9552340945145570E-003
   5.6994328260929716       -1.7574908105806659E-002
   5.7057097344917524       -2.7352337741424530E-002
   5.7119866428905333       -3.5832663530507153E-002
   5.7182635512893141       -4.2632083327267485E-002
   5.7245404596880949       -4.7453639650408233E-002
   5.7308173680868757       -5.0098213838103790E-002
   5.7370942764856565       -5.0470469385801853E-002
   5.7433711848844373       -4.8579714827542760E-002
   5.7496480932832181       -4.4535943648494378E-002
   5.7559250016819989       -3.8541460687108162E-002
   5.7622019100807798       -3.0878787757755471E-002
   5.7684788184795606       -2.1895381059726507E-002
   5.7747557268783414       -1.1985728840025356E-002
   5.7810326352771222       -1.5739822187518862E-003
   5.7873095436759030        8.9036838330621582E-003
   5.7935864520746838        1.9017473696481667E-002
   5.7998633604734646        2.8361480446766191E-002
   5.8061402688722454        3.6569480328613034E-002
   5.8124171772710262        4.3328439015076069E-002
   5.8186940856698071        4.8389299705943224E-002
   5.8249709940685879        5.1574734138707522E-002
   5.8312479024673687        5.2783718243896542E-002
   5.8375248108661495        5.1992895194758866E-002
   5.8438017192649303        4.9254864247777551E-002
   5.8500786276637111        4.4693603853350951E-002
   5.8563555360624919        3.8497390093584466E-002
   5.8626324444612727        3.0909591836958017E-002
   5.8689093528600536        2.2217846861898854E-002
   5.8751862612588344        1.2742081227642324E-002
   5.8814631696576152        2.8219327308784026E-003
   5.8877400780563960       -7.1959735127314264E-003
   5.8940169864551768       -1.6970355612802451E-002
   5.9002938948539576       -2.6176864953908564E-002
   5.9065708032527384       -3.4518460285926950E-002
   5.9128477116515192       -4.1734400226517830E-002
   5.9191246200503000       -4.7607438018973207E-002
   5.9254015284490809       -5.1969341933503145E-002
   5.9316784368478617       -5.4704223682970156E-002
   5.9379553452466425       -5.5750532867895046E-002
   5.9442322536454233       -5.5098674798374714E-002
   5.9505091620442041       -5.2778724221541312E-002
   5.9567860704429849       -4.8864735120685940E-002
   5.9630629788417657       -4.3478100041701974E-002
   5.9693398872405457       -3.6783966801125514E-002
   5.9756167956393265       -2.8986039154896438E-002
   5.9818937040381073       -2.0320173649151171E-002
   5.9881706124368881       -1.1047155280130894E-002
   5.9944475208356689       -1.4447237571308504E-003
   6.0007244292344497        8.2007828287643750E-003
   6.0070013376332305        1.7603010024280004E-002
   6.0132782460320113        2.6484059199142627E-002
   6.0195551544307921        3.4582664914988757E-002
   6.0258320628295730        4.1661783565005980E-002
   6.0321089712283538        4.7515423779361195E-002
   6.0383858796271346        5.1974483164137907E-002
   6.0446627880259154        5.4911469474206283E-002
   6.0509396964246962        5.6243944190936077E-002
   6.0572166048234770        5.5936636163743475E-002
   6.0634935132222578        5.4002144677616708E-002
   6.0697704216210386        5.0500261456888969E-002
   6.0760473300198194        4.5535910242151499E-002
   6.0823242384186003        3.9255819820427487E-002
   6.0886011468173811        3.1843992591574326E-002
   6.0948780552161619        2.3516174877728512E-002
   6.1011549636149427        1.4513411931486166E-002
   6.1074318720137235        5.0950255857480035E-003
   6.1137087804125043       -4.4690732364827740E-003
   6.1199856888112851       -1.3905172428123846E-002
   6.1262625972100659       -2.2936655267950190E-002
   6.1325395056088468       -3.1288105495983431E-002
   6.1388164140076276       -3.8694141534136604E-002
   6.1450933224064084       -4.4908809511142962E-002
   6.1513702308051892       -4.9714939300399427E-002
   6.1576471392039700       -5.2933146632424474E-002
   6.1639240476027508       -5.4430118545090882E-002
   6.1702009560015316       -5.4125780372537770E-002
   6.1764778644003124       -5.1998985791106823E-002
   6.1827547727990932       -4.8091366815223802E-002
   6.1890316811978741       -4.2509050302396524E-002
   6.1953085895966549       -3.5421989294136008E-002
   6.2015854979954357       -2.7060753522293503E-002
   6.2078624063942165       -1.7710706743601347E-002
   6.2141393147929973       -7.7036149912050444E-003
   6.2204162231917781        2.5931572638098065E-003
   6.2266931315905589        1.2789584006257421E-002
   6.2329700399893397        2.2487644302418383E-002
   6.2392469483881206        3.1297210550339773E-002
   6.2455238567869014        3.8852536404464809E-002
   6.2518007651856822        4.4828663616356720E-002
   6.2580776735844630        4.8956983718997475E-002
   6.2643545819832438        5.1039210025185376E-002
   6.2706314903820246        5.0958970935293273E-002
   6.2769083987808054        4.8690372427021261E-002
   6.2831853071795862        4.4302845371925463E-002
