   6.2769083987808056E-003   4.7262290985153138E-002
   1.2553816797561611E-002   4.4778641179203750E-002
   1.8830725196342418E-002   3.5777673514269671E-002
   2.5107633595123222E-002   2.1546590339505761E-002
   3.1384541993904030E-002   4.1525557518403370E-003
   3.7661450392684835E-002  -1.3852132999172997E-002
   4.3938358791465640E-002  -2.9802022286509470E-002
   5.0215267190246445E-002  -4.1314090685005585E-002
   5.6492175589027249E-002  -4.6648047385446402E-002
   6.2769083987808061E-002  -4.4976383847487665E-002
   6.9045992386588859E-002  -3.6521287438165136E-002
   7.5322900785369670E-002  -2.2534719095843803E-002
   8.1599809184150468E-002  -5.1212197915396383E-003
   8.7876717582931280E-002   1.3072833291932555E-002
   9.4153625981712077E-002   2.9258639427787000E-002
  0.10043053438049289        4.0933260464428703E-002
  0.10670744277927370        4.6270962226463201E-002
  0.11298435117805450        4.4415837827054862E-002
  0.11926125957683531        3.5627819448329462E-002
  0.12553816797561612        2.1256011953478215E-002
  0.13181507637439691        3.5398930795656845E-003
  0.13809198477317772       -1.4733758770595214E-002
  0.14436889317195853       -3.0666668834894203E-002
  0.15064580157073934       -4.1709924945045294E-002
  0.15692270996952015       -4.6076502534994096E-002
  0.16319961836830094       -4.3038005243913310E-002
  0.16947652676708175       -3.3055262459964034E-002
  0.17575343516586256       -1.7718130137969103E-002
  0.18203034356464337        4.9953565409107271E-004
  0.18830725196342415        1.8633715262968448E-002
  0.19458416036220497        3.3712175417340118E-002
  0.20086106876098578        4.3244406472368990E-002
  0.20713797715976659        4.5638053716460771E-002
  0.21341488555854740        4.0472241422044856E-002
  0.21969179395732819        2.8579852975658605E-002
  0.22596870235610900        1.1921658681154516E-002
  0.23224561075488981       -6.7302666393001791E-003
  0.23852251915367062       -2.4249913475203132E-002
  0.24479942755245140       -3.7680756403098092E-002
  0.25107633595123224       -4.4737716050886417E-002
  0.25735324435001306       -4.4201994472122905E-002
  0.26363015274879381       -3.6139607010791781E-002
  0.26990706114757462       -2.1903197975786198E-002
  0.27618396954635543       -3.9131171877845395E-003
  0.28246087794513625        1.4748290310727391E-002
  0.28873778634391706        3.0862237639692237E-002
  0.29501469474269787        4.1629778983114818E-002
  0.30129160314147868        4.5162556652152963E-002
  0.30756851154025949        4.0821236156586026E-002
  0.31384541993904030        2.9339807881032649E-002
  0.32012232833782106        1.2710331506716068E-002
  0.32639923673660187       -6.1555324750400941E-003
  0.33267614513538268       -2.3932045549199227E-002
  0.33895305353416350       -3.7465000506071461E-002
  0.34522996193294431       -4.4334499609209266E-002
  0.35150687033172512       -4.3293952765291917E-002
  0.35778377873050593       -3.4504802322248153E-002
  0.36406068712928674       -1.9521761771843605E-002
  0.37033759552806755       -1.0249977057436676E-003
  0.37661450392684831        1.7655172850572352E-002
  0.38289141232562912        3.3136094123049714E-002
  0.38916832072440993        4.2596887317213415E-002
  0.39544522912319074        4.4297303597692225E-002
  0.40172213752197156        3.7905033527210842E-002
  0.40799904592075237        2.4568691101730617E-002
  0.41427595431953318        6.7193862472575147E-003
  0.42055286271831399       -1.2366415965364138E-002
  0.42682977111709480       -2.9165314389338445E-002
  0.43310667951587556       -4.0557980104559493E-002
  0.43938358791465637       -4.4412411610754488E-002
  0.44566049631343718       -3.9989686571341755E-002
  0.45193740471221799       -2.8093801023137945E-002
  0.45821431311099881       -1.0933883751941622E-002
  0.46449122150977962        8.2793447663812008E-003
  0.47076812990856043        2.5930475860881375E-002
  0.47704503830734124        3.8679484033992843E-002
  0.48332194670612205        4.4097134304566320E-002
  0.48959885510490281        4.1134258915550753E-002
  0.49587576350368362        3.0333098911924126E-002
  0.50215267190246449        1.3736733620729949E-002
  0.50842958030124530       -5.4901985717816697E-003
  0.51470648870002611       -2.3660518953887343E-002
  0.52098339709880681       -3.7270787669820303E-002
  0.52726030549758762       -4.3679749936253030E-002
  0.53353721389636843       -4.1627081180340746E-002
  0.53981412229514925       -3.1489467188364907E-002
  0.54609103069393006       -1.5220279623398770E-002
  0.55236793909271087        4.0194511048999241E-003
  0.55864484749149168        2.2470481025806094E-002
  0.56492175589027249        3.6508743356785132E-002
  0.57119866428905330        4.3359875824209096E-002
  0.57747557268783412        4.1653530565171709E-002
  0.58375248108661493        3.1705588749066059E-002
  0.59002938948539574        1.5468676799888389E-002
  0.59630629788417655       -3.8435281819213514E-003
  0.60258320628295736       -2.2387494989157167E-002
  0.60886011468173817       -3.6453590834236708E-002
  0.61513702308051899       -4.3210901609441750E-002
  0.62141393147929980       -4.1283086410393591E-002
  0.62769083987808061       -3.1036956845657451E-002
  0.63396774827686131       -1.4521742668071758E-002
  0.64024465667564212        4.9331580053790149E-003
  0.64652156507442293        2.3384586619145119E-002
  0.65279847347320374        3.7073836722717093E-002
  0.65907538187198456        4.3195323626089931E-002
  0.66535229027076537        4.0477973998502954E-002
  0.67162919866954618        2.9457593847357390E-002
  0.67790610706832699        1.2380280119553671E-002
  0.68418301546710780       -7.2479033495364397E-003
  0.69045992386588861       -2.5376255235500460E-002
  0.69673683226466943       -3.8244880412843039E-002
  0.70301374066345024       -4.3167946358316056E-002
  0.70929064906223105       -3.9101403255313069E-002
  0.71556755746101186       -2.6874352280954993E-002
  0.72184446585979267       -9.0269893009784583E-003
  0.72812137425857348        1.0711267153021864E-002
  0.73439828265735430        2.8197594389582081E-002
  0.74067519105613511        3.9745491766773750E-002
  0.74695209945491581        4.2905728391333560E-002
  0.75322900785369662        3.6992396729797553E-002
  0.75950591625247743        2.3239704387326907E-002
  0.76578282465125824        4.5522161163229994E-003
  0.77205973305003905       -1.5102709439738037E-002
  0.77833664144881987       -3.1534472722453522E-002
  0.78461354984760068       -4.1223753101767208E-002
  0.79089045824638149       -4.2080846063050611E-002
  0.79716736664516230       -3.3903497765914947E-002
  0.80344427504394311       -1.8432447487124002E-002
  0.80972118344272392        1.0115826734584828E-003
  0.81599809184150474        2.0235471666218419E-002
  0.82227500024028555        3.5076221626164507E-002
  0.82855190863906636        4.2304596790461682E-002
  0.83482881703784717        4.0333280396890943E-002
  0.84110572543662798        2.9573141889785416E-002
  0.84738263383540879        1.2356025643516039E-002
  0.85365954223418961       -7.5635429371415271E-003
  0.85993645063297042       -2.5822917400314480E-002
  0.86621335903175112       -3.8406300170014743E-002
  0.87249026743053193       -4.2531363451681875E-002
  0.87876717582931274       -3.7270874159074603E-002
  0.88504408422809355       -2.3770106032715455E-002
  0.89132099262687436       -5.0066254640895582E-003
  0.89759790102565518        1.4865981041103310E-002
  0.90387480942443599        3.1436409552063380E-002
  0.91015171782321680        4.1015381579193960E-002
  0.91642862622199761        4.1460337946886278E-002
  0.92270553462077842        3.2659679108849850E-002
  0.92898244301955923        1.6566203586441924E-002
  0.93525935141834005       -3.2310191091609376E-003
  0.94153625981712086       -2.2303594352469334E-002
  0.94781316821590167       -3.6373458100850811E-002
  0.95409007661468248       -4.2274255706291904E-002
  0.96036698501346329       -3.8668050619588702E-002
  0.96664389341224410       -2.6354202631327980E-002
  0.97292080181102492       -8.0979398534723121E-003
  0.97919771020980562        1.1986009571507982E-002
  0.98547461860858643        2.9358384651709792E-002
  0.99175152700736724        4.0081612002333684E-002
  0.99802843540614805        4.1715218932341015E-002
   1.0043053438049290        3.3876183361906828E-002
   1.0105822522037098        1.8334466796874737E-002
   1.0168591606024906       -1.3812202890296403E-003
   1.0231360690012714       -2.0780876343256222E-002
   1.0294129774000522       -3.5434545735813033E-002
   1.0356898857988328       -4.1985492199090035E-002
   1.0419667941976136       -3.8923168836744813E-002
   1.0482437025963944       -2.6937031264266449E-002
   1.0545206109951752       -8.7672979150017812E-003
   1.0607975193939561        1.1416854021579811E-002
   1.0670744277927369        2.8975307431179126E-002
   1.0733513361915177        3.9867316540644480E-002
   1.0796282445902985        4.1582859032123540E-002
   1.0859051529890793        3.3722727138072714E-002
   1.0921820613878601        1.8093465415643249E-002
   1.0984589697866409       -1.7059622585138506E-003
   1.1047358781854217       -2.1111609206315083E-002
   1.1110127865842025       -3.5646169595591935E-002
   1.1172896949829834       -4.1952560622591409E-002
   1.1235666033817642       -3.8570738251517606E-002
   1.1298435117805450       -2.6277665204329431E-002
   1.1361204201793258       -7.9108301724427621E-003
   1.1423973285781066        1.2285074827168781E-002
   1.1486742369768874        2.9638272348639517E-002
   1.1549511453756682        4.0130699019280791E-002
   1.1612280537744490        4.1329425565808910E-002
   1.1675049621732299        3.2952542740814619E-002
   1.1737818705720107        1.6937492735197023E-002
   1.1800587789707915       -3.0051630300025347E-003
   1.1863356873695723       -2.2250194727638180E-002
   1.1926125957683531       -3.6330069725748343E-002
   1.1988895041671339       -4.1972676607367643E-002
   1.2051664125659147       -3.7863231186093874E-002
   1.2114433209646955       -2.4952600794275543E-002
   1.2177202293634763       -6.2393065371257328E-003
   1.2239971377622572        1.3925289947935087E-002
   1.2302740461610380        3.0848314472083135E-002
   1.2365509545598188        4.0590970080051830E-002
   1.2428278629585996        4.0889560274333374E-002
   1.2491047713573804        3.1679090481077359E-002
   1.2553816797561612        1.5104880591986971E-002
   1.2616585881549420       -4.9789566098294054E-003
   1.2679354965537226       -2.3907004000465647E-002
   1.2742124049525034       -3.7286549484900108E-002
   1.2804893133512842       -4.2016275428964259E-002
   1.2867662217500651       -3.7003514928484776E-002
   1.2930431301488459       -2.3414601739236700E-002
   1.2993200385476267       -4.4014235113424378E-003
   1.3055969469464075        1.5631225733549598E-002
   1.3118738553451883        3.2046837093144195E-002
   1.3181507637439691        4.1050001951542479E-002
   1.3244276721427499        4.0562689259313285E-002
   1.3307045805415307        3.0701965644876775E-002
   1.3369814889403115        1.3749776087602491E-002
   1.3432583973390924       -6.3769967322013770E-003
   1.3495353057378732       -2.5032712477385914E-002
   1.3558122141366540       -3.7915462174079519E-002
   1.3620891225354348       -4.2058253712349468E-002
   1.3683660309342156       -3.6510678506286580E-002
   1.3746429393329964       -2.2554871629046590E-002
   1.3809198477317772       -3.4071231734386673E-003
   1.3871967561305580        1.6524860704498583E-002
   1.3934736645293389        3.2657325211191898E-002
   1.3997505729281197        4.1284109203513303E-002
   1.4060274813269005        4.0427562509400418E-002
   1.4123043897256813        3.0293639573520079E-002
   1.4185812981244621        1.3216541406571308E-002
   1.4248582065232429       -6.8863378356942579E-003
   1.4311351149220237       -2.5416364838968721E-002
   1.4374120233208045       -3.8146070304711691E-002
   1.4436889317195853       -4.2181329393860878E-002
   1.4499658401183662       -3.6614877720539590E-002
   1.4562427485171470       -2.2724607704367402E-002
   1.4625196569159278       -3.6747016877751175E-003
   1.4687965653147086        1.6209327058816333E-002
   1.4750734737134894        3.2424640320447125E-002
   1.4813503821122702        4.1309897884012819E-002
   1.4876272905110510        4.0868569605690977E-002
   1.4939041989098316        3.1212410033626826E-002
   1.5001811073086124        1.4527767400881023E-002
   1.5064580157073932       -5.4244476530522215E-003
   1.5127349241061741       -2.4159697955130493E-002
   1.5190118325049549       -3.7478410879413018E-002
   1.5252887409037357       -4.2405287504792083E-002
   1.5315656493025165       -3.7849685470645537E-002
   1.5378425577012973       -2.4841512631055933E-002
   1.5441194661000781       -6.2928710063346353E-003
   1.5503963744988589        1.3658167532340879E-002
   1.5566732828976397        3.0572902536670579E-002
   1.5629501912964205        4.0698991792316008E-002
   1.5692270996952014        4.1799882787192537E-002
   1.5755040080939822        3.3643800938883146E-002
   1.5817809164927630        1.8047185668571379E-002
   1.5880578248915438       -1.5341172991224787E-003
   1.5943347332903246       -2.0779012130963236E-002
   1.6006116416891054       -3.5457556229234514E-002
   1.6068885500878862       -4.2358431774900666E-002
   1.6131654584866670       -3.9986033348397738E-002
   1.6194423668854478       -2.8876911571804508E-002
   1.6257192752842287       -1.1470525424545845E-002
   1.6319961836830095        8.4331612559643658E-003
   1.6382730920817903        2.6507165381351932E-002
   1.6445500004805711        3.8838466551350780E-002
   1.6508269088793519        4.2771782478989405E-002
   1.6571038172781327        3.7474995704007967E-002
   1.6633807256769135        2.4107224771587572E-002
   1.6696576340756943        5.5574892799580469E-003
   1.6759345424744752       -1.4185583758666498E-002
   1.6822114508732560       -3.0894259057180507E-002
   1.6884883592720368       -4.1006194752826138E-002
   1.6947652676708176       -4.2379630016383334E-002
   1.7010421760695984       -3.4740140056013093E-002
   1.7073190844683792       -1.9727285821268745E-002
   1.7135959928671600       -5.3543992146216956E-004
   1.7198729012659408        1.8771067881368411E-002
   1.7261498096647214        3.4120591377324601E-002
   1.7324267180635022        4.2291145690718193E-002
   1.7387036264622830        4.1581731174442381E-002
   1.7449805348610639        3.2159242871512096E-002
   1.7512574432598447        1.6011786181617096E-002
   1.7575343516586255       -3.4776571773053799E-003
   1.7638112600574063       -2.2244985413980945E-002
   1.7700881684561871       -3.6395021313580848E-002
   1.7763650768549679       -4.3007501107890457E-002
   1.7826419852537487       -4.0733616991209552E-002
   1.7889188936525295       -3.0062876762870314E-002
   1.7951958020513104       -1.3209233506221670E-002
   1.8014727104500912        6.3555410854129581E-003
   1.8077496188488720        2.4621486875832627E-002
   1.8140265272476528        3.7863040070464121E-002
   1.8203034356464336        4.3395742425894147E-002
   1.8265803440452144        4.0114061033362271E-002
   1.8328572524439952        2.8703941341393140E-002
   1.8391341608427760        1.1491053735576760E-002
   1.8454110692415568       -8.0402020024044341E-003
   1.8516879776403377       -2.5956117349717284E-002
   1.8579648860391185       -3.8666304400496725E-002
   1.8642417944378993       -4.3639797989180384E-002
   1.8705187028366801       -3.9902533994788200E-002
   1.8767956112354609       -2.8219790391780134E-002
   1.8830725196342417       -1.0931230662256181E-002
   1.8893494280330225        8.5244331959148916E-003
   1.8956263364318033        2.6297306175386736E-002
   1.9019032448305841        3.8888377466041443E-002
   1.9081801532293650        4.3834939862009245E-002
   1.9144570616281458        4.0185818141870888E-002
   1.9207339700269266        2.8676038677690627E-002
   1.9270108784257074        1.1570619004653076E-002
   1.9332877868244882       -7.7879077671719190E-003
   1.9395646952232690       -2.5636411492006076E-002
   1.9458416036220498       -3.8522858002527860E-002
   1.9521185120208304       -4.3970752369362896E-002
   1.9583954204196112       -4.0948960276297547E-002
   1.9646723288183920       -3.0058982088988381E-002
   1.9709492372171729       -1.3407322735745389E-002
   1.9772261456159537        5.8086596851593579E-003
   1.9835030540147345        2.3918785727887370E-002
   1.9897799624135153        3.7481767568306901E-002
   1.9960568708122961        4.3936345211075284E-002
   2.0023337792110771        4.2079214688534587E-002
   2.0086106876098579        3.2281714073343945E-002
   2.0148875960086388        1.6407802539409121E-002
   2.0211645044074196       -2.5474222684614819E-003
   2.0274414128062004       -2.1027343353032999E-002
   2.0337183212049812       -3.5582448806392587E-002
   2.0399952296037620       -4.3512065419062267E-002
   2.0462721380025428       -4.3360262703143776E-002
   2.0525490464013236       -3.5175889920111572E-002
   2.0588259548001044       -2.0491744512122722E-002
   2.0651028631988853       -2.0303902749487447E-003
   2.0713797715976656        1.6805680908368856E-002
   2.0776566799964464        3.2563188988743844E-002
   2.0839335883952272        4.2369839733236429E-002
   2.0902104967940081        4.4453440291709036E-002
   2.0964874051927889        3.8455389070725987E-002
   2.1027643135915697        2.5484429561089955E-002
   2.1090412219903505        7.9044493470101836E-003
   2.1153181303891313       -1.1102295467452337E-002
   2.1215950387879121       -2.8114562126925258E-002
   2.1278719471866929       -4.0087703862166292E-002
   2.1341488555854737       -4.4894986735010051E-002
   2.1404257639842545       -4.1699133927388513E-002
   2.1467026723830354       -3.1090357353669159E-002
   2.1529795807818162       -1.4969666724789795E-002
   2.1592564891805970        3.7983164440812899E-003
   2.1655333975793778        2.1898540460304931E-002
   2.1718103059781586        3.6152083621201300E-002
   2.1780872143769394        4.4072173929270132E-002
   2.1843641227757202        4.4292864674574273E-002
   2.1906410311745010        3.6797434378087419E-002
   2.1969179395732819        2.2909668153861758E-002
   2.2031948479720627        5.0529396510410884E-003
   2.2094717563708435       -1.3677917450499039E-002
   2.2157486647696243       -3.0055454857797207E-002
   2.2220255731684051       -4.1274973972235660E-002
   2.2283024815671859       -4.5431015785223280E-002
   2.2345793899659667       -4.1834734036129945E-002
   2.2408562983647475       -3.1120422478224392E-002
   2.2471332067635283       -1.5126206415337722E-002
   2.2534101151623092        3.4275852418107224E-003
   2.2596870235610900        2.1405080623918278E-002
   2.2659639319598708        3.5785896801004989E-002
   2.2722408403586516        4.4170453955004907E-002
   2.2785177487574324        4.5175578907443108E-002
   2.2847946571562132        3.8656357634537189E-002
   2.2910715655549940        2.5718556563600996E-002
   2.2973484739537748        8.5233417842926033E-003
   2.3036253823525557       -1.0079456045717177E-002
   2.3099022907513365       -2.7026681130553950E-002
   2.3161791991501173       -3.9546108967601794E-002
   2.3224561075488981       -4.5606676001709881E-002
   2.3287330159476789       -4.4242145957091410E-002
   2.3350099243464597       -3.5697656953506317E-002
   2.3412868327452405       -2.1378272643137231E-002
   2.3475637411440213       -3.6110536556898556E-003
   2.3538406495428021        1.4738037443577092E-002
   2.3601175579415830        3.0728592149511808E-002
   2.3663944663403638        4.1816007306874195E-002
   2.3726713747391446        4.6252524553403236E-002
   2.3789482831379254        4.3356528956634999E-002
   2.3852251915367062        3.3609672919357576E-002
   2.3915020999354870        1.8569368095063231E-002
   2.3977790083342678        6.1347217410047037E-004
   2.4040559167330486       -1.7440033556711112E-002
   2.4103328251318294       -3.2776913375001833E-002
   2.4166097335306103       -4.3023972037765083E-002
   2.4228866419293911       -4.6612093956375243E-002
   2.4291635503281719       -4.3010195478398565E-002
   2.4354404587269527       -3.2796266529904868E-002
   2.4417173671257335       -1.7557383045261728E-002
   2.4479942755245143        3.6309992593101337E-004
   2.4542711839232951        1.8229962265915611E-002
   2.4605480923220759        3.3334494666416317E-002
   2.4668250007208568        4.3403112957971175E-002
   2.4731019091196376        4.6935597143686419E-002
   2.4793788175184184        4.3422819394952059E-002
   2.4856557259171992        3.3413191766495674E-002
   2.4919326343159800        1.8420417151255735E-002
   2.4982095427147608        6.8886870550012331E-004
   2.5044864511135416       -1.7146239646725518E-002
   2.5107633595123224       -3.2451919442937370E-002
   2.5170402679111032       -4.2984903483550968E-002
   2.5233171763098841       -4.7216773609791110E-002
   2.5295940847086644       -4.4550174583659868E-002
   2.5358709931074452       -3.5396420430048176E-002
   2.5421479015062260       -2.1105536520550187E-002
   2.5484248099050069       -3.7613791646841440E-003
   2.5547017183037877        1.4126321088299733E-002
   2.5609786267025685        2.9986919890868428E-002
   2.5672555351013493        4.1557556040590617E-002
   2.5735324435001301        4.7202825347048026E-002
   2.5798093518989109        4.6140803436246970E-002
   2.5860862602976917        3.8544930564361257E-002
   2.5923631686964725        2.5509562743150364E-002
   2.5986400770952534        8.8863402449326223E-003
   2.6049169854940342       -8.9833060309878945E-003
   2.6111938938928150       -2.5600425334904166E-002
   2.6174708022915958       -3.8657923540522526E-002
   2.6237477106903766       -4.6358639910069131E-002
   2.6300246190891574       -4.7657069123894467E-002
   2.6363015274879382       -4.2391307494230042E-002
   2.6425784358867190       -3.1301435708726476E-002
   2.6488553442854998       -1.5921944697958736E-002
   2.6551322526842807        1.6344063664025914E-003
   2.6614091610830615        1.8969072245709030E-002
   2.6676860694818423        3.3726166532057344E-002
   2.6739629778806231        4.3911603137810597E-002
   2.6802398862794039        4.8159992812984040E-002
   2.6865167946781847        4.5913859687609221E-002
   2.6927937030769655        3.7492261795140668E-002
   2.6990706114757463        2.4041018370935825E-002
   2.7053475198745272        7.3728020527509194E-003
   2.7116244282733080       -1.0280102296438637E-002
   2.7179013366720888       -2.6566271390424494E-002
   2.7241782450708696       -3.9328223514847042E-002
   2.7304551534696504       -4.6886467827580811E-002
   2.7367320618684312       -4.8257366283790175E-002
   2.7430089702672120       -4.3277016782599376E-002
   2.7492858786659928       -3.2616111959558207E-002
   2.7555627870647736       -1.7685344686384070E-002
   2.7618396954635545       -4.4514848099597338E-004
   2.7681166038623353        1.6854057938090243E-002
   2.7743935122611161        3.1966511070110941E-002
   2.7806704206598969        4.2941841212666448E-002
   2.7869473290586777        4.8374547690311749E-002
   2.7932242374574585        4.7580431137787337E-002
   2.7995011458562393        4.0678154908336941E-002
   2.8057780542550201        2.8562649266557525E-002
   2.8120549626538009        1.2784025711229071E-002
   2.8183318710525818       -4.6359192181539000E-003
   2.8246087794513626       -2.1459375498623427E-002
   2.8308856878501434       -3.5520311129111470E-002
   2.8371625962489242       -4.5003647063627493E-002
   2.8434395046477050       -4.8680766741182151E-002
   2.8497164130464858       -4.6070161309241152E-002
   2.8559933214452666       -3.7502322296455996E-002
   2.8622702298440474       -2.4079708352239979E-002
   2.8685471382428283       -7.5365316998874041E-003
   2.8748240466416091        9.9841370628244545E-003
   2.8811009550403899        2.6207361263262587E-002
   2.8873778634391707        3.9021787423487428E-002
   2.8936547718379515        4.6755111851755460E-002
   2.8999316802367323        4.8393595704735316E-002
   2.9062085886355131        4.3716601275152291E-002
   2.9124854970342939        3.3328134515264368E-002
   2.9187624054330747        1.8580630995832081E-002
   2.9250393138318556        1.4004027009097376E-003
   2.9313162222306364       -1.5962976783635049E-002
   2.9375931306294172       -3.1230826029590431E-002
   2.9438700390281980       -4.2394702446521861E-002
   2.9501469474269788       -4.7981505446215593E-002
   2.9564238558257596       -4.7249332238843249E-002
   2.9627007642245404       -4.0287702063528628E-002
   2.9689776726233212       -2.8008677131843348E-002
   2.9752545810221021       -1.2028548516052017E-002
   2.9815314894208829        5.5443378282209518E-003
   2.9878083978196632        2.2376555092508323E-002
   2.9940853062184440        3.6210635848111905E-002
   3.0003622146172249        4.5169537763933079E-002
   3.0066391230160057        4.8016830927804774E-002
   3.0129160314147865        4.4334846224255556E-002
   3.0191929398135673        3.4594342789141315E-002
   3.0254698482123481        2.0103290506630438E-002
   3.0317467566111289        2.8387729760224372E-003
   3.0380236650099097       -1.4817533738497238E-002
   3.0443005734086905       -3.0405740038135943E-002
   3.0505774818074713       -4.1731621440753403E-002
   3.0568543902062522       -4.7179855104103427E-002
   3.0631312986050330       -4.5951361027815212E-002
   3.0694082070038138       -3.8189018662870784E-002
   3.0756851154025946       -2.4970977176563134E-002
   3.0819620238013754       -8.1692914494365474E-003
   3.0882389322001562        9.8089453708955932E-003
   3.0945158405989370        2.6363166421691567E-002
   3.1007927489977178        3.9075688388736665E-002
   3.1070696573964987        4.6068441291090327E-002
   3.1133465657952795        4.6286995896616077E-002
   3.1196234741940603        3.9668072515558539E-002
   3.1259003825928411        2.7162843270130046E-002
   3.1321772909916219        1.0609151089099000E-002
   3.1384541993904027       -7.5317060519275187E-003
   3.1447311077891835       -2.4537027413135678E-002
   3.1510080161879643       -3.7831195468145666E-002
   3.1572849245867451       -4.5380174655256296E-002
   3.1635618329855260       -4.6009532706089040E-002
   3.1698387413843068       -3.9594815633712893E-002
   3.1761156497830876       -2.7093696369729397E-002
   3.1823925581818684       -1.0411472907896019E-002
   3.1886694665806492        7.8827662735013009E-003
   3.1949463749794300        2.4948098112438626E-002
   3.2012232833782108        3.8112701886512404E-002
   3.2075001917769916        4.5295432363022164E-002
   3.2137771001757724        4.5341083420704628E-002
   3.2200540085745533        3.8214429367707664E-002
   3.2263309169733341        2.5019307136903989E-002
   3.2326078253721149        7.8361474408689263E-003
   3.2388847337708957       -1.0599624377589302E-002
   3.2451616421696765       -2.7329721982885750E-002
   3.2514385505684573       -3.9647992056531953E-002
   3.2577154589672381       -4.5542033783993761E-002
   3.2639923673660189       -4.4028809924460351E-002
   3.2702692757647998       -3.5327277037589769E-002
   3.2765461841635806       -2.0836471585570525E-002
   3.2828230925623614       -2.9188832046925790E-003
   3.2891000009611422        1.5478853185920472E-002
   3.2953769093599230        3.1308061905167189E-002
   3.3016538177587038        4.1924567478377431E-002
   3.3079307261574846        4.5535302619509312E-002
   3.3142076345562654        4.1508890451653936E-002
   3.3204845429550462        3.0495076564147326E-002
   3.3267614513538271        1.4329582316512610E-002
   3.3330383597526079       -4.2637169494538912E-003
   3.3393152681513887       -2.2130201533580619E-002
   3.3455921765501695       -3.6219804718636464E-002
   3.3518690849489503       -4.4110077701367892E-002
   3.3581459933477311       -4.4427996367039813E-002
   3.3644229017465119       -3.7096121339981102E-002
   3.3706998101452927       -2.3357915281609493E-002
   3.3769767185440736       -5.5743570961593889E-003
   3.3832536269428544        1.3176241334116767E-002
   3.3895305353416352        2.9628438808066426E-002
   3.3958074437404160        4.0899052517836772E-002
   3.4020843521391968        4.4996392600099785E-002
   3.4083612605379776        4.1178743759508134E-002
   3.4146381689367584        3.0096516528499560E-002
   3.4209150773355392        1.3689605372422546E-002
   3.4271919857343200       -5.1454801041806667E-003
   3.4334688941331009       -2.3062864252270682E-002
   3.4397458025318817       -3.6860871169467513E-002
   3.4460227109306620       -4.4056810947111308E-002
   3.4522996193294428       -4.3339355612919336E-002
   3.4585765277282237       -3.4815140270020889E-002
   3.4648534361270045       -2.0001934423290207E-002
   3.4711303445257853       -1.5659131712980809E-003
   3.4774072529245661        1.7152970464068003E-002
   3.4836841613233469        3.2743989761113416E-002
   3.4899610697221277        4.2348639401000102E-002
   3.4962379781209085        4.4189496927022121E-002
   3.5025148865196893        3.7906609168086046E-002
   3.5087917949184702        2.4636766060074741E-002
   3.5150687033172510        6.8144763432086679E-003
   3.5213456117160318       -1.2269169473865299E-002
   3.5276225201148126       -2.9071310888066235E-002
   3.5338994285135934       -4.0455579757013520E-002
   3.5401763369123742       -4.4281348402525587E-002
   3.5464532453111550       -3.9812653684434887E-002
   3.5527301537099358       -2.7867510587872197E-002
   3.5590070621087166       -1.0676073195224933E-002
   3.5652839705074975        8.5294214576702478E-003
   3.5715608789062783        2.6118763508236106E-002
   3.5778377873050591        3.8749761573010834E-002
   3.5841146957038399        4.4006553243823458E-002
   3.5903916041026207        4.0867763697186824E-002
   3.5966685125014015        2.9912683798208287E-002
   3.6029454209001823        1.3222510193360230E-002
   3.6092223292989631       -6.0083049270846355E-003
   3.6154992376977440       -2.4079366457681658E-002
   3.6217761460965248       -3.7495690252223511E-002
   3.6280530544953056       -4.3646518647915279E-002
   3.6343299628940864       -4.1319246534156105E-002
   3.6406068712928672       -3.0946206327613149E-002
   3.6468837796916480       -1.4532702120205646E-002
   3.6531606880904288        4.7236630921720126E-003
   3.6594375964892096        2.3051535438172514E-002
   3.6657145048879904        3.6843487522227394E-002
   3.6719914132867713        4.3368761828201999E-002
   3.6782683216855521        4.1319729133020032E-002
   3.6845452300843329        3.1081642472807362E-002
   3.6908221384831137        1.4668832563395118E-002
   3.6970990468818945       -4.6644073642835120E-003
   3.7033759552806753       -2.3064544932116900E-002
   3.7096528636794561       -3.6845915143822017E-002
   3.7159297720782369       -4.3231751845801948E-002
   3.7222066804770177       -4.0919642913174022E-002
   3.7284835888757986       -3.0355120511457952E-002
   3.7347604972745794       -1.3654426560209609E-002
   3.7410374056733602        5.8122151211288248E-003
   3.7473143140721410        2.4096280455575905E-002
   3.7535912224709218        3.7471063366472268E-002
   3.7598681308697026        4.3194297758818341E-002
   3.7661450392684834        4.0076652044039270E-002
   3.7724219476672642        2.8737025884504969E-002
   3.7786988560660451        1.1488308896665606E-002
   3.7849757644648259       -8.1273161875768558E-003
   3.7912526728636067       -2.6061674369672851E-002
   3.7975295812623875       -3.8595706079439428E-002
   3.8038064896611683       -4.3114215096044822E-002
   3.8100833980599491       -3.8658182606165492E-002
   3.8163603064587299       -2.6136678542657645E-002
   3.8226372148575107       -8.1499643501765640E-003
   3.8289141232562915        1.1543742246913275E-002
   3.8351910316550724        2.8809961620416821E-002
   3.8414679400538532        4.0006292968116947E-002
   3.8477448484526340        4.2755164936147311E-002
   3.8540217568514148        3.6457061283874957E-002
   3.8602986652501956        2.2429846242268354E-002
   3.8665755736489764        3.6387466121087716E-003
   3.8728524820477572       -1.5925502522555826E-002
   3.8791293904465380       -3.2091822109668461E-002
   3.8854062988453189       -4.1399181428526596E-002
   3.8916832072440997       -4.1841846676018563E-002
   3.8979601156428805       -3.3308181276802601E-002
   3.9042370240416608       -1.7615627161309096E-002
   3.9105139324404417        1.8695823698176345E-003
   3.9167908408392225        2.0949934494839350E-002
   3.9230677492380033        3.5499452300005202E-002
   3.9293446576367841        4.2357973304402760E-002
   3.9356215660355649        4.0022645219335927E-002
   3.9418984744343457        2.8984261810063059E-002
   3.9481753828331265        1.1631720930382472E-002
   3.9544522912319073       -8.2586801432903319E-003
   3.9607291996306881       -2.6341346713547872E-002
   3.9670061080294690       -3.8650500583523116E-002
   3.9732830164282498       -4.2473097632456679E-002
   3.9795599248270306       -3.6952761855457400E-002
   3.9858368332258114       -2.3289018191202462E-002
   3.9921137416245922       -4.4840092525624316E-003
   3.9983906500233730        1.5311575581801018E-002
   4.0046675584221543        3.1712069181650704E-002
   4.0109444668209351        4.1069508431738122E-002
   4.0172213752197159        4.1289323562777328E-002
   4.0234982836184967        3.2306382447530937E-002
   4.0297751920172775        1.6112632261021172E-002
   4.0360521004160583       -3.6812647062295441E-003
   4.0423290088148391       -2.2650594693679232E-002
   4.0486059172136200       -3.6545234038917421E-002
   4.0548828256124008       -4.2243422544792741E-002
   4.0611597340111816       -3.8456603476531959E-002
   4.0674366424099624       -2.6025413002971211E-002
   4.0737135508087432       -7.7378237727479702E-003
   4.0799904592075240        1.2292327494221069E-002
   4.0862673676063048        2.9548777158458078E-002
   4.0925442760050856        4.0131399503598536E-002
   4.0988211844038664        4.1640141505215049E-002
   4.1050980928026473        3.3723436908230396E-002
   4.1113750012014281        1.8164889202321226E-002
   4.1176519096002089       -1.5141050804607613E-003
   4.1239288179989897       -2.0848287285771129E-002
   4.1302057263977705       -3.5440744308418044E-002
   4.1364826347965504       -4.1964164793998171E-002
   4.1427595431953312       -3.8922863041288322E-002
   4.1490364515941121       -2.7000291786588127E-002
   4.1553133599928929       -8.9103056119159731E-003
   4.1615902683916737        1.1216651165964478E-002
   4.1678671767904545        2.8774490558774943E-002
   4.1741440851892353        3.9735744224133063E-002
   4.1804209935880161        4.1577769700558230E-002
   4.1866979019867969        3.3867436816375211E-002
   4.1929748103855777        1.8367738174171748E-002
   4.1992517187843585       -1.3606867042234236E-003
   4.2055286271831394       -2.0775289538293138E-002
   4.2118055355819202       -3.5401157458393610E-002
   4.2180824439807010       -4.1864149744302540E-002
   4.2243593523794818       -3.8670426180774764E-002
   4.2306362607782626       -2.6553362091262352E-002
   4.2369131691770434       -8.3067889033811709E-003
   4.2431900775758242        1.1857816390450797E-002
   4.2494669859746050        2.9282667491596932E-002
   4.2557438943733858        3.9939629970471770E-002
   4.2620208027721667        4.1362268349763455E-002
   4.2682977111709475        3.3218105055752227E-002
   4.2745746195697283        1.7387999092900102E-002
   4.2808515279685091       -2.4666841473999445E-003
   4.2871284363672899       -2.1749866113528946E-002
   4.2934053447660707       -3.5994371926675012E-002
   4.2996822531648515       -4.1897308546505765E-002
   4.3059591615636323       -3.8087106037294920E-002
   4.3122360699624132       -2.5443826590544165E-002
   4.3185129783611940       -6.8975504405964306E-003
   4.3247898867599748        1.3249342647035483E-002
   4.3310667951587556        3.0319580618538559E-002
   4.3373437035575364        4.0346986846179038E-002
   4.3436206119563172        4.0998923873235123E-002
   4.3498975203550980        3.2120369342619588E-002
   4.3561744287538788        1.5772493740829601E-002
   4.3624513371526596       -4.2443936200254641E-003
   4.3687282455514405       -2.3273117511786203E-002
   4.3750051539502213       -3.6883869367734884E-002
   4.3812820623490021       -4.1910832178095450E-002
   4.3875589707477829       -3.7187844839383116E-002
   4.3938358791465637       -2.3816912417597084E-002
   4.4001127875453445       -4.9094547631386423E-003
   4.4063896959441253        1.5139077394242726E-002
   4.4126666043429061        3.1671609003942808E-002
   4.4189435127416870        4.0851034196198496E-002
   4.4252204211404678        4.0549766464984892E-002
   4.4314973295392486        3.0841321215969397E-002
   4.4377742379380294        1.3980663842192374E-002
   4.4440511463368102       -6.1210684302095888E-003
   4.4503280547355910       -2.4804794675334040E-002
   4.4566049631343718       -3.7743510642762920E-002
   4.4628818715331526       -4.1943733886216389E-002
   4.4691587799319334       -3.6436725395852569E-002
   4.4754356883307143       -2.2500218404235821E-002
   4.4817125967294951       -3.3602777132267984E-003
   4.4879895051282759        1.6556731597807500E-002
   4.4942664135270567        3.2648361473386324E-002
   4.5005433219258375        4.1199328917057326E-002
   4.5068202303246183        4.0238272400545387E-002
   4.5130971387233991        2.9990642486139855E-002
   4.5193740471221799        1.2824108181837705E-002
   4.5256509555209607       -7.3000040841990459E-003
   4.5319278639197416       -2.5741699827533073E-002
   4.5382047723185224       -3.8252321789995346E-002
   4.5444816807173032       -4.1952669758525053E-002
   4.5507585891160840       -3.5995890524216562E-002
   4.5570354975148648       -2.1761603012879136E-002
   4.5633124059136456       -2.5283412448261593E-003
   4.5695893143124264        1.7285881951616199E-002
   4.5758662227112072        3.3139708829078122E-002
   4.5821431311099881        4.1408499490198127E-002
   4.5884200395087689        4.0209965902235717E-002
   4.5946969479075497        2.9828217035640578E-002
   4.6009738563063305        1.2641605703790720E-002
   4.6072507647051113       -7.4262824273855325E-003
   4.6135276731038921       -2.5804899109186600E-002
   4.6198045815026729       -3.8317999044928990E-002
   4.6260814899014537       -4.2130659052162685E-002
   4.6323583983002345       -3.6387731425780653E-002
   4.6386353066990154       -2.2400855070124577E-002
   4.6449122150977962       -3.3442479940333060E-003
   4.6511891234965770        1.6469130552803548E-002
   4.6574660318953578        3.2565231564729825E-002
   4.6637429402941386        4.1318423919607779E-002
   4.6700198486929194        4.0765274864537820E-002
   4.6762967570917002        3.1040605804591101E-002
   4.6825736654904810        1.4339994836878084E-002
   4.6888505738892619       -5.5801417569799876E-003
   4.6951274822880427       -2.4250134111310717E-002
   4.7014043906868235       -3.7490474007882205E-002
   4.7076812990856043       -4.2345713164751012E-002
   4.7139582074843851       -3.7740521172990885E-002
   4.7202351158831659       -2.4713346371333961E-002
   4.7265120242819467       -6.1784019856401390E-003
   4.7327889326807275        1.3732191749013377E-002
   4.7390658410795083        3.0595219588976041E-002
   4.7453427494782892        4.0678751590509550E-002
   4.7516196578770700        4.1764008473430723E-002
   4.7578965662758508        3.3627193997124299E-002
   4.7641734746746316        1.8078013674370539E-002
   4.7704503830734124       -1.4495304713511101E-003
   4.7767272914721932       -2.0660148713520093E-002
   4.7830041998709740       -3.5343542394527742E-002
   4.7892811082697548       -4.2295196389306698E-002
   4.7955580166685357       -4.0010759118993086E-002
   4.8018349250673165       -2.9004678418703082E-002
   4.8081118334660973       -1.1687180850570555E-002
   4.8143887418648781        8.1696250725175230E-003
   4.8206656502636589        2.6256980729430859E-002
   4.8269425586624397        3.8664757673610529E-002
   4.8332194670612205        4.2723730166510633E-002
   4.8394963754600013        3.7574093936904855E-002
   4.8457732838587821        2.4340413659119986E-002
   4.8520501922575630        5.8790774111633637E-003
   4.8583271006563438       -1.3843626155468322E-002
   4.8646040090551246       -3.0606268308722043E-002
   4.8708809174539054       -4.0835149981496253E-002
   4.8771578258526862       -4.2362334100462230E-002
   4.8834347342514670       -3.4878936677477837E-002
   4.8897116426502478       -1.9990219074706411E-002
   4.8959885510490286       -8.6466843109624222E-004
   4.9022654594478094        1.8445308679547967E-002
   4.9085423678465903        3.3865929980976407E-002
   4.9148192762453711        4.2160557677393448E-002
   4.9210961846441519        4.1603656827763340E-002
   4.9273730930429327        3.2331867989625972E-002
   4.9336500014417135        1.6302538939784273E-002
   4.9399269098404943       -3.1270662641889996E-003
   4.9462038182392751       -2.1907928568812338E-002
   4.9524807266380559       -3.6144423597799534E-002
   4.9587576350368368       -4.2899821675923169E-002
   4.9650345434356176       -4.0796151277538079E-002
   4.9713114518343984       -3.0287185241409029E-002
   4.9775883602331792       -1.3552245180058905E-002
   4.9838652686319600        5.9629203186309827E-003
   4.9901421770307408        2.4260054551583327E-002
   4.9964190854295216        3.7608327935997082E-002
   5.0026959938283024        4.3302028723489913E-002
   5.0089729022270832        4.0202793523536895E-002
   5.0152498106258641        2.8959039326799735E-002
   5.0215267190246449        1.1862084278941356E-002
   5.0278036274234257       -7.6276665767496419E-003
   5.0340805358222065       -2.5585166222132086E-002
   5.0403574442209873       -3.8411622109765668E-002
   5.0466343526197681       -4.3552433828463785E-002
   5.0529112610185480       -3.9999653275671315E-002
   5.0591881694173289       -2.8481463993574509E-002
   5.0654650778161097       -1.1304830923697584E-002
   5.0717419862148905        8.1132537049254296E-003
   5.0780188946136713        2.5929311130178621E-002
   5.0842958030124521        3.8634169036316487E-002
   5.0905727114112329        4.3740854513954229E-002
   5.0968496198100137        4.0265295341084854E-002
   5.1031265282087945        2.8908099285144442E-002
   5.1094034366075753        1.1905515795164329E-002
   5.1156803450063562       -7.4173729086354969E-003
   5.1219572534051370       -2.5300747014765847E-002
   5.1282341618039178       -3.8282058968198217E-002
   5.1345110702026986       -4.3863396317771572E-002
   5.1407879786014794       -4.0986206962973663E-002
   5.1470648870002602       -3.0224368082835705E-002
   5.1533417953990410       -1.3661991338022659E-002
   5.1596187037978218        5.5167454116180547E-003
   5.1658956121966026        2.3643817741124173E-002
   5.1721725205953835        3.7269640263884990E-002
   5.1784494289941643        4.3816852721309717E-002
   5.1847263373929451        4.2062248432923006E-002
   5.1910032457917259        3.2357846076975998E-002
   5.1972801541905067        1.6552667344300141E-002
   5.2035570625892875       -2.3663035139501807E-003
   5.2098339709880683       -2.0843057018873196E-002
   5.2161108793868491       -3.5422237768988160E-002
   5.2223877877856300       -4.3393246649348051E-002
   5.2286646961844108       -4.3289134329391951E-002
   5.2349416045831916       -3.5149456989823212E-002
   5.2412185129819724       -2.0501408483064861E-002
   5.2474954213807532       -2.0663078840045894E-003
   5.2537723297795340        1.6750903541247416E-002
   5.2600492381783148        3.2492404876877871E-002
   5.2663261465770956        4.2281590893284877E-002
   5.2726030549758764        4.4344439935571675E-002
   5.2788799633746573        3.8324457026299316E-002
   5.2851568717734381        2.5336552927917748E-002
   5.2914337801722189        7.7534435818235421E-003
   5.2977106885709997       -1.1233313688275683E-002
   5.3039875969697805       -2.8195490332062079E-002
   5.3102645053685613       -4.0086893266704920E-002
   5.3165414137673421       -4.4787038246971889E-002
   5.3228183221661229       -4.1473410513284195E-002
   5.3290952305649038       -3.0758068978117985E-002
   5.3353721389636846       -1.4567358795036680E-002
   5.3416490473624654        4.2105176733504722E-003
   5.3479259557612462        2.2244560537030909E-002
   5.3542028641600270        3.6352742734456184E-002
   5.3604797725588078        4.4061237887093811E-002
   5.3667566809575886        4.4033262800863969E-002
   5.3730335893563694        3.6294106604690020E-002
   5.3793104977551502        2.2215750647365650E-002
   5.3855874061539311        4.2669788852793284E-003
   5.3918643145527119       -1.4424409884428602E-002
   5.3981412229514927       -3.0618870847865982E-002
   5.4044181313502735       -4.1525742905323328E-002
   5.4106950397490543       -4.5280432122513890E-002
   5.4169719481478351       -4.1257209025079025E-002
   5.4232488565466159       -3.0166552269560640E-002
   5.4295257649453967       -1.3922991961789154E-002
   5.4358026733441775        4.6926374724424813E-003
   5.4420795817429584        2.2513350083672234E-002
   5.4483564901417392        3.6525568927622945E-002
   5.4546333985405200        4.4376388770478531E-002
   5.4609103069393008        4.4763514623952130E-002
   5.4671872153380816        3.7644225388842573E-002
   5.4734641237368624        2.4231087627644435E-002
   5.4797410321356432        6.7783805636575153E-003
   5.4860179405344240       -1.1802083168729827E-002
   5.4922948489332049       -2.8429427564126659E-002
   5.4985717573319857       -4.0364144010916356E-002
   5.5048486657307665       -4.5656023177776096E-002
   5.5111255741295473       -4.3456969366067008E-002
   5.5174024825283281       -3.4149546424682008E-002
   5.5236793909271089       -1.9273124443045395E-002
   5.5299562993258897       -1.2627811670786039E-003
   5.5362332077246705        1.6953768181528651E-002
   5.5425101161234513        3.2433820393504890E-002
   5.5487870245222322        4.2693748358284801E-002
   5.5550639329210130        4.6103367428373558E-002
   5.5613408413197938        4.2138695172657802E-002
   5.5676177497185746        3.1454994060904372E-002
   5.5738946581173554        1.5771323797128759E-002
   5.5801715665161362       -2.4120815180878872E-003
   5.5864484749149170       -2.0216257999656279E-002
   5.5927253833136978       -3.4840432708764170E-002
   5.5990022917124787       -4.4000740736462880E-002
   5.6052792001112595       -4.6282371939507870E-002
   5.6115561085100403       -4.1351735474576642E-002
   5.6178330169088211       -2.9997786849708306E-002
   5.6241099253076019       -1.3998882625649307E-002
   5.6303868337063827        4.1614180191618015E-003
   5.6366637421051635        2.1683375337241698E-002
   5.6429406505039443        3.5883487220825544E-002
   5.6492175589027251        4.4603439706071134E-002
   5.6554944673015060        4.6533625845855360E-002
   5.6617713757002868        4.1403484773951157E-002
   5.6680482840990676        3.0012046324636180E-002
   5.6743251924978484        1.4096731094553904E-002
   5.6806021008966292       -3.9371559252285105E-003
   5.6868790092954100       -2.1383352331774831E-002
   5.6931559176941908       -3.5641546628626876E-002
   5.6994328260929716       -4.4603011497195970E-002
   5.7057097344917524       -4.6958106767344236E-002
   5.7119866428905333       -4.2381512772701233E-002
   5.7182635512893141       -3.1569989217292267E-002
   5.7245404596880949       -1.6129637210465952E-002
   5.7308173680868757        1.6682482590561849E-003
   5.7370942764856565        1.9224878683705399E-002
   5.7433711848844373        3.3994526814287496E-002
   5.7496480932832181        4.3852114908524566E-002
   5.7559250016819989        4.7394991867556385E-002
   5.7622019100807798        4.4136749697127921E-002
   5.7684788184795606        3.4566888649217947E-002
   5.7747557268783414        2.0069670422508096E-002
   5.7810326352771222        2.7196817957215783E-003
   5.7873095436759030       -1.5016866275529471E-002
   5.7935864520746838       -3.0633907748617434E-002
   5.7998633604734646       -4.1938891205300012E-002
   5.8061402688722454       -4.7357825366044069E-002
   5.8124171772710262       -4.6150019838517201E-002
   5.8186940856698071       -3.8503873406780111E-002
   5.8249709940685879       -2.5502181911755628E-002
   5.8312479024673687       -8.9637588576410836E-003
   5.8375248108661495        8.8148161252661807E-003
   5.8438017192649303        2.5380168115107671E-002
   5.8500786276637111        3.8460696383568201E-002
   5.8563555360624919        4.6276057882655749E-002
   5.8626324444612727        4.7775699771364026E-002
   5.8689093528600536        4.2775051648242031E-002
   5.8751862612588344        3.1972454923610671E-002
   5.8814631696576152        1.6846414504354174E-002
   5.8877400780563960       -5.5110626528563655E-004
   5.8940169864551768       -1.7875882269388351E-002
   5.9002938948539576       -3.2808257532443319E-002
   5.9065708032527384       -4.3362660485997795E-002
   5.9128477116515192       -4.8148716712833939E-002
   5.9191246200503000       -4.6549996932380669E-002
   5.9254015284490809       -3.8798116583052905E-002
   5.9316784368478617       -2.5933992999294921E-002
   5.9379553452466425       -9.6632971292434384E-003
   5.9442322536454233        7.8733009136678338E-003
   5.9505091620442041        2.4380906068474730E-002
   5.9567860704429849        3.7703218387558510E-002
   5.9630629788417657        4.6101971341524953E-002
   5.9693398872405457        4.8483289527820592E-002
   5.9756167956393265        4.4539389746804194E-002
   5.9818937040381073        3.4787603362406827E-002
   5.9881706124368881        2.0501711507121826E-002
   5.9944475208356689        3.5449192837894599E-003
   6.0007244292344497       -1.3873628432748487E-002
   6.0070013376332305       -2.9486843309873775E-002
   6.0132782460320113       -4.1264690331155332E-002
   6.0195551544307921       -4.7677758155010082E-002
   6.0258320628295730       -4.7895281103560526E-002
   6.0321089712283538       -4.1892001174037602E-002
   6.0383858796271346       -3.0450274470111536E-002
   6.0446627880259154       -1.5057350031970802E-002
   6.0509396964246962        2.2885367926900055E-003
   6.0572166048234770        1.9337964234110838E-002
   6.0634935132222578        3.3882114492324804E-002
   6.0697704216210386        4.4038781053773755E-002
   6.0760473300198194        4.8495474453624503E-002
   6.0823242384186003        4.6678421558889086E-002
   6.0886011468173811        3.8825605401162436E-002
   6.0948780552161619        2.5954892167240323E-002
   6.1011549636149427        9.7312577517063448E-003
   6.1074318720137235       -7.7489030227226256E-003
   6.1137087804125043       -2.4229501305982486E-002
   6.1199856888112851       -3.7582958116910613E-002
   6.1262625972100659       -4.6068190655924199E-002
   6.1325395056088468       -4.8560571279110822E-002
   6.1388164140076276       -4.4708849105252170E-002
   6.1450933224064084       -3.4991294752526762E-002
   6.1513702308051892       -2.0663573060789576E-002
   6.1576471392039700       -3.6024338516370026E-003
   6.1639240476027508        1.3935862767986432E-002
   6.1702009560015316        2.9612140960228073E-002
   6.1764778644003124        4.1317062580080686E-002
   6.1827547727990932        4.7458298994879564E-002
   6.1890316811978741        4.7182538798049976E-002
   6.1953085895966549        4.0500802462622304E-002
   6.2015854979954357        2.8297815398107277E-002
   6.2078624063942165        1.2221757174308224E-002
   6.2141393147929973       -5.5329765132479921E-003
   6.2204162231917781       -2.2522138870907888E-002
   6.2266931315905589       -3.6387616475550888E-002
   6.2329700399893397       -4.5186953728199045E-002
   6.2392469483881206       -4.7670131070889944E-002
   6.2455238567869014       -4.3463569845323041E-002
   6.2518007651856822       -3.3133473937810409E-002
   6.2580776735844630       -1.8117071786126229E-002
   6.2643545819832438       -5.2884225054925199E-004
   6.2706314903820246        1.7133073992956594E-002
   6.2769083987808054        3.2340218466722415E-002
   6.2831853071795862        4.2897110250369908E-002
