   6.2769083987808056E-003   4.9502092043057985E-002
   1.2553816797561611E-002   4.6985415377178687E-002
   1.8830725196342418E-002   4.1839742728996016E-002
   2.5107633595123222E-002   3.4325244166980781E-002
   3.1384541993904030E-002   2.4844776438775893E-002
   3.7661450392684835E-002   1.3925143130876252E-002
   4.3938358791465640E-002   2.1901966522496017E-003
   5.0215267190246445E-002  -9.6733211840181899E-003
   5.6492175589027249E-002  -2.0955315358635752E-002
   6.2769083987808061E-002  -3.0965168480633021E-002
   6.9045992386588859E-002  -3.9075239428021914E-002
   7.5322900785369670E-002  -4.4762328391199813E-002
   8.1599809184150468E-002  -4.7644250258681721E-002
   8.7876717582931280E-002  -4.7508892318855030E-002
   9.4153625981712077E-002  -4.4333390575725863E-002
  0.10043053438049289       -3.8291647437875651E-002
  0.10670744277927370       -2.9749041199756160E-002
  0.11298435117805450       -1.9244044027476214E-002
  0.11926125957683531       -7.4573140936949906E-003
  0.12553816797561612        4.8302145559232235E-003
  0.13181507637439691        1.6787885268367862E-002
  0.13809198477317772        2.7591361540984249E-002
  0.14436889317195853        3.6480452369776296E-002
  0.15064580157073934        4.2814637273117094E-002
  0.15692270996952015        4.6122163719469270E-002
  0.16319961836830094        4.6138803696858993E-002
  0.16947652676708175        4.2832927397497160E-002
  0.17575343516586256        3.6414360639122435E-002
  0.18203034356464337        2.7325698451609669E-002
  0.18830725196342415        1.6216271203816964E-002
  0.19458416036220497        3.8985120458330485E-003
  0.20086106876098578       -8.7110651360233441E-003
  0.20713797715976659       -2.0659420935186395E-002
  0.21341488555854740       -3.1029207801184028E-002
  0.21969179395732819       -3.9010534662806330E-002
  0.22596870235610900       -4.3966536821895656E-002
  0.23224561075488981       -4.5487342301993264E-002
  0.23852251915367062       -4.3427662595729090E-002
  0.24479942755245140       -3.7924366209773554E-002
  0.25107633595123224       -2.9391849535162200E-002
  0.25735324435001306       -1.8494748800388018E-002
  0.26363015274879381       -6.0993903748108400E-003
  0.26990706114757462        6.7927929651065066E-003
  0.27618396954635543        1.9124993202048409E-002
  0.28246087794513625        2.9871700124595984E-002
  0.28873778634391706        3.8125244146440786E-002
  0.29501469474269787        4.3174848477671723E-002
  0.30129160314147868        4.4571152056997847E-002
  0.30756851154025949        4.2170130677888377E-002
  0.31384541993904030        3.6151877078520273E-002
  0.32012232833782106        2.7011724002034311E-002
  0.32639923673660187        1.5523528022416775E-002
  0.33267614513538268        2.6774047335074535E-003
  0.33895305353416350       -1.0403413002887166E-002
  0.34522996193294431       -2.2559857253513980E-002
  0.35150687033172512       -3.2700124834191623E-002
  0.35778377873050593       -3.9899588517323420E-002
  0.36406068712928674       -4.3488943241442563E-002
  0.37033759552806755       -4.3120501258391640E-002
  0.37661450392684831       -3.8805152601172607E-002
  0.38289141232562912       -3.0917543870792111E-002
  0.38916832072440993       -2.0167690982848940E-002
  0.39544522912319074       -7.5405298549644584E-003
  0.40172213752197156        5.7917803153534507E-003
  0.40799904592075237        1.8577292657289454E-002
  0.41427595431953318        2.9601752338018764E-002
  0.42055286271831399        3.7805149754626260E-002
  0.42682977111709480        4.2386072614769399E-002
  0.43310667951587556        4.2883400111227425E-002
  0.43938358791465637        3.9226732511495221E-002
  0.44566049631343718        3.1749744715317649E-002
  0.45193740471221799        2.1164113462087436E-002
  0.45821431311099881        8.4955162852905809E-003
  0.46449122150977962       -5.0129692112718827E-003
  0.47076812990856043       -1.8021280703348203E-002
  0.47704503830734124       -2.9225131823885163E-002
  0.48332194670612205       -3.7488016264423225E-002
  0.48959885510490281       -4.1959013088426617E-002
  0.49587576350368362       -4.2163967681597067E-002
  0.50215267190246449       -3.8059974444676264E-002
  0.50842958030124530       -3.0046561050992644E-002
  0.51470648870002611       -1.8931277841871590E-002
  0.52098339709880681       -5.8520868537189274E-003
  0.52726030549758762        7.8364307301139538E-003
  0.53353721389636843        2.0702004529251673E-002
  0.53981412229514925        3.1384714981965559E-002
  0.54609103069393006        3.8742386119916913E-002
  0.55236793909271087        4.1975596326659079E-002
  0.55864484749149168        4.0718423541155804E-002
  0.56492175589027249        3.5084270180857448E-002
  0.57119866428905330        2.5660676582437977E-002
  0.57747557268783412        1.3452425211136215E-002
  0.58375248108661493       -2.2210226865436377E-004
  0.59002938948539574       -1.3871052554796448E-002
  0.59630629788417655       -2.5991101409053929E-002
  0.60258320628295736       -3.5233856854685247E-002
  0.60886011468173817       -4.0558190179723431E-002
  0.61513702308051899       -4.1351070904981496E-002
  0.62141393147929980       -3.7502533646667807E-002
  0.62769083987808061       -2.9425199859632118E-002
  0.63396774827686131       -1.8014820373522845E-002
  0.64024465667564212       -4.5549594537378085E-003
  0.64652156507442293        9.4245488682767713E-003
  0.65279847347320374        2.2320128347833416E-002
  0.65907538187198456        3.2638707235688659E-002
  0.66535229027076537        3.9172516859788023E-002
  0.67162919866954618        4.1143793501759562E-002
  0.67790610706832699        3.8301708579121269E-002
  0.68418301546710780        3.0959003925928468E-002
  0.69045992386588861        1.9962633455809658E-002
  0.69673683226466943        6.6003983515012009E-003
  0.70301374066345024       -7.5466684668810237E-003
  0.70929064906223105       -2.0789846189832390E-002
  0.71556755746101186       -3.1535284826968650E-002
  0.72184446585979267       -3.8478000417170630E-002
  0.72812137425857348       -4.0763307014145413E-002
  0.73439828265735430       -3.8095943666375101E-002
  0.74067519105613511       -3.0782571912534324E-002
  0.74695209945491581       -1.9701126098751388E-002
  0.75322900785369662       -6.1993864051692622E-003
  0.75950591625247743        8.0660449388212044E-003
  0.76578282465125824        2.1331513568403484E-002
  0.77205973305003905        3.1944471370382498E-002
  0.77833664144881987        3.8571048029042494E-002
  0.78461354984760068        4.0366787867217840E-002
  0.79089045824638149        3.7088341927578872E-002
  0.79716736664516230        2.9130893029419798E-002
  0.80344427504394311        1.7485167507825951E-002
  0.80972118344272392        3.6180237975134413E-003
  0.81599809184150474       -1.0709545866529571E-002
  0.82227500024028555       -2.3664789939969746E-002
  0.82855190863906636       -3.3578073751055690E-002
  0.83482881703784717       -3.9160110298427177E-002
  0.84110572543662798       -3.9673075687943135E-002
  0.84738263383540879       -3.5032462742662161E-002
  0.85365954223418961       -2.5825157390845028E-002
  0.85993645063297042       -1.3239794261909719E-002
  0.86621335903175112        1.0829359626481269E-003
  0.87249026743053193        1.5261836928074753E-002
  0.87876717582931274        2.7421463313843410E-002
  0.88504408422809355        3.5942168549143519E-002
  0.89132099262687436        3.9681819875915070E-002
  0.89759790102565518        3.8130678939187805E-002
  0.90387480942443599        3.1483668611452680E-002
  0.91015171782321680        2.0619379103398436E-002
  0.91642862622199761        6.9868765469286234E-003
  0.92270553462077842       -7.5853133060773664E-003
  0.92898244301955923       -2.1133301468822464E-002
  0.93525935141834005       -3.1822524714492276E-002
  0.94153625981712086       -3.8197414432020405E-002
  0.94781316821590167       -3.9381877878752275E-002
  0.95409007661468248       -3.5202714069876212E-002
  0.96036698501346329       -2.6218176866278350E-002
  0.96664389341224410       -1.3646677306847661E-002
  0.97292080181102492        7.9576641433737132E-004
  0.97919771020980562        1.5128025642459762E-002
  0.98547461860858643        2.7375061352445797E-002
  0.99175152700736724        3.5840793393587353E-002
  0.99802843540614805        3.9344853931233194E-002
   1.0043053438049290        3.7389941638231380E-002
   1.0105822522037098        3.0235676072777249E-002
   1.0168591606024906        1.8867590920468601E-002
   1.0231360690012714        4.8643777219467511E-003
   1.0294129774000522       -9.8191546235224959E-003
   1.0356898857988328       -2.3123921907957416E-002
   1.0419667941976136       -3.3175522427397235E-002
   1.0482437025963944       -3.8549788776390002E-002
   1.0545206109951752       -3.8477268572428502E-002
   1.0607975193939561       -3.2958834393670026E-002
   1.0670744277927369       -2.2771457055552998E-002
   1.0733513361915177       -9.3559534652672416E-003
   1.0796282445902985        5.3867422362651384E-003
   1.0859051529890793        1.9364279218531379E-002
   1.0921820613878601        3.0589851169976548E-002
   1.0984589697866409        3.7464956828553900E-002
   1.1047358781854217        3.9007829883479929E-002
   1.1110127865842025        3.4994684106170924E-002
   1.1172896949829834        2.5993373741720283E-002
   1.1235666033817642        1.3284199439784566E-002
   1.1298435117805450       -1.3212281878925087E-003
   1.1361204201793258       -1.5737610512838816E-002
   1.1423973285781066       -2.7903497263321211E-002
   1.1486742369768874       -3.6076334515385652E-002
   1.1549511453756682       -3.9082738891845985E-002
   1.1612280537744490       -3.6487973729132296E-002
   1.1675049621732299       -2.8659990542013739E-002
   1.1737818705720107       -1.6718455948325928E-002
   1.1800587789707915       -2.3756282688999013E-003
   1.1863356873695723        1.2308434452319933E-002
   1.1926125957683531        2.5221464193413323E-002
   1.1988895041671339        3.4502978032608510E-002
   1.2051664125659147        3.8812937833164501E-002
   1.2114433209646955        3.7526153485687920E-002
   1.2177202293634763        3.0824155717745542E-002
   1.2239971377622572        1.9670765909540002E-002
   1.2302740461610380        5.6747423639709584E-003
   1.2365509545598188       -9.1415606787370162E-003
   1.2428278629585996       -2.2637970714110139E-002
   1.2491047713573804       -3.2867946825742088E-002
   1.2553816797561612       -3.8358995214311783E-002
   1.2616585881549420       -3.8323692407452474E-002
   1.2679354965537226       -3.2771416537451949E-002
   1.2742124049525034       -2.2505114512198127E-002
   1.2804893133512842       -9.0040062882374462E-003
   1.2867662217500651        5.7904573051044215E-003
   1.2930431301488459        1.9754297338019457E-002
   1.2993200385476267        3.0885988157394198E-002
   1.3055969469464075        3.7592930452033005E-002
   1.3118738553451883        3.8918466163476009E-002
   1.3181507637439691        3.4677206662707710E-002
   1.3244276721427499        2.5479687182700519E-002
   1.3307045805415307        1.2643276360607454E-002
   1.3369814889403115       -1.9975003963503459E-003
   1.3432583973390924       -1.6353766370079688E-002
   1.3495353057378732       -2.8380502238742097E-002
   1.3558122141366540       -3.6367551131730749E-002
   1.3620891225354348       -3.9182068463190695E-002
   1.3683660309342156       -3.6428133544291336E-002
   1.3746429393329964       -2.8501211016503127E-002
   1.3809198477317772       -1.6530122940684216E-002
   1.3871967561305580       -2.2152614195617521E-003
   1.3934736645293389        1.2413707303720808E-002
   1.3997505729281197        2.5285838686734334E-002
   1.4060274813269005        3.4582500411220844E-002
   1.4123043897256813        3.8997345433671525E-002
   1.4185812981244621        3.7918859018973364E-002
   1.4248582065232429        3.1510565185953431E-002
   1.4311351149220237        2.0682773796931255E-002
   1.4374120233208045        6.9602545370262073E-003
   1.4436889317195853       -7.7347742323270923E-003
   1.4499658401183662       -2.1353115299887884E-002
   1.4562427485171470       -3.2004319812552161E-002
   1.4625196569159278       -3.8217844896715716E-002
   1.4687965653147086       -3.9143757341293016E-002
   1.4750734737134894       -3.4665927309662670E-002
   1.4813503821122702       -2.5413093004314633E-002
   1.4876272905110510       -1.2667414699756839E-002
   1.4939041989098316        1.8157749070067352E-003
   1.5001811073086124        1.6051355767997686E-002
   1.5064580157073932        2.8096973911223226E-002
   1.5127349241061741        3.6317304127051128E-002
   1.5190118325049549        3.9604170453662990E-002
   1.5252887409037357        3.7523187433129962E-002
   1.5315656493025165        3.0367889597024137E-002
   1.5378425577012973        1.9115128698404593E-002
   1.5441194661000781        5.2888382949159716E-003
   1.5503963744988589       -9.2484202095650895E-003
   1.5566732828976397       -2.2547420919928909E-002
   1.5629501912964205       -3.2833434458631260E-002
   1.5692270996952014       -3.8741793152586156E-002
   1.5755040080939822       -3.9496481242528393E-002
   1.5817809164927630       -3.5009714949497013E-002
   1.5880578248915438       -2.5891332638631671E-002
   1.5943347332903246       -1.3358952015270979E-002
   1.6006116416891054        9.2948328344545487E-004
   1.6068885500878862        1.5097337857826174E-002
   1.6131654584866670        2.7296555526330941E-002
   1.6194423668854478        3.5947742848369657E-002
   1.6257192752842287        3.9942160348907720E-002
   1.6319961836830095        3.8780057637072804E-002
   1.6382730920817903        3.2628683195633758E-002
   1.6445500004805711        2.2293860520386434E-002
   1.6508269088793519        9.1103060713545059E-003
   1.6571038172781327       -5.2339337612778512E-003
   1.6633807256769135       -1.8915439901659514E-002
   1.6696576340756943       -3.0207444199699354E-002
   1.6759345424744752       -3.7696380058775875E-002
   1.6822114508732560       -4.0456017551513665E-002
   1.6884883592720368       -3.8158112345418979E-002
   1.6947652676708176       -3.1106893289020259E-002
   1.7010421760695984       -2.0194457827047568E-002
   1.7073190844683792       -6.7840227552327407E-003
   1.7135959928671600        7.4632533135254525E-003
   1.7198729012659408        2.0795557657350954E-002
   1.7261498096647214        3.1585786724972746E-002
   1.7324267180635022        3.8528556029226176E-002
   1.7387036264622830        4.0795198949938459E-002
   1.7449805348610639        3.8128780652791606E-002
   1.7512574432598447        3.0868690683564837E-002
   1.7575343516586255        1.9903465740409160E-002
   1.7638112600574063        6.5586830838626894E-003
   1.7700881684561871       -7.5677201042484224E-003
   1.7763650768549679       -2.0798674382148604E-002
   1.7826419852537487       -3.1576971534525940E-002
   1.7889188936525295       -3.8646858869489910E-002
   1.7951958020513104       -4.1197182770691315E-002
   1.8014727104500912       -3.8950234201073776E-002
   1.8077496188488720       -3.2187085855633395E-002
   1.8140265272476528       -2.1707872223655684E-002
   1.8203034356464336       -8.7329773763096114E-003
   1.8265803440452144        5.2422348444529573E-003
   1.8328572524439952        1.8621544059499801E-002
   1.8391341608427760        2.9890399426774697E-002
   1.8454110692415568        3.7785992607794965E-002
   1.8516879776403377        4.1435966846110880E-002
   1.8579648860391185        4.0450886588882816E-002
   1.8642417944378993        3.4961157415734238E-002
   1.8705187028366801        2.5595531439094869E-002
   1.8767956112354609        1.3404887032098370E-002
   1.8830725196342417       -2.5907874628356618E-004
   1.8893494280330225       -1.3895913222497723E-002
   1.8956263364318033       -2.6021914503668739E-002
   1.9019032448305841       -3.5330779746762866E-002
   1.9081801532293650       -4.0832118774405624E-002
   1.9144570616281458       -4.1953424655538571E-002
   1.9207339700269266       -3.8595413845566626E-002
   1.9270108784257074       -3.1135909700006219E-002
   1.9332877868244882       -2.0382996808471388E-002
   1.9395646952232690       -7.4837632269755001E-003
   1.9458416036220498        6.2005370816959884E-003
   1.9521185120208304        1.9239558827921492E-002
   1.9583954204196112        3.0283452709505013E-002
   1.9646723288183920        3.8201286923948675E-002
   1.9709492372171729        4.2194292990607500E-002
   1.9772261456159537        4.1872892553081700E-002
   1.9835030540147345        3.7290496558835311E-002
   1.9897799624135153        2.8931670049198548E-002
   1.9960568708122961        1.7656958629506791E-002
   2.0023337792110771        4.6109810431536188E-003
   2.0086106876098579       -8.8961068759050230E-003
   2.0148875960086388       -2.1521302868142193E-002
   2.0211645044074196       -3.2022086217894118E-002
   2.0274414128062004       -3.9377198778761301E-002
   2.0337183212049812       -4.2883321340128587E-002
   2.0399952296037620       -4.2218791849738861E-002
   2.0462721380025428       -3.7468992271452284E-002
   2.0525490464013236       -2.9111909563386107E-002
   2.0588259548001044       -1.7966268681482191E-002
   2.0651028631988853       -5.1081555746608819E-003
   2.0713797715976656        8.2351177564011901E-003
   2.0776566799964464        2.0803261597875568E-002
   2.0839335883952272        3.1421902717388685E-002
   2.0902104967940081        3.9110957349460768E-002
   2.0964874051927889        4.3172634196831351E-002
   2.1027643135915697        4.3251478487777127E-002
   2.1090412219903505        3.9361815683801836E-002
   2.1153181303891313        3.1880454222635517E-002
   2.1215950387879121        2.1506119832151241E-002
   2.1278719471866929        9.1908484963352591E-003
   2.1341488555854737       -3.9498521556319980E-003
   2.1404257639842545       -1.6739473020115487E-002
   2.1467026723830354       -2.8046086264912680E-002
   2.1529795807818162       -3.6881581325897958E-002
   2.1592564891805970       -4.2485970378873882E-002
   2.1655333975793778       -4.4389788764963592E-002
   2.1718103059781586       -4.2449773525213147E-002
   2.1780872143769394       -3.6855494764266528E-002
   2.1843641227757202       -2.8107213005170138E-002
   2.1906410311745010       -1.6967700443816458E-002
   2.1969179395732819       -4.3929004823434498E-003
   2.2031948479720627        8.5520748949256785E-003
   2.2094717563708435        2.0784095673658333E-002
   2.2157486647696243        3.1292469142156845E-002
   2.2220255731684051        3.9221190843477471E-002
   2.2283024815671859        4.3936439231722822E-002
   2.2345793899659667        4.5074212691621561E-002
   2.2408562983647475        4.2564828867636136E-002
   2.2471332067635283        3.6633008349924397E-002
   2.2534101151623092        2.7774296794112700E-002
   2.2596870235610900        1.6710452891129730E-002
   2.2659639319598708        4.3280190621694994E-003
   2.2722408403586516       -8.3945268178156774E-003
   2.2785177487574324       -2.0464985878584228E-002
   2.2847946571562132       -3.0954968379289224E-002
   2.2910715655549940       -3.9070413419267910E-002
   2.2973484739537748       -4.4209519655479965E-002
   2.3036253823525557       -4.6004412312679217E-002
   2.3099022907513365       -4.4343956955777176E-002
   2.3161791991501173       -3.9376623309794564E-002
   2.3224561075488981       -3.1493894234400119E-002
   2.3287330159476789       -2.1296132799167936E-002
   2.3350099243464597       -9.5440630518795182E-003
   2.3412868327452405        2.9000642134221367E-003
   2.3475637411440213        1.5136951176270484E-002
   2.3538406495428021        2.6295511801317333E-002
   2.3601175579415830        3.5594182873210325E-002
   2.3663944663403638        4.2394065366166855E-002
   2.3726713747391446        4.6240426613940878E-002
   2.3789482831379254        4.6890088904931078E-002
   2.3852251915367062        4.4323314615466576E-002
   2.3915020999354870        3.8739962846264957E-002
   2.3977790083342678        3.0540770651158549E-002
   2.4040559167330486        2.0295621070746062E-002
   2.4103328251318294        8.7014351216150917E-003
   2.4166097335306103       -3.4670612285383402E-003
   2.4228866419293911       -1.5410155423538468E-002
   2.4291635503281719       -2.6355890516531345E-002
   2.4354404587269527       -3.5609311803923412E-002
   2.4417173671257335       -4.2595099452444891E-002
   2.4479942755245143       -4.6891202801647054E-002
   2.4542711839232951       -4.8251365829915648E-002
   2.4605480923220759       -4.6615059078072972E-002
   2.4668250007208568       -4.2107317086200663E-002
   2.4731019091196376       -3.5026932736739978E-002
   2.4793788175184184       -2.5823992596529014E-002
   2.4856557259171992       -1.5068947458799397E-002
   2.4919326343159800       -3.4153982082169099E-003
   2.4982095427147608        8.4408536257188933E-003
   2.5044864511135416        1.9803919023240874E-002
   2.5107633595123224        3.0018515049362756E-002
   2.5170402679111032        3.8506925614547466E-002
   2.5233171763098841        4.4800197070224791E-002
   2.5295940847086644        4.8562028539532051E-002
   2.5358709931074452        4.9604267278101660E-002
   2.5421479015062260        4.7893513235824553E-002
   2.5484248099050069        4.3548815424392963E-002
   2.5547017183037877        3.6831010060633183E-002
   2.5609786267025685        2.8124627494619497E-002
   2.5672555351013493        1.7913734381119102E-002
   2.5735324435001301        6.7532598286214251E-003
   2.5798093518989109       -4.7623859196272269E-003
   2.5860862602976917       -1.6031651494743962E-002
   2.5923631686964725       -2.6477304445890668E-002
   2.5986400770952534       -3.5575484732089602E-002
   2.6049169854940342       -4.2880824774575679E-002
   2.6111938938928150       -4.8046689413449549E-002
   2.6174708022915958       -5.0839473844411898E-002
   2.6237477106903766       -5.1146959623752035E-002
   2.6300246190891574       -4.8978920639791687E-002
   2.6363015274879382       -4.4458827267729852E-002
   2.6425784358867190       -3.7819741900667468E-002
   2.6488553442854998       -2.9391799600107859E-002
   2.6551322526842807       -1.9584169161503587E-002
   2.6614091610830615       -8.8641522221221680E-003
   2.6676860694818423        2.2659786840510893E-003
   2.6739629778806231        1.3292952327632243E-002
   2.6802398862794039        2.3716315909079702E-002
   2.6865167946781847        3.3070863496489404E-002
   2.6927937030769655        4.0946806794028581E-002
   2.6990706114757463        4.7006764149432195E-002
   2.7053475198745272        5.0999004192944869E-002
   2.7116244282733080        5.2766422278805611E-002
   2.7179013366720888        5.2251090642969997E-002
   2.7241782450708696        4.9494288047553833E-002
   2.7304551534696504        4.4632262088741867E-002
   2.7367320618684312        3.7888007585772550E-002
   2.7430089702672120        2.9559660681191091E-002
   2.7492858786659928        2.0006057360038840E-002
   2.7555627870647736        9.6302896784817293E-003
   2.7618396954635545       -1.1380793587491569E-003
   2.7681166038623353       -1.1861201103073243E-002
   2.7743935122611161       -2.2110927497685350E-002
   2.7806704206598969       -3.1485645702082787E-002
   2.7869473290586777       -3.9625616232467686E-002
   2.7932242374574585       -4.6225868187295051E-002
   2.7995011458562393       -5.1046363564930280E-002
   2.8057780542550201       -5.3912221439247926E-002
   2.8120549626538009       -5.4707782027645639E-002
   2.8183318710525818       -5.3393982012224936E-002
   2.8246087794513626       -5.0013555718162517E-002
   2.8308856878501434       -4.4689775952766068E-002
   2.8371625962489242       -3.7622833585610901E-002
   2.8434395046477050       -2.9082732537217937E-002
   2.8497164130464858       -1.9399560449640234E-002
   2.8559933214452666       -8.9510616654154256E-003
   2.8622702298440474        1.8517582948803899E-003
   2.8685471382428283        1.2580670296884791E-002
   2.8748240466416091        2.2807122431302750E-002
   2.8811009550403899        3.2119472289079597E-002
   2.8873778634391707        4.0139747521506536E-002
   2.8936547718379515        4.6539339590485014E-002
   2.8999316802367323        5.1052886670890078E-002
   2.9062085886355131        5.3489817744973293E-002
   2.9124854970342939        5.3742971035714883E-002
   2.9187624054330747        5.1793940574441026E-002
   2.9250393138318556        4.7714807199480042E-002
   2.9313162222306364        4.1666175178403327E-002
   2.9375931306294172        3.3891467336612233E-002
   2.9438700390281980        2.4707711171372968E-002
   2.9501469474269788        1.4493072272481526E-002
   2.9564238558257596        3.6716715442244598E-003
   2.9627007642245404       -7.3037917716484374E-003
   2.9689776726233212       -1.7970878602661576E-002
   2.9752545810221021       -2.7876353450787247E-002
   2.9815314894208829       -3.6589174719713895E-002
   2.9878083978196632       -4.3712244818847459E-002
   2.9940853062184440       -4.8905637299313756E-002
   3.0003622146172249       -5.1906101074771893E-002
   3.0066391230160057       -5.2542909687804187E-002
   3.0129160314147865       -5.0750455994404767E-002
   3.0191929398135673       -4.6576246973405504E-002
   3.0254698482123481       -4.0183779880197425E-002
   3.0317467566111289       -3.1849616614121536E-002
   3.0380236650099097       -2.1954497347477800E-002
   3.0443005734086905       -1.0968461299602189E-002
   3.0505774818074713        5.6957792660406912E-004
   3.0568543902062522        1.2077120262098097E-002
   3.0631312986050330        2.2957117944692677E-002
   3.0694082070038138        3.2629427067824616E-002
   3.0756851154025946        4.0563016009860592E-002
   3.0819620238013754        4.6307160864670641E-002
   3.0882389322001562        4.9519725355207524E-002
   3.0945158405989370        4.9990700825446766E-002
   3.1007927489977178        4.7659285152307239E-002
   3.1070696573964987        4.2623088267722285E-002
   3.1133465657952795        3.5138394149839880E-002
   3.1196234741940603        2.5610928504177958E-002
   3.1259003825928411        1.4577101546372314E-002
   3.1321772909916219        2.6763419313372201E-003
   3.1384541993904027       -9.3842940433554733E-003
   3.1447311077891835       -2.0871395795278781E-002
   3.1510080161879643       -3.1070218334268093E-002
   3.1572849245867451       -3.9331328906240262E-002
   3.1635618329855260       -4.5114560627048036E-002
   3.1698387413843068       -4.8026836259175872E-002
   3.1761156497830876       -4.7852161371174498E-002
   3.1823925581818684       -4.4571196384124157E-002
   3.1886694665806492       -3.8368482821129070E-002
   3.1949463749794300       -2.9626219094594290E-002
   3.2012232833782108       -1.8904348108251069E-002
   3.2075001917769916       -6.9076577875270368E-003
   3.2137771001757724        5.5584271166877249E-003
   3.2200540085745533        1.7640796292450335E-002
   3.2263309169733341        2.8496984418598340E-002
   3.2326078253721149        3.7354957240544696E-002
   3.2388847337708957        4.3570077623986452E-002
   3.2451616421696765        4.6674971674072793E-002
   3.2514385505684573        4.6418278855125034E-002
   3.2577154589672381        4.2788915575033219E-002
   3.2639923673660189        3.6023360546886055E-002
   3.2702692757647998        2.6594670506424861E-002
   3.2765461841635806        1.5183225905732692E-002
   3.2828230925623614        2.6306754052636298E-003
   3.2891000009611422       -1.0120126691041179E-002
   3.2953769093599230       -2.2095067252979002E-002
   3.3016538177587038       -3.2363590772220875E-002
   3.3079307261574846       -4.0112579256439823E-002
   3.3142076345562654       -4.4713489572189277E-002
   3.3204845429550462       -4.5776812706228319E-002
   3.3267614513538271       -4.3189752445958962E-002
   3.3330383597526079       -3.7134488199504469E-002
   3.3393152681513887       -2.8077579109671433E-002
   3.3455921765501695       -1.6736387182828452E-002
   3.3518690849489503       -4.0251228226349097E-003
   3.3581459933477311        9.0169026924160171E-003
   3.3644229017465119        2.1309319386770619E-002
   3.3706998101452927        3.1820438977689540E-002
   3.3769767185440736        3.9655194208134029E-002
   3.3832536269428544        4.4133751282921949E-002
   3.3895305353416352        4.4853698205434778E-002
   3.3958074437404160        4.1729929654419254E-002
   3.4020843521391968        3.5008021736717604E-002
   3.4083612605379776        2.5249102850759819E-002
   3.4146381689367584        1.3286639209723417E-002
   3.4209150773355392        1.5809755581426029E-004
   3.4271919857343200       -1.2983215522530900E-002
   3.4334688941331009       -2.4968836222201803E-002
   3.4397458025318817       -3.4719657847386481E-002
   3.4460227109306620       -4.1344905424390246E-002
   3.4522996193294428       -4.4226373084141908E-002
   3.4585765277282237       -4.3079745176781023E-002
   3.4648534361270045       -3.7986651744990177E-002
   3.4711303445257853       -2.9393612593447749E-002
   3.4774072529245661       -1.8076979555729004E-002
   3.4836841613233469       -5.0761815007302940E-003
   3.4899610697221277        8.3993784132168885E-003
   3.4962379781209085        2.1081642681221802E-002
   3.5025148865196893        3.1763553515194026E-002
   3.5087917949184702        3.9416228680047648E-002
   3.5150687033172510        4.3290510160557884E-002
   3.5213456117160318        4.2993626255405558E-002
   3.5276225201148126        3.8532918603739537E-002
   3.5338994285135934        3.0321377828251964E-002
   3.5401763369123742        1.9143481589936721E-002
   3.5464532453111550        6.0836580305898532E-003
   3.5527301537099358       -7.5764710019588424E-003
   3.5590070621087166       -2.0482616048534959E-002
   3.5652839705074975       -3.1342167298110159E-002
   3.5715608789062783       -3.9055064100692080E-002
   3.5778377873050591       -4.2827827960126172E-002
   3.5841146957038399       -4.2258718234691864E-002
   3.5903916041026207       -3.7384565816999712E-002
   3.5966685125014015       -2.8683509808299576E-002
   3.6029454209001823       -1.7032257094663009E-002
   3.6092223292989631       -3.6211791713325384E-003
   3.6154992376977440        1.0164930939072300E-002
   3.6217761460965248        2.2888778742441541E-002
   3.6280530544953056        3.3210765112266769E-002
   3.6343299628940864        4.0031761277084556E-002
   3.6406068712928672        4.2613097645371259E-002
   3.6468837796916480        4.0660398163138621E-002
   3.6531606880904288        3.4361396302955170E-002
   3.6594375964892096        2.4372559647562839E-002
   3.6657145048879904        1.1754761174744706E-002
   3.6719914132867713       -2.1362029403552683E-003
   3.6782683216855521       -1.5793324059129202E-002
   3.6845452300843329       -2.7721294117828175E-002
   3.6908221384831137       -3.6601182251137794E-002
   3.6970990468818945       -4.1438682551849688E-002
   3.7033759552806753       -4.1679010868166298E-002
   3.7096528636794561       -3.7274824147561336E-002
   3.7159297720782369       -2.8698452042694896E-002
   3.7222066804770177       -1.6895786667089855E-002
   3.7284835888757986       -3.1857299303776915E-003
   3.7347604972745794        1.0884585418457564E-002
   3.7410374056733602        2.3713240321076214E-002
   3.7473143140721410        3.3826359225507648E-002
   3.7535912224709218        4.0049441706401318E-002
   3.7598681308697026        4.1647086846534224E-002
   3.7661450392684834        3.8414150553808361E-002
   3.7724219476672642        3.0706610214083756E-002
   3.7786988560660451        1.9407191833339939E-002
   3.7849757644648259        5.8283850733909237E-003
   3.7912526728636067       -8.4370322670484343E-003
   3.7975295812623875       -2.1701328724597450E-002
   3.8038064896611683       -3.2381655910702488E-002
   3.8100833980599491       -3.9190744530910808E-002
   3.8163603064587299       -4.1295300872926488E-002
   3.8226372148575107       -3.8422274990339386E-002
   3.8289141232562915       -3.0898985594301123E-002
   3.8351910316550724       -1.9620831022633452E-002
   3.8414679400538532       -5.9489938188244272E-003
   3.8477448484526340        8.4507275389349400E-003
   3.8540217568514148        2.1809729607690512E-002
   3.8602986652501956        3.2475325391617078E-002
   3.8665755736489764        3.9117232808394513E-002
   3.8728524820477572        4.0896343565911840E-002
   3.8791293904465380        3.7574486265679101E-002
   3.8854062988453189        2.9550385186398666E-002
   3.8916832072440997        1.7816050577059490E-002
   3.8979601156428805        3.8377328902617120E-003
   3.9042370240416608       -1.0624753299034303E-002
   3.9105139324404417       -2.3738426586137371E-002
   3.9167908408392225       -3.3829821107727379E-002
   3.9230677492380033       -3.9600398181403020E-002
   3.9293446576367841       -4.0296746548161774E-002
   3.9356215660355649       -3.5812900736421752E-002
   3.9418984744343457       -2.6710426264426306E-002
   3.9481753828331265       -1.4152304990680096E-002
   3.9544522912319073        2.4220837032917357E-004
   3.9607291996306881        1.4604123738855453E-002
   3.9670061080294690        2.7056623136247723E-002
   3.9732830164282498        3.5961150375256531E-002
   3.9795599248270306        4.0135334173510007E-002
   3.9858368332258114        3.9013483527904305E-002
   3.9921137416245922        3.2727450188321384E-002
   3.9983906500233730        2.2095809263876158E-002
   4.0046675584221543        8.5213396231665021E-003
   4.0109444668209351       -6.1909745371439093E-003
   4.0172213752197159       -2.0072177121326834E-002
   4.0234982836184967       -3.1253054138707950E-002
   4.0297751920172775       -3.8219846406375088E-002
   4.0360521004160583       -4.0023158714391209E-002
   4.0423290088148391       -3.6409022860189252E-002
   4.0486059172136200       -2.7857220373604850E-002
   4.0548828256124008       -1.5520398362733759E-002
   4.0611597340111816       -1.0710163813957060E-003
   4.0674366424099624        1.3523809794068859E-002
   4.0737135508087432        2.6269515880105055E-002
   4.0799904592075240        3.5417119719279251E-002
   4.0862673676063048        3.9704665300221133E-002
   4.0925442760050856        3.8533548447294223E-002
   4.0988211844038664        3.2054807198630277E-002
   4.1050980928026473        2.1152580495332547E-002
   4.1113750012014281        7.3260464623406043E-003
   4.1176519096002089       -7.5147841277125298E-003
   4.1239288179989897       -2.1311871040088061E-002
   4.1302057263977705       -3.2144555298818371E-002
   4.1364826347965504       -3.8497986433148737E-002
   4.1427595431953312       -3.9476935617397138E-002
   4.1490364515941121       -3.4934528185567353E-002
   4.1553133599928929       -2.5497072697147828E-002
   4.1615902683916737       -1.2480472164758274E-002
   4.1678671767904545        2.2909895009580626E-003
   4.1741440851892353        1.6738933091797980E-002
   4.1804209935880161        2.8822900226925036E-002
   4.1866979019867969        3.6829304371422240E-002
   4.1929748103855777        3.9615982443672607E-002
   4.1992517187843585        3.6778341183153228E-002
   4.2055286271831394        2.8714206538641655E-002
   4.2118055355819202        1.6566970497802053E-002
   4.2180824439807010        2.0625475337095506E-003
   4.2243593523794818       -1.2735319095481956E-002
   4.2306362607782626       -2.5718485949657914E-002
   4.2369131691770434       -3.5034855117071093E-002
   4.2431900775758242       -3.9353099037595138E-002
   4.2494669859746050       -3.8053684622654176E-002
   4.2557438943733858       -3.1318729594045767E-002
   4.2620208027721667       -2.0107485286452446E-002
   4.2682977111709475       -6.0206201161244451E-003
   4.2745746195697283        8.9276485430236068E-003
   4.2808515279685091        2.2597215214344418E-002
   4.2871284363672899        3.3028520121674662E-002
   4.2934053447660707        3.8723865377138685E-002
   4.2996822531648515        3.8863175873432826E-002
   4.3059591615636323        3.3423016550030160E-002
   4.3122360699624132        2.3181461833467278E-002
   4.3185129783611940        9.6077595874288994E-003
   4.3247898867599748       -5.3477084792886622E-003
   4.3310667951587556       -1.9533241590749869E-002
   4.3373437035575364       -3.0905342764074334E-002
   4.3436206119563172       -3.7823413861880123E-002
   4.3498975203550980       -3.9287107149289027E-002
   4.3561744287538788       -3.5081860150390408E-002
   4.3624513371526596       -2.5811374715060769E-002
   4.3687282455514405       -1.2811888923349715E-002
   4.3750051539502213        2.0395610698362350E-003
   4.3812820623490021        1.6596616063755430E-002
   4.3875589707477829        2.8757574276913774E-002
   4.3938358791465637        3.6769244333847241E-002
   4.4001127875453445        3.9478979002547591E-002
   4.4063896959441253        3.6499664797037173E-002
   4.4126666043429061        2.8263963689736733E-002
   4.4189435127416870        1.5960474243124478E-002
   4.4252204211404678        1.3613039703870595E-003
   4.4314973295392486       -1.3433760608730916E-002
   4.4377742379380294       -2.6299505735607659E-002
   4.4440511463368102       -3.5390394681137971E-002
   4.4503280547355910       -3.9404772113040221E-002
   4.4566049631343718       -3.7770401554103800E-002
   4.4628818715331526       -3.0725031074508330E-002
   4.4691587799319334       -1.9280773233260905E-002
   4.4754356883307143       -5.0777941032448329E-003
   4.4817125967294951        9.8514286673743786E-003
   4.4879895051282759        2.3373279219406892E-002
   4.4942664135270567        3.3557872942935690E-002
   4.5005433219258375        3.8954042943734481E-002
   4.5068202303246183        3.8795357760217475E-002
   4.5130971387233991        3.3107994707535553E-002
   4.5193740471221799        2.2705476125858364E-002
   4.5256509555209607        9.0713218792652407E-003
   4.5319278639197416       -5.8532325774772751E-003
   4.5382047723185224       -1.9946102160737965E-002
   4.5444816807173032       -3.1206100553435874E-002
   4.5507585891160840       -3.8038233780842340E-002
   4.5570354975148648       -3.9482420748253429E-002
   4.5633124059136456       -3.5344373091586459E-002
   4.5695893143124264       -2.6218254416733245E-002
   4.5758662227112072       -1.3398701438415648E-002
   4.5821431311099881        1.3051858947382175E-003
   4.5884200395087689        1.5826591225539813E-002
   4.5946969479075497        2.8131972933831701E-002
   4.6009738563063305        3.6505185664558189E-002
   4.6072507647051113        3.9785197730871143E-002
   4.6135276731038921        3.7524669220634785E-002
   4.6198045815026729        3.0048117820359498E-002
   4.6260814899014537        1.8402516225367916E-002
   4.6323583983002345        4.2082038667287163E-003
   4.6386353066990154       -1.0568346808816390E-002
   4.6449122150977962       -2.3887792988322928E-002
   4.6511891234965770       -3.3919146861107446E-002
   4.6574660318953578       -3.9290214989680314E-002
   4.6637429402941386       -3.9273188380972289E-002
   4.6700198486929194       -3.3880580267078943E-002
   4.6762967570917002       -2.3859260522523344E-002
   4.6825736654904810       -1.0584375402610266E-002
   4.6888505738892619        4.1314405055238330E-003
   4.6951274822880427        1.8286818507870738E-002
   4.7014043906868235        2.9964078583776289E-002
   4.7076812990856043        3.7588222413544620E-002
   4.7139582074843851        4.0137608420052727E-002
   4.7202351158831659        3.7278635020885104E-002
   4.7265120242819467        2.9408252078919485E-002
   4.7327889326807275        1.7595867327167024E-002
   4.7390658410795083        3.4316292578326956E-003
   4.7453427494782892       -1.1190712894170800E-002
   4.7516196578770700       -2.4328076869606554E-002
   4.7578965662758508       -3.4245867167753706E-002
   4.7641734746746316       -3.9645047816588133E-002
   4.7704503830734124       -3.9829105423757498E-002
   4.7767272914721932       -3.4789848860022649E-002
   4.7830041998709740       -2.5202094947553419E-002
   4.7892811082697548       -1.2329320024703556E-002
   4.7955580166685357        2.1460494022684695E-003
   4.8018349250673165        1.6344536745975413E-002
   4.8081118334660973        2.8434192210519425E-002
   4.8143887418648781        3.6865980524979990E-002
   4.8206656502636589        4.0569876883048327E-002
   4.8269425586624397        3.9087186986759503E-002
   4.8332194670612205        3.2623202795955077E-002
   4.8394963754600013        2.2014765670989585E-002
   4.8457732838587821        8.6181974018968138E-003
   4.8520501922575630       -5.8669535749008963E-003
   4.8583271006563438       -1.9615124358757369E-002
   4.8646040090551246       -3.0904957072417090E-002
   4.8708809174539054       -3.8333513915211795E-002
   4.8771578258526862       -4.0987994940554003E-002
   4.8834347342514670       -3.8554332651193748E-002
   4.8897116426502478       -3.1350158093276556E-002
   4.8959885510490286       -2.0279547721640971E-002
   4.9022654594478094       -6.7165889211259254E-003
   4.9085423678465903        7.6693658071934484E-003
   4.9148192762453711        2.1121976693143092E-002
   4.9210961846441519        3.2012404909546016E-002
   4.9273730930429327        3.9034779747923201E-002
   4.9336500014417135        4.1359559682850433E-002
   4.9399269098404943        3.8727204907035441E-002
   4.9462038182392751        3.1472160048007278E-002
   4.9524807266380559        2.0475720849519454E-002
   4.9587576350368368        7.0548366072698179E-003
   4.9650345434356176       -7.1986795979626277E-003
   4.9713114518343984       -2.0608581255810408E-002
   4.9775883602331792       -3.1611317124399400E-002
   4.9838652686319600       -3.8936712069497247E-002
   4.9901421770307408       -4.1751543621060511E-002
   4.9964190854295216       -3.9750183412121991E-002
   5.0026959938283024       -3.3182978260211930E-002
   5.0089729022270832       -2.2820441139071723E-002
   5.0152498106258641       -9.8587125273680281E-003
   5.0215267190246449        4.2216928634915595E-003
   5.0278036274234257        1.7826853204031306E-002
   5.0340805358222065        2.9430199289363201E-002
   5.0403574442209873        3.7742566826440609E-002
   5.0466343526197681        4.1852768254933025E-002
   5.0529112610185480        4.1323696862412725E-002
   5.0591881694173289        3.6234291602010658E-002
   5.0654650778161097        2.7163948376893694E-002
   5.0717419862148905        1.5122327241883145E-002
   5.0780188946136713        1.4334419693678155E-003
   5.0842958030124521       -1.2411934881799596E-002
   5.0905727114112329       -2.4919395439489865E-002
   5.0968496198100137       -3.4751620941149017E-002
   5.1031265282087945       -4.0869405484277685E-002
   5.1094034366075753       -4.2638356334284422E-002
   5.1156803450063562       -3.9890686942812496E-002
   5.1219572534051370       -3.2936575264183324E-002
   5.1282341618039178       -2.2525028484744088E-002
   5.1345110702026986       -9.7595072519483569E-003
   5.1407879786014794        4.0218494947158196E-003
   5.1470648870002602        1.7388140024216559E-002
   5.1533417953990410        2.8964566028726511E-002
   5.1596187037978218        3.7572762920606712E-002
   5.1658956121966026        4.2348412401434131E-002
   5.1721725205953835        4.2824674437488684E-002
   5.1784494289941643        3.8973771360366741E-002
   5.1847263373929451        3.1203512054412238E-002
   5.1910032457917259        2.0310171757132067E-002
   5.1972801541905067        7.3934832076863700E-003
   5.2035570625892875       -6.2568930299145885E-003
   5.2098339709880683       -1.9291481984603988E-002
   5.2161108793868491       -3.0434466060626820E-002
   5.2223877877856300       -3.8607334336390832E-002
   5.2286646961844108       -4.3030884051305326E-002
   5.2349416045831916       -4.3296188087981829E-002
   5.2412185129819724       -3.9398449060075731E-002
   5.2474954213807532       -3.1731360132917344E-002
   5.2537723297795340       -2.1043463249914827E-002
   5.2600492381783148       -8.3619611444009801E-003
   5.2663261465770956        5.1083797266488068E-003
   5.2726030549758764        1.8101036666451634E-002
   5.2788799633746573        2.9406964154495389E-002
   5.2851568717734381        3.7986058791116377E-002
   5.2914337801722189        4.3060698370576453E-002
   5.2977106885709997        4.4183183605396165E-002
   5.3039875969697805        4.1271551446981747E-002
   5.3102645053685613        3.4611308890279094E-002
   5.3165414137673421        2.4823808223966029E-002
   5.3228183221661229        1.2804997554802976E-002
   5.3290952305649038       -3.5917345296759308E-004
   5.3353721389636846       -1.3492504871933333E-002
   5.3416490473624654       -2.5434182787167352E-002
   5.3479259557612462       -3.5140789190599868E-002
   5.3542028641600270       -4.1775809364610436E-002
   5.3604797725588078       -4.4779130627031039E-002
   5.3667566809575886       -4.3911030408453587E-002
   5.3730335893563694       -3.9267530483833933E-002
   5.3793104977551502       -3.1266588797332073E-002
   5.3855874061539311       -2.0607101866632775E-002
   5.3918643145527119       -8.2049762651072531E-003
   5.3981412229514927        4.8876984809318701E-003
   5.4044181313502735        1.7573070744350223E-002
   5.4106950397490543        2.8799739138157060E-002
   5.4169719481478351        3.7648979710013172E-002
   5.4232488565466159        4.3408412889416610E-002
   5.4295257649453967        4.5627542767641506E-002
   5.4358026733441775        4.4148917751205358E-002
   5.4420795817429584        3.9115128027956213E-002
   5.4483564901417392        3.0951657880513090E-002
   5.4546333985405200        2.0327498982210236E-002
   5.4609103069393008        8.0974500498604152E-003
   5.4671872153380816       -4.7687795014702368E-003
   5.4734641237368624       -1.7264624615053421E-002
   5.4797410321356432       -2.8425558543030461E-002
   5.4860179405344240       -3.7402648798770893E-002
   5.4922948489332049       -4.3525282168501718E-002
   5.4985717573319857       -4.6348593306856221E-002
   5.5048486657307665       -4.5682500474487991E-002
   5.5111255741295473       -4.1600757860361277E-002
   5.5174024825283281       -3.4430025061056545E-002
   5.5236793909271089       -2.4720441221717366E-002
   5.5299562993258897       -1.3200524885348433E-002
   5.5362332077246705       -7.2025475730495250E-004
   5.5425101161234513        1.1813089602818294E-002
   5.5487870245222322        2.3501419678968606E-002
   5.5550639329210130        3.3519778882876654E-002
   5.5613408413197938        4.1173248475066718E-002
   5.5676177497185746        4.5943017112746259E-002
   5.5738946581173554        4.7518755456978652E-002
   5.5801715665161362        4.5815516164836201E-002
   5.5864484749149170        4.0974552436687045E-002
   5.5927253833136978        3.3348578462527992E-002
   5.5990022917124787        2.3473042211222910E-002
   5.6052792001112595        1.2025947381211127E-002
   5.6115561085100403       -2.2060120962017366E-004
   5.6178330169088211       -1.2453698794774780E-002
   5.6241099253076019       -2.3874013130409568E-002
   5.6303868337063827       -3.3747587721730643E-002
   5.6366637421051635       -4.1451776610239702E-002
   5.6429406505039443       -4.6512554800996316E-002
   5.6492175589027251       -4.8631127461707307E-002
   5.6554944673015060       -4.7698560600890172E-002
   5.6617713757002868       -4.3797972032158898E-002
   5.6680482840990676       -3.7194648134194777E-002
   5.6743251924978484       -2.8315183582436242E-002
   5.6806021008966292       -1.7717391186316239E-002
   5.6868790092954100       -6.0532033787080303E-003
   5.6931559176941908        5.9728726591470847E-003
   5.6994328260929716        1.7647054854943459E-002
   5.7057097344917524        2.8288657989093711E-002
   5.7119866428905333        3.7289063475739882E-002
   5.7182635512893141        4.4145119761565016E-002
   5.7245404596880949        4.8485269099371259E-002
   5.7308173680868757        5.0087185282973352E-002
   5.7370942764856565        4.8886293960823619E-002
   5.7433711848844373        4.4975072484948003E-002
   5.7496480932832181        3.8593602924486735E-002
   5.7559250016819989        3.0112268044007226E-002
   5.7622019100807798        2.0007960754695187E-002
   5.7684788184795606        8.8352778440852018E-003
   5.7747557268783414       -2.8054390515487061E-003
   5.7810326352771222       -1.4299905625017111E-002
   5.7873095436759030       -2.5051636142000559E-002
   5.7935864520746838       -3.4512446651362272E-002
   5.7998633604734646       -4.2209509332007400E-002
   5.8061402688722454       -4.7767637970097442E-002
   5.8124171772710262       -5.0925830047731567E-002
   5.8186940856698071       -5.1547477304287694E-002
   5.8249709940685879       -4.9623966299678489E-002
   5.8312479024673687       -4.5271787818892129E-002
   5.8375248108661495       -3.8723550537335671E-002
   5.8438017192649303       -3.0313629083516144E-002
   5.8500786276637111       -2.0459357238243540E-002
   5.8563555360624919       -9.6389042225351381E-003
   5.8626324444612727        1.6329806428694263E-003
   5.8689093528600536        1.2830065337463408E-002
   5.8751862612588344        2.3439379727812081E-002
   5.8814631696576152        3.2984416658638917E-002
   5.8877400780563960        4.1045820783537586E-002
   5.8940169864551768        4.7278668785917854E-002
   5.9002938948539576        5.1425766621246663E-002
   5.9065708032527384        5.3326468554089262E-002
   5.9128477116515192        5.2920924026491241E-002
   5.9191246200503000        5.0249656405673457E-002
   5.9254015284490809        4.5448884934186314E-002
   5.9316784368478617        3.8741742287421881E-002
   5.9379553452466425        3.0426433507136683E-002
   5.9442322536454233        2.0860556913322073E-002
   5.9505091620442041        1.0441334390695006E-002
   5.9567860704429849       -4.0430923808307728E-004
   5.9630629788417657       -1.1233582263480080E-002
   5.9693398872405457       -2.1605803512803438E-002
   5.9756167956393265       -3.1100244383871996E-002
   5.9818937040381073       -3.9333156684190129E-002
   5.9881706124368881       -4.5973104367019665E-002
   5.9944475208356689       -5.0754151453326304E-002
   6.0007244292344497       -5.3486258295053581E-002
   6.0070013376332305       -5.4062604034675991E-002
   6.0132782460320113       -5.2463459558479725E-002
   6.0195551544307921       -4.8756583545128088E-002
   6.0258320628295730       -4.3094054023153069E-002
   6.0321089712283538       -3.5705793132544766E-002
   6.0383858796271346       -2.6889964054382608E-002
   6.0446627880259154       -1.7000764359981085E-002
   6.0509396964246962       -6.4339972701490935E-003
   6.0572166048234770        4.3888438658215619E-003
   6.0634935132222578        1.5037496489495745E-002
   6.0697704216210386        2.5089982699620716E-002
   6.0760473300198194        3.4149350735536696E-002
   6.0823242384186003        4.1859156720215333E-002
   6.0886011468173811        4.7917454077509809E-002
   6.0948780552161619        5.2088256232242072E-002
   6.1011549636149427        5.4210747636166345E-002
   6.1074318720137235        5.4204795424756168E-002
   6.1137087804125043        5.2074619854213793E-002
   6.1199856888112851        4.7903810202400532E-002
   6.1262625972100659        4.1833789863878298E-002
   6.1325395056088468        3.4081006777879279E-002
   6.1388164140076276        2.4937985016980361E-002
   6.1450933224064084        1.4763507747943118E-002
   6.1513702308051892        3.9703547758674664E-003
   6.1576471392039700       -6.9907145790321316E-003
   6.1639240476027508       -1.7649175386541659E-002
   6.1702009560015316       -2.7535131052110026E-002
   6.1764778644003124       -3.6200566285354549E-002
   6.1827547727990932       -4.3240858549325786E-002
   6.1890316811978741       -4.8315229620082702E-002
   6.1953085895966549       -5.1165293354334687E-002
   6.2015854979954357       -5.1630465956051516E-002
   6.2078624063942165       -4.9659429267849747E-002
   6.2141393147929973       -4.5316682391371509E-002
   6.2204162231917781       -3.8783667290430035E-002
   6.2266931315905589       -3.0353973216760921E-002
   6.2329700399893397       -2.0422615876079391E-002
   6.2392469483881206       -9.4695151956880521E-003
   6.2455238567869014        1.9621990114046823E-003
   6.2518007651856822        1.3292269659402786E-002
   6.2580776735844630        2.3932530345553173E-002
   6.2643545819832438        3.3317922464376461E-002
   6.2706314903820246        4.0937593594860489E-002
   6.2769083987808054        4.6364460364181591E-002
   6.2831853071795862        4.9281328950782924E-002
