   6.2769083987808056E-003  -2.1502295844575512E-013
   1.2553816797561611E-002   2.1581213747522968E-013
   1.8830725196342418E-002  -2.1204847412303241E-013
   2.5107633595123222E-002   2.1022256271632465E-013
   3.1384541993904030E-002  -2.1010851709659521E-013
   3.7661450392684835E-002   2.0473854316713909E-013
   4.3938358791465640E-002  -2.0810518153624600E-013
   5.0215267190246445E-002   1.9978868808013361E-013
   5.6492175589027249E-002  -2.0478412051455274E-013
   6.2769083987808061E-002   1.9591830822968271E-013
   6.9045992386588859E-002  -2.0115018918826464E-013
   7.5322900785369670E-002   1.9264278275731673E-013
   8.1599809184150468E-002  -1.9721458620808305E-013
   8.7876717582931280E-002   1.8949427399278651E-013
   9.4153625981712077E-002  -1.9314100487143040E-013
  0.10043053438049289        1.8698424522084959E-013
  0.10670744277927370       -1.8897017773610412E-013
  0.11298435117805450        1.8401123462400931E-013
  0.11926125957683531       -1.8593188153898254E-013
  0.12553816797561612        1.7932976884219537E-013
  0.13181507637439691       -1.8419695827222080E-013
  0.13809198477317772        1.7465630805893861E-013
  0.14436889317195853       -1.8227065132068726E-013
  0.15064580157073934        1.7028292983897958E-013
  0.15692270996952015       -1.8017030629965263E-013
  0.16319961836830094        1.6639471425867641E-013
  0.16947652676708175       -1.7737948827633241E-013
  0.17575343516586256        1.6308501035745251E-013
  0.18203034356464337       -1.7408350030688239E-013
  0.18830725196342415        1.6051312887270670E-013
  0.19458416036220497       -1.7032274886899944E-013
  0.20086106876098578        1.5848191990237111E-013
  0.20713797715976659       -1.6638185381728724E-013
  0.21341488555854740        1.5648334416727189E-013
  0.21969179395732819       -1.6259180723814365E-013
  0.22596870235610900        1.5438351377263133E-013
  0.23224561075488981       -1.5891770886389652E-013
  0.23852251915367062        1.5246108002447793E-013
  0.24479942755245140       -1.5505798276219266E-013
  0.25107633595123224        1.5050665385312707E-013
  0.25735324435001306       -1.5184742790908550E-013
  0.26363015274879381        1.4788109612096484E-013
  0.26990706114757462       -1.4889152603157097E-013
  0.27618396954635543        1.4537493149440083E-013
  0.28246087794513625       -1.4592556571015823E-013
  0.28873778634391706        1.4279248845867526E-013
  0.29501469474269787       -1.4343810456693010E-013
  0.30129160314147868        1.3987384326907095E-013
  0.30756851154025949       -1.4119903220176666E-013
  0.31384541993904030        1.3661704790188711E-013
  0.32012232833782106       -1.3926329803110215E-013
  0.32639923673660187        1.3387624603915892E-013
  0.33267614513538268       -1.3675776547586731E-013
  0.33895305353416350        1.3174621211386178E-013
  0.34522996193294431       -1.3342061621694530E-013
  0.35150687033172512        1.3035998700060433E-013
  0.35778377873050593       -1.2935758001701135E-013
  0.36406068712928674        1.2957138314921700E-013
  0.37033759552806755       -1.2521619826619715E-013
  0.37661450392684831        1.2878610867845846E-013
  0.38289141232562912       -1.2121860361022992E-013
  0.38916832072440993        1.2783525978339206E-013
  0.39544522912319074       -1.1791070085029237E-013
  0.40172213752197156        1.2611242713658525E-013
  0.40799904592075237       -1.1531918805813145E-013
  0.41427595431953318        1.2365043900750537E-013
  0.42055286271831399       -1.1280766683133759E-013
  0.42682977111709480        1.2151283947956362E-013
  0.43310667951587556       -1.1036720148034640E-013
  0.43938358791465637        1.1955201213942580E-013
  0.44566049631343718       -1.0840422392999384E-013
  0.45193740471221799        1.1693153242331876E-013
  0.45821431311099881       -1.0628586196041604E-013
  0.46449122150977962        1.1479532840517672E-013
  0.47076812990856043       -1.0421219483622892E-013
  0.47704503830734124        1.1248705196799794E-013
  0.48332194670612205       -1.0251387690794384E-013
  0.48959885510490281        1.0919758459266432E-013
  0.49587576350368362       -1.0154654168453007E-013
  0.50215267190246449        1.0592388160745277E-013
  0.50842958030124530       -1.0078355912075029E-013
  0.51470648870002611        1.0246475991902840E-013
  0.52098339709880681       -9.9669700631962703E-014
  0.52726030549758762        1.0028568291482826E-013
  0.53353721389636843       -9.7067527697312140E-014
  0.53981412229514925        9.9286266035961849E-014
  0.54609103069393006       -9.4057121412352236E-014
  0.55236793909271087        9.7925614214152789E-014
  0.55864484749149168       -9.1298681571907815E-014
  0.56492175589027249        9.6206514144698115E-014
  0.57119866428905330       -8.9243446353334868E-014
  0.57747557268783412        9.4581641964624972E-014
  0.58375248108661493       -8.7001538143767612E-014
  0.59002938948539574        9.2425247346852529E-014
  0.59630629788417655       -8.5721348990549197E-014
  0.60258320628295736        8.9656638535123107E-014
  0.60886011468173817       -8.4856130499742267E-014
  0.61513702308051899        8.6593090607107554E-014
  0.62141393147929980       -8.4143464778517301E-014
  0.62769083987808061        8.3113938123150107E-014
  0.63396774827686131       -8.4525979290738642E-014
  0.64024465667564212        7.8178974808910363E-014
  0.64652156507442293       -8.6307388511639031E-014
  0.65279847347320374        7.2007157687665880E-014
  0.65907538187198456       -8.9423330745168114E-014
  0.66535229027076537        6.5237503626274208E-014
  0.67162919866954618       -9.2705620787041145E-014
  0.67790610706832699        5.8011264459407016E-014
  0.68418301546710780       -9.6426392645072216E-014
  0.69045992386588861        5.0796216177942378E-014
  0.69673683226466943       -9.9368025191526611E-014
  0.70301374066345024        4.5074159223620067E-014
  0.70929064906223105       -1.0105482393527228E-013
  0.71556755746101186        4.0485191984730241E-014
  0.72184446585979267       -1.0190644407957048E-013
  0.72812137425857348        3.5839874045861330E-014
  0.73439828265735430       -1.0288494774331334E-013
  0.74067519105613511        3.1444749081984250E-014
  0.74695209945491581       -1.0409330641872368E-013
  0.75322900785369662        2.6427374330766049E-014
  0.75950591625247743       -1.0563103199325818E-013
  0.76578282465125824        2.2350389930162166E-014
  0.77205973305003905       -1.0496116255259595E-013
  0.77833664144881987        2.1440564893404054E-014
  0.78461354984760068       -1.0140342165117384E-013
  0.79089045824638149        2.2509725484887791E-014
  0.79716736664516230       -9.6239831212225155E-014
  0.80344427504394311        2.4513899214887859E-014
  0.80972118344272392       -9.0244814099823728E-014
  0.81599809184150474        2.7863498634632832E-014
  0.82227500024028555       -8.3981235267689381E-014
  0.82855190863906636        3.0049857286493438E-014
  0.83482881703784717       -7.8577870242471454E-014
  0.84110572543662798        3.1625547861215184E-014
  0.84738263383540879       -7.4481606821795775E-014
  0.85365954223418961        3.2493290108768441E-014
  0.85993645063297042       -7.0394427393036146E-014
  0.86621335903175112        3.3142804069925809E-014
  0.87249026743053193       -6.6795458446407564E-014
  0.87876717582931274        3.3869539112969728E-014
  0.88504408422809355       -6.2788725959341016E-014
  0.89132099262687436        3.5105597615480081E-014
  0.89759790102565518       -5.7578646619379703E-014
  0.90387480942443599        3.6998617288468961E-014
  0.91015171782321680       -5.1940855424601752E-014
  0.91642862622199761        3.9675930351455666E-014
  0.92270553462077842       -4.6622326402526089E-014
  0.92898244301955923        4.1825516080765987E-014
  0.93525935141834005       -4.1154472114531922E-014
  0.94153625981712086        4.4695281316626704E-014
  0.94781316821590167       -3.4374403193176611E-014
  0.95409007661468248        4.8592363426430351E-014
  0.96036698501346329       -2.8312865337411170E-014
  0.96664389341224410        5.1103055745929173E-014
  0.97292080181102492       -2.2643501300174511E-014
  0.97919771020980562        5.4440034081414307E-014
  0.98547461860858643       -1.5133388783599168E-014
  0.99175152700736724        5.9193281239485392E-014
  0.99802843540614805       -7.7683294952166810E-015
   1.0043053438049290        6.2928455096230476E-014
   1.0105822522037098       -2.0591984976006073E-015
   1.0168591606024906        6.5202170856074773E-014
   1.0231360690012714        2.8222954456124414E-015
   1.0294129774000522        6.5988666070711502E-014
   1.0356898857988328        5.2617045414070228E-015
   1.0419667941976136        6.3452023712601777E-014
   1.0482437025963944        3.6375758887538153E-015
   1.0545206109951752        5.6479790419610775E-014
   1.0607975193939561       -2.5199174670972571E-015
   1.0670744277927369        4.6366484476349957E-014
   1.0733513361915177       -1.0802324564291260E-014
   1.0796282445902985        3.3743738451567742E-014
   1.0859051529890793       -2.0828383324705125E-014
   1.0921820613878601        2.1365314180421586E-014
   1.0984589697866409       -2.9431902742335352E-014
   1.1047358781854217        1.0849087225391539E-014
   1.1110127865842025       -3.5812213812973480E-014
   1.1172896949829834        2.4507278040506366E-015
   1.1235666033817642       -4.0809228285311185E-014
   1.1298435117805450       -4.5558572326147500E-015
   1.1361204201793258       -4.3745148233288301E-014
   1.1423973285781066       -8.6462179686686023E-015
   1.1486742369768874       -4.2736782670979686E-014
   1.1549511453756682       -8.4788952063713446E-015
   1.1612280537744490       -3.8009906280721932E-014
   1.1675049621732299       -5.6386010290894048E-015
   1.1737818705720107       -3.2144276695078681E-014
   1.1800587789707915       -2.1809321065414840E-015
   1.1863356873695723       -2.5107038344127222E-014
   1.1926125957683531        1.8042675926389698E-015
   1.1988895041671339       -1.8469912719498318E-014
   1.2051664125659147        5.6456362952148374E-015
   1.2114433209646955       -1.2214435574015648E-014
   1.2177202293634763        7.3108621638161070E-015
   1.2239971377622572       -9.1387172163755044E-015
   1.2302740461610380        7.2564167125098496E-015
   1.2365509545598188       -6.3226315644096343E-015
   1.2428278629585996        7.0863243704028606E-015
   1.2491047713573804       -3.6262610246613827E-015
   1.2553816797561612        7.8398695127152839E-015
   1.2616585881549420        1.1370574664951689E-015
   1.2679354965537226        1.0404735502000332E-014
   1.2742124049525034        7.1197768969541099E-015
   1.2804893133512842        1.3395217588587511E-014
   1.2867662217500651        1.2232277852330428E-014
   1.2930431301488459        1.4505181050620800E-014
   1.2993200385476267        1.4963256548202570E-014
   1.3055969469464075        1.3452510649126014E-014
   1.3118738553451883        1.6709226800802167E-014
   1.3181507637439691        1.3160141543807266E-014
   1.3244276721427499        2.0084055340097917E-014
   1.3307045805415307        1.4224342846290635E-014
   1.3369814889403115        2.3448722428278606E-014
   1.3432583973390924        1.3471340081959565E-014
   1.3495353057378732        2.4306787439963905E-014
   1.3558122141366540        1.0184459689210327E-014
   1.3620891225354348        2.2625420041488778E-014
   1.3683660309342156        4.6072080729754529E-015
   1.3746429393329964        1.7934091397876501E-014
   1.3809198477317772       -4.7871505690925279E-015
   1.3871967561305580        1.0516731405446211E-014
   1.3934736645293389       -1.5461250116781899E-014
   1.3997505729281197        3.5441467192992959E-015
   1.4060274813269005       -2.4480845303282396E-014
   1.4123043897256813       -1.8606584170313468E-015
   1.4185812981244621       -3.1930775053526158E-014
   1.4248582065232429       -6.2102228246029336E-015
   1.4311351149220237       -3.8841020429827274E-014
   1.4374120233208045       -9.4319363485801630E-015
   1.4436889317195853       -4.4275001365089837E-014
   1.4499658401183662       -1.2006596598772720E-014
   1.4562427485171470       -5.0107971377077841E-014
   1.4625196569159278       -1.5080004712009429E-014
   1.4687965653147086       -5.5685416372411507E-014
   1.4750734737134894       -1.6779403947114180E-014
   1.4813503821122702       -5.9622950701995886E-014
   1.4876272905110510       -1.7359979541604561E-014
   1.4939041989098316       -6.2654037703022907E-014
   1.5001811073086124       -1.7052238485764483E-014
   1.5064580157073932       -6.3923883300329326E-014
   1.5127349241061741       -1.3866113922843292E-014
   1.5190118325049549       -6.2606515497511324E-014
   1.5252887409037357       -8.1817464773866891E-015
   1.5315656493025165       -5.8327178047555078E-014
   1.5378425577012973        1.9601879754666743E-016
   1.5441194661000781       -5.1779350850712325E-014
   1.5503963744988589        9.9980956226818862E-015
   1.5566732828976397       -4.5005382781098994E-014
   1.5629501912964205        2.0152665967346110E-014
   1.5692270996952014       -3.7246570708759778E-014
   1.5755040080939822        3.1386382775648521E-014
   1.5817809164927630       -2.9299079531885724E-014
   1.5880578248915438        4.1631944054270682E-014
   1.5943347332903246       -2.2705533690287183E-014
   1.6006116416891054        5.0803601128853806E-014
   1.6068885500878862       -1.6520570400949565E-014
   1.6131654584866670        6.0240101004779744E-014
   1.6194423668854478       -1.0333168014893566E-014
   1.6257192752842287        6.8776312617347379E-014
   1.6319961836830095       -5.6484018070186916E-015
   1.6382730920817903        7.5766617832874483E-014
   1.6445500004805711       -2.2518392535738046E-015
   1.6508269088793519        8.1619456793976227E-014
   1.6571038172781327       -5.4304774580393370E-016
   1.6633807256769135        8.5186581803921198E-014
   1.6696576340756943       -1.4188174530352391E-015
   1.6759345424744752        8.6507943008849934E-014
   1.6822114508732560       -3.2016425832187249E-015
   1.6884883592720368        8.7751734324638333E-014
   1.6947652676708176       -5.7193739491631138E-015
   1.7010421760695984        8.7924440867977294E-014
   1.7073190844683792       -9.0449565525204619E-015
   1.7135959928671600        8.6915072722434463E-014
   1.7198729012659408       -1.3589070525073747E-014
   1.7261498096647214        8.5574574275842424E-014
   1.7324267180635022       -1.8191786002822216E-014
   1.7387036264622830        8.3398826824737239E-014
   1.7449805348610639       -2.3901030623082712E-014
   1.7512574432598447        8.0764203933599800E-014
   1.7575343516586255       -2.9856776004360746E-014
   1.7638112600574063        7.8051954514770875E-014
   1.7700881684561871       -3.5685239805522521E-014
   1.7763650768549679        7.6715235325770442E-014
   1.7826419852537487       -3.9472860120879735E-014
   1.7889188936525295        7.6100145939774178E-014
   1.7951958020513104       -4.3394076183002821E-014
   1.8014727104500912        7.5681377479701151E-014
   1.8077496188488720       -4.6624656524341230E-014
   1.8140265272476528        7.6000559998480949E-014
   1.8203034356464336       -4.9932725827659618E-014
   1.8265803440452144        7.6118388602827430E-014
   1.8328572524439952       -5.3775850011801847E-014
   1.8391341608427760        7.5095391913028565E-014
   1.8454110692415568       -5.8790229492214341E-014
   1.8516879776403377        7.2767585245338444E-014
   1.8579648860391185       -6.4307358689781012E-014
   1.8642417944378993        7.2031068521676273E-014
   1.8705187028366801       -6.7414803569186253E-014
   1.8767956112354609        7.2908553561254002E-014
   1.8830725196342417       -6.9891145380548187E-014
   1.8893494280330225        7.3693601074982732E-014
   1.8956263364318033       -7.3151473841686543E-014
   1.9019032448305841        7.3932038147832666E-014
   1.9081801532293650       -7.6207946356458931E-014
   1.9144570616281458        7.4475203303717647E-014
   1.9207339700269266       -7.8983267054993659E-014
   1.9270108784257074        7.5737276453990119E-014
   1.9332877868244882       -8.1146929853514497E-014
   1.9395646952232690        7.7056375687063761E-014
   1.9458416036220498       -8.3083598873593812E-014
   1.9521185120208304        7.9290981951432985E-014
   1.9583954204196112       -8.4712092952919994E-014
   1.9646723288183920        8.1505631397492567E-014
   1.9709492372171729       -8.5676114794977089E-014
   1.9772261456159537        8.4012822734328854E-014
   1.9835030540147345       -8.7411335294977417E-014
   1.9897799624135153        8.6102991103194156E-014
   1.9960568708122961       -8.8977439804749211E-014
   2.0023337792110771        8.8388103556796654E-014
   2.0086106876098579       -9.0451763554657481E-014
   2.0148875960086388        9.0927486983520558E-014
   2.0211645044074196       -9.1439996807959506E-014
   2.0274414128062004        9.4213141597482662E-014
   2.0337183212049812       -9.2136977581967095E-014
   2.0399952296037620        9.6858318369807986E-014
   2.0462721380025428       -9.3689410654531230E-014
   2.0525490464013236        9.9476481499047689E-014
   2.0588259548001044       -9.5554083143927973E-014
   2.0651028631988853        1.0136632177765593E-013
   2.0713797715976656       -9.7896664514596561E-014
   2.0776566799964464        1.0282703192235528E-013
   2.0839335883952272       -1.0071327910758968E-013
   2.0902104967940081        1.0447083238332360E-013
   2.0964874051927889       -1.0299642684413094E-013
   2.1027643135915697        1.0618950543977480E-013
   2.1090412219903505       -1.0585036425275981E-013
   2.1153181303891313        1.0770619620370024E-013
   2.1215950387879121       -1.0821505400679020E-013
   2.1278719471866929        1.0959444615429672E-013
   2.1341488555854737       -1.1043793913267384E-013
   2.1404257639842545        1.1210527137835339E-013
   2.1467026723830354       -1.1243885732601990E-013
   2.1529795807818162        1.1452486970085324E-013
   2.1592564891805970       -1.1443672896351135E-013
   2.1655333975793778        1.1628927390794735E-013
   2.1718103059781586       -1.1774569301689335E-013
   2.1780872143769394        1.1717786278956258E-013
   2.1843641227757202       -1.2150289229588981E-013
   2.1906410311745010        1.1838657024265630E-013
   2.1969179395732819       -1.2466764646117283E-013
   2.2031948479720627        1.2026633465487768E-013
   2.2094717563708435       -1.2681599383119690E-013
   2.2157486647696243        1.2342953763328331E-013
   2.2220255731684051       -1.2804778450193315E-013
   2.2283024815671859        1.2695131243235848E-013
   2.2345793899659667       -1.2962664374390477E-013
   2.2408562983647475        1.3003779602923527E-013
   2.2471332067635283       -1.3167350361839045E-013
   2.2534101151623092        1.3241880429577063E-013
   2.2596870235610900       -1.3432645102131824E-013
   2.2659639319598708        1.3427900826614378E-013
   2.2722408403586516       -1.3795353081573316E-013
   2.2785177487574324        1.3584887017962114E-013
   2.2847946571562132       -1.4151825456651864E-013
   2.2910715655549940        1.3793829356655441E-013
   2.2973484739537748       -1.4358430378455099E-013
   2.3036253823525557        1.4150158429327770E-013
   2.3099022907513365       -1.4558196421165590E-013
   2.3161791991501173        1.4471270677342513E-013
   2.3224561075488981       -1.4748073588997653E-013
   2.3287330159476789        1.4825875900691231E-013
   2.3350099243464597       -1.4931186522168030E-013
   2.3412868327452405        1.5158372902740066E-013
   2.3475637411440213       -1.5204955572207524E-013
   2.3538406495428021        1.5445209991150529E-013
   2.3601175579415830       -1.5485851578413905E-013
   2.3663944663403638        1.5680504201267942E-013
   2.3726713747391446       -1.5833288020476240E-013
   2.3789482831379254        1.5858946036030280E-013
   2.3852251915367062       -1.6226642455224990E-013
   2.3915020999354870        1.6100517232971531E-013
   2.3977790083342678       -1.6468607245977116E-013
   2.4040559167330486        1.6599465423405045E-013
   2.4103328251318294       -1.6524995569797147E-013
   2.4166097335306103        1.7090509834958096E-013
   2.4228866419293911       -1.6733445654145227E-013
   2.4291635503281719        1.7370492925915199E-013
   2.4354404587269527       -1.7157173140437282E-013
   2.4417173671257335        1.7524656918052958E-013
   2.4479942755245143       -1.7655032570380307E-013
   2.4542711839232951        1.7671051084392946E-013
   2.4605480923220759       -1.8091116053853517E-013
   2.4668250007208568        1.7946965137305016E-013
   2.4731019091196376       -1.8398277530872600E-013
   2.4793788175184184        1.8343224198008261E-013
   2.4856557259171992       -1.8625958321380033E-013
   2.4919326343159800        1.8770073419525126E-013
   2.4982095427147608       -1.8897967088017476E-013
   2.5044864511135416        1.9136732842442569E-013
   2.5107633595123224       -1.9313509997341750E-013
   2.5170402679111032        1.9347127343588122E-013
   2.5233171763098841       -1.9779127949749558E-013
   2.5295940847086644        1.9571317153614402E-013
   2.5358709931074452       -2.0268603882117377E-013
   2.5421479015062260        1.9935928204768659E-013
   2.5484248099050069       -2.0485508948498696E-013
   2.5547017183037877        2.0521346459641507E-013
   2.5609786267025685       -2.0624738332300896E-013
   2.5672555351013493        2.1020825938957456E-013
   2.5735324435001301       -2.1044071281495749E-013
   2.5798093518989109        2.1236168464356352E-013
   2.5860862602976917       -2.1597335030817368E-013
   2.5923631686964725        2.1507052637250515E-013
   2.5986400770952534       -2.2028402465198074E-013
   2.6049169854940342        2.1900001805953134E-013
   2.6111938938928150       -2.2412622909690132E-013
   2.6174708022915958        2.2396929816057342E-013
   2.6237477106903766       -2.2691993081324762E-013
   2.6300246190891574        2.2929473144093769E-013
   2.6363015274879382       -2.3066351138814330E-013
   2.6425784358867190        2.3295115738085257E-013
   2.6488553442854998       -2.3549157043980901E-013
   2.6551322526842807        2.3715063646684936E-013
   2.6614091610830615       -2.3992063226251927E-013
   2.6676860694818423        2.4073806094071177E-013
   2.6739629778806231       -2.4538854019935670E-013
   2.6802398862794039        2.4483870439557351E-013
   2.6865167946781847       -2.4933645944420358E-013
   2.6927937030769655        2.5051890914374345E-013
   2.6990706114757463       -2.5318793328312374E-013
   2.7053475198745272        2.5559556838556601E-013
   2.7116244282733080       -2.5739109963178483E-013
   2.7179013366720888        2.6079021939808482E-013
   2.7241782450708696       -2.6221407148592828E-013
   2.7304551534696504        2.6521585747634452E-013
   2.7367320618684312       -2.6796885792763943E-013
   2.7430089702672120        2.6939308543483262E-013
   2.7492858786659928       -2.7323894084364654E-013
   2.7555627870647736        2.7405672596876958E-013
   2.7618396954635545       -2.7886183784971361E-013
   2.7681166038623353        2.7968709838397740E-013
   2.7743935122611161       -2.8302698000922492E-013
   2.7806704206598969        2.8558838428238538E-013
   2.7869473290586777       -2.8856810685098531E-013
   2.7932242374574585        2.9163743500079393E-013
   2.7995011458562393       -2.9290963768709514E-013
   2.8057780542550201        2.9745348889561425E-013
   2.8120549626538009       -2.9900017263583096E-013
   2.8183318710525818        3.0249279168575710E-013
   2.8246087794513626       -3.0605375029027419E-013
   2.8308856878501434        3.0742954090826021E-013
   2.8371625962489242       -3.1255823131862865E-013
   2.8434395046477050        3.1282790153224686E-013
   2.8497164130464858       -3.1861752294777020E-013
   2.8559933214452666        3.1951182283131122E-013
   2.8622702298440474       -3.2379537298147968E-013
   2.8685471382428283        3.2746020243170367E-013
   2.8748240466416091       -3.2880173484493609E-013
   2.8811009550403899        3.3425642190735075E-013
   2.8873778634391707       -3.3568553967216024E-013
   2.8936547718379515        3.4048324497172520E-013
   2.8999316802367323       -3.4233343135205889E-013
   2.9062085886355131        3.4735057829439548E-013
   2.9124854970342939       -3.4955923533422072E-013
   2.9187624054330747        3.5420381337841449E-013
   2.9250393138318556       -3.5577330631315209E-013
   2.9313162222306364        3.6274284032029542E-013
   2.9375931306294172       -3.6119416066263575E-013
   2.9438700390281980        3.7207541409246848E-013
   2.9501469474269788       -3.6633098554751991E-013
   2.9564238558257596        3.8228037983415722E-013
   2.9627007642245404       -3.7083774330332451E-013
   2.9689776726233212        3.9445801260685986E-013
   2.9752545810221021       -3.7202559064424706E-013
   2.9815314894208829        4.1186251746277955E-013
   2.9878083978196632       -3.6650787310233706E-013
   2.9940853062184440        4.3826490177274963E-013
   3.0003622146172249       -3.5139617029592797E-013
   3.0066391230160057        4.7747231369599139E-013
   3.0129160314147865       -3.1899070238579042E-013
   3.0191929398135673        5.4070188318506584E-013
   3.0254698482123481       -2.5458394224480110E-013
   3.0317467566111289        6.4697485186316828E-013
   3.0380236650099097       -1.3442743859571707E-013
   3.0443005734086905        8.2712334139689222E-013
   3.0505774818074713        8.1790125821944489E-014
   3.0568543902062522        1.1328168235377184E-012
   3.0631312986050330        4.6257995740636821E-013
   3.0694082070038138        1.6572071684041799E-012
   3.0756851154025946        1.1307477449687837E-012
   3.0819620238013754        2.5592765874548310E-012
   3.0882389322001562        2.2921464166400588E-012
   3.0945158405989370        4.1046210325749462E-012
   3.1007927489977178        4.2916462632412044E-012
   3.1070696573964987        6.7427924811846489E-012
   3.1133465657952795        7.7104040412426718E-012
   3.1196234741940603        1.1223983570359451E-011
   3.1259003825928411        1.3518804236804437E-011
   3.1321772909916219        1.8800186182744334E-011
   3.1384541993904027        2.3329880442374408E-011
   3.1447311077891835        3.1547740882346875E-011
   3.1510080161879643        3.9810882840088890E-011
   3.1572849245867451        5.2888938793578926E-011
   3.1635618329855260        6.7346876877903843E-011
   3.1698387413843068        8.8435478602940693E-011
   3.1761156497830876        1.1311153497308707E-010
   3.1823925581818684        1.4734380528255474E-010
   3.1886694665806492        1.8877577014745399E-010
   3.1949463749794300        2.4447010678948029E-010
   3.2012232833782108        3.1321938988155394E-010
   3.2075001917769916        4.0377157766822386E-010
   3.2137771001757724        5.1680136057834605E-010
   3.2200540085745533        6.6366245710848776E-010
   3.2263309169733341        8.4805620866972962E-010
   3.2326078253721149        1.0853762828523804E-009
   3.2388847337708957        1.3841241427429475E-009
   3.2451616421696765        1.7659430105342703E-009
   3.2514385505684573        2.2468676659512738E-009
   3.2577154589672381        2.8581841212489107E-009
   3.2639923673660189        3.6276416388692602E-009
   3.2702692757647998        4.6013298676815268E-009
   3.2765461841635806        5.8250602630579354E-009
   3.2828230925623614        7.3675352255020024E-009
   3.2891000009611422        9.3021957822421270E-009
   3.2953769093599230        1.1732078391250700E-008
   3.3016538177587038        1.4772571333502539E-008
   3.3079307261574846        1.8578509775412635E-008
   3.3142076345562654        2.3328488829387476E-008
   3.3204845429550462        2.9254942941190199E-008
   3.3267614513538271        3.6631286041304434E-008
   3.3330383597526079        4.5808613901777635E-008
   3.3393152681513887        5.7206179611166727E-008
   3.3455921765501695        7.1351682868667360E-008
   3.3518690849489503        8.8878495951696857E-008
   3.3581459933477311        1.1057522819815583E-007
   3.3644229017465119        1.3739197136110562E-007
   3.3706998101452927        1.7050194253647171E-007
   3.3769767185440736        2.1132076331994661E-007
   3.3832536269428544        2.6158498663171291E-007
   3.3895305353416352        3.2339004433000498E-007
   3.3958074437404160        3.9929229007543450E-007
   3.4020843521391968        4.9237334669972558E-007
   3.4083612605379776        6.0637472422683355E-007
   3.4146381689367584        7.4579910720294153E-007
   3.4209150773355392        9.1608980152694477E-007
   3.4271919857343200        1.1237831588056419E-006
   3.4334688941331009        1.3767492512879568E-006
   3.4397458025318817        1.6844143718844990E-006
   3.4460227109306620        2.0580846328908830E-006
   3.4522996193294428        2.5112635119487954E-006
   3.4585765277282237        3.0600867264699759E-006
   3.4648534361270045        3.7237673785117153E-006
   3.4711303445257853        4.5251785828343528E-006
   3.4774072529245661        5.4914682817078471E-006
   3.4836841613233469        6.6548354536330724E-006
   3.4899610697221277        8.0533694014991837E-006
   3.4962379781209085        9.7320717156560401E-006
   3.5025148865196893        1.1744036619911896E-005
   3.5087917949184702        1.4152095960362035E-005
   3.5150687033172510        1.7030190444506812E-005
   3.5213456117160318        2.0465166795879742E-005
   3.5276225201148126        2.4558823848228093E-005
   3.5338994285135934        2.9430309283203758E-005
   3.5401763369123742        3.5218784497357477E-005
   3.5464532453111550        4.2086525240175053E-005
   3.5527301537099358        5.0222363571680420E-005
   3.5590070621087166        5.9845654363296459E-005
   3.5652839705074975        7.1210669957289628E-005
   3.5715608789062783        8.4611616702343482E-005
   3.5778377873050591        1.0038817593642059E-004
   3.5841146957038399        1.1893177067855802E-004
   3.5903916041026207        1.4069245791891146E-004
   3.5966685125014015        1.6618665182133025E-004
   3.6029454209001823        1.9600557143014056E-004
   3.6092223292989631        2.3082461744465795E-004
   3.6154992376977440        2.7141355944596235E-004
   3.6217761460965248        3.1864773089282589E-004
   3.6280530544953056        3.7352009217892700E-004
   3.6343299628940864        4.3715434371422373E-004
   3.6406068712928672        5.1081891500284608E-004
   3.6468837796916480        5.9594198796010772E-004
   3.6531606880904288        6.9412732517495717E-004
   3.6594375964892096        8.0717103446883217E-004
   3.6657145048879904        9.3707894681713938E-004
   3.6719914132867713        1.0860846733907563E-003
   3.6782683216855521        1.2566667740628022E-003
   3.6845452300843329        1.4515648451560331E-003
   3.6908221384831137        1.6737996944781702E-003
   3.6970990468818945        1.9266914919072475E-003
   3.7033759552806753        2.2138763888799391E-003
   3.7096528636794561        2.5393219236767013E-003
   3.7159297720782369        2.9073403764384442E-003
   3.7222066804770177        3.3225995959411682E-003
   3.7284835888757986        3.7901304862457789E-003
   3.7347604972745794        4.3153303935757363E-003
   3.7410374056733602        4.9039615125260269E-003
   3.7473143140721410        5.5621432902960184E-003
   3.7535912224709218        6.2963378962474347E-003
   3.7598681308697026        7.1133274705797844E-003
   3.7661450392684834        8.0201822349577415E-003
   3.7724219476672642        9.0242179116157076E-003
   3.7786988560660451        1.0132941672129430E-002
   3.7849757644648259        1.1353984795464954E-002
   3.7912526728636067        1.2695021589589116E-002
   3.7975295812623875        1.4163672486868959E-002
   3.8038064896611683        1.5767391483567574E-002
   3.8100833980599491        1.7513335563625106E-002
   3.8163603064587299        1.9408217226918965E-002
   3.8226372148575107        2.1458137661435825E-002
   3.8289141232562915        2.3668402423199963E-002
   3.8351910316550724        2.6043319564493597E-002
   3.8414679400538532        2.8585972126550716E-002
   3.8477448484526340        3.1298080189113460E-002
   3.8540217568514148        3.4180670074674138E-002
   3.8602986652501956        3.7234438644976227E-002
   3.8665755736489764        4.0458529099817710E-002
   3.8728524820477572        4.3850114845525839E-002
   3.8791293904465380        4.7404200412926270E-002
   3.8854062988453189        5.1113373982630987E-002
   3.8916832072440997        5.4967581830119530E-002
   3.8979601156428805        5.8953898889352520E-002
   3.9042370240416608        6.3056316854618794E-002
   3.9105139324404417        6.7255547121445963E-002
   3.9167908408392225        7.1528848954965432E-002
   3.9230677492380033        7.5849889295939166E-002
   3.9293446576367841        8.0188639576670495E-002
   3.9356215660355649        8.4511321814181153E-002
   3.9418984744343457        8.8780405223278902E-002
   3.9481753828331265        9.2954670769143960E-002
   3.9544522912319073        9.6989339559209450E-002
   3.9607291996306881       0.10083628835619725     
   3.9670061080294690       0.10444433956784324     
   3.9732830164282498       0.10775965761206348     
   3.9795599248270306       0.11072622379455402     
   3.9858368332258114       0.11328643791642677     
   3.9921137416245922       0.11538178798865888     
   3.9983906500233730       0.11695367617451018     
   4.0046675584221543       0.11794426340633646     
   4.0109444668209351       0.11829756088853879     
   4.0172213752197159       0.11796027196739817     
   4.0234982836184967       0.11688441035707993     
   4.0297751920172775       0.11503686995131589     
   4.0360521004160583       0.11239800977367916     
   4.0423290088148391       0.10895561700569439     
   4.0486059172136200       0.10470480579191581     
   4.0548828256124008        9.9648791524062225E-002
   4.0611597340111816        9.3799501635966551E-002
   4.0674366424099624        8.7178136980444673E-002
   4.0737135508087432        7.9815634140434744E-002
   4.0799904592075240        7.1753021185734803E-002
   4.0862673676063048        6.3041647688984653E-002
   4.0925442760050856        5.3743275359818626E-002
   4.0988211844038664        4.3930010712486811E-002
   4.1050980928026473        3.3684072718196213E-002
   4.1113750012014281        2.3097374151042457E-002
   4.1176519096002089        1.2270920806373766E-002
   4.1239288179989897        1.3140038818093846E-003
   4.1302057263977705       -9.6567945446415972E-003
   4.1364826347965504       -2.0518812937600744E-002
   4.1427595431953312       -3.1144696366030448E-002
   4.1490364515941121       -4.1403998003342428E-002
   4.1553133599928929       -5.1164919915176361E-002
   4.1615902683916737       -6.0296259132112666E-002
   4.1678671767904545       -6.8669423776374292E-002
   4.1741440851892353       -7.6160650870694388E-002
   4.1804209935880161       -8.2653157113488085E-002
   4.1866979019867969       -8.8039573881562375E-002
   4.1929748103855777       -9.2223867924306965E-002
   4.1992517187843585       -9.5125450137129239E-002
   4.2055286271831394       -9.6690470422577765E-002
   4.2118055355819202       -9.6887763325159609E-002
   4.2180824439807010       -9.5705531900153629E-002
   4.2243593523794818       -9.3151750506910491E-002
   4.2306362607782626       -8.9254366776010674E-002
   4.2369131691770434       -8.4061329015606603E-002
   4.2431900775758242       -7.7640224678725306E-002
   4.2494669859746050       -7.0077672328692067E-002
   4.2557438943733858       -6.1478365026755251E-002
   4.2620208027721667       -5.1963841229491242E-002
   4.2682977111709475       -4.1670945382443592E-002
   4.2745746195697283       -3.0750023772887086E-002
   4.2808515279685091       -1.9362860196006668E-002
   4.2871284363672899       -7.6803797367180201E-003
   4.2934053447660707        4.1198407059062532E-003
   4.2996822531648515        1.5856241259176746E-002
   4.3059591615636323        2.7346056330949525E-002
   4.3122360699624132        3.8408204909339730E-002
   4.3185129783611940        4.8866186814877241E-002
   4.3247898867599748        5.8551020200239695E-002
   4.3310667951587556        6.7304064112592432E-002
   4.3373437035575364        7.4979819176453383E-002
   4.3436206119563172        8.1448465641453721E-002
   4.3498975203550980        8.6598357278442173E-002
   4.3561744287538788        9.0338033537289433E-002
   4.3624513371526596        9.2598331453836072E-002
   4.3687282455514405        9.3333380499290144E-002
   4.3750051539502213        9.2524363680397390E-002
   4.3812820623490021        9.0191244226424980E-002
   4.3875589707477829        8.6381307466361149E-002
   4.3938358791465637        8.1165101336093559E-002
   4.4001127875453445        7.4635354276297389E-002
   4.4063896959441253        6.6904841481397387E-002
   4.4126666043429061        5.8104342287622728E-002
   4.4189435127416870        4.8380126220430295E-002
   4.4252204211404678        3.7891396828208641E-002
   4.4314973295392486        2.6807480734420554E-002
   4.4377742379380294        1.5304998772129760E-002
   4.4440511463368102        3.5649296210958910E-003
   4.4503280547355910       -8.2302811314437126E-003
   4.4566049631343718       -1.9899598867391340E-002
   4.4628818715331526       -3.1266161363725072E-002
   4.4691587799319334       -4.2159925212555530E-002
   4.4754356883307143       -5.2420131022259682E-002
   4.4817125967294951       -6.1897569374152119E-002
   4.4879895051282759       -7.0456615338777534E-002
   4.4942664135270567       -7.7976997190302252E-002
   4.5005433219258375       -8.4355304037150691E-002
   4.5068202303246183       -8.9506176996320908E-002
   4.5130971387233991       -9.3363236391226914E-002
   4.5193740471221799       -9.5879651029236596E-002
   4.5256509555209607       -9.7028478939554713E-002
   4.5319278639197416       -9.6802596929041362E-002
   4.5382047723185224       -9.5214506900320767E-002
   4.5444816807173032       -9.2295780750777906E-002
   4.5507585891160840       -8.8099959381519086E-002
   4.5570354975148648       -8.2707468511660054E-002
   4.5633124059136456       -7.6214097700263994E-002
   4.5695893143124264       -6.8726797782567531E-002
   4.5758662227112072       -6.0361804551456448E-002
   4.5821431311099881       -5.1242207696744813E-002
   4.5884200395087689       -4.1495828376176817E-002
   4.5946969479075497       -3.1253016487218864E-002
   4.6009738563063305       -2.0644659734772280E-002
   4.6072507647051113       -9.8002559514366351E-003
   4.6135276731038921        1.1538049065691074E-003
   4.6198045815026729        1.2095823854002095E-002
   4.6260814899014537        2.2910159346558493E-002
   4.6323583983002345        3.3488422234777888E-002
   4.6386353066990154        4.3730454781794603E-002
   4.6449122150977962        5.3545124903049766E-002
   4.6511891234965770        6.2850916210187846E-002
   4.6574660318953578        7.1576336874998842E-002
   4.6637429402941386        7.9660146430147988E-002
   4.6700198486929194        8.7051416763238146E-002
   4.6762967570917002        9.3709441445518543E-002
   4.6825736654904810        9.9603501906905714E-002
   4.6888505738892619       0.10471251786986684     
   4.6951274822880427       0.10902458125054561     
   4.7014043906868235       0.11253641040487791     
   4.7076812990856043       0.11525272627310168     
   4.7139582074843851       0.11718552755898744     
   4.7202351158831659       0.11835399129727830     
   4.7265120242819467       0.11878959083793546     
   4.7327889326807275       0.11853836100129536     
   4.7390658410795083       0.11765168295645106     
   4.7453427494782892       0.11618368705400134     
   4.7516196578770700       0.11419046379274628     
   4.7578965662758508       0.11172899301723579     
   4.7641734746746316       0.10885632980235507     
   4.7704503830734124       0.10562879145879335     
   4.7767272914721932       0.10210130293044084     
   4.7830041998709740        9.8326798489197287E-002
   4.7892811082697548        9.4355750001956798E-002
   4.7955580166685357        9.0235765273854768E-002
   4.8018349250673165        8.6011292195227046E-002
   4.8081118334660973        8.1723391388130423E-002
   4.8143887418648781        7.7409595775578127E-002
   4.8206656502636589        7.3103829951072369E-002
   4.8269425586624397        6.8836397957620504E-002
   4.8332194670612205        6.4634019070906393E-002
   4.8394963754600013        6.0519914049276251E-002
   4.8457732838587821        5.6513927008502385E-002
   4.8520501922575630        5.2632680783838953E-002
   4.8583271006563438        4.8889756866829497E-002
   4.8646040090551246        4.5295892617637577E-002
   4.8708809174539054        4.1859195661766171E-002
   4.8771578258526862        3.8585357440729141E-002
   4.8834347342514670        3.5477888119877427E-002
   4.8897116426502478        3.2538306640022475E-002
   4.8959885510490286        2.9766553366053633E-002
   4.9022654594478094        2.7162294973194914E-002
   4.9085423678465903        2.4724633454152982E-002
   4.9148192762453711        2.2451244590243762E-002
   4.9210961846441519        2.0338480930803617E-002
   4.9273730930429327        1.8381609382693013E-002
   4.9336500014417135        1.6575014246667377E-002
   4.9399269098404943        1.4912388348874470E-002
   4.9462038182392751        1.3386904321959108E-002
   4.9524807266380559        1.1991368943320152E-002
   4.9587576350368368        1.0718359315864918E-002
   4.9650345434356176        9.5603422668381344E-003
   4.9713114518343984        8.5097771112532389E-003
   4.9775883602331792        7.5592032102291843E-003
   4.9838652686319600        6.7013128993286385E-003
   4.9901421770307408        5.9290113902052488E-003
   4.9964190854295216        5.2354643507017910E-003
   5.0026959938283024        4.6141348486913591E-003
   5.0089729022270832        4.0588103502211138E-003
   5.0152498106258641        3.5636214403000541E-003
   5.0215267190246449        3.1230528563067081E-003
   5.0278036274234257        2.7319484183381381E-003
   5.0340805358222065        2.3855102887975288E-003
   5.0403574442209873        2.0792940366368396E-003
   5.0466343526197681        1.8091997278170430E-003
   5.0529112610185480        1.5714604498537935E-003
   5.0591881694173289        1.3626281546491154E-003
   5.0654650778161097        1.1795584770181713E-003
   5.0717419862148905        1.0193924467807153E-003
   5.0780188946136713        8.7953272865660362E-004
   5.0842958030124521        7.5763223343287768E-004
   5.0905727114112329        6.5157989428148275E-004
   5.0968496198100137        5.5948237203455413E-004
   5.1031265282087945        4.7964643194857936E-004
   5.1094034366075753        4.1056172294263028E-004
   5.1156803450063562        3.5088464468364754E-004
   5.1219572534051370        2.9942286063308762E-004
   5.1282341618039178        2.5512097415478479E-004
   5.1345110702026986        2.1704695806038825E-004
   5.1407879786014794        1.8437975127031820E-004
   5.1470648870002602        1.5639762561612213E-004
   5.1533417953990410        1.3246766996059754E-004
   5.1596187037978218        1.1203600449373795E-004
   5.1658956121966026        9.4619027488192288E-005
   5.1721725205953835        7.9795319152510237E-005
   5.1784494289941643        6.7198473994073540E-005
   5.1847263373929451        5.6510500730423216E-005
   5.1910032457917259        4.7456039777172442E-005
   5.1972801541905067        3.9797053772107676E-005
   5.2035570625892875        3.3328226264777886E-005
   5.2098339709880683        2.7872741549200121E-005
   5.2161108793868491        2.3278670272151401E-005
   5.2223877877856300        1.9415651483827168E-005
   5.2286646961844108        1.6172088379332959E-005
   5.2349416045831916        1.3452565073485815E-005
   5.2412185129819724        1.1175697756735021E-005
   5.2474954213807532        9.2721348077083706E-006
   5.2537723297795340        7.6828973295550062E-006
   5.2600492381783148        6.3578958906371948E-006
   5.2663261465770956        5.2547168100571151E-006
   5.2726030549758764        4.3374574470928643E-006
   5.2788799633746573        3.5758210707550864E-006
   5.2851568717734381        2.9442380941121044E-006
   5.2914337801722189        2.4212056012844181E-006
   5.2977106885709997        1.9886266468964639E-006
   5.3039875969697805        1.6313354282938268E-006
   5.3102645053685613        1.3366016479506037E-006
   5.3165414137673421        1.0937949803985688E-006
   5.3228183221661229        8.9401334014966875E-007
   5.3290952305649038        7.2985080436786317E-007
   5.3353721389636846        5.9511816064634325E-007
   5.3416490473624654        4.8468689827383496E-007
   5.3479259557612462        3.9427798648667120E-007
   5.3542028641600270        3.2036123745578994E-007
   5.3604797725588078        2.5999420814901131E-007
   5.3667566809575886        2.1076146054214208E-007
   5.3730335893563694        1.7065007887731213E-007
   5.3793104977551502        1.3801736431859327E-007
   5.3855874061539311        1.1149298245873084E-007
   5.3918643145527119        8.9966681944119382E-008
   5.3981412229514927        7.2509749544234929E-008
   5.4044181313502735        5.8376640191373130E-008
   5.4106950397490543        4.6940415196925815E-008
   5.4169719481478351        3.7703882652927837E-008
   5.4232488565466159        3.0245443833461146E-008
   5.4295257649453967        2.4237001483480223E-008
   5.4358026733441775        1.9395979510301084E-008
   5.4420795817429584        1.5506926355517454E-008
   5.4483564901417392        1.2380002175851721E-008
   5.4546333985405200        9.8752741288168207E-009
   5.4609103069393008        7.8651156238860794E-009
   5.4671872153380816        6.2599685602613122E-009
   5.4734641237368624        4.9737185309496177E-009
   5.4797410321356432        3.9501969989523374E-009
   5.4860179405344240        3.1308528612587581E-009
   5.4922948489332049        2.4815044858475067E-009
   5.4985717573319857        1.9618216476772560E-009
   5.5048486657307665        1.5519974692601288E-009
   5.5111255741295473        1.2237024347453432E-009
   5.5174024825283281        9.6645714831742934E-010
   5.5236793909271089        7.5981234205333832E-010
   5.5299562993258897        5.9928897098173814E-010
   5.5362332077246705        4.6960418144693630E-010
   5.5425101161234513        3.7009640421809890E-010
   5.5487870245222322        2.8887375269757346E-010
   5.5550639329210130        2.2767156301429674E-010
   5.5613408413197938        1.7682921228154918E-010
   5.5676177497185746        1.3955844376920933E-010
   5.5738946581173554        1.0767791962635918E-010
   5.5801715665161362        8.5284475482415721E-011
   5.5864484749149170        6.5190199675770347E-011
   5.5927253833136978        5.1999060175996623E-011
   5.5990022917124787        3.9202603807355873E-011
   5.6052792001112595        3.1672534184443138E-011
   5.6115561085100403        2.3378326173181665E-011
   5.6178330169088211        1.9310136379471536E-011
   5.6241099253076019        1.3785768909667712E-011
   5.6303868337063827        1.1820550098531971E-011
   5.6366637421051635        7.9975835137680908E-012
   5.6429406505039443        7.3000706601761669E-012
   5.6492175589027251        4.5220075841978637E-012
   5.6554944673015060        4.5802511861011304E-012
   5.6617713757002868        2.4454576590223225E-012
   5.6680482840990676        2.9481550178188531E-012
   5.6743251924978484        1.2113034935671201E-012
   5.6806021008966292        1.9697259784673344E-012
   5.6868790092954100        4.8302385803316674E-013
   5.6931559176941908        1.3844284680076443E-012
   5.6994328260929716        5.7398904876028567E-014
   5.7057097344917524        1.0328660850677968E-012
   5.7119866428905333       -1.8860204428115249E-013
   5.7182635512893141        8.2093451555692067E-013
   5.7245404596880949       -3.2779919367549540E-013
   5.7308173680868757        6.9206406949812065E-013
   5.7370942764856565       -4.0358634709528663E-013
   5.7433711848844373        6.1258995643771910E-013
   5.7496480932832181       -4.4268141622705536E-013
   5.7559250016819989        5.6143294022992144E-013
   5.7622019100807798       -4.6138248546531303E-013
   5.7684788184795606        5.2668602777424248E-013
   5.7747557268783414       -4.6737861455555279E-013
   5.7810326352771222        5.0266939916839962E-013
   5.7873095436759030       -4.6571683119531434E-013
   5.7935864520746838        4.8486847206141983E-013
   5.7998633604734646       -4.6073531444735334E-013
   5.8061402688722454        4.6999325693836044E-013
   5.8124171772710262       -4.5336241598136483E-013
   5.8186940856698071        4.5746660140990232E-013
   5.8249709940685879       -4.4501812676970540E-013
   5.8312479024673687        4.4648862911174015E-013
   5.8375248108661495       -4.3640247145639067E-013
   5.8438017192649303        4.3604336501941670E-013
   5.8500786276637111       -4.2762226197158940E-013
   5.8563555360624919        4.2641271794868423E-013
   5.8626324444612727       -4.1891241308292157E-013
   5.8689093528600536        4.1634388532570234E-013
   5.8751862612588344       -4.1134961335837754E-013
   5.8814631696576152        4.0585051019410856E-013
   5.8877400780563960       -4.0419037426647950E-013
   5.8940169864551768        3.9648859017023671E-013
   5.9002938948539576       -3.9607904518629222E-013
   5.9065708032527384        3.8825278556861211E-013
   5.9128477116515192       -3.8771174936659056E-013
   5.9191246200503000        3.8049460765499526E-013
   5.9254015284490809       -3.7917566469072936E-013
   5.9316784368478617        3.7332379487073455E-013
   5.9379553452466425       -3.7060153516321374E-013
   5.9442322536454233        3.6639988847673917E-013
   5.9505091620442041       -3.6268733458712913E-013
   5.9567860704429849        3.5907500714503251E-013
   5.9630629788417657       -3.5555340500286537E-013
   5.9693398872405457        3.5176653579648458E-013
   5.9756167956393265       -3.4856019828345129E-013
   5.9818937040381073        3.4460327450174963E-013
   5.9881706124368881       -3.4196427883893789E-013
   5.9944475208356689        3.3715827770987561E-013
   6.0007244292344497       -3.3593444564690614E-013
   6.0070013376332305        3.2993642477666690E-013
   6.0132782460320113       -3.2938937807511013E-013
   6.0195551544307921        3.2349322632964322E-013
   6.0258320628295730       -3.2325275099233000E-013
   6.0321089712283538        3.1681636807063610E-013
   6.0383858796271346       -3.1650797011173065E-013
   6.0446627880259154        3.1140636610231078E-013
   6.0509396964246962       -3.1025820988911174E-013
   6.0572166048234770        3.0501565824265504E-013
   6.0634935132222578       -3.0452589886367065E-013
   6.0697704216210386        2.9893148551062363E-013
   6.0760473300198194       -2.9876801858533695E-013
   6.0823242384186003        2.9313873226226806E-013
   6.0886011468173811       -2.9323032980399417E-013
   6.0948780552161619        2.8758406613683027E-013
   6.1011549636149427       -2.8758689511423415E-013
   6.1074318720137235        2.8236319116946447E-013
   6.1137087804125043       -2.8162109170938985E-013
   6.1199856888112851        2.7770329141589104E-013
   6.1262625972100659       -2.7545227017803812E-013
   6.1325395056088468        2.7361769758866919E-013
   6.1388164140076276       -2.6919184790841328E-013
   6.1450933224064084        2.6938262802606580E-013
   6.1513702308051892       -2.6360878848339616E-013
   6.1576471392039700        2.6468846765379346E-013
   6.1639240476027508       -2.5898936989130197E-013
   6.1702009560015316        2.5913238874480513E-013
   6.1764778644003124       -2.5463968665338840E-013
   6.1827547727990932        2.5413820514869529E-013
   6.1890316811978741       -2.5059814022255512E-013
   6.1953085895966549        2.4803567547530432E-013
   6.2015854979954357       -2.4786127313458306E-013
   6.2078624063942165        2.4171195850232179E-013
   6.2141393147929973       -2.4461401152170070E-013
   6.2204162231917781        2.3649061468365058E-013
   6.2266931315905589       -2.4028563830664709E-013
   6.2329700399893397        2.3249258398642850E-013
   6.2392469483881206       -2.3496757633193438E-013
   6.2455238567869014        2.2947935424029107E-013
   6.2518007651856822       -2.2939429582420330E-013
   6.2580776735844630        2.2671783391868103E-013
   6.2643545819832438       -2.2412903197215354E-013
   6.2706314903820246        2.2359108411394493E-013
   6.2769083987808054       -2.1916853084026630E-013
   6.2831853071795862        2.2007117203857826E-013
