   6.2769083987808056E-003  -3.8203915746314716E-002
   1.2553816797561611E-002  -2.4704854275785469E-002
   1.8830725196342418E-002  -7.4807786788421322E-003
   2.5107633595123222E-002   1.0874712035026053E-002
   3.1384541993904030E-002   2.7573387578569201E-002
   3.7661450392684835E-002   4.0056375415535535E-002
   4.3938358791465640E-002   4.6390105362012185E-002
   5.0215267190246445E-002   4.5572630553252051E-002
   5.6492175589027249E-002   3.7700757182263039E-002
   6.2769083987808061E-002   2.3969005871873211E-002
   6.9045992386588859E-002   6.4969335710866613E-003
   7.5322900785369670E-002  -1.1991684455139946E-002
   8.1599809184150468E-002  -2.8590346601016232E-002
   8.7876717582931280E-002  -4.0667324873270259E-002
   9.4153625981712077E-002  -4.6287145977541057E-002
  0.10043053438049289       -4.4527964114615196E-002
  0.10670744277927370       -3.5641744854646294E-002
  0.11298435117805450       -2.1028200491545822E-002
  0.11926125957683531       -3.0228388069943007E-003
  0.12553816797561612        1.5470278094861801E-002
  0.13181507637439691        3.1444383171238564E-002
  0.13809198477317772        4.2280212129618466E-002
  0.14436889317195853        4.6180515638448216E-002
  0.15064580157073934        4.2476043192802904E-002
  0.15692270996952015        3.1749741233550600E-002
  0.16319961836830094        1.5754841304611359E-002
  0.16947652676708175       -2.8635747257512011E-003
  0.17575343516586256       -2.1000810195477369E-002
  0.18203034356464337       -3.5608924092204994E-002
  0.18830725196342415       -4.4212546331959805E-002
  0.19458416036220497       -4.5336018839354945E-002
  0.20086106876098578       -3.8763743294838462E-002
  0.20713797715976659       -2.5589604120915491E-002
  0.21341488555854740       -8.0433326664335475E-003
  0.21969179395732819        1.0880508357260784E-002
  0.22596870235610900        2.7930248281916027E-002
  0.23224561075488981        4.0156145750664507E-002
  0.23852251915367062        4.5424598154783842E-002
  0.24479942755245140        4.2797303769932148E-002
  0.25107633595123224        3.2706877707237091E-002
  0.25735324435001306        1.6894764042549228E-002
  0.26363015274879381       -1.8816231419848807E-003
  0.26990706114757462       -2.0324708102283758E-002
  0.27618396954635543       -3.5174368641469118E-002
  0.28246087794513625       -4.3786497513267568E-002
  0.28873778634391706       -4.4609500462823033E-002
  0.29501469474269787       -3.7471914592426707E-002
  0.30129160314147868       -2.3626514681189727E-002
  0.30756851154025949       -5.5390012534957192E-003
  0.31384541993904030        1.3544746663843948E-002
  0.32012232833782106        3.0178128057237120E-002
  0.32639923673660187        4.1337137440062212E-002
  0.33267614513538268        4.4974732485553275E-002
  0.33895305353416350        4.0403843694973851E-002
  0.34522996193294431        2.8436107449538416E-002
  0.35150687033172512        1.1246900892471903E-002
  0.35778377873050593       -8.0127378593050722E-003
  0.36406068712928674       -2.5789884079410415E-002
  0.37033759552806755       -3.8786013279166108E-002
  0.37661450392684831       -4.4572756110030171E-002
  0.38289141232562912       -4.2051932668732445E-002
  0.38916832072440993       -3.1672037609651767E-002
  0.39544522912319074       -1.5357117989041501E-002
  0.40172213752197156        3.8425995484349276E-003
  0.40799904592075237        2.2316347744453499E-002
  0.41427595431953318        3.6570743501916997E-002
  0.42055286271831399        4.3892986680756849E-002
  0.42682977111709480        4.2872980608529655E-002
  0.43310667951587556        3.3682844802055634E-002
  0.43938358791465637        1.8057006285086490E-002
  0.44566049631343718       -1.0274334777307412E-003
  0.45193740471221799       -1.9912714314480738E-002
  0.45821431311099881       -3.4959765936972406E-002
  0.46449122150977962       -4.3251555830291569E-002
  0.47076812990856043       -4.3164133563924421E-002
  0.47704503830734124       -3.4692573267113697E-002
  0.48332194670612205       -1.9464962029664159E-002
  0.48959885510490281       -4.3748994963210911E-004
  0.49587576350368362        1.8673905979433782E-002
  0.50215267190246449        3.4117208234401404E-002
  0.50842958030124530        4.2842812594483193E-002
  0.51470648870002611        4.3111171641754903E-002
  0.52098339709880681        3.4847504813206809E-002
  0.52726030549758762        1.9669775137966319E-002
  0.53353721389636843        5.8004404387983286E-004
  0.53981412229514925       -1.8623657601755043E-002
  0.54609103069393006       -3.4100987585687297E-002
  0.55236793909271087       -4.2739201193898353E-002
  0.55864484749149168       -4.2784654274494988E-002
  0.56492175589027249       -3.4206782493615584E-002
  0.57119866428905330       -1.8717500292606611E-002
  0.57747557268783412        5.6234773726504463E-004
  0.58375248108661493        1.9726227764624297E-002
  0.59002938948539574        3.4871567016909827E-002
  0.59630629788417655        4.2896632531192108E-002
  0.60258320628295736        4.2141530915102692E-002
  0.60886011468173817        3.2739743060787217E-002
  0.61513702308051899        1.6604166671249924E-002
  0.62141393147929980       -2.9540717945609977E-003
  0.62769083987808061       -2.1899810715744747E-002
  0.63396774827686131       -3.6304916635411792E-002
  0.64024465667564212       -4.3165404395351367E-002
  0.64652156507442293       -4.1034132466023096E-002
  0.65279847347320374       -3.0334579545133942E-002
  0.65907538187198456       -1.3286009743705786E-002
  0.66535229027076537        6.5490801203014629E-003
  0.67162919866954618        2.5004650133495700E-002
  0.67790610706832699        3.8185402663275060E-002
  0.68418301546710780        4.3292390233363690E-002
  0.69045992386588861        3.9224275398543687E-002
  0.69673683226466943        2.6823698025122918E-002
  0.70301374066345024        8.7119079739879490E-003
  0.70929064906223105       -1.1258066522798489E-002
  0.71556755746101186       -2.8817844970619653E-002
  0.72184446585979267       -4.0197550577486509E-002
  0.72812137425857348       -4.2939350977605033E-002
  0.73439828265735430       -3.6435083097785745E-002
  0.74067519105613511       -2.2069262881714260E-002
  0.74695209945491581       -2.9322798635133891E-003
  0.75322900785369662        1.6838591350771714E-002
  0.75950591625247743        3.2951159497902789E-002
  0.76578282465125824        4.1891531453193104E-002
  0.77205973305003905        4.1695411239007801E-002
  0.77833664144881987        3.2387144852737922E-002
  0.78461354984760068        1.5986823680373376E-002
  0.79089045824638149       -3.9206441280230132E-003
  0.79716736664516230       -2.2964278720228121E-002
  0.80344427504394311       -3.6945530381559802E-002
  0.80972118344272392       -4.2766661837456039E-002
  0.81599809184150474       -3.9123156912802590E-002
  0.82227500024028555       -2.6804110723152051E-002
  0.82855190863906636       -8.5297473767925649E-003
  0.83482881703784717        1.1642505775780103E-002
  0.84110572543662798        2.9215283847589011E-002
  0.84738263383540879        4.0254281626741099E-002
  0.85365954223418961        4.2273296688268056E-002
  0.85993645063297042        3.4801277352318548E-002
  0.86621335903175112        1.9500584282282889E-002
  0.87249026743053193       -1.9490709145667591E-004
  0.87876717582931274       -1.9844755581908676E-002
  0.88504408422809355       -3.5001951822826463E-002
  0.89132099262687436       -4.2225044253815194E-002
  0.89759790102565518       -3.9864127198054378E-002
  0.90387480942443599       -2.8443062261852059E-002
  0.91015171782321680       -1.0549204327465455E-002
  0.91642862622199761        9.7478949902890452E-003
  0.92270553462077842        2.7819212031201343E-002
  0.92898244301955923        3.9531922088475287E-002
  0.93525935141834005        4.2197238364369775E-002
  0.94153625981712086        3.5192484927025813E-002
  0.94781316821590167        2.0112371950235988E-002
  0.95409007661468248        4.1152979745543339E-004
  0.96036698501346329       -1.9382918567342245E-002
  0.96664389341224410       -3.4710179363527757E-002
  0.97292080181102492       -4.2028007979307280E-002
  0.97919771020980562       -3.9635251056844741E-002
  0.98547461860858643       -2.8072849786348799E-002
  0.99175152700736724       -1.0007520845027340E-002
  0.99802843540614805        1.0378362166121641E-002
   1.0043053438049290        2.8352288252163831E-002
   1.0105822522037098        3.9730268292662956E-002
   1.0168591606024906        4.1853619855980566E-002
   1.0231360690012714        3.4215166485572913E-002
   1.0294129774000522        1.8586280425523599E-002
   1.0356898857988328       -1.3883417066044988E-003
   1.0419667941976136       -2.1036744134477602E-002
   1.0482437025963944       -3.5751219078606455E-002
   1.0545206109951752       -4.2070672275489780E-002
   1.0607975193939561       -3.8501458873016821E-002
   1.0670744277927369       -2.5877942897867663E-002
   1.0733513361915177       -7.1662247235276576E-003
   1.0796282445902985        1.3231966250141440E-002
   1.0859051529890793        3.0513723373721754E-002
   1.0921820613878601        4.0606072297311641E-002
   1.0984589697866409        4.1126967358039744E-002
   1.1047358781854217        3.1949356839578946E-002
   1.1110127865842025        1.5234208432348195E-002
   1.1172896949829834       -5.0764300811442656E-003
   1.1235666033817642       -2.4187913930453213E-002
   1.1298435117805450       -3.7584585034819790E-002
   1.1361204201793258       -4.2097486817153675E-002
   1.1423973285781066       -3.6655552165452319E-002
   1.1486742369768874       -2.2541846932713543E-002
   1.1549511453756682       -3.0930762714779900E-003
   1.1612280537744490        1.7087744884343472E-002
   1.1675049621732299        3.3220048391808955E-002
   1.1737818705720107        4.1478525632093484E-002
   1.1800587789707915        3.9901480014738991E-002
   1.1863356873695723        2.8858723415736122E-002
   1.1926125957683531        1.0966956269711354E-002
   1.1988895041671339       -9.5285119926724043E-003
   1.2051664125659147       -2.7760063940322818E-002
   1.2114433209646955       -3.9393766057664599E-002
   1.2177202293634763       -4.1660607380836989E-002
   1.2239971377622572       -3.4017225231645777E-002
   1.2302740461610380       -1.8278574821373371E-002
   1.2365509545598188        1.8102407727824737E-003
   1.2428278629585996        2.1468857611361195E-002
   1.2491047713573804        3.6023260362027687E-002
   1.2553816797561612        4.2016856412450142E-002
   1.2616585881549420        3.8029816182827726E-002
   1.2679354965537226        2.5013327494379026E-002
   1.2742124049525034        6.0605252456289458E-003
   1.2804893133512842       -1.4330227563793601E-002
   1.2867662217500651       -3.1323839248375937E-002
   1.2930431301488459       -4.0894774538026882E-002
   1.2993200385476267       -4.0779420646177705E-002
   1.3055969469464075       -3.1009517287266707E-002
   1.3118738553451883       -1.3901406469264745E-002
   1.3181507637439691        6.4950672177633501E-003
   1.3244276721427499        2.5356440109884734E-002
   1.3307045805415307        3.8226505597735869E-002
   1.3369814889403115        4.2068291130889592E-002
   1.3432583973390924        3.5978999616710215E-002
   1.3495353057378732        2.1400012878800629E-002
   1.3558122141366540        1.7736263567577021E-003
   1.3620891225354348       -1.8271254031863735E-002
   1.3683660309342156       -3.4011461768783550E-002
   1.3746429393329964       -4.1742050125170446E-002
   1.3809198477317772       -3.9646970738616887E-002
   1.3871967561305580       -2.8223682230389204E-002
   1.3934736645293389       -1.0162861992086211E-002
   1.3997505729281197        1.0287121896564966E-002
   1.4060274813269005        2.8320966934215933E-002
   1.4123043897256813        3.9708918204413544E-002
   1.4185812981244621        4.1789978129560930E-002
   1.4248582065232429        3.4088753912465436E-002
   1.4311351149220237        1.8417954263390785E-002
   1.4374120233208045       -1.5537062012007225E-003
   1.4436889317195853       -2.1164190207084106E-002
   1.4499658401183662       -3.5847618509856460E-002
   1.4562427485171470       -4.2195712016475422E-002
   1.4625196569159278       -3.8744818931502591E-002
   1.4687965653147086       -2.6307771982975257E-002
   1.4750734737134894       -7.7766810351748150E-003
   1.4813503821122702        1.2554242670170969E-002
   1.4876272905110510        2.9986217789860378E-002
   1.4939041989098316        4.0501517274712212E-002
   1.5001811073086124        4.1686445291718194E-002
   1.5064580157073932        3.3280363817841302E-002
   1.5127349241061741        1.7227058138207393E-002
   1.5190118325049549       -2.7800336225486952E-003
   1.5252887409037357       -2.2151165452500038E-002
   1.5315656493025165       -3.6454216109367873E-002
   1.5378425577012973       -4.2427011954056106E-002
   1.5441194661000781       -3.8717198101340097E-002
   1.5503963744988589       -2.6182875770813036E-002
   1.5566732828976397       -7.6884212807554501E-003
   1.5629501912964205        1.2554605330126810E-002
   1.5692270996952014        2.9948965730581884E-002
   1.5755040080939822        4.0555297390768554E-002
   1.5817809164927630        4.1982063620509082E-002
   1.5880578248915438        3.3923178549444370E-002
   1.5943347332903246        1.8213924434785790E-002
   1.6006116416891054       -1.5957131945153853E-003
   1.6068885500878862       -2.1048491716894928E-002
   1.6131654584866670       -3.5784527918319188E-002
   1.6194423668854478       -4.2516171128355450E-002
   1.6257192752842287       -3.9755818921035503E-002
   1.6319961836830095       -2.8136785120585983E-002
   1.6382730920817903       -1.0259922743549785E-002
   1.6445500004805711        9.8953102081606337E-003
   1.6508269088793519        2.7860500266666435E-002
   1.6571038172781327        3.9668976649007592E-002
   1.6633807256769135        4.2727907043674240E-002
   1.6696576340756943        3.6380943844460056E-002
   1.6759345424744752        2.2040833164045356E-002
   1.6822114508732560        2.8672281007771469E-003
   1.6884883592720368       -1.6935230313678978E-002
   1.6947652676708176       -3.3041402942880070E-002
   1.7010421760695984       -4.1948962314117204E-002
   1.7073190844683792       -4.1735102209121501E-002
   1.7135959928671600       -3.2464279633071483E-002
   1.7198729012659408       -1.6162165905652080E-002
   1.7261498096647214        3.6341238514364699E-003
   1.7324267180635022        2.2648204900100027E-002
   1.7387036264622830        3.6789407381178738E-002
   1.7449805348610639        4.3030336420260863E-002
   1.7512574432598447        4.0049225620088322E-002
   1.7575343516586255        2.8502498101029658E-002
   1.7638112600574063        1.0872990007153872E-002
   1.7700881684561871       -9.0726454518383851E-003
   1.7763650768549679       -2.7093239396658354E-002
   1.7826419852537487       -3.9375069547573485E-002
   1.7889188936525295       -4.3335158065560285E-002
   1.7951958020513104       -3.8157418879318443E-002
   1.8014727104500912       -2.4952003878058134E-002
   1.8077496188488720       -6.5087442383811745E-003
   1.8140265272476528        1.3298865554498336E-002
   1.8203034356464336        3.0330502400545731E-002
   1.8265803440452144        4.1043748204401695E-002
   1.8328572524439952        4.3226324743784086E-002
   1.8391341608427760        3.6445460247609328E-002
   1.8454110692415568        2.2124748556897743E-002
   1.8516879776403377        3.2370557378510762E-003
   1.8579648860391185       -1.6318679780960191E-002
   1.8642417944378993       -3.2524924505465867E-002
   1.8705187028366801       -4.2069572637200459E-002
   1.8767956112354609       -4.3017827218983257E-002
   1.8830725196342417       -3.5196721157781982E-002
   1.8893494280330225       -2.0217515043200730E-002
   1.8956263364318033       -1.1358099838583073E-003
   1.9019032448305841        1.8177402231265117E-002
   1.9081801532293650        3.3823202747863039E-002
   1.9144570616281458        4.2660134218550340E-002
   1.9207339700269266        4.2929701571091779E-002
   1.9270108784257074        3.4598542604912304E-002
   1.9332877868244882        1.9352269268683012E-002
   1.9395646952232690        2.4672875657347161E-004
   1.9458416036220498       -1.8909518258731866E-002
   1.9521185120208304       -3.4316286732164990E-002
   1.9583954204196112       -4.2933837484714847E-002
   1.9646723288183920       -4.3077429293514019E-002
   1.9709492372171729       -3.4739155088781982E-002
   1.9772261456159537       -1.9577148498899223E-002
   1.9835030540147345       -5.7836943096600238E-004
   1.9897799624135153        1.8535067684686102E-002
   1.9960568708122961        3.4037051873335951E-002
   2.0023337792110771        4.2922156762236700E-002
   2.0086106876098579        4.3483281121345370E-002
   2.0148875960086388        3.5632256550209629E-002
   2.0211645044074196        2.0904724195615950E-002
   2.0274414128062004        2.1522935960821945E-003
   2.0337183212049812       -1.7014950214579324E-002
   2.0399952296037620       -3.2925621741401845E-002
   2.0462721380025428       -4.2548877318460944E-002
   2.0525490464013236       -4.4067066702007066E-002
   2.0588259548001044       -3.7211943543946843E-002
   2.0651028631988853       -2.3303677323503760E-002
   2.0713797715976656       -4.9890774530562659E-003
   2.0776566799964464        1.4267734209138652E-002
   2.0839335883952272        3.0843179679834833E-002
   2.0902104967940081        4.1635229409983078E-002
   2.0964874051927889        4.4639762741171658E-002
   2.1027643135915697        3.9316071318715992E-002
   2.1090412219903505        2.6676294912718765E-002
   2.1153181303891313        9.0852011286325762E-003
   2.1215950387879121       -1.0188735709292797E-002
   2.1278719471866929       -2.7584039865804027E-002
   2.1341488555854737       -3.9904230550720170E-002
   2.1404257639842545       -4.4901666791894744E-002
   2.1467026723830354       -4.1681285349818728E-002
   2.1529795807818162       -3.0852938270147082E-002
   2.1592564891805970       -1.4408009501765370E-002
   2.1655333975793778        4.6534971784807288E-003
   2.1718103059781586        2.2874418492240686E-002
   2.1780872143769394        3.6968360722579245E-002
   2.1843641227757202        4.4409926871529393E-002
   2.1906410311745010        4.3881740340861189E-002
   2.1969179395732819        3.5500181695277015E-002
   2.2031948479720627        2.0782601976647056E-002
   2.2094717563708435        2.3654648602777759E-003
   2.2157486647696243       -1.6473031123487861E-002
   2.2220255731684051       -3.2398560805488863E-002
   2.2283024815671859       -4.2609571093777290E-002
   2.2345793899659667       -4.5325731263165747E-002
   2.2408562983647475       -4.0091596813004379E-002
   2.2471332067635283       -2.7844957977832856E-002
   2.2534101151623092       -1.0741293233920301E-002
   2.2596870235610900        8.2316183306556483E-003
   2.2659639319598708        2.5779047682953984E-002
   2.2722408403586516        3.8871675579670556E-002
   2.2785177487574324        4.5265671238544233E-002
   2.2847946571562132        4.3882111449682550E-002
   2.2910715655549940        3.4981408760914830E-002
   2.2973484739537748        2.0106235909653276E-002
   2.3036253823525557        1.8069517090621775E-003
   2.3099022907513365       -1.6800665196232117E-002
   2.3161791991501173       -3.2567931229146217E-002
   2.3224561075488981       -4.2844715407618382E-002
   2.3287330159476789       -4.5920414104334360E-002
   2.3350099243464597       -4.1301875028173896E-002
   2.3412868327452405       -2.9784340911629868E-002
   2.3475637411440213       -1.3306834939676531E-002
   2.3538406495428021        5.3805918867842386E-003
   2.3601175579415830        2.3179665271156020E-002
   2.3663944663403638        3.7158277665013312E-002
   2.3726713747391446        4.5030991709166204E-002
   2.3789482831379254        4.5527381468190194E-002
   2.3852251915367062        3.8589780594674404E-002
   2.3915020999354870        2.5370951706276183E-002
   2.3977790083342678        8.0352755511797300E-003
   2.4040559167330486       -1.0601175311634360E-002
   2.4103328251318294       -2.7530989093855301E-002
   2.4166097335306103       -4.0040517198483665E-002
   2.4228866419293911       -4.6141564577115102E-002
   2.4291635503281719       -4.4881569652221037E-002
   2.4354404587269527       -3.6484884719315200E-002
   2.4417173671257335       -2.2305516354804135E-002
   2.4479942755245143       -4.6019235848721784E-003
   2.4542711839232951        1.3827637454157249E-002
   2.4605480923220759        3.0089254563343940E-002
   2.4668250007208568        4.1646356274789534E-002
   2.4731019091196376        4.6711819132368632E-002
   2.4793788175184184        4.4518716487740556E-002
   2.4856557259171992        3.5429468738596828E-002
   2.4919326343159800        2.0869108315854493E-002
   2.4982095427147608        3.0957166166538969E-003
   2.5044864511135416       -1.5154096474720526E-002
   2.5107633595123224       -3.1088404562728076E-002
   2.5170402679111032       -4.2286167713415479E-002
   2.5233171763098841       -4.7061557728727763E-002
   2.5295940847086644       -4.4712154724172476E-002
   2.5358709931074452       -3.5615401260872134E-002
   2.5421479015062260       -2.1161237506281082E-002
   2.5484248099050069       -3.5337168270831217E-003
   2.5547017183037877        1.4623270736129002E-002
   2.5609786267025685        3.0604395277600300E-002
   2.5672555351013493        4.2045161018767152E-002
   2.5735324435001301        4.7268376281437451E-002
   2.5798093518989109        4.5524632218149036E-002
   2.5860862602976917        3.7093127649804429E-002
   2.5923631686964725        2.3230444852869025E-002
   2.5986400770952534        5.9772344026114265E-003
   2.6049169854940342       -1.2146546526251601E-002
   2.6111938938928150       -2.8511878797543713E-002
   2.6174708022915958       -4.0761517091469364E-002
   2.6237477106903766       -4.7146757685622771E-002
   2.6300246190891574       -4.6770920643315270E-002
   2.6363015274879382       -3.9704985024089361E-002
   2.6425784358867190       -2.6973443771291187E-002
   2.6488553442854998       -1.0402240647048231E-002
   2.6551322526842807        7.6467099863340203E-003
   2.6614091610830615        2.4613994606023478E-002
   2.6676860694818423        3.8105832418515020E-002
   2.6739629778806231        4.6230122406213076E-002
   2.6802398862794039        4.7858624226354098E-002
   2.6865167946781847        4.2779326772007957E-002
   2.6927937030769655        3.1719139053991173E-002
   2.6990706114757463        1.6235332583127447E-002
   2.7053475198745272       -1.5074495679666411E-003
   2.7116244282733080       -1.9042219009693561E-002
   2.7179013366720888       -3.3943395807110213E-002
   2.7241782450708696       -4.4161317192185419E-002
   2.7304551534696504       -4.8301531604776231E-002
   2.7367320618684312       -4.5811205232765752E-002
   2.7430089702672120       -3.7048303525315456E-002
   2.7492858786659928       -2.3225591415757422E-002
   2.7555627870647736       -6.2387372850228615E-003
   2.7618396954635545        1.1596629717747917E-002
   2.7681166038623353        2.7862017304255509E-002
   2.7743935122611161        4.0363779898258095E-002
   2.7806704206598969        4.7427022299408719E-002
   2.7869473290586777        4.8116689094612176E-002
   2.7932242374574585        4.2357047087115920E-002
   2.7995011458562393        3.0934664704131972E-002
   2.8057780542550201        1.5383515792197893E-002
   2.8120549626538009       -2.2219159403344558E-003
   2.8183318710525818       -1.9529825014894631E-002
   2.8246087794513626       -3.4222772711504201E-002
   2.8308856878501434       -4.4328792180187183E-002
   2.8371625962489242       -4.8486962584934339E-002
   2.8434395046477050       -4.6132329578022400E-002
   2.8497164130464858       -3.7574452787045340E-002
   2.8559933214452666       -2.3958660305391448E-002
   2.8622702298440474       -7.1144181681284044E-003
   2.8685471382428283        1.0689226226242327E-002
   2.8748240466416091        2.7048696674643272E-002
   2.8811009550403899        3.9750439801705305E-002
   2.8873778634391707        4.7071207477768606E-002
   2.8936547718379515        4.8013182356103655E-002
   2.8999316802367323        4.2441736565093001E-002
   2.9062085886355131        3.1106530535063726E-002
   2.9124854970342939        1.5542489237826857E-002
   2.9187624054330747       -2.1365669253101674E-003
   2.9250393138318556       -1.9524052585495673E-002
   2.9313162222306364       -3.4247959609442019E-002
   2.9375931306294172       -4.4294871931308821E-002
   2.9438700390281980       -4.8286400549921601E-002
   2.9501469474269788       -4.5669862049999899E-002
   2.9564238558257596       -3.6796711839807816E-002
   2.9627007642245404       -2.2877221383925617E-002
   2.9689776726233212       -5.8171568764806671E-003
   2.9752545810221021        1.2041874943805353E-002
   2.9815314894208829        2.8239257403549333E-002
   2.9878083978196632        4.0523379490201170E-002
   2.9940853062184440        4.7165210182623006E-002
   3.0003622146172249        4.7208302034249118E-002
   3.0066391230160057        4.0614770794278755E-002
   3.0129160314147865        2.8284275159718850E-002
   3.0191929398135673        1.1939908498727999E-002
   3.0254698482123481       -6.1057911635285364E-003
   3.0317467566111289       -2.3274105841523066E-002
   3.0380236650099097       -3.7088061845699599E-002
   3.0443005734086905       -4.5532736094475501E-002
   3.0505774818074713       -4.7355150559053379E-002
   3.0568543902062522       -4.2258385359600109E-002
   3.0631312986050330       -3.0958764701688370E-002
   3.0694082070038138       -1.5094422242069132E-002
   3.0756851154025946        3.0047065426945002E-003
   3.0819620238013754        2.0654369891589811E-002
   3.0882389322001562        3.5212877104192138E-002
   3.0945158405989370        4.4478938174356823E-002
   3.1007927489977178        4.7030276787364274E-002
   3.1070696573964987        4.2450151633402759E-002
   3.1133465657952795        3.1404611730017351E-002
   3.1196234741940603        1.5555213275794266E-002
   3.1259003825928411       -2.6831051339430700E-003
   3.1321772909916219       -2.0505008877337354E-002
   3.1384541993904027       -3.5144932987468791E-002
   3.1447311077891835       -4.4308691585825087E-002
   3.1510080161879643       -4.6539152801243926E-002
   3.1572849245867451       -4.1457554155557241E-002
   3.1635618329855260       -2.9836646120792874E-002
   3.1698387413843068       -1.3491371838457448E-002
   3.1761156497830876        4.9974952225865683E-003
   3.1823925581818684        2.2686454001603067E-002
   3.1886694665806492        3.6737050895272613E-002
   3.1949463749794300        4.4874174875575511E-002
   3.2012232833782108        4.5760501699772256E-002
   3.2075001917769916        3.9224569257323823E-002
   3.2137771001757724        2.6302384918859736E-002
   3.2200540085745533        9.0820800131157769E-003
   3.2263309169733341       -9.6267066334258730E-003
   3.2326078253721149       -2.6747572758100028E-002
   3.2388847337708957       -3.9443296791218954E-002
   3.2451616421696765       -4.5589832822502382E-002
   3.2514385505684573       -4.4138611342743481E-002
   3.2577154589672381       -3.5304290454966018E-002
   3.2639923673660189       -2.0543037548435714E-002
   3.2702692757647998       -2.3210173742706378E-003
   3.2765461841635806        1.6291661354445486E-002
   3.2828230925623614        3.2135771776889102E-002
   3.2891000009611422        4.2500716816150058E-002
   3.2953769093599230        4.5593482184236547E-002
   3.3016538177587038        4.0856845639346613E-002
   3.3079307261574846        2.9079116300505341E-002
   3.3142076345562654        1.2272503499903725E-002
   3.3204845429550462       -6.6629512917141193E-003
   3.3267614513538271       -2.4435482319608202E-002
   3.3330383597526079       -3.7935045311361888E-002
   3.3393152681513887       -4.4782157093815625E-002
   3.3455921765501695       -4.3753187959334090E-002
   3.3518690849489503       -3.5006630555936141E-002
   3.3581459933477311       -2.0067463746437086E-002
   3.3644229017465119       -1.5686802786286757E-003
   3.3706998101452927        1.7207593838809397E-002
   3.3769767185440736        3.2910400214297086E-002
   3.3832536269428544        4.2719471589354602E-002
   3.3895305353416352        4.4856505582820741E-002
   3.3958074437404160        3.8914705647779241E-002
   3.4020843521391968        2.5944324504729929E-002
   3.4083612605379776        8.2751004605895063E-003
   3.4146381689367584       -1.0895982319040766E-002
   3.4209150773355392       -2.8079860020015002E-002
   3.4271919857343200       -4.0130648237284253E-002
   3.4334688941331009       -4.4825335183918937E-002
   3.4397458025318817       -4.1280450065049649E-002
   3.4460227109306620       -3.0126475544935021E-002
   3.4522996193294428       -1.3404234503509730E-002
   3.4585765277282237        5.8015148753530581E-003
   3.4648534361270045        2.3926865118279312E-002
   3.4711303445257853        3.7589356505633116E-002
   3.4774072529245661        4.4222132767032823E-002
   3.4836841613233469        4.2562254319701273E-002
   3.4899610697221277        3.2899219984286521E-002
   3.4962379781209085        1.7033380891147532E-002
   3.5025148865196893       -2.0519207059254470E-003
   3.5087917949184702       -2.0746561046213731E-002
   3.5150687033172510       -3.5495964242804198E-002
   3.5213456117160318       -4.3479263959471014E-002
   3.5276225201148126       -4.3154068927795101E-002
   3.5338994285135934       -3.4561884300563180E-002
   3.5401763369123742       -1.9332328382714092E-002
   3.5464532453111550       -3.8146971691232156E-004
   3.5527301537099358        1.8641397388709482E-002
   3.5590070621087166        3.4054609603298341E-002
   3.5652839705074975        4.2858435418647443E-002
   3.5715608789062783        4.3323932133177610E-002
   3.5778377873050591        3.5339842088308149E-002
   3.5841146957038399        2.0446574423174827E-002
   3.5903916041026207        1.5466427836886337E-003
   3.5966685125014015       -1.7655595340718387E-002
   3.6029454209001823       -3.3377860518916919E-002
   3.6092223292989631       -4.2506526047460941E-002
   3.6154992376977440       -4.3218212181553639E-002
   3.6217761460965248       -3.5351377636312742E-002
   3.6280530544953056       -2.0450797864166100E-002
   3.6343299628940864       -1.4719813316523061E-003
   3.6406068712928672        1.7799553951820150E-002
   3.6468837796916480        3.3501185091711266E-002
   3.6531606880904288        4.2468999761474203E-002
   3.6594375964892096        4.2880415859506943E-002
   3.6657145048879904        3.4632114145779130E-002
   3.6719914132867713        1.9373480654204349E-002
   3.6782683216855521        1.8455198615214885E-004
   3.6845452300843329       -1.9040248648683148E-002
   3.6908221384831137       -3.4380430400364981E-002
   3.6970990468818945       -4.2690842109195146E-002
   3.7033759552806753       -4.2251941955564781E-002
   3.7096528636794561       -3.3133408957876899E-002
   3.7159297720782369       -1.7192701018768838E-002
   3.7222066804770177        2.2955649512895740E-003
   3.7284835888757986        2.1307136362977541E-002
   3.7347604972745794        3.5897595299608183E-002
   3.7410374056733602        4.3023165570322985E-002
   3.7473143140721410        4.1181591873490048E-002
   3.7535912224709218        3.0736979422269186E-002
   3.7598681308697026        1.3856764608401928E-002
   3.7661450392684834       -5.9305612699887753E-003
   3.7724219476672642       -2.4468368846816201E-002
   3.7786988560660451       -3.7844236066288402E-002
   3.7849757644648259       -4.3218858546056130E-002
   3.7912526728636067       -3.9435282771699512E-002
   3.7975295812623875       -2.7276415272054592E-002
   3.8038064896611683       -9.3118403273509780E-003
   3.8100833980599491        1.0638157139776148E-002
   3.8163603064587299        2.8311127273920315E-002
   3.8226372148575107        3.9913310200387707E-002
   3.8289141232562915        4.2938165194925590E-002
   3.8351910316550724        3.6715151519930447E-002
   3.8414679400538532        2.2567082130752078E-002
   3.8477448484526340        3.5375746172975056E-003
   3.8540217568514148       -1.6257505945631485E-002
   3.8602986652501956       -3.2519206489924915E-002
   3.8665755736489764       -4.1701339284494120E-002
   3.8728524820477572       -4.1788333774544544E-002
   3.8791293904465380       -3.2744411448896754E-002
   3.8854062988453189       -1.6532682625856370E-002
   3.8916832072440997        3.3041349484821585E-003
   3.8979601156428805        2.2413385093922808E-002
   3.9042370240416608        3.6586338125298289E-002
   3.9105139324404417        4.2687516629830946E-002
   3.9167908408392225        3.9353786258191796E-002
   3.9230677492380033        2.7306187233654189E-002
   3.9293446576367841        9.2016490747299125E-003
   3.9356215660355649       -1.0946772101927394E-002
   3.9418984744343457       -2.8656044453445915E-002
   3.9481753828331265       -3.9970805901684829E-002
   3.9544522912319073       -4.2350485074311654E-002
   3.9607291996306881       -3.5246141202756313E-002
   3.9670061080294690       -2.0234674391916899E-002
   3.9732830164282498       -6.7610971558980154E-004
   3.9795599248270306        1.9033271089109002E-002
   3.9858368332258114        3.4447146701222314E-002
   3.9921137416245922        4.2073954302006986E-002
   3.9983906500233730        4.0172843387835354E-002
   4.0046675584221543        2.9158233915166219E-002
   4.0109444668209351        1.1517400562933379E-002
   4.0172213752197159       -8.7445861937411520E-003
   4.0234982836184967       -2.7010536037332521E-002
   4.0297751920172775       -3.9105404741856101E-002
   4.0360521004160583       -4.2256204732916039E-002
   4.0423290088148391       -3.5731747127218341E-002
   4.0486059172136200       -2.1017008879053254E-002
   4.0548828256124008       -1.4798606519253229E-003
   4.0611597340111816        1.8396382607840610E-002
   4.0674366424099624        3.4040422743641767E-002
   4.0737135508087432        4.1845344232303634E-002
   4.0799904592075240        4.0003374587195939E-002
   4.0862673676063048        2.8929150778124899E-002
   4.0925442760050856        1.1171362162817769E-002
   4.0988211844038664       -9.1696645280354844E-003
   4.1050980928026473       -2.7386325401896405E-002
   4.1113750012014281       -3.9253122539902832E-002
   4.1176519096002089       -4.2009009010139313E-002
   4.1239288179989897       -3.5003830915494229E-002
   4.1302057263977705       -1.9856587256788221E-002
   4.1364826347965504       -8.5940743804600845E-005
   4.1427595431953312        1.9703834293741194E-002
   4.1490364515941121        3.4893898628529728E-002
   4.1553133599928929        4.1930068627429477E-002
   4.1615902683916737        3.9157736386446679E-002
   4.1678671767904545        2.7215650444936346E-002
   4.1741440851892353        8.8937047099685081E-003
   4.1804209935880161       -1.1514735266574098E-002
   4.1866979019867969       -2.9216757692786487E-002
   4.1929748103855777       -4.0045521273293784E-002
   4.1992517187843585       -4.1444401204699138E-002
   4.2055286271831394       -3.3078596627435571E-002
   4.2118055355819202       -1.6916280007562068E-002
   4.2180824439807010        3.2344780754259921E-003
   4.2243593523794818        2.2621967089852129E-002
   4.2306362607782626        3.6671066287045653E-002
   4.2369131691770434        4.2063419534573522E-002
   4.2431900775758242        3.7522491027112775E-002
   4.2494669859746050        2.4117408480812393E-002
   4.2557438943733858        5.0129409460347536E-003
   4.2620208027721667       -1.5276368512100061E-002
   4.2682977111709475       -3.1952402346479100E-002
   4.2745746195697283       -4.1068376315789835E-002
   4.2808515279685091       -4.0463933753589157E-002
   4.2871284363672899       -3.0278671482708200E-002
   4.2934053447660707       -1.2921640572059356E-002
   4.2996822531648515        7.4969436362550494E-003
   4.3059591615636323        2.6138108460143285E-002
   4.3122360699624132        3.8580783201351554E-002
   4.3185129783611940        4.1871053776510903E-002
   4.3247898867599748        3.5224790778887238E-002
   4.3310667951587556        2.0216237285850844E-002
   4.3373437035575364        4.0675609747898775E-004
   4.3436206119563172       -1.9499045722788804E-002
   4.3498975203550980       -3.4770213511766540E-002
   4.3561744287538788       -4.1774207391042560E-002
   4.3624513371526596       -3.8842184070632314E-002
   4.3687282455514405       -2.6668146583098937E-002
   4.3750051539502213       -8.1467775530441929E-003
   4.3812820623490021        1.2313425619293140E-002
   4.3875589707477829        2.9845185209717063E-002
   4.3938358791465637        4.0281310825380216E-002
   4.4001127875453445        4.1144115250195297E-002
   4.4063896959441253        3.2232193872789874E-002
   4.4126666043429061        1.5665591133191485E-002
   4.4189435127416870       -4.6201128095817116E-003
   4.4252204211404678       -2.3809813238949332E-002
   4.4314973295392486       -3.7352043222344762E-002
   4.4377742379380294       -4.2037891681106783E-002
   4.4440511463368102       -3.6760025646477568E-002
   4.4503280547355910       -2.2772634695595328E-002
   4.4566049631343718       -3.3916684236630513E-003
   4.4628818715331526        1.6792564474716658E-002
   4.4691587799319334        3.3003168351585600E-002
   4.4754356883307143        4.1406889214701682E-002
   4.4817125967294951        4.0019460652295905E-002
   4.4879895051282759        2.9172498196306209E-002
   4.4942664135270567        1.1432468045497197E-002
   4.5005433219258375       -9.0080629651938509E-003
   4.5068202303246183       -2.7322163110107770E-002
   4.5130971387233991       -3.9188438164497096E-002
   4.5193740471221799       -4.1809926151953725E-002
   4.5256509555209607       -3.4571894250050923E-002
   4.5319278639197416       -1.9184248201199246E-002
   4.5382047723185224        7.2411964133823269E-004
   4.5444816807173032        2.0462253451775745E-002
   4.5507585891160840        3.5384067220708401E-002
   4.5570354975148648        4.1985538456950487E-002
   4.5633124059136456        3.8724848552620456E-002
   4.5695893143124264        2.6377577291295206E-002
   4.5758662227112072        7.8473705853743438E-003
   4.5821431311099881       -1.2520907649592098E-002
   4.5884200395087689       -2.9962009885877331E-002
   4.5946969479075497       -4.0404886477600190E-002
   4.6009738563063305       -4.1420337268478671E-002
   4.6072507647051113       -3.2781800834680457E-002
   4.6135276731038921       -1.6510813701849869E-002
   4.6198045815026729        3.6005551891053079E-003
   4.6260814899014537        2.2876471140169063E-002
   4.6323583983002345        3.6845234017802736E-002
   4.6386353066990154        4.2275040881845131E-002
   4.6449122150977962        3.7918072786205521E-002
   4.6511891234965770        2.4792455459410889E-002
   4.6574660318953578        5.9395212095722030E-003
   4.6637429402941386       -1.4284675809694386E-002
   4.6700198486929194       -3.1217702669231177E-002
   4.6762967570917002       -4.0965109693326070E-002
   4.6825736654904810       -4.1293387161526418E-002
   4.6888505738892619       -3.2137401120236740E-002
   4.6951274822880427       -1.5608060357933329E-002
   4.7014043906868235        4.4987516452698753E-003
   4.7076812990856043        2.3576740158099824E-002
   4.7139582074843851        3.7265117074611429E-002
   4.7202351158831659        4.2443919275142537E-002
   4.7265120242819467        3.7943546453405079E-002
   4.7327889326807275        2.4804644088427107E-002
   4.7390658410795083        6.0278709340058963E-003
   4.7453427494782892       -1.4117662031012100E-002
   4.7516196578770700       -3.1067765428601159E-002
   4.7578965662758508       -4.0996543591019764E-002
   4.7641734746746316       -4.1675797470884630E-002
   4.7704503830734124       -3.2968482209394870E-002
   4.7767272914721932       -1.6848421544510502E-002
   4.7830041998709740        3.0539027837210900E-003
   4.7892811082697548        2.2273526369628951E-002
   4.7955580166685357        3.6513944571586535E-002
   4.8018349250673165        4.2605299108382524E-002
   4.8081118334660973        3.9204649518285901E-002
   4.8143887418648781        2.7084864945691064E-002
   4.8206656502636589        8.9516689595919435E-003
   4.8269425586624397       -1.1166365615584645E-002
   4.8332194670612205       -2.8816068722448625E-002
   4.8394963754600013       -4.0105200204739212E-002
   4.8457732838587821       -4.2557216538464095E-002
   4.8520501922575630       -3.5648389609205952E-002
   4.8583271006563438       -2.0912187591815384E-002
   4.8646040090551246       -1.5919793954396540E-003
   4.8708809174539054        1.8077846862545016E-002
   4.8771578258526862        3.3801922723345472E-002
   4.8834347342514670        4.2160458145777825E-002
   4.8897116426502478        4.1348370354048390E-002
   4.8959885510490286        3.1558605753675084E-002
   4.9022654594478094        1.4930225107558903E-002
   4.9085423678465903       -4.9272408336164791E-003
   4.9148192762453711       -2.3723661031201489E-002
   4.9210961846441519       -3.7416405029709013E-002
   4.9273730930429327       -4.3076768383616550E-002
   4.9336500014417135       -3.9509918649834698E-002
   4.9399269098404943       -2.7498561551735610E-002
   4.9462038182392751       -9.6226010393821500E-003
   4.9524807266380559        1.0302013246584087E-002
   4.9587576350368368        2.8041763288213395E-002
   4.9650345434356176        3.9845025305382822E-002
   4.9713114518343984        4.3231474169567630E-002
   4.9775883602331792        3.7506216944175823E-002
   4.9838652686319600        2.3893647357370169E-002
   4.9901421770307408        5.2672975336138855E-003
   4.9964190854295216       -1.4463083633900808E-002
   5.0026959938283024       -3.1175216697403987E-002
   5.0089729022270832       -4.1394625351789088E-002
   5.0152498106258641       -4.3012301911485723E-002
   5.0215267190246449       -3.5712493690348554E-002
   5.0278036274234257       -2.1025462983001179E-002
   5.0340805358222065       -1.9987168707679779E-003
   5.0403574442209873        1.7441106200790361E-002
   5.0466343526197681        3.3300938137991648E-002
   5.0529112610185480        4.2339931448641774E-002
   5.0591881694173289        4.2726574034023482E-002
   5.0654650778161097        3.4402150650966620E-002
   5.0717419862148905        1.9080018198501910E-002
   5.0780188946136713       -1.1481929160543439E-004
   5.0842958030124521       -1.9288028519144500E-002
   5.0905727114112329       -3.4567765003424074E-002
   5.0968496198100137       -4.2884675332683322E-002
   5.1031265282087945       -4.2583236077418395E-002
   5.1094034366075753       -3.3743772267027697E-002
   5.1156803450063562       -1.8154109601033485E-002
   5.1219572534051370        1.0593361897256600E-003
   5.1282341618039178        2.0063525734701125E-002
   5.1345110702026986        3.5085124337054567E-002
   5.1407879786014794        4.3157697356038742E-002
   5.1470648870002602        4.2702253159006429E-002
   5.1533417953990410        3.3828613209006167E-002
   5.1596187037978218        1.8301654067449626E-002
   5.1658956121966026       -8.1692321316121719E-004
   5.1721725205953835       -1.9777240307973711E-002
   5.1784494289941643       -3.4878390862615308E-002
   5.1847263373929451       -4.3188900448011436E-002
   5.1910032457917259       -4.3110662300499349E-002
   5.1972801541905067       -3.4678912596834970E-002
   5.2035570625892875       -1.9543447772812486E-002
   5.2098339709880683       -6.3860895751196504E-004
   5.2161108793868491        1.8390638389525434E-002
   5.2223877877856300        3.3893352927935209E-002
   5.2286646961844108        4.2911453382860287E-002
   5.2349416045831916        4.3739325577410081E-002
   5.2412185129819724        3.6239316882961996E-002
   5.2474954213807532        2.1856160552991343E-002
   5.2537723297795340        3.3313442698625407E-003
   5.2600492381783148       -1.5824519975380459E-002
   5.2663261465770956       -3.1999223062252065E-002
   5.2726030549758764       -4.2159001282930632E-002
   5.2788799633746573       -4.4413266167630895E-002
   5.2851568717734381       -3.8359760757177043E-002
   5.2914337801722189       -2.5148440043331225E-002
   5.2977106885709997       -7.2557107694561866E-003
   5.3039875969697805        1.1985388437897284E-002
   5.3102645053685613        2.9008936999516632E-002
   5.3165414137673421        4.0676589214604576E-002
   5.3228183221661229        4.4852529365408678E-002
   5.3290952305649038        4.0788299942141414E-002
   5.3353721389636846        2.9249359082014450E-002
   5.3416490473624654        1.2363517420167381E-002
   5.3479259557612462       -6.7775271667816720E-003
   5.3542028641600270       -2.4687885892614118E-002
   5.3604797725588078       -3.8122807072801031E-002
   5.3667566809575886       -4.4663798616202080E-002
   5.3730335893563694       -4.3148558133994652E-002
   5.3793104977551502       -3.3870327523887300E-002
   5.3855874061539311       -1.8513865384628719E-002
   5.3918643145527119        1.5704041554858713E-004
   5.3981412229514927        1.8801468298188781E-002
   5.4044181313502735        3.4100742453634661E-002
   5.4106950397490543        4.3347560215425365E-002
   5.4169719481478351        4.4920570046021228E-002
   5.4232488565466159        3.8562436855450979E-002
   5.4295257649453967        2.5414756056031634E-002
   5.4358026733441775        7.8046835111031136E-003
   5.4420795817429584       -1.1172958973852558E-002
   5.4483564901417392       -2.8202530809333014E-002
   5.4546333985405200       -4.0326585300810680E-002
   5.4609103069393008       -4.5455937196662945E-002
   5.4671872153380816       -4.2723528538658517E-002
   5.4734641237368624       -3.2623255147948886E-002
   5.4797410321356432       -1.6913033785703423E-002
   5.4860179405344240        1.6978093067381698E-003
   5.4922948489332049        2.0020153049617115E-002
   5.4985717573319857        3.4932916053004026E-002
   5.5048486657307665        4.3912809002084455E-002
   5.5111255741295473        4.5456466344217558E-002
   5.5174024825283281        3.9325204631043893E-002
   5.5236793909271089        2.6573823453194149E-002
   5.5299562993258897        9.3618482440168734E-003
   5.5362332077246705       -9.4178889073965964E-003
   5.5425101161234513       -2.6628557823551339E-002
   5.5487870245222322       -3.9413288073890565E-002
   5.5550639329210130       -4.5666305235691457E-002
   5.5613408413197938       -4.4374108433872066E-002
   5.5676177497185746       -3.5772415548569657E-002
   5.5738946581173554       -2.1295900057028840E-002
   5.5801715665161362       -3.3321505055035872E-003
   5.5864484749149170        1.5176928038266113E-002
   5.5927253833136978        3.1218987043165638E-002
   5.5990022917124787        4.2200471863119642E-002
   5.6052792001112595        4.6361982673430377E-002
   5.6115561085100403        4.3054050985177443E-002
   5.6178330169088211        3.2831062673209441E-002
   5.6241099253076019        1.7351119261576148E-002
   5.6303868337063827       -8.9910523801530243E-004
   5.6366637421051635       -1.9007931306551710E-002
   5.6429406505039443       -3.4104563014262887E-002
   5.6492175589027251       -4.3812582505099375E-002
   5.6554944673015060       -4.6619715020559803E-002
   5.6617713757002868       -4.2107063762024929E-002
   5.6680482840990676       -3.1004143638648885E-002
   5.6743251924978484       -1.5063917336252543E-002
   5.6806021008966292        3.2198053596826912E-003
   5.6868790092954100        2.1006200387112203E-002
   5.6931559176941908        3.5549773926487054E-002
   5.6994328260929716        4.4622238508624942E-002
   5.7057097344917524        4.6849437036618084E-002
   5.7119866428905333        4.1913114072975162E-002
   5.7182635512893141        3.0588967050034131E-002
   5.7245404596880949        1.4617891154373668E-002
   5.7308173680868757       -3.5672932551849843E-003
   5.7370942764856565       -2.1215947764629144E-002
   5.7433711848844373       -3.5676531935119493E-002
   5.7496480932832181       -4.4793070258222149E-002
   5.7559250016819989       -4.7222185371503834E-002
   5.7622019100807798       -4.2624868601592876E-002
   5.7684788184795606       -3.1706318324381678E-002
   5.7747557268783414       -1.6100115269245298E-002
   5.7810326352771222        1.8801667844296846E-003
   5.7873095436759030        1.9585484107446365E-002
   5.7935864520746838        3.4422337469317402E-002
   5.7998633604734646        4.4231340338200337E-002
   5.8061402688722454        4.7598093855812776E-002
   5.8124171772710262        4.4052177381364514E-002
   5.8186940856698071        3.4127022270182446E-002
   5.8249709940685879        1.9274051137521252E-002
   5.8312479024673687        1.6455851860492743E-003
   5.8375248108661495       -1.6220353481624081E-002
   5.8438017192649303       -3.1766749377331233E-002
   5.8500786276637111       -4.2782665588937827E-002
   5.8563555360624919       -4.7714723865523015E-002
   5.8626324444612727       -4.5881559590024552E-002
   5.8689093528600536       -3.7562351786316062E-002
   5.8751862612588344       -2.3948809562840696E-002
   5.8814631696576152       -6.9694283468634665E-003
   5.8877400780563960        1.0987423050572995E-002
   5.8940169864551768        2.7411325881418123E-002
   5.9002938948539576        4.0020543020852020E-002
   5.9065708032527384        4.7076709658571921E-002
   5.9128477116515192        4.7620447636420739E-002
   5.9191246200503000        4.1596561216976011E-002
   5.9254015284490809        2.9853276176938288E-002
   5.9316784368478617        1.4017575616332583E-002
   5.9379553452466425       -3.7344739171383911E-003
   5.9442322536454233       -2.0978763982010151E-002
   5.9505091620442041       -3.5369510364251157E-002
   5.9567860704429849       -4.4951556967165844E-002
   5.9630629788417657       -4.8424926339538876E-002
   5.9693398872405457       -4.5320654653900498E-002
   5.9756167956393265       -3.6063235182026192E-002
   5.9818937040381073       -2.1911786922319449E-002
   5.9881706124368881       -4.7880689205200286E-003
   5.9944475208356689        1.2984981870538349E-002
   6.0007244292344497        2.8998618909035826E-002
   6.0070013376332305        4.1084653301091602E-002
   6.0132782460320113        4.7608667491592517E-002
   6.0195551544307921        4.7690415858894095E-002
   6.0258320628295730        4.1321834066197785E-002
   6.0321089712283538        2.9366879255464922E-002
   6.0383858796271346        1.3443573051423874E-002
   6.0446627880259154       -4.2956219209545890E-003
   6.0509396964246962       -2.1455111899287626E-002
   6.0572166048234770       -3.5719794330490891E-002
   6.0634935132222578       -4.5167145696002095E-002
   6.0697704216210386       -4.8525876816028074E-002
   6.0760473300198194       -4.5346249522278448E-002
   6.0823242384186003       -3.6059552625154499E-002
   6.0886011468173811       -2.1918697809440908E-002
   6.0948780552161619       -4.8286128658549341E-003
   6.1011549636149427        1.2911079370565940E-002
   6.1074318720137235        2.8915368704876182E-002
   6.1137087804125043        4.1035237213643584E-002
   6.1199856888112851        4.7641783631462542E-002
   6.1262625972100659        4.7825417010286753E-002
   6.1325395056088468        4.1534646943890557E-002
   6.1388164140076276        2.9598144819579078E-002
   6.1450933224064084        1.3622229809562677E-002
   6.1513702308051892       -4.2194897810922428E-003
   6.1576471392039700       -2.1478641612476267E-002
   6.1639240476027508       -3.5767238218446150E-002
   6.1702009560015316       -4.5090188653649207E-002
   6.1764778644003124       -4.8128319191418828E-002
   6.1827547727990932       -4.4431438632523752E-002
   6.1890316811978741       -3.4492207590055265E-002
   6.1953085895966549       -1.9688084325604115E-002
   6.2015854979954357       -2.0967708900059899E-003
   6.2078624063942165        1.5790996519470635E-002
   6.2141393147929973        3.1422374865019323E-002
   6.2204162231917781        4.2547849534676191E-002
   6.2266931315905589        4.7548819720100187E-002
   6.2329700399893397        4.5679090097555275E-002
   6.2392469483881206        3.7183492587452953E-002
   6.2455238567869014        2.3273859288322690E-002
   6.2518007651856822        5.9630784633811738E-003
   6.2580776735844630       -1.2221165084663350E-002
   6.2643545819832438       -2.8603049563250393E-002
   6.2706314903820246       -4.0752895294063382E-002
   6.2769083987808054       -4.6850965284847321E-002
   6.2831853071795862       -4.5965818919165166E-002
